25.27800000 25.16800000 25.30400000 24.90300000 25.06400000 25.28100000 25.32700000 25.33500000 25.26000000 25.15400000 25.21300000 25.22700000 24.99600000 24.21400000 24.25900000 25.08000000 25.41300000 25.25100000 25.18900000 25.13900000 25.17500000 25.02000000 24.89600000 24.34100000 24.07800000 23.64400000 23.98900000 24.18600000 24.31200000 24.55300000
25.21200000 25.09100000 25.22500000 24.70900000 25.22900000 25.22400000 25.16300000 25.09900000 25.12600000 25.14600000 25.14800000 24.88100000 23.78000000 24.40100000 24.52200000 25.29100000 25.15300000 25.09300000 25.12000000 25.06400000 25.02000000 24.90100000 24.51800000 24.18100000 23.75600000 24.82800000 25.05600000 25.06400000 25.07600000 24.93900000
25.23900000 25.14100000 25.26700000 24.37200000 25.12400000 25.13700000 25.10200000 25.07400000 25.03300000 24.89900000 24.33800000 23.77100000 24.27100000 24.67100000 24.92600000 25.43200000 25.06100000 25.08100000 25.06700000 24.94000000 24.82500000 24.55100000 24.43800000 25.55900000 25.34200000 25.16900000 25.12700000 24.81400000 24.78800000 24.90300000
24.55000000 24.93300000 25.13800000 25.23300000 24.68300000 24.90200000 24.76800000 24.09000000 23.98600000 24.16000000 24.40000000 24.63900000 24.73800000 24.91700000 25.29600000 25.40800000 24.95200000 24.99700000 24.80900000 24.48700000 24.66400000 25.57000000 25.53100000 25.54700000 25.56000000 25.18800000 25.13200000 25.08500000 25.05900000 25.14500000
24.10200000 24.47000000 25.08300000 25.28500000 25.23300000 24.69700000 24.07900000 23.89300000 24.05200000 24.69300000 24.79800000 24.91900000 25.13300000 25.35500000 25.54200000 25.44600000 24.82400000 24.80900000 24.57400000 25.54000000 25.43200000 25.46700000 25.29700000 25.30000000 25.49600000 25.75500000 25.57600000 24.96300000 24.85600000 25.03600000
23.84400000 23.68200000 24.60400000 25.09400000 25.46600000 25.32600000 25.20800000 25.28600000 25.29900000 25.26500000 25.24800000 25.25300000 25.29900000 25.44300000 25.63400000 25.48800000 24.76100000 24.86700000 25.46700000 25.35200000 25.34100000 25.04900000 24.90500000 24.97600000 25.19200000 25.63100000 25.96300000 25.63100000 24.79400000 25.01900000
23.37800000 23.74700000 24.21100000 24.37400000 25.10700000 25.79000000 25.41300000 25.37400000 25.40700000 25.37800000 25.55500000 25.49700000 25.43200000 25.49300000 25.59200000 25.50100000 25.10100000 25.25100000 25.43700000 25.35500000 25.10900000 24.86800000 24.68500000 24.96400000 25.23900000 25.79500000 26.27300000 26.05500000 25.74100000 25.09300000
23.17300000 23.64300000 24.14700000 24.00900000 24.37000000 25.38400000 25.95200000 25.48800000 25.47600000 25.58500000 25.62200000 25.53200000 25.54100000 25.55900000 25.58400000 25.51000000 25.47100000 25.36900000 25.36900000 25.29200000 25.25300000 25.16900000 25.17300000 25.39100000 25.98800000 26.48000000 26.55000000 26.32300000 25.67800000 25.81700000
22.46300000 23.28800000 23.52000000 23.71000000 24.05100000 24.07500000 24.59100000 25.93200000 26.18600000 25.82100000 25.41200000 25.48000000 25.49900000 25.62300000 25.61700000 25.57400000 25.60400000 25.54300000 25.62000000 25.68600000 25.73700000 25.75700000 26.25000000 26.19700000 26.22400000 26.23300000 26.36900000 26.33300000 25.74300000 25.93100000
22.76700000 23.13800000 23.13600000 23.33300000 23.31300000 23.72600000 23.90400000 24.60900000 25.82900000 26.21500000 26.32900000 25.67000000 25.41500000 25.57200000 25.52700000 25.52000000 25.62800000 25.62100000 25.57300000 26.14500000 26.16000000 25.92600000 25.96200000 26.06600000 26.21100000 26.16200000 26.37000000 26.02800000 25.74500000 25.93100000
23.76200000 22.99100000 22.11800000 23.12500000 22.96500000 23.23700000 23.45300000 23.62500000 24.52900000 25.45200000 25.93800000 26.32300000 25.89400000 25.42600000 25.47400000 25.46800000 25.50400000 26.18300000 26.35300000 26.47600000 26.23100000 25.89400000 26.20500000 26.03100000 26.25700000 26.22700000 25.92500000 25.76200000 25.99800000 26.01200000
27.83300000 27.83300000 27.83300000 23.67700000 23.13800000 22.86900000 23.02300000 23.01300000 23.32300000 24.34400000 24.91200000 25.00300000 25.35400000 25.75300000 25.90400000 25.92700000 26.00200000 25.92700000 26.15300000 26.52400000 25.74500000 26.12000000 25.94600000 26.27400000 26.37500000 26.09600000 25.94200000 25.97800000 25.96700000 26.05600000
27.83300000 27.83300000 27.83300000 27.83300000 23.52600000 23.46300000 23.14100000 22.85500000 23.00100000 23.51400000 24.56000000 24.70200000 23.81800000 24.03200000 24.21000000 24.08200000 24.36800000 25.40700000 25.91700000 26.51000000 25.75500000 25.96000000 26.02000000 26.04300000 26.20700000 26.54900000 26.23600000 26.17800000 26.12300000 26.12200000
27.83300000 27.83300000 27.83300000 27.83300000 27.83300000 27.83300000 24.17200000 23.49500000 23.03100000 23.01400000 23.17200000 23.19700000 23.40100000 23.19800000 22.54100000 23.77300000 24.01000000 25.14500000 25.73800000 26.50000000 26.53100000 25.85500000 25.99000000 25.96000000 26.07100000 26.60300000 26.68400000 26.12600000 26.22600000 26.03700000
27.83300000 27.83300000 27.83300000 27.83300000 27.83300000 27.83300000 27.83300000 27.83300000 27.83300000 27.83300000 27.83300000 27.83300000 23.15600000 23.06900000 22.62600000 23.39200000 23.98000000 24.76100000 25.05500000 26.51500000 26.51500000 26.52700000 26.50500000 26.44800000 26.19600000 26.72200000 26.67500000 26.73100000 26.14300000 26.13000000
27.83300000 27.83300000 27.83300000 27.83300000 27.83300000 27.83300000 27.83300000 27.83300000 27.83300000 27.83300000 27.83300000 27.83300000 27.83300000 27.83300000 27.83300000 23.39900000 24.02100000 24.69100000 24.54000000 25.04100000 26.44300000 26.55200000 26.61400000 26.59300000 26.57800000 26.82000000 26.69600000 26.74700000 26.77900000 26.77700000
27.83300000 27.83300000 27.83300000 27.83300000 27.83300000 27.83300000 27.83300000 27.83300000 27.83300000 27.83300000 27.83300000 27.83300000 27.83300000 27.83300000 27.83300000 27.83300000 23.64800000 23.58200000 24.86600000 24.91900000 25.11300000 26.57400000 26.64800000 26.51200000 26.71500000 26.90400000 26.82100000 26.75400000 26.83900000 26.97100000
27.83300000 27.83300000 27.83300000 27.83300000 27.83300000 27.83300000 27.83300000 27.83300000 27.83300000 27.83300000 27.83300000 27.83300000 27.83300000 27.83300000 27.83300000 27.83300000 27.83300000 27.83300000 23.28800000 24.20100000 24.38600000 26.63800000 26.56900000 26.51300000 26.80400000 26.87000000 26.93700000 26.83500000 26.81000000 26.93300000
27.83300000 27.83300000 27.83300000 27.83300000 27.83300000 27.83300000 27.83300000 27.83300000 27.83300000 27.83300000 27.83300000 27.83300000 27.83300000 27.83300000 27.83300000 27.83300000 27.83300000 27.83300000 27.83300000 25.24300000 24.19500000 26.63600000 26.52700000 26.59700000 26.87100000 26.90800000 26.84000000 26.90800000 26.84300000 26.98500000
27.83300000 27.83300000 27.83300000 27.83300000 27.83300000 27.83300000 27.83300000 27.83300000 27.83300000 27.83300000 27.83300000 27.83300000 27.83300000 27.83300000 27.83300000 27.83300000 27.83300000 27.83300000 27.83300000 25.43000000 25.34000000 26.69800000 26.50700000 26.71900000 27.01300000 26.84200000 26.97400000 26.85200000 26.91600000 27.06400000
27.83300000 27.83300000 27.83300000 27.83300000 27.83300000 27.83300000 27.83300000 27.83300000 27.83300000 27.83300000 27.83300000 27.83300000 27.83300000 27.83300000 27.83300000 27.83300000 27.83300000 27.83300000 27.83300000 25.30300000 25.55800000 26.79200000 26.62100000 26.89600000 26.92000000 26.77800000 27.00600000 27.01700000 26.99700000 27.03000000
27.83300000 27.83300000 27.83300000 27.83300000 27.83300000 27.83300000 27.83300000 27.83300000 27.83300000 27.83300000 27.83300000 27.83300000 27.83300000 27.83300000 27.83300000 27.83300000 27.83300000 27.83300000 27.83300000 24.60200000 24.50300000 26.69700000 26.81700000 27.01000000 26.80300000 26.90400000 26.93500000 26.89400000 26.88200000 27.16400000
27.83300000 27.83300000 27.83300000 27.83300000 27.83300000 27.83300000 27.83300000 27.83300000 27.83300000 27.83300000 27.83300000 27.83300000 27.83300000 27.83300000 27.83300000 27.83300000 27.83300000 27.83300000 27.83300000 27.83300000 25.17900000 25.75600000 26.83100000 26.88800000 26.78600000 26.89100000 26.82000000 26.69700000 26.83900000 27.07800000
27.83300000 27.83300000 27.83300000 27.83300000 27.83300000 27.83300000 27.83300000 27.83300000 27.83300000 27.83300000 27.83300000 27.83300000 27.83300000 27.83300000 27.83300000 27.83300000 27.83300000 27.83300000 27.83300000 27.83300000 27.83300000 25.12200000 26.63000000 26.74500000 26.75600000 26.82100000 26.71500000 26.54800000 26.48800000 27.04000000
27.83300000 27.83300000 27.83300000 27.83300000 27.83300000 27.83300000 27.83300000 27.83300000 27.83300000 27.83300000 27.83300000 27.83300000 27.83300000 27.83300000 27.83300000 27.83300000 27.83300000 27.83300000 27.83300000 27.83300000 27.83300000 24.86800000 26.28000000 26.66100000 26.70300000 26.61500000 26.60300000 26.51100000 26.46500000 27.10700000
27.83300000 27.83300000 27.83300000 27.83300000 27.83300000 27.83300000 27.83300000 27.83300000 27.83300000 27.83300000 27.83300000 27.83300000 27.83300000 27.83300000 27.83300000 27.83300000 27.83300000 27.83300000 27.83300000 27.83300000 27.83300000 27.83300000 25.86800000 26.22400000 26.49800000 26.39300000 26.50000000 26.56500000 26.94500000 27.25800000
27.83300000 27.83300000 27.83300000 27.83300000 27.83300000 27.83300000 27.83300000 27.83300000 27.83300000 27.83300000 27.83300000 27.83300000 27.83300000 27.83300000 27.83300000 27.83300000 27.83300000 27.83300000 27.83300000 27.83300000 27.83300000 27.83300000 27.83300000 25.92400000 26.37500000 26.57600000 26.52500000 26.69000000 26.95200000 27.25500000
25.30100000 25.18700000 25.32300000 24.91600000 25.08300000 25.30100000 25.35400000 25.35500000 25.26500000 25.19300000 25.24100000 25.24400000 25.02100000 24.24800000 24.27000000 25.09500000 25.43100000 25.27500000 25.21600000 25.15700000 25.19400000 25.03700000 24.93900000 24.34800000 24.09400000 23.65800000 23.99700000 24.20000000 24.34000000 24.56800000
25.22600000 25.10900000 25.24000000 24.72300000 25.24700000 25.24100000 25.18100000 25.11600000 25.14000000 25.16200000 25.16400000 24.90100000 23.79400000 24.41800000 24.53800000 25.31000000 25.17300000 25.11300000 25.13700000 25.08400000 25.04000000 24.91800000 24.53900000 24.19900000 23.76900000 24.84500000 25.07300000 25.08300000 25.09600000 24.96000000
25.26600000 25.16000000 25.28800000 24.38900000 25.14200000 25.15500000 25.12000000 25.09100000 25.05000000 24.91700000 24.35700000 23.78600000 24.28800000 24.68700000 24.94000000 25.45500000 25.08100000 25.10200000 25.08600000 24.95800000 24.84400000 24.57000000 24.45900000 25.57900000 25.36000000 25.18800000 25.14700000 24.83200000 24.80400000 24.92000000
24.43800000 24.95000000 25.15500000 25.25100000 24.70300000 24.92000000 24.78700000 24.11400000 23.99800000 24.17600000 24.41500000 24.65600000 24.75400000 24.93400000 25.31400000 25.42900000 24.97100000 25.01600000 24.82900000 24.50400000 24.67700000 25.59100000 25.55000000 25.56600000 25.57800000 25.20600000 25.15100000 25.10200000 25.07700000 25.16100000
24.10900000 24.51400000 25.10600000 25.30400000 25.24900000 24.68600000 24.09500000 23.90800000 24.06800000 24.70700000 24.81500000 24.93400000 25.14900000 25.37200000 25.56100000 25.46300000 24.84300000 24.82900000 24.59000000 25.56000000 25.45100000 25.48700000 25.31600000 25.31800000 25.51500000 25.77700000 25.59500000 24.98200000 24.87000000 25.05400000
23.86600000 24.58000000 24.62900000 25.12000000 25.48400000 25.34200000 25.22600000 25.30200000 25.31500000 25.28400000 25.26700000 25.27200000 25.31600000 25.46100000 25.65200000 25.51300000 24.78000000 24.88400000 25.48600000 25.37000000 25.36000000 25.06700000 24.92600000 24.99700000 25.21100000 25.65000000 25.98500000 25.64700000 24.81000000 25.03600000
23.44600000 23.99400000 24.23400000 24.39700000 25.12700000 25.80900000 25.43100000 25.39400000 25.42500000 25.39600000 25.57300000 25.51700000 25.45300000 25.51200000 25.61100000 25.52100000 25.12000000 25.26900000 25.45800000 25.37000000 25.12700000 24.88800000 24.70300000 24.98300000 25.25600000 25.81100000 26.29100000 26.07600000 25.75900000 25.10400000
23.02300000 23.66900000 24.17300000 24.03400000 24.39400000 25.40200000 25.96500000 25.50800000 25.49400000 25.60300000 25.64100000 25.55100000 25.56100000 25.57800000 25.60400000 25.53300000 25.48900000 25.38500000 25.38700000 25.31000000 25.26800000 25.18600000 25.19000000 25.40800000 26.00500000 26.50000000 26.57000000 26.34300000 25.69600000 25.82800000
20.97000000 23.34500000 23.66900000 23.73600000 24.07400000 24.09700000 24.60800000 25.95100000 26.20700000 25.84100000 25.43000000 25.50000000 25.51900000 25.64300000 25.63700000 25.59500000 25.62400000 25.56100000 25.63800000 25.70400000 25.75000000 25.77700000 26.26100000 26.21500000 26.24200000 26.25200000 26.39000000 26.35300000 25.76500000 25.95000000
20.35800000 22.22600000 21.88900000 23.12700000 23.37200000 23.74900000 23.94800000 24.62500000 25.85000000 26.23200000 26.35000000 25.68700000 25.43400000 25.59100000 25.54700000 25.54000000 25.64700000 25.64000000 25.59100000 26.16000000 26.18000000 25.94400000 25.98100000 26.08500000 26.23200000 26.18200000 26.39100000 26.04800000 25.76300000 25.95000000
21.07900000 27.83300000 18.45900000 18.12400000 21.39400000 23.20300000 23.52600000 23.80000000 24.54900000 25.47400000 25.95400000 26.34500000 25.91500000 25.44600000 25.49100000 25.48700000 25.52200000 26.20600000 26.37100000 26.49500000 26.25200000 25.91100000 26.22500000 26.05100000 26.27600000 26.24800000 25.94400000 25.78100000 26.01800000 26.03100000
27.83300000 27.83300000 27.83300000 27.83300000 19.73700000 21.51000000 22.40500000 22.66600000 23.57000000 24.36600000 24.93700000 25.02500000 25.37100000 25.77300000 25.92800000 25.94600000 26.02300000 25.94800000 26.17100000 26.54600000 25.76500000 26.13100000 25.96600000 26.29600000 26.39600000 26.11700000 25.96200000 25.99600000 25.98700000 26.06800000
27.83300000 27.83300000 27.83300000 27.83300000 27.83300000 19.23100000 20.44400000 20.25100000 21.20500000 23.69500000 24.58600000 24.72500000 23.84300000 24.15900000 24.23600000 24.10300000 24.39500000 25.42700000 25.93100000 26.52900000 25.77300000 25.97800000 26.03800000 26.06500000 26.22700000 26.56900000 26.25800000 26.19600000 26.14200000 26.14000000
27.83300000 27.83300000 27.83300000 27.83300000 27.83300000 27.83300000 27.83300000 19.28500000 19.54000000 19.67600000 23.09500000 23.28600000 23.55800000 23.22200000 22.30200000 23.78600000 24.05300000 25.17000000 25.75200000 26.52000000 26.55200000 25.87400000 26.00900000 25.98100000 26.09100000 26.62200000 26.70300000 26.14700000 26.24300000 26.05300000
27.83300000 27.83300000 27.83300000 27.83300000 27.83300000 27.83300000 27.83300000 27.83300000 27.83300000 27.83300000 27.83300000 27.83300000 27.83300000 27.83300000 27.83300000 20.59300000 23.97900000 24.79000000 25.07300000 26.53800000 26.53600000 26.54500000 26.52600000 26.46700000 26.21500000 26.74300000 26.69500000 26.75000000 26.16500000 26.14800000
27.83300000 27.83300000 27.83300000 27.83300000 27.83300000 27.83300000 27.83300000 27.83300000 27.83300000 27.83300000 27.83300000 27.83300000 27.83300000 27.83300000 27.83300000 27.83300000 23.45900000 24.70600000 24.57500000 25.00800000 26.46300000 26.57300000 26.63400000 26.61700000 26.59700000 26.84000000 26.71400000 26.76700000 26.80000000 26.80200000
27.83300000 27.83300000 27.83300000 27.83300000 27.83300000 27.83300000 27.83300000 27.83300000 27.83300000 27.83300000 27.83300000 27.83300000 27.83300000 27.83300000 27.83300000 27.83300000 27.83300000 21.23100000 24.47100000 23.87700000 25.13200000 26.59800000 26.67000000 26.53500000 26.73200000 26.92400000 26.84100000 26.77500000 26.86100000 26.99100000
27.83300000 27.83300000 27.83300000 27.83300000 27.83300000 27.83300000 27.83300000 27.83300000 27.83300000 27.83300000 27.83300000 27.83300000 27.83300000 27.83300000 27.83300000 27.83300000 27.83300000 27.83300000 27.83300000 24.20900000 24.45600000 26.66600000 26.58900000 26.53400000 26.82400000 26.89000000 26.95600000 26.85500000 26.82800000 26.95800000
27.83300000 27.83300000 27.83300000 27.83300000 27.83300000 27.83300000 27.83300000 27.83300000 27.83300000 27.83300000 27.83300000 27.83300000 27.83300000 27.83300000 27.83300000 27.83300000 27.83300000 27.83300000 27.83300000 27.83300000 24.14200000 26.66500000 26.54500000 26.61300000 26.89300000 26.93100000 26.85900000 26.92700000 26.85900000 27.00300000
27.83300000 27.83300000 27.83300000 27.83300000 27.83300000 27.83300000 27.83300000 27.83300000 27.83300000 27.83300000 27.83300000 27.83300000 27.83300000 27.83300000 27.83300000 27.83300000 27.83300000 27.83300000 27.83300000 27.83300000 24.60900000 26.72100000 26.52600000 26.73700000 27.03600000 26.86400000 26.99600000 26.87100000 26.93400000 27.08300000
27.83300000 27.83300000 27.83300000 27.83300000 27.83300000 27.83300000 27.83300000 27.83300000 27.83300000 27.83300000 27.83300000 27.83300000 27.83300000 27.83300000 27.83300000 27.83300000 27.83300000 27.83300000 27.83300000 27.83300000 23.56100000 26.80400000 26.63900000 26.91400000 26.94100000 26.79800000 27.02900000 27.03900000 27.01500000 27.04800000
27.83300000 27.83300000 27.83300000 27.83300000 27.83300000 27.83300000 27.83300000 27.83300000 27.83300000 27.83300000 27.83300000 27.83300000 27.83300000 27.83300000 27.83300000 27.83300000 27.83300000 27.83300000 27.83300000 27.83300000 23.34800000 26.71400000 26.83600000 27.02900000 26.82200000 26.92200000 26.95600000 26.91600000 26.89400000 27.17800000
27.83300000 27.83300000 27.83300000 27.83300000 27.83300000 27.83300000 27.83300000 27.83300000 27.83300000 27.83300000 27.83300000 27.83300000 27.83300000 27.83300000 27.83300000 27.83300000 27.83300000 27.83300000 27.83300000 27.83300000 27.83300000 25.44100000 26.84900000 26.91100000 26.80600000 26.91000000 26.83900000 26.71100000 26.85800000 27.09700000
27.83300000 27.83300000 27.83300000 27.83300000 27.83300000 27.83300000 27.83300000 27.83300000 27.83300000 27.83300000 27.83300000 27.83300000 27.83300000 27.83300000 27.83300000 27.83300000 27.83300000 27.83300000 27.83300000 27.83300000 27.83300000 25.11800000 26.64900000 26.76800000 26.77500000 26.84000000 26.73400000 26.56900000 26.50800000 27.05800000
27.83300000 27.83300000 27.83300000 27.83300000 27.83300000 27.83300000 27.83300000 27.83300000 27.83300000 27.83300000 27.83300000 27.83300000 27.83300000 27.83300000 27.83300000 27.83300000 27.83300000 27.83300000 27.83300000 27.83300000 27.83300000 27.83300000 26.30600000 26.68600000 26.72100000 26.63200000 26.62100000 26.52800000 26.48100000 27.13000000
27.83300000 27.83300000 27.83300000 27.83300000 27.83300000 27.83300000 27.83300000 27.83300000 27.83300000 27.83300000 27.83300000 27.83300000 27.83300000 27.83300000 27.83300000 27.83300000 27.83300000 27.83300000 27.83300000 27.83300000 27.83300000 27.83300000 25.90600000 26.24200000 26.51700000 26.41100000 26.51400000 26.58400000 26.97800000 27.27800000
27.83300000 27.83300000 27.83300000 27.83300000 27.83300000 27.83300000 27.83300000 27.83300000 27.83300000 27.83300000 27.83300000 27.83300000 27.83300000 27.83300000 27.83300000 27.83300000 27.83300000 27.83300000 27.83300000 27.83300000 27.83300000 27.83300000 27.83300000 25.96300000 26.39500000 26.59400000 26.54400000 26.70900000 26.98200000 27.27600000
