25.27200000 25.16400000 25.30100000 24.89600000 25.08200000 25.27800000 25.32600000 25.33100000 25.25500000 25.15000000 25.21000000 25.22400000 24.99200000 24.21700000 24.26300000 25.07800000 25.40900000 25.24500000 25.18500000 25.13000000 25.17400000 25.01400000 24.88700000 24.32900000 24.07700000 23.64100000 23.98700000 24.18400000 24.31300000 24.55100000
25.21300000 25.08400000 25.21400000 24.73600000 25.22500000 25.21800000 25.15600000 25.09200000 25.12000000 25.14200000 25.14200000 24.87500000 23.77600000 24.40400000 24.52300000 25.28500000 25.14700000 25.08800000 25.11400000 25.06100000 25.01500000 24.89500000 24.52600000 24.18600000 23.74300000 24.82400000 25.05900000 25.06200000 25.07200000 24.93300000
25.24000000 25.13500000 25.26200000 24.38500000 25.12000000 25.13400000 25.09700000 25.06900000 25.02900000 24.89200000 24.32900000 23.76800000 24.27800000 24.66700000 24.92500000 25.42800000 25.05500000 25.07700000 25.06400000 24.93300000 24.81800000 24.54400000 24.43600000 25.55400000 25.33500000 25.16300000 25.12000000 24.80800000 24.78300000 24.90100000
24.55400000 24.93500000 25.13400000 25.22400000 24.69800000 24.89700000 24.76700000 24.09800000 23.98400000 24.15800000 24.39600000 24.63400000 24.73500000 24.91700000 25.29300000 25.40100000 24.94500000 24.99000000 24.80700000 24.48200000 24.66000000 25.56400000 25.52300000 25.54300000 25.55900000 25.18800000 25.12800000 25.07800000 25.05400000 25.13600000
24.09600000 24.49500000 25.08200000 25.28400000 25.22400000 24.70900000 24.07800000 23.88700000 24.04600000 24.68600000 24.79500000 24.91500000 25.12600000 25.34800000 25.53700000 25.43700000 24.81900000 24.80400000 24.56800000 25.53500000 25.42600000 25.46100000 25.28400000 25.28800000 25.48800000 25.75400000 25.57300000 24.95900000 24.85000000 25.03300000
23.84200000 23.69300000 24.59300000 25.09100000 25.46500000 25.32500000 25.20100000 25.27700000 25.29000000 25.25800000 25.24300000 25.24800000 25.29100000 25.43200000 25.62700000 25.48200000 24.74900000 24.86100000 25.46200000 25.34800000 25.33200000 25.03900000 24.90100000 24.97400000 25.18600000 25.62500000 25.96100000 25.62200000 24.78600000 25.01600000
23.34100000 23.75400000 24.19600000 24.35900000 25.09800000 25.78800000 25.40700000 25.37000000 25.40300000 25.37300000 25.55200000 25.49300000 25.42700000 25.48500000 25.58700000 25.49500000 25.08900000 25.25200000 25.43100000 25.34900000 25.10300000 24.86500000 24.68300000 24.96400000 25.23800000 25.79500000 26.27000000 26.05400000 25.73600000 25.08600000
23.15800000 23.63200000 24.14100000 23.99100000 24.36900000 25.37400000 25.94800000 25.48800000 25.46700000 25.57500000 25.61300000 25.52500000 25.53500000 25.55100000 25.57800000 25.50400000 25.46200000 25.35900000 25.36500000 25.28700000 25.24600000 25.16400000 25.17100000 25.39300000 25.99800000 26.47400000 26.54300000 26.32000000 25.67600000 25.81500000
22.45900000 23.27900000 23.48300000 23.68300000 24.04300000 24.06400000 24.59000000 25.93400000 26.18300000 25.82800000 25.40600000 25.47800000 25.49500000 25.62000000 25.61400000 25.56900000 25.59800000 25.53500000 25.61300000 25.68000000 25.73200000 25.75200000 26.24400000 26.17800000 26.20900000 26.22200000 26.36500000 26.32600000 25.73900000 25.93000000
22.76600000 23.12200000 23.11900000 23.30200000 23.32000000 23.70100000 23.89200000 24.64800000 25.82900000 26.21500000 26.32900000 25.64600000 25.41300000 25.56800000 25.52100000 25.51600000 25.62400000 25.61900000 25.56900000 26.14000000 26.17400000 25.91500000 25.95600000 26.06900000 26.21100000 26.15900000 26.36700000 26.02300000 25.74200000 25.92800000
23.75400000 22.88700000 21.96900000 23.07000000 22.93200000 23.22700000 23.44700000 23.63200000 24.59700000 25.43800000 25.93400000 26.31200000 25.85600000 25.42600000 25.46500000 25.46300000 25.49900000 26.17700000 26.34600000 26.47100000 26.22300000 25.88600000 26.20100000 26.02300000 26.24600000 26.21800000 25.91900000 25.75900000 25.99300000 26.00900000
27.83300000 27.83300000 27.83300000 23.65600000 23.11100000 22.85600000 23.01400000 23.00200000 23.34700000 24.41800000 24.88100000 25.01100000 25.35600000 25.76100000 25.90600000 25.92800000 26.00700000 25.92400000 26.14600000 26.51700000 25.74100000 26.11100000 25.94100000 26.26800000 26.37000000 26.09100000 25.93200000 25.98000000 25.96400000 26.05500000
27.83300000 27.83300000 27.83300000 27.83300000 23.51200000 23.41900000 23.12600000 22.84500000 22.99400000 23.54900000 24.63500000 24.66100000 23.79700000 24.05400000 24.23300000 24.07900000 24.39600000 25.40700000 25.91000000 26.50300000 25.75000000 25.95500000 26.01500000 26.03900000 26.20400000 26.54300000 26.22300000 26.17000000 26.11400000 26.11800000
27.83300000 27.83300000 27.83300000 27.83300000 27.83300000 27.83300000 24.15200000 23.46000000 23.00000000 22.98900000 23.17700000 23.17000000 23.38100000 23.17500000 22.67100000 23.76800000 24.01500000 25.13300000 25.74000000 26.49100000 26.52500000 25.84900000 25.98400000 25.95500000 26.07000000 26.59800000 26.67900000 26.12000000 26.22300000 26.03300000
27.83300000 27.83300000 27.83300000 27.83300000 27.83300000 27.83300000 27.83300000 27.83300000 27.83300000 27.83300000 27.83300000 27.83300000 23.13600000 23.04900000 22.59500000 23.39000000 23.98200000 24.75300000 25.03800000 26.50400000 26.51000000 26.52100000 26.49800000 26.45000000 26.19600000 26.71800000 26.67100000 26.72400000 26.13900000 26.12500000
27.83300000 27.83300000 27.83300000 27.83300000 27.83300000 27.83300000 27.83300000 27.83300000 27.83300000 27.83300000 27.83300000 27.83300000 27.83300000 27.83300000 27.83300000 23.38500000 24.03100000 24.68100000 24.49400000 25.04600000 26.43400000 26.54600000 26.61000000 26.58600000 26.57600000 26.81500000 26.69000000 26.74100000 26.77400000 26.77700000
27.83300000 27.83300000 27.83300000 27.83300000 27.83300000 27.83300000 27.83300000 27.83300000 27.83300000 27.83300000 27.83300000 27.83300000 27.83300000 27.83300000 27.83300000 27.83300000 23.63300000 23.53600000 24.85500000 24.92200000 25.09800000 26.55700000 26.64400000 26.50100000 26.71300000 26.89800000 26.81400000 26.74900000 26.83400000 26.96600000
27.83300000 27.83300000 27.83300000 27.83300000 27.83300000 27.83300000 27.83300000 27.83300000 27.83300000 27.83300000 27.83300000 27.83300000 27.83300000 27.83300000 27.83300000 27.83300000 27.83300000 27.83300000 23.27300000 24.19500000 24.36100000 26.63100000 26.56200000 26.50500000 26.79700000 26.86100000 26.93000000 26.82900000 26.80900000 26.93300000
27.83300000 27.83300000 27.83300000 27.83300000 27.83300000 27.83300000 27.83300000 27.83300000 27.83300000 27.83300000 27.83300000 27.83300000 27.83300000 27.83300000 27.83300000 27.83300000 27.83300000 27.83300000 27.83300000 25.23500000 24.18200000 26.62700000 26.52200000 26.59700000 26.86500000 26.90600000 26.83300000 26.90300000 26.83800000 26.98300000
27.83300000 27.83300000 27.83300000 27.83300000 27.83300000 27.83300000 27.83300000 27.83300000 27.83300000 27.83300000 27.83300000 27.83300000 27.83300000 27.83300000 27.83300000 27.83300000 27.83300000 27.83300000 27.83300000 25.42300000 25.35100000 26.69200000 26.50000000 26.72200000 27.01100000 26.83800000 26.96900000 26.84600000 26.91100000 27.06100000
27.83300000 27.83300000 27.83300000 27.83300000 27.83300000 27.83300000 27.83300000 27.83300000 27.83300000 27.83300000 27.83300000 27.83300000 27.83300000 27.83300000 27.83300000 27.83300000 27.83300000 27.83300000 27.83300000 25.29700000 25.56900000 26.78300000 26.61600000 26.89600000 26.91100000 26.77500000 27.00000000 27.01000000 26.99500000 27.02600000
27.83300000 27.83300000 27.83300000 27.83300000 27.83300000 27.83300000 27.83300000 27.83300000 27.83300000 27.83300000 27.83300000 27.83300000 27.83300000 27.83300000 27.83300000 27.83300000 27.83300000 27.83300000 27.83300000 24.59400000 24.47600000 26.69000000 26.81000000 27.00400000 26.79200000 26.90000000 26.92900000 26.87600000 26.87600000 27.16100000
27.83300000 27.83300000 27.83300000 27.83300000 27.83300000 27.83300000 27.83300000 27.83300000 27.83300000 27.83300000 27.83300000 27.83300000 27.83300000 27.83300000 27.83300000 27.83300000 27.83300000 27.83300000 27.83300000 27.83300000 25.17000000 25.79900000 26.82300000 26.88200000 26.77700000 26.88500000 26.81000000 26.68000000 26.82200000 27.06900000
27.83300000 27.83300000 27.83300000 27.83300000 27.83300000 27.83300000 27.83300000 27.83300000 27.83300000 27.83300000 27.83300000 27.83300000 27.83300000 27.83300000 27.83300000 27.83300000 27.83300000 27.83300000 27.83300000 27.83300000 27.83300000 25.11700000 26.62400000 26.74100000 26.75100000 26.81500000 26.71200000 26.54800000 26.48200000 27.01900000
27.83300000 27.83300000 27.83300000 27.83300000 27.83300000 27.83300000 27.83300000 27.83300000 27.83300000 27.83300000 27.83300000 27.83300000 27.83300000 27.83300000 27.83300000 27.83300000 27.83300000 27.83300000 27.83300000 27.83300000 27.83300000 24.84400000 26.27800000 26.66400000 26.69400000 26.60800000 26.59600000 26.50400000 26.45900000 27.11300000
27.83300000 27.83300000 27.83300000 27.83300000 27.83300000 27.83300000 27.83300000 27.83300000 27.83300000 27.83300000 27.83300000 27.83300000 27.83300000 27.83300000 27.83300000 27.83300000 27.83300000 27.83300000 27.83300000 27.83300000 27.83300000 27.83300000 25.86800000 26.21600000 26.49400000 26.39200000 26.49000000 26.55800000 26.93300000 27.25300000
27.83300000 27.83300000 27.83300000 27.83300000 27.83300000 27.83300000 27.83300000 27.83300000 27.83300000 27.83300000 27.83300000 27.83300000 27.83300000 27.83300000 27.83300000 27.83300000 27.83300000 27.83300000 27.83300000 27.83300000 27.83300000 27.83300000 27.83300000 25.93400000 26.36400000 26.56500000 26.51700000 26.68000000 26.93500000 27.25100000
25.29500000 25.18200000 25.32000000 24.90900000 25.10100000 25.29700000 25.35200000 25.35000000 25.25900000 25.18900000 25.24000000 25.24100000 25.01700000 24.25200000 24.27500000 25.09300000 25.42700000 25.26900000 25.21200000 25.14800000 25.19300000 25.03300000 24.93900000 24.33700000 24.09300000 23.65500000 23.99600000 24.19800000 24.34000000 24.56600000
25.22700000 25.10300000 25.22900000 24.75000000 25.24300000 25.23500000 25.17300000 25.10800000 25.13400000 25.15800000 25.16000000 24.89700000 23.79000000 24.42100000 24.53900000 25.30400000 25.16700000 25.11000000 25.13100000 25.08000000 25.03500000 24.91300000 24.54700000 24.20300000 23.75800000 24.84200000 25.07700000 25.08200000 25.09400000 24.95500000
25.26700000 25.15400000 25.28300000 24.40300000 25.13800000 25.15100000 25.11500000 25.08700000 25.04700000 24.91100000 24.34900000 23.78200000 24.29500000 24.68400000 24.93900000 25.45100000 25.07500000 25.09700000 25.08300000 24.95000000 24.83800000 24.56400000 24.45800000 25.57500000 25.34900000 25.18100000 25.13900000 24.82800000 24.80000000 24.91700000
24.43800000 24.95300000 25.15100000 25.24200000 24.71900000 24.91500000 24.78600000 24.11400000 23.99600000 24.17400000 24.40900000 24.64900000 24.75100000 24.93400000 25.31200000 25.42400000 24.96400000 25.01000000 24.82700000 24.49900000 24.67300000 25.58500000 25.54300000 25.56200000 25.57700000 25.20600000 25.14700000 25.09600000 25.07400000 25.15200000
24.10300000 24.53200000 25.10500000 25.30200000 25.23900000 24.69800000 24.09400000 23.90200000 24.06300000 24.70000000 24.81100000 24.93000000 25.14300000 25.36600000 25.55700000 25.45600000 24.83800000 24.82600000 24.58500000 25.55400000 25.44600000 25.48100000 25.30400000 25.30700000 25.50900000 25.77400000 25.59300000 24.97900000 24.86300000 25.05100000
23.86500000 24.53300000 24.61800000 25.11700000 25.48200000 25.33500000 25.22000000 25.29200000 25.30600000 25.27700000 25.26100000 25.26700000 25.30900000 25.45000000 25.64600000 25.50800000 24.76900000 24.87900000 25.48200000 25.36700000 25.35000000 25.05700000 24.92100000 24.99400000 25.20500000 25.64300000 25.98400000 25.63800000 24.80200000 25.03200000
23.44500000 23.98200000 24.22000000 24.38200000 25.11800000 25.80800000 25.42300000 25.39000000 25.42000000 25.39100000 25.56900000 25.51200000 25.44700000 25.50400000 25.60600000 25.51500000 25.10800000 25.27000000 25.45300000 25.36500000 25.12300000 24.88300000 24.70000000 24.98100000 25.25300000 25.81100000 26.28900000 26.07600000 25.75300000 25.09800000
23.01600000 23.66000000 24.16600000 24.01600000 24.39200000 25.39200000 25.96200000 25.50600000 25.48600000 25.59400000 25.63200000 25.54400000 25.55500000 25.57100000 25.59700000 25.52700000 25.47900000 25.37600000 25.38500000 25.30600000 25.26300000 25.18200000 25.18800000 25.40900000 26.01300000 26.49400000 26.56300000 26.34100000 25.69400000 25.82500000
20.93900000 23.36000000 23.66000000 23.70900000 24.06500000 24.08600000 24.61000000 25.95200000 26.20400000 25.84700000 25.42400000 25.49700000 25.51400000 25.64000000 25.63400000 25.58900000 25.61700000 25.55300000 25.63000000 25.69700000 25.74300000 25.77200000 26.25300000 26.19600000 26.22700000 26.24100000 26.38500000 26.34600000 25.76000000 25.94700000
20.42800000 22.27100000 21.77200000 23.08100000 23.37500000 23.72700000 23.93900000 24.66400000 25.84900000 26.23200000 26.34900000 25.66200000 25.43000000 25.58700000 25.54100000 25.53500000 25.64200000 25.63800000 25.58600000 26.15600000 26.19400000 25.93500000 25.97600000 26.08800000 26.23300000 26.18100000 26.38700000 26.04200000 25.75900000 25.94400000
21.05300000 27.83300000 18.44200000 18.05800000 21.41200000 23.20900000 23.51800000 23.80500000 24.61700000 25.46000000 25.95100000 26.33500000 25.87700000 25.44500000 25.48300000 25.48200000 25.51800000 26.20100000 26.36500000 26.49100000 26.24500000 25.90300000 26.22100000 26.04400000 26.26600000 26.23900000 25.93900000 25.77800000 26.01200000 26.02600000
27.83300000 27.83300000 27.83300000 27.83300000 19.66700000 21.63900000 22.50600000 22.62000000 23.60300000 24.44000000 24.90600000 25.03200000 25.37300000 25.78100000 25.93000000 25.94600000 26.02800000 25.94400000 26.16500000 26.54000000 25.76200000 26.12400000 25.96200000 26.28900000 26.39100000 26.11300000 25.95400000 25.99700000 25.98300000 26.06600000
27.83300000 27.83300000 27.83300000 27.83300000 27.83300000 19.17900000 20.47100000 20.28200000 21.21100000 23.71200000 24.65700000 24.68500000 23.82200000 24.15500000 24.25100000 24.10000000 24.42300000 25.42600000 25.92500000 26.52500000 25.76900000 25.97400000 26.03300000 26.06100000 26.22200000 26.56400000 26.24700000 26.18800000 26.13300000 26.13600000
27.83300000 27.83300000 27.83300000 27.83300000 27.83300000 27.83300000 27.83300000 19.19400000 19.43400000 19.55800000 23.16400000 23.26000000 23.51200000 23.19700000 22.40800000 23.78300000 24.05400000 25.15900000 25.75400000 26.51100000 26.54700000 25.86700000 26.00300000 25.97400000 26.08900000 26.61900000 26.69900000 26.14300000 26.24200000 26.04800000
27.83300000 27.83300000 27.83300000 27.83300000 27.83300000 27.83300000 27.83300000 27.83300000 27.83300000 27.83300000 27.83300000 27.83300000 27.83300000 27.83300000 27.83300000 20.53600000 23.98600000 24.78100000 25.05800000 26.52600000 26.53100000 26.53800000 26.51800000 26.46700000 26.21400000 26.73800000 26.69000000 26.74400000 26.16000000 26.14200000
27.83300000 27.83300000 27.83300000 27.83300000 27.83300000 27.83300000 27.83300000 27.83300000 27.83300000 27.83300000 27.83300000 27.83300000 27.83300000 27.83300000 27.83300000 27.83300000 23.41700000 24.69300000 24.52700000 24.98800000 26.45300000 26.56800000 26.63000000 26.60900000 26.59400000 26.83400000 26.70900000 26.76200000 26.79500000 26.80100000
27.83300000 27.83300000 27.83300000 27.83300000 27.83300000 27.83300000 27.83300000 27.83300000 27.83300000 27.83300000 27.83300000 27.83300000 27.83300000 27.83300000 27.83300000 27.83300000 27.83300000 21.12700000 24.44400000 23.85800000 25.11500000 26.58100000 26.66700000 26.52400000 26.72900000 26.91800000 26.83500000 26.77000000 26.85600000 26.98500000
27.83300000 27.83300000 27.83300000 27.83300000 27.83300000 27.83300000 27.83300000 27.83300000 27.83300000 27.83300000 27.83300000 27.83300000 27.83300000 27.83300000 27.83300000 27.83300000 27.83300000 27.83300000 27.83300000 24.19400000 24.42300000 26.66000000 26.58300000 26.52600000 26.81900000 26.88100000 26.95000000 26.84700000 26.82600000 26.95600000
27.83300000 27.83300000 27.83300000 27.83300000 27.83300000 27.83300000 27.83300000 27.83300000 27.83300000 27.83300000 27.83300000 27.83300000 27.83300000 27.83300000 27.83300000 27.83300000 27.83300000 27.83300000 27.83300000 27.83300000 24.11700000 26.65700000 26.53900000 26.61300000 26.88600000 26.92700000 26.85200000 26.92200000 26.85600000 27.00100000
27.83300000 27.83300000 27.83300000 27.83300000 27.83300000 27.83300000 27.83300000 27.83300000 27.83300000 27.83300000 27.83300000 27.83300000 27.83300000 27.83300000 27.83300000 27.83300000 27.83300000 27.83300000 27.83300000 27.83300000 24.61800000 26.71700000 26.51900000 26.73900000 27.03200000 26.85800000 26.99000000 26.86500000 26.92900000 27.07900000
27.83300000 27.83300000 27.83300000 27.83300000 27.83300000 27.83300000 27.83300000 27.83300000 27.83300000 27.83300000 27.83300000 27.83300000 27.83300000 27.83300000 27.83300000 27.83300000 27.83300000 27.83300000 27.83300000 27.83300000 23.42600000 26.79400000 26.63500000 26.91600000 26.93200000 26.79200000 27.02200000 27.03200000 27.01300000 27.04400000
27.83300000 27.83300000 27.83300000 27.83300000 27.83300000 27.83300000 27.83300000 27.83300000 27.83300000 27.83300000 27.83300000 27.83300000 27.83300000 27.83300000 27.83300000 27.83300000 27.83300000 27.83300000 27.83300000 27.83300000 23.28200000 26.70700000 26.83000000 27.02400000 26.81200000 26.91900000 26.95000000 26.89800000 26.88900000 27.17500000
27.83300000 27.83300000 27.83300000 27.83300000 27.83300000 27.83300000 27.83300000 27.83300000 27.83300000 27.83300000 27.83300000 27.83300000 27.83300000 27.83300000 27.83300000 27.83300000 27.83300000 27.83300000 27.83300000 27.83300000 27.83300000 25.62400000 26.84200000 26.90700000 26.79900000 26.90400000 26.82900000 26.69800000 26.84100000 27.08800000
27.83300000 27.83300000 27.83300000 27.83300000 27.83300000 27.83300000 27.83300000 27.83300000 27.83300000 27.83300000 27.83300000 27.83300000 27.83300000 27.83300000 27.83300000 27.83300000 27.83300000 27.83300000 27.83300000 27.83300000 27.83300000 25.10400000 26.64300000 26.76400000 26.76900000 26.83300000 26.73200000 26.57000000 26.49700000 27.03700000
27.83300000 27.83300000 27.83300000 27.83300000 27.83300000 27.83300000 27.83300000 27.83300000 27.83300000 27.83300000 27.83300000 27.83300000 27.83300000 27.83300000 27.83300000 27.83300000 27.83300000 27.83300000 27.83300000 27.83300000 27.83300000 27.83300000 26.30300000 26.68600000 26.71300000 26.62500000 26.61400000 26.52200000 26.47600000 27.13700000
27.83300000 27.83300000 27.83300000 27.83300000 27.83300000 27.83300000 27.83300000 27.83300000 27.83300000 27.83300000 27.83300000 27.83300000 27.83300000 27.83300000 27.83300000 27.83300000 27.83300000 27.83300000 27.83300000 27.83300000 27.83300000 27.83300000 25.90700000 26.23500000 26.51300000 26.41000000 26.50600000 26.58000000 26.96400000 27.27400000
27.83300000 27.83300000 27.83300000 27.83300000 27.83300000 27.83300000 27.83300000 27.83300000 27.83300000 27.83300000 27.83300000 27.83300000 27.83300000 27.83300000 27.83300000 27.83300000 27.83300000 27.83300000 27.83300000 27.83300000 27.83300000 27.83300000 27.83300000 25.97000000 26.38200000 26.58300000 26.53600000 26.69800000 26.96500000 27.27100000
