36.99000000 36.97300000 36.93400000 36.90500000 37.09900000 37.23400000 37.24900000 37.25000000 37.20700000 37.19600000 37.12300000 37.00700000 36.88500000 36.68900000 36.68400000 36.87000000 37.00500000 36.99900000 37.04400000 37.05500000 37.00700000 36.99000000 36.86200000 36.59100000 36.54600000 36.28800000 36.53700000 36.47900000 36.46600000 36.44700000
36.98300000 36.87700000 36.93200000 37.02400000 37.20400000 37.20300000 37.19300000 37.18600000 37.16000000 37.10000000 36.99500000 36.87800000 36.48000000 36.79200000 36.82700000 36.99800000 37.05500000 37.04900000 37.07600000 37.03100000 36.99700000 36.91000000 36.77100000 36.65900000 36.50100000 36.93000000 37.03100000 37.02800000 37.07600000 37.07900000
36.99900000 36.88100000 36.91300000 36.86100000 37.15400000 37.14600000 37.10100000 37.04700000 36.98400000 36.91600000 36.76600000 36.45000000 36.74300000 36.89700000 36.88800000 37.12400000 36.98700000 37.05200000 37.04300000 36.97700000 36.89600000 36.80800000 36.73600000 37.21600000 37.08900000 37.04200000 37.05200000 36.94400000 36.91900000 36.85800000
36.51300000 36.99900000 36.87400000 36.92900000 36.98100000 37.03800000 36.96800000 36.65200000 36.57600000 36.72100000 36.84500000 36.92600000 36.89500000 36.89200000 36.94800000 37.10800000 36.92500000 37.00000000 36.92500000 36.79100000 36.81600000 37.24900000 37.25800000 37.26500000 37.25000000 37.03400000 37.03500000 37.00400000 36.97100000 36.88700000
35.97000000 36.90200000 37.02600000 37.00800000 36.85900000 36.92300000 36.65500000 36.53400000 36.66400000 36.94900000 36.92400000 36.90800000 36.92500000 36.94600000 37.00700000 37.10900000 36.86200000 36.90300000 36.77200000 37.20900000 37.24800000 37.23100000 37.18400000 37.17900000 37.20800000 37.26000000 37.25400000 36.84600000 36.71100000 36.64300000
35.78500000 36.03300000 36.93600000 37.07900000 37.14800000 36.94200000 36.82000000 36.87200000 36.87800000 36.85100000 36.83700000 36.84800000 36.87800000 36.95300000 37.04400000 37.15100000 36.83400000 36.90500000 37.18000000 37.21400000 37.20600000 37.10800000 37.02600000 37.05900000 37.15900000 37.22100000 37.29200000 37.25700000 36.67000000 36.60200000
35.50000000 35.77700000 36.70400000 36.78300000 37.07100000 37.24000000 36.93400000 36.91200000 36.91100000 36.90100000 37.02900000 37.00300000 36.99400000 37.02000000 37.03600000 37.10200000 37.01100000 37.09900000 37.19800000 37.20100000 37.12200000 37.02200000 36.96300000 37.04900000 37.16100000 37.23000000 37.36400000 37.34700000 37.26400000 36.64800000
35.66200000 36.11000000 36.70600000 36.59200000 36.69000000 37.17700000 37.30800000 36.97200000 36.92100000 36.97200000 36.99200000 36.97400000 37.02200000 37.04300000 37.03800000 37.10500000 37.18200000 37.14100000 37.14600000 37.18400000 37.16600000 37.12900000 37.15100000 37.17700000 37.26200000 37.45700000 37.48600000 37.43500000 37.27700000 37.25700000
35.36500000 35.82600000 36.10400000 36.39100000 36.70200000 36.43200000 36.92500000 37.34800000 37.40100000 37.19300000 36.92500000 36.94100000 36.95800000 37.06600000 37.05900000 37.17200000 37.23400000 37.21100000 37.22900000 37.25500000 37.23900000 37.14900000 37.36700000 37.40800000 37.41000000 37.41700000 37.45600000 37.44700000 37.28600000 37.26900000
35.20300000 35.18300000 35.38000000 36.14300000 36.23800000 36.46300000 36.29100000 36.99100000 37.30200000 37.38900000 37.41500000 37.06500000 36.96900000 36.95300000 36.96500000 37.08200000 37.19300000 37.17400000 37.01900000 37.34000000 37.33100000 37.30400000 37.33400000 37.38100000 37.42200000 37.41500000 37.46100000 37.33600000 37.27300000 37.24600000
34.78300000 35.11000000 35.35100000 35.38400000 35.84200000 36.19100000 36.04000000 36.15200000 36.98500000 37.20400000 37.32600000 37.41100000 37.14400000 36.98200000 36.99000000 37.01100000 37.04100000 37.35400000 37.36200000 37.38000000 37.33400000 37.29800000 37.41100000 37.30200000 37.37800000 37.38300000 37.32300000 37.27600000 37.29000000 37.20700000
37.59700000 37.59700000 37.59700000 35.13400000 35.60700000 35.65600000 35.81800000 35.78600000 36.04600000 36.92600000 37.06000000 37.07900000 37.12800000 37.23700000 37.28100000 37.28500000 37.30700000 37.27400000 37.29800000 37.37700000 37.23200000 37.35000000 37.27200000 37.27500000 37.33500000 37.32400000 37.30000000 37.30600000 37.23400000 37.18000000
37.59700000 37.59700000 37.59700000 37.59700000 35.17000000 35.30500000 35.44100000 35.54600000 35.59200000 36.33100000 37.01000000 36.98000000 36.45400000 36.66900000 36.78500000 36.54300000 36.51200000 37.19100000 37.19800000 37.36300000 37.19900000 37.27700000 37.25000000 37.22800000 37.32100000 37.38700000 37.35100000 37.35300000 37.32400000 37.20600000
37.59700000 37.59700000 37.59700000 37.59700000 37.59700000 37.59700000 35.32200000 35.43300000 35.49300000 35.57600000 35.93600000 36.22700000 36.32200000 36.21600000 36.18300000 36.60300000 36.19900000 37.06800000 37.11100000 37.36900000 37.37500000 37.20200000 37.21600000 37.19400000 37.28600000 37.38200000 37.46500000 37.33300000 37.38600000 37.21900000
37.59700000 37.59700000 37.59700000 37.59700000 37.59700000 37.59700000 37.59700000 37.59700000 37.59700000 37.59700000 37.59700000 37.59700000 35.71400000 36.05000000 36.17700000 36.06800000 36.03700000 36.71800000 36.93700000 37.35400000 37.42000000 37.39100000 37.36500000 37.35800000 37.33400000 37.38600000 37.41700000 37.49000000 37.33100000 37.37300000
37.59700000 37.59700000 37.59700000 37.59700000 37.59700000 37.59700000 37.59700000 37.59700000 37.59700000 37.59700000 37.59700000 37.59700000 37.59700000 37.59700000 37.59700000 35.99300000 36.01600000 36.53700000 36.90800000 36.98600000 37.29900000 37.42600000 37.40300000 37.40600000 37.35300000 37.35700000 37.42700000 37.50100000 37.52200000 37.54600000
37.59700000 37.59700000 37.59700000 37.59700000 37.59700000 37.59700000 37.59700000 37.59700000 37.59700000 37.59700000 37.59700000 37.59700000 37.59700000 37.59700000 37.59700000 37.59700000 35.93200000 36.25900000 36.84200000 37.04100000 37.04600000 37.34400000 37.41500000 37.39500000 37.31400000 37.35500000 37.39000000 37.35300000 37.52000000 37.55800000
37.59700000 37.59700000 37.59700000 37.59700000 37.59700000 37.59700000 37.59700000 37.59700000 37.59700000 37.59700000 37.59700000 37.59700000 37.59700000 37.59700000 37.59700000 37.59700000 37.59700000 37.59700000 36.20200000 36.56800000 36.80200000 37.34800000 37.43000000 37.40600000 37.32500000 37.34900000 37.39100000 37.34900000 37.34400000 37.46700000
37.59700000 37.59700000 37.59700000 37.59700000 37.59700000 37.59700000 37.59700000 37.59700000 37.59700000 37.59700000 37.59700000 37.59700000 37.59700000 37.59700000 37.59700000 37.59700000 37.59700000 37.59700000 37.59700000 36.89000000 36.75700000 37.34000000 37.43400000 37.34600000 37.35900000 37.39900000 37.35400000 37.37500000 37.33200000 37.38300000
37.59700000 37.59700000 37.59700000 37.59700000 37.59700000 37.59700000 37.59700000 37.59700000 37.59700000 37.59700000 37.59700000 37.59700000 37.59700000 37.59700000 37.59700000 37.59700000 37.59700000 37.59700000 37.59700000 36.92700000 36.94600000 37.34400000 37.41200000 37.30800000 37.42100000 37.39900000 37.42600000 37.36300000 37.35300000 37.38500000
37.59700000 37.59700000 37.59700000 37.59700000 37.59700000 37.59700000 37.59700000 37.59700000 37.59700000 37.59700000 37.59700000 37.59700000 37.59700000 37.59700000 37.59700000 37.59700000 37.59700000 37.59700000 37.59700000 36.82200000 36.91800000 37.35800000 37.34500000 37.36800000 37.38900000 37.39900000 37.42700000 37.43100000 37.37200000 37.34500000
37.59700000 37.59700000 37.59700000 37.59700000 37.59700000 37.59700000 37.59700000 37.59700000 37.59700000 37.59700000 37.59700000 37.59700000 37.59700000 37.59700000 37.59700000 37.59700000 37.59700000 37.59700000 37.59700000 36.41400000 36.70400000 37.33000000 37.34500000 37.41400000 37.38100000 37.38100000 37.36800000 37.37500000 37.33600000 37.37900000
37.59700000 37.59700000 37.59700000 37.59700000 37.59700000 37.59700000 37.59700000 37.59700000 37.59700000 37.59700000 37.59700000 37.59700000 37.59700000 37.59700000 37.59700000 37.59700000 37.59700000 37.59700000 37.59700000 37.59700000 36.66600000 37.03100000 37.37400000 37.37900000 37.38100000 37.35700000 37.32300000 37.30000000 37.30000000 37.33400000
37.59700000 37.59700000 37.59700000 37.59700000 37.59700000 37.59700000 37.59700000 37.59700000 37.59700000 37.59700000 37.59700000 37.59700000 37.59700000 37.59700000 37.59700000 37.59700000 37.59700000 37.59700000 37.59700000 37.59700000 37.59700000 36.73600000 37.29500000 37.35000000 37.35500000 37.33600000 37.32600000 37.29700000 37.27800000 37.28800000
37.59700000 37.59700000 37.59700000 37.59700000 37.59700000 37.59700000 37.59700000 37.59700000 37.59700000 37.59700000 37.59700000 37.59700000 37.59700000 37.59700000 37.59700000 37.59700000 37.59700000 37.59700000 37.59700000 37.59700000 37.59700000 36.56100000 37.18300000 37.30900000 37.33000000 37.31300000 37.30000000 37.26400000 37.24100000 37.31300000
37.59700000 37.59700000 37.59700000 37.59700000 37.59700000 37.59700000 37.59700000 37.59700000 37.59700000 37.59700000 37.59700000 37.59700000 37.59700000 37.59700000 37.59700000 37.59700000 37.59700000 37.59700000 37.59700000 37.59700000 37.59700000 37.59700000 36.93300000 37.12500000 37.25100000 37.20000000 37.20600000 37.26000000 37.29100000 37.32400000
37.59700000 37.59700000 37.59700000 37.59700000 37.59700000 37.59700000 37.59700000 37.59700000 37.59700000 37.59700000 37.59700000 37.59700000 37.59700000 37.59700000 37.59700000 37.59700000 37.59700000 37.59700000 37.59700000 37.59700000 37.59700000 37.59700000 37.59700000 36.83600000 37.17700000 37.21700000 37.22700000 37.24400000 37.28000000 37.29900000
36.98600000 36.97200000 36.93300000 36.90500000 37.09700000 37.23300000 37.24900000 37.25000000 37.20600000 37.19500000 37.12700000 37.00700000 36.88500000 36.69000000 36.68300000 36.86800000 37.00400000 36.99700000 37.04200000 37.05500000 37.00600000 36.98900000 36.85700000 36.58900000 36.54500000 36.28700000 36.53700000 36.47900000 36.46500000 36.44700000
36.98200000 36.87700000 36.93100000 37.02200000 37.20300000 37.20300000 37.19300000 37.18500000 37.16000000 37.10000000 36.99400000 36.87700000 36.48000000 36.79100000 36.82600000 36.99700000 37.05500000 37.04800000 37.07600000 37.03000000 36.99600000 36.91000000 36.77100000 36.65800000 36.49900000 36.92900000 37.02900000 37.02700000 37.07500000 37.07900000
36.99900000 36.88000000 36.91200000 36.86100000 37.15300000 37.14500000 37.10100000 37.04600000 36.98400000 36.91500000 36.76600000 36.44900000 36.74100000 36.89600000 36.88700000 37.12300000 36.98700000 37.05200000 37.04300000 36.97600000 36.89500000 36.80800000 36.73400000 37.21400000 37.08800000 37.04000000 37.05100000 36.94300000 36.91800000 36.85800000
36.56600000 36.99900000 36.87300000 36.92800000 36.98000000 37.03800000 36.96800000 36.65300000 36.57500000 36.72100000 36.84300000 36.92500000 36.89400000 36.89100000 36.94700000 37.10700000 36.92500000 36.99900000 36.92500000 36.79100000 36.81400000 37.24900000 37.25700000 37.26400000 37.25000000 37.03300000 37.03400000 37.00300000 36.97000000 36.88600000
35.99100000 36.89900000 37.02500000 37.00700000 36.85900000 36.91400000 36.65500000 36.53300000 36.66300000 36.94800000 36.92300000 36.90700000 36.92400000 36.94500000 37.00600000 37.10800000 36.86100000 36.90200000 36.77100000 37.20700000 37.24700000 37.23000000 37.18200000 37.17800000 37.20700000 37.25900000 37.25400000 36.84500000 36.71000000 36.64200000
35.86200000 36.72500000 36.93500000 37.07800000 37.14700000 36.94100000 36.81900000 36.87200000 36.87700000 36.85100000 36.83700000 36.84800000 36.87700000 36.95200000 37.04300000 37.15000000 36.83300000 36.90400000 37.17800000 37.21300000 37.20500000 37.10700000 37.02500000 37.05800000 37.15800000 37.22000000 37.29000000 37.25700000 36.67000000 36.60100000
35.65300000 35.88100000 36.70400000 36.78300000 37.06900000 37.23900000 36.93300000 36.91100000 36.91000000 36.90000000 37.02800000 37.00300000 36.99400000 37.01900000 37.03500000 37.10100000 37.01000000 37.09800000 37.19700000 37.20000000 37.12200000 37.02200000 36.96200000 37.04800000 37.16000000 37.22900000 37.36400000 37.34700000 37.26400000 36.65000000
35.65800000 36.11500000 36.70500000 36.59200000 36.69000000 37.17600000 37.30700000 36.97100000 36.92000000 36.97200000 36.99100000 36.97400000 37.02100000 37.04200000 37.03700000 37.10300000 37.18100000 37.14000000 37.14500000 37.18300000 37.16600000 37.12900000 37.15100000 37.17600000 37.26100000 37.45700000 37.48500000 37.43500000 37.27700000 37.25700000
35.92400000 35.95300000 36.22500000 36.39200000 36.70100000 36.43200000 36.92500000 37.34700000 37.40000000 37.19300000 36.92500000 36.94100000 36.95800000 37.06600000 37.05800000 37.17000000 37.23400000 37.21000000 37.22900000 37.25500000 37.23900000 37.14800000 37.36600000 37.40700000 37.40900000 37.41600000 37.45600000 37.44600000 37.28500000 37.26900000
35.76700000 36.05100000 36.39500000 36.24000000 36.26300000 36.46400000 36.30300000 36.98900000 37.30100000 37.38800000 37.41400000 37.06500000 36.96900000 36.95200000 36.96500000 37.08100000 37.19200000 37.17400000 37.01900000 37.34000000 37.32900000 37.30300000 37.33300000 37.38000000 37.42100000 37.41400000 37.46000000 37.33500000 37.27200000 37.24600000
35.60400000 37.59700000 35.89000000 35.84000000 36.13800000 36.29700000 36.07100000 36.22900000 36.98400000 37.20300000 37.32500000 37.41000000 37.14300000 36.98100000 36.98900000 37.01000000 37.04000000 37.35300000 37.36100000 37.37900000 37.33300000 37.29700000 37.41000000 37.30100000 37.37700000 37.38200000 37.32200000 37.27600000 37.29000000 37.20700000
37.59700000 37.59700000 37.59700000 37.59700000 35.83800000 36.18100000 36.40500000 36.03500000 36.23900000 36.92400000 37.05900000 37.07800000 37.12700000 37.23600000 37.28000000 37.28400000 37.30400000 37.27300000 37.29700000 37.37600000 37.23100000 37.34900000 37.27200000 37.27500000 37.33500000 37.32400000 37.30000000 37.30500000 37.23300000 37.17900000
37.59700000 37.59700000 37.59700000 37.59700000 37.59700000 35.74400000 35.82300000 36.12500000 36.09500000 36.41200000 37.00900000 36.97900000 36.45600000 36.69100000 36.78400000 36.54300000 36.51200000 37.19000000 37.19700000 37.36100000 37.19800000 37.27600000 37.24900000 37.22700000 37.32000000 37.38600000 37.35000000 37.35200000 37.32400000 37.20500000
37.59700000 37.59700000 37.59700000 37.59700000 37.59700000 37.59700000 37.59700000 35.74200000 35.76900000 35.83000000 36.48600000 36.27700000 36.48600000 36.22900000 36.13100000 36.60100000 36.20700000 37.06600000 37.11000000 37.36800000 37.37400000 37.20100000 37.21500000 37.19300000 37.28500000 37.38100000 37.46400000 37.33200000 37.38500000 37.21800000
37.59700000 37.59700000 37.59700000 37.59700000 37.59700000 37.59700000 37.59700000 37.59700000 37.59700000 37.59700000 37.59700000 37.59700000 37.59700000 37.59700000 37.59700000 36.17800000 36.06600000 36.71700000 36.93500000 37.35300000 37.41900000 37.39100000 37.36300000 37.35700000 37.33300000 37.38500000 37.41600000 37.48900000 37.33000000 37.37200000
37.59700000 37.59700000 37.59700000 37.59700000 37.59700000 37.59700000 37.59700000 37.59700000 37.59700000 37.59700000 37.59700000 37.59700000 37.59700000 37.59700000 37.59700000 37.59700000 36.21900000 36.54400000 36.90800000 36.96500000 37.29700000 37.42500000 37.40200000 37.40500000 37.35200000 37.35600000 37.42600000 37.50000000 37.52100000 37.54600000
37.59700000 37.59700000 37.59700000 37.59700000 37.59700000 37.59700000 37.59700000 37.59700000 37.59700000 37.59700000 37.59700000 37.59700000 37.59700000 37.59700000 37.59700000 37.59700000 37.59700000 36.36200000 36.82500000 36.89300000 37.04500000 37.34300000 37.41400000 37.39400000 37.31300000 37.35400000 37.39000000 37.35200000 37.51900000 37.55700000
37.59700000 37.59700000 37.59700000 37.59700000 37.59700000 37.59700000 37.59700000 37.59700000 37.59700000 37.59700000 37.59700000 37.59700000 37.59700000 37.59700000 37.59700000 37.59700000 37.59700000 37.59700000 37.59700000 36.56200000 36.82300000 37.34700000 37.42900000 37.40500000 37.32400000 37.34900000 37.39000000 37.34900000 37.34300000 37.46600000
37.59700000 37.59700000 37.59700000 37.59700000 37.59700000 37.59700000 37.59700000 37.59700000 37.59700000 37.59700000 37.59700000 37.59700000 37.59700000 37.59700000 37.59700000 37.59700000 37.59700000 37.59700000 37.59700000 37.59700000 36.74100000 37.33900000 37.43300000 37.34600000 37.35700000 37.39900000 37.35300000 37.37500000 37.33100000 37.38200000
37.59700000 37.59700000 37.59700000 37.59700000 37.59700000 37.59700000 37.59700000 37.59700000 37.59700000 37.59700000 37.59700000 37.59700000 37.59700000 37.59700000 37.59700000 37.59700000 37.59700000 37.59700000 37.59700000 37.59700000 36.79700000 37.34200000 37.41100000 37.30700000 37.42000000 37.39900000 37.42500000 37.36200000 37.35200000 37.38400000
37.59700000 37.59700000 37.59700000 37.59700000 37.59700000 37.59700000 37.59700000 37.59700000 37.59700000 37.59700000 37.59700000 37.59700000 37.59700000 37.59700000 37.59700000 37.59700000 37.59700000 37.59700000 37.59700000 37.59700000 36.63300000 37.35600000 37.34500000 37.36700000 37.38800000 37.39800000 37.42600000 37.43100000 37.37100000 37.34400000
37.59700000 37.59700000 37.59700000 37.59700000 37.59700000 37.59700000 37.59700000 37.59700000 37.59700000 37.59700000 37.59700000 37.59700000 37.59700000 37.59700000 37.59700000 37.59700000 37.59700000 37.59700000 37.59700000 37.59700000 36.57000000 37.32900000 37.34400000 37.41300000 37.37900000 37.37900000 37.36700000 37.37400000 37.33500000 37.37800000
37.59700000 37.59700000 37.59700000 37.59700000 37.59700000 37.59700000 37.59700000 37.59700000 37.59700000 37.59700000 37.59700000 37.59700000 37.59700000 37.59700000 37.59700000 37.59700000 37.59700000 37.59700000 37.59700000 37.59700000 37.59700000 36.99200000 37.37300000 37.37800000 37.38000000 37.35600000 37.32200000 37.29800000 37.29900000 37.33200000
37.59700000 37.59700000 37.59700000 37.59700000 37.59700000 37.59700000 37.59700000 37.59700000 37.59700000 37.59700000 37.59700000 37.59700000 37.59700000 37.59700000 37.59700000 37.59700000 37.59700000 37.59700000 37.59700000 37.59700000 37.59700000 36.71800000 37.29400000 37.34900000 37.35400000 37.33500000 37.32500000 37.29600000 37.27700000 37.28700000
37.59700000 37.59700000 37.59700000 37.59700000 37.59700000 37.59700000 37.59700000 37.59700000 37.59700000 37.59700000 37.59700000 37.59700000 37.59700000 37.59700000 37.59700000 37.59700000 37.59700000 37.59700000 37.59700000 37.59700000 37.59700000 37.59700000 37.18100000 37.30800000 37.32900000 37.31200000 37.29900000 37.26300000 37.24100000 37.31300000
37.59700000 37.59700000 37.59700000 37.59700000 37.59700000 37.59700000 37.59700000 37.59700000 37.59700000 37.59700000 37.59700000 37.59700000 37.59700000 37.59700000 37.59700000 37.59700000 37.59700000 37.59700000 37.59700000 37.59700000 37.59700000 37.59700000 36.92700000 37.12400000 37.25000000 37.19900000 37.20600000 37.26000000 37.29000000 37.32300000
37.59700000 37.59700000 37.59700000 37.59700000 37.59700000 37.59700000 37.59700000 37.59700000 37.59700000 37.59700000 37.59700000 37.59700000 37.59700000 37.59700000 37.59700000 37.59700000 37.59700000 37.59700000 37.59700000 37.59700000 37.59700000 37.59700000 37.59700000 36.82800000 37.17600000 37.21700000 37.22700000 37.24300000 37.27900000 37.29800000
