 25.26700000  25.16000000  25.29900000  24.88900000  25.10300000  25.27400000  25.32400000  25.32700000  25.24900000  25.14600000  25.21000000  25.22200000  24.98800000  24.22400000  24.26800000  25.07600000  25.40500000  25.24000000  25.18100000  25.11800000  25.17200000  25.01000000  24.87900000  24.31800000  24.07600000  23.63800000  23.98500000  24.18300000  24.31300000  24.54800000
 25.21400000  25.07800000  25.20200000  24.76500000  25.22000000  25.21200000  25.14800000  25.08500000  25.11400000  25.13700000  25.13700000  24.87000000  23.77200000  24.40600000  24.52400000  25.27900000  25.14300000  25.08500000  25.10800000  25.05800000  25.00900000  24.88900000  24.53400000  24.18900000  23.73000000  24.82300000  25.06200000  25.06100000  25.07000000  24.92900000
 25.24000000  25.12900000  25.25700000  24.40000000  25.11600000  25.13000000  25.09300000  25.06500000  25.02600000  24.88600000  24.32300000  23.76400000  24.28400000  24.66500000  24.92300000  25.42400000  25.05100000  25.07300000  25.06000000  24.92600000  24.81100000  24.53900000  24.42900000  25.54900000  25.32600000  25.15700000  25.11300000  24.80600000  24.77900000  24.89800000
 24.55400000  24.93700000  25.13000000  25.21700000  24.71200000  24.89300000  24.76600000  24.09500000  23.98000000  24.15500000  24.39000000  24.62800000  24.73100000  24.91700000  25.29000000  25.39600000  24.93900000  24.98500000  24.80400000  24.47800000  24.64800000  25.55800000  25.51500000  25.53900000  25.56100000  25.18800000  25.12400000  25.07200000  25.05200000  25.13000000
 24.09000000  24.51400000  25.08100000  25.28300000  25.21500000  24.72100000  24.07600000  23.88200000  24.04100000  24.67900000  24.79200000  24.91200000  25.12000000  25.34100000  25.53200000  25.43000000  24.81400000  24.80100000  24.56200000  25.52900000  25.42100000  25.45500000  25.27500000  25.27800000  25.48300000  25.75100000  25.57000000  24.95600000  24.84400000  25.02900000
 23.83800000  23.71200000  24.58100000  25.08600000  25.46500000  25.32100000  25.19500000  25.26700000  25.28100000  25.25100000  25.23800000  25.24300000  25.28300000  25.42100000  25.61900000  25.47700000  24.73900000  24.85500000  25.45700000  25.34400000  25.32300000  25.02900000  24.89500000  24.97000000  25.18000000  25.61900000  25.96000000  25.61300000  24.77900000  25.01300000
 23.32300000  23.76600000  24.18100000  24.34600000  25.08900000  25.78700000  25.40100000  25.36600000  25.39800000  25.36800000  25.54900000  25.48900000  25.42100000  25.47700000  25.58200000  25.48800000  25.07600000  25.25200000  25.42600000  25.34400000  25.10000000  24.86000000  24.68000000  24.96300000  25.23600000  25.79500000  26.26800000  26.05400000  25.73000000  25.08000000
 23.14200000  23.62400000  24.13600000  23.97300000  24.36400000  25.36800000  25.94600000  25.48800000  25.45900000  25.56400000  25.60300000  25.51900000  25.53000000  25.54500000  25.57100000  25.49800000  25.45100000  25.34900000  25.36400000  25.28300000  25.24000000  25.16000000  25.16900000  25.39600000  26.00700000  26.46900000  26.53600000  26.31800000  25.67400000  25.80700000
 22.45400000  23.26800000  23.45200000  23.65300000  24.03500000  24.05300000  24.58800000  25.93300000  26.18100000  25.83900000  25.40000000  25.47600000  25.49100000  25.61800000  25.61100000  25.56300000  25.59200000  25.52900000  25.60600000  25.67300000  25.72500000  25.74500000  26.23700000  26.16100000  26.19300000  26.20900000  26.36000000  26.32200000  25.73500000  25.92700000
 22.76500000  23.09500000  23.10600000  23.26700000  23.32500000  23.68100000  23.87900000  24.68500000  25.82900000  26.21600000  26.32800000  25.62200000  25.41000000  25.56300000  25.51500000  25.51100000  25.62000000  25.61800000  25.56400000  26.13600000  26.18800000  25.90600000  25.95100000  26.07300000  26.21200000  26.15700000  26.36200000  26.01900000  25.73900000  25.92400000
 23.74600000  22.78500000  21.81500000  23.01200000  22.89900000  23.21600000  23.43600000  23.63900000  24.66400000  25.42600000  25.92800000  26.29900000  25.82100000  25.42500000  25.45700000  25.45700000  25.49500000  26.17100000  26.33900000  26.46700000  26.21600000  25.87800000  26.19700000  26.01700000  26.23600000  26.21000000  25.91300000  25.75700000  25.98800000  26.00700000
 27.83300000  27.83300000  27.83300000  23.63800000  23.08000000  22.84600000  23.00800000  22.99200000  23.37300000  24.50000000  24.85000000  25.01800000  25.36300000  25.76800000  25.90700000  25.92900000  26.01100000  25.92100000  26.13900000  26.51000000  25.73800000  26.10200000  25.93700000  26.26100000  26.36600000  26.08600000  25.92200000  25.98100000  25.96100000  26.05300000
 27.83300000  27.83300000  27.83300000  27.83300000  23.49700000  23.37700000  23.11100000  22.83400000  22.98800000  23.58000000  24.69400000  24.62000000  23.78000000  24.08000000  24.24500000  24.08100000  24.42700000  25.40700000  25.90700000  26.49900000  25.74500000  25.95100000  26.01100000  26.03600000  26.20200000  26.54000000  26.21300000  26.16200000  26.10500000  26.11400000
 27.83300000  27.83300000  27.83300000  27.83300000  27.83300000  27.83300000  24.13000000  23.42700000  22.97500000  22.96200000  23.17800000  23.14000000  23.35500000  23.14600000  22.80200000  23.76400000  24.02200000  25.12200000  25.74400000  26.48200000  26.52000000  25.84300000  25.97900000  25.94900000  26.06600000  26.59500000  26.67400000  26.11600000  26.22300000  26.03000000
 27.83300000  27.83300000  27.83300000  27.83300000  27.83300000  27.83300000  27.83300000  27.83300000  27.83300000  27.83300000  27.83300000  27.83300000  23.11400000  23.02600000  22.56300000  23.38700000  23.98500000  24.74600000  25.02400000  26.49300000  26.50500000  26.51400000  26.49100000  26.45100000  26.19600000  26.71500000  26.66600000  26.71700000  26.13500000  26.11900000
 27.83300000  27.83300000  27.83300000  27.83300000  27.83300000  27.83300000  27.83300000  27.83300000  27.83300000  27.83300000  27.83300000  27.83300000  27.83300000  27.83300000  27.83300000  23.37200000  24.04100000  24.67200000  24.45200000  25.03900000  26.43000000  26.54100000  26.60700000  26.58100000  26.57400000  26.81000000  26.68300000  26.73500000  26.77000000  26.77700000
 27.83300000  27.83300000  27.83300000  27.83300000  27.83300000  27.83300000  27.83300000  27.83300000  27.83300000  27.83300000  27.83300000  27.83300000  27.83300000  27.83300000  27.83300000  27.83300000  23.61900000  23.48900000  24.84300000  24.92300000  25.07800000  26.53700000  26.64100000  26.49200000  26.71100000  26.89100000  26.80700000  26.74400000  26.83100000  26.96100000
 27.83300000  27.83300000  27.83300000  27.83300000  27.83300000  27.83300000  27.83300000  27.83300000  27.83300000  27.83300000  27.83300000  27.83300000  27.83300000  27.83300000  27.83300000  27.83300000  27.83300000  27.83300000  23.27100000  24.19400000  24.35600000  26.62100000  26.55500000  26.49800000  26.79300000  26.85200000  26.92400000  26.82200000  26.80600000  26.93200000
 27.83300000  27.83300000  27.83300000  27.83300000  27.83300000  27.83300000  27.83300000  27.83300000  27.83300000  27.83300000  27.83300000  27.83300000  27.83300000  27.83300000  27.83300000  27.83300000  27.83300000  27.83300000  27.83300000  25.22800000  24.17600000  26.61900000  26.51600000  26.59800000  26.86200000  26.90300000  26.82700000  26.89700000  26.83300000  26.98000000
 27.83300000  27.83300000  27.83300000  27.83300000  27.83300000  27.83300000  27.83300000  27.83300000  27.83300000  27.83300000  27.83300000  27.83300000  27.83300000  27.83300000  27.83300000  27.83300000  27.83300000  27.83300000  27.83300000  25.41600000  25.37600000  26.68600000  26.49400000  26.72400000  27.00800000  26.83600000  26.96400000  26.84000000  26.90700000  27.05800000
 27.83300000  27.83300000  27.83300000  27.83300000  27.83300000  27.83300000  27.83300000  27.83300000  27.83300000  27.83300000  27.83300000  27.83300000  27.83300000  27.83300000  27.83300000  27.83300000  27.83300000  27.83300000  27.83300000  25.29100000  25.57800000  26.77400000  26.61200000  26.89800000  26.90100000  26.77300000  26.99400000  27.00500000  26.99200000  27.02200000
 27.83300000  27.83300000  27.83300000  27.83300000  27.83300000  27.83300000  27.83300000  27.83300000  27.83300000  27.83300000  27.83300000  27.83300000  27.83300000  27.83300000  27.83300000  27.83300000  27.83300000  27.83300000  27.83300000  24.58300000  24.44100000  26.68300000  26.80500000  26.99800000  26.78100000  26.89700000  26.92500000  26.85900000  26.86900000  27.15900000
 27.83300000  27.83300000  27.83300000  27.83300000  27.83300000  27.83300000  27.83300000  27.83300000  27.83300000  27.83300000  27.83300000  27.83300000  27.83300000  27.83300000  27.83300000  27.83300000  27.83300000  27.83300000  27.83300000  27.83300000  25.16100000  25.84600000  26.82000000  26.87600000  26.76800000  26.87900000  26.80000000  26.66700000  26.80700000  27.06100000
 27.83300000  27.83300000  27.83300000  27.83300000  27.83300000  27.83300000  27.83300000  27.83300000  27.83300000  27.83300000  27.83300000  27.83300000  27.83300000  27.83300000  27.83300000  27.83300000  27.83300000  27.83300000  27.83300000  27.83300000  27.83300000  25.11000000  26.62000000  26.73800000  26.74800000  26.80600000  26.70800000  26.54600000  26.47900000  27.00100000
 27.83300000  27.83300000  27.83300000  27.83300000  27.83300000  27.83300000  27.83300000  27.83300000  27.83300000  27.83300000  27.83300000  27.83300000  27.83300000  27.83300000  27.83300000  27.83300000  27.83300000  27.83300000  27.83300000  27.83300000  27.83300000  24.81800000  26.28100000  26.66500000  26.68600000  26.59900000  26.58700000  26.49600000  26.45400000  27.12000000
 27.83300000  27.83300000  27.83300000  27.83300000  27.83300000  27.83300000  27.83300000  27.83300000  27.83300000  27.83300000  27.83300000  27.83300000  27.83300000  27.83300000  27.83300000  27.83300000  27.83300000  27.83300000  27.83300000  27.83300000  27.83300000  27.83300000  25.87000000  26.20900000  26.48800000  26.39000000  26.48200000  26.55400000  26.92000000  27.24800000
 27.83300000  27.83300000  27.83300000  27.83300000  27.83300000  27.83300000  27.83300000  27.83300000  27.83300000  27.83300000  27.83300000  27.83300000  27.83300000  27.83300000  27.83300000  27.83300000  27.83300000  27.83300000  27.83300000  27.83300000  27.83300000  27.83300000  27.83300000  25.94000000  26.34900000  26.55400000  26.50700000  26.66800000  26.92200000  27.24700000
 25.29000000  25.17800000  25.31700000  24.90100000  25.12200000  25.29400000  25.34900000  25.34700000  25.25400000  25.18500000  25.23900000  25.23900000  25.01300000  24.25800000  24.27900000  25.09100000  25.42300000  25.26300000  25.20800000  25.13500000  25.19000000  25.02900000  24.92400000  24.32600000  24.09200000  23.65200000  23.99400000  24.19700000  24.34000000  24.56400000
 25.22800000  25.09600000  25.21800000  24.78100000  25.23800000  25.22900000  25.16500000  25.10200000  25.12800000  25.15300000  25.15500000  24.89300000  23.78700000  24.42300000  24.54000000  25.29800000  25.16100000  25.10700000  25.12500000  25.07700000  25.02900000  24.90700000  24.55500000  24.20400000  23.74600000  24.84000000  25.08000000  25.08100000  25.09200000  24.95200000
 25.26700000  25.14900000  25.27700000  24.41800000  25.13400000  25.14700000  25.11100000  25.08200000  25.04300000  24.90500000  24.34500000  23.77900000  24.30100000  24.68200000  24.93700000  25.44600000  25.07000000  25.09200000  25.07900000  24.94200000  24.83000000  24.55900000  24.45100000  25.57000000  25.33900000  25.17600000  25.13200000  24.82800000  24.79700000  24.91400000
 24.43700000  24.95500000  25.14700000  25.23300000  24.73200000  24.91100000  24.78400000  24.11200000  23.99300000  24.17100000  24.40300000  24.64400000  24.74800000  24.93500000  25.30800000  25.42000000  24.95700000  25.00400000  24.82400000  24.49600000  24.66100000  25.57800000  25.53400000  25.55800000  25.58000000  25.20600000  25.14400000  25.09000000  25.07200000  25.14400000
 24.09700000  24.54200000  25.10400000  25.29900000  25.23000000  24.71000000  24.09200000  23.89700000  24.05800000  24.69300000  24.80900000  24.92700000  25.13700000  25.36100000  25.55300000  25.45000000  24.83300000  24.82300000  24.57900000  25.54800000  25.44000000  25.47500000  25.29700000  25.29800000  25.50300000  25.77100000  25.59000000  24.97500000  24.85600000  25.04700000
 23.86400000  24.50400000  24.60600000  25.11200000  25.48000000  25.33200000  25.21400000  25.28100000  25.29800000  25.27000000  25.25600000  25.26100000  25.30100000  25.43900000  25.63800000  25.50300000  24.75800000  24.87200000  25.47700000  25.36300000  25.34100000  25.04700000  24.91500000  24.99000000  25.19900000  25.63700000  25.98300000  25.62800000  24.79500000  25.03000000
 23.44300000  23.95700000  24.20500000  24.36800000  25.10900000  25.80600000  25.41600000  25.38500000  25.41600000  25.38600000  25.56500000  25.50700000  25.44100000  25.49600000  25.60100000  25.50800000  25.09500000  25.27000000  25.44800000  25.35900000  25.12000000  24.87800000  24.69700000  24.97900000  25.25100000  25.81100000  26.28800000  26.07600000  25.74700000  25.09200000
 23.00900000  23.65100000  24.16100000  23.99600000  24.38700000  25.38300000  25.96000000  25.50700000  25.47700000  25.58300000  25.62200000  25.53700000  25.55000000  25.56400000  25.59100000  25.52000000  25.46900000  25.36600000  25.38400000  25.30200000  25.25700000  25.17700000  25.18600000  25.41100000  26.02200000  26.48800000  26.55600000  26.34000000  25.69200000  25.82100000
 20.92200000  23.36200000  23.65000000  23.67900000  24.05600000  24.07400000  24.60600000  25.95100000  26.20300000  25.85700000  25.41900000  25.49400000  25.50900000  25.63800000  25.63200000  25.58300000  25.61000000  25.54600000  25.62200000  25.69000000  25.73700000  25.76700000  26.24700000  26.17900000  26.21200000  26.22900000  26.38100000  26.34300000  25.75700000  25.94300000
 20.45000000  22.30100000  21.59500000  23.03300000  23.37800000  23.70000000  23.92700000  24.70100000  25.84700000  26.23300000  26.34800000  25.63900000  25.42600000  25.58200000  25.53400000  25.53000000  25.63800000  25.63500000  25.58000000  26.15300000  26.20800000  25.92700000  25.97100000  26.09200000  26.23400000  26.17800000  26.38200000  26.04000000  25.75600000  25.93900000
 21.02600000  27.83300000  18.42600000  17.99800000  21.46900000  23.24300000  23.51900000  23.79500000  24.68300000  25.44700000  25.94400000  26.32300000  25.84300000  25.44400000  25.47600000  25.47700000  25.51400000  26.19600000  26.35900000  26.48700000  26.23800000  25.89600000  26.21700000  26.03700000  26.25600000  26.23100000  25.93400000  25.77500000  26.00700000  26.02300000
 27.83300000  27.83300000  27.83300000  27.83300000  19.60100000  21.73300000  22.56600000  22.60300000  23.63400000  24.52200000  24.87600000  25.04000000  25.38100000  25.78900000  25.93100000  25.94700000  26.02900000  25.94100000  26.15900000  26.53400000  25.75900000  26.11700000  25.95800000  26.28200000  26.38700000  26.10700000  25.94500000  25.99800000  25.97900000  26.06400000
 27.83300000  27.83300000  27.83300000  27.83300000  27.83300000  19.10300000  20.47900000  20.33300000  21.23500000  23.71100000  24.71500000  24.64300000  23.80700000  24.15200000  24.26000000  24.10200000  24.44800000  25.42500000  25.92300000  26.52200000  25.76500000  25.97100000  26.02900000  26.05700000  26.21900000  26.56200000  26.23700000  26.18000000  26.12400000  26.13200000
 27.83300000  27.83300000  27.83300000  27.83300000  27.83300000  27.83300000  27.83300000  19.11000000  19.32500000  19.42800000  23.15400000  23.22700000  23.46000000  23.17300000  22.52600000  23.77900000  24.05500000  25.15000000  25.75800000  26.50200000  26.54100000  25.86100000  25.99700000  25.96900000  26.08400000  26.61600000  26.69400000  26.14000000  26.24200000  26.04500000
 27.83300000  27.83300000  27.83300000  27.83300000  27.83300000  27.83300000  27.83300000  27.83300000  27.83300000  27.83300000  27.83300000  27.83300000  27.83300000  27.83300000  27.83300000  20.46500000  23.99300000  24.77400000  25.04500000  26.51400000  26.52600000  26.53000000  26.51100000  26.46700000  26.21200000  26.73300000  26.68500000  26.73700000  26.15500000  26.13700000
 27.83300000  27.83300000  27.83300000  27.83300000  27.83300000  27.83300000  27.83300000  27.83300000  27.83300000  27.83300000  27.83300000  27.83300000  27.83300000  27.83300000  27.83300000  27.83300000  23.36700000  24.67800000  24.47600000  24.95500000  26.44800000  26.56300000  26.62700000  26.60300000  26.59100000  26.82900000  26.70300000  26.75600000  26.78900000  26.80000000
 27.83300000  27.83300000  27.83300000  27.83300000  27.83300000  27.83300000  27.83300000  27.83300000  27.83300000  27.83300000  27.83300000  27.83300000  27.83300000  27.83300000  27.83300000  27.83300000  27.83300000  21.05600000  24.48400000  24.14900000  25.09600000  26.56200000  26.66300000  26.51300000  26.72700000  26.91200000  26.82900000  26.76500000  26.85000000  26.97900000
 27.83300000  27.83300000  27.83300000  27.83300000  27.83300000  27.83300000  27.83300000  27.83300000  27.83300000  27.83300000  27.83300000  27.83300000  27.83300000  27.83300000  27.83300000  27.83300000  27.83300000  27.83300000  27.83300000  24.18800000  24.40700000  26.65100000  26.57500000  26.51800000  26.81400000  26.87100000  26.94400000  26.84000000  26.82400000  26.95400000
 27.83300000  27.83300000  27.83300000  27.83300000  27.83300000  27.83300000  27.83300000  27.83300000  27.83300000  27.83300000  27.83300000  27.83300000  27.83300000  27.83300000  27.83300000  27.83300000  27.83300000  27.83300000  27.83300000  27.83300000  24.09100000  26.64800000  26.53400000  26.61300000  26.88500000  26.92200000  26.84500000  26.91600000  26.85200000  26.99800000
 27.83300000  27.83300000  27.83300000  27.83300000  27.83300000  27.83300000  27.83300000  27.83300000  27.83300000  27.83300000  27.83300000  27.83300000  27.83300000  27.83300000  27.83300000  27.83300000  27.83300000  27.83300000  27.83300000  27.83300000  24.61000000  26.71100000  26.51500000  26.74200000  27.02800000  26.85200000  26.98300000  26.85900000  26.92600000  27.07600000
 27.83300000  27.83300000  27.83300000  27.83300000  27.83300000  27.83300000  27.83300000  27.83300000  27.83300000  27.83300000  27.83300000  27.83300000  27.83300000  27.83300000  27.83300000  27.83300000  27.83300000  27.83300000  27.83300000  27.83300000  23.27000000  26.78500000  26.63100000  26.91900000  26.92100000  26.78800000  27.01400000  27.02700000  27.01100000  27.04000000
 27.83300000  27.83300000  27.83300000  27.83300000  27.83300000  27.83300000  27.83300000  27.83300000  27.83300000  27.83300000  27.83300000  27.83300000  27.83300000  27.83300000  27.83300000  27.83300000  27.83300000  27.83300000  27.83300000  27.83300000  23.22400000  26.70000000  26.82500000  27.01900000  26.80400000  26.91600000  26.94500000  26.87900000  26.88100000  27.17300000
 27.83300000  27.83300000  27.83300000  27.83300000  27.83300000  27.83300000  27.83300000  27.83300000  27.83300000  27.83300000  27.83300000  27.83300000  27.83300000  27.83300000  27.83300000  27.83300000  27.83300000  27.83300000  27.83300000  27.83300000  27.83300000  25.76300000  26.83500000  26.90000000  26.79000000  26.90000000  26.82000000  26.68600000  26.82600000  27.07700000
 27.83300000  27.83300000  27.83300000  27.83300000  27.83300000  27.83300000  27.83300000  27.83300000  27.83300000  27.83300000  27.83300000  27.83300000  27.83300000  27.83300000  27.83300000  27.83300000  27.83300000  27.83300000  27.83300000  27.83300000  27.83300000  25.08800000  26.64100000  26.76100000  26.76300000  26.82400000  26.72800000  26.56700000  26.49100000  27.01800000
 27.83300000  27.83300000  27.83300000  27.83300000  27.83300000  27.83300000  27.83300000  27.83300000  27.83300000  27.83300000  27.83300000  27.83300000  27.83300000  27.83300000  27.83300000  27.83300000  27.83300000  27.83300000  27.83300000  27.83300000  27.83300000  27.83300000  26.30300000  26.68300000  26.70500000  26.61700000  26.60600000  26.51500000  26.47200000  27.14300000
 27.83300000  27.83300000  27.83300000  27.83300000  27.83300000  27.83300000  27.83300000  27.83300000  27.83300000  27.83300000  27.83300000  27.83300000  27.83300000  27.83300000  27.83300000  27.83300000  27.83300000  27.83300000  27.83300000  27.83300000  27.83300000  27.83300000  25.91100000  26.22900000  26.50600000  26.40900000  26.50200000  26.57500000  26.95000000  27.26800000
 27.83300000  27.83300000  27.83300000  27.83300000  27.83300000  27.83300000  27.83300000  27.83300000  27.83300000  27.83300000  27.83300000  27.83300000  27.83300000  27.83300000  27.83300000  27.83300000  27.83300000  27.83300000  27.83300000  27.83300000  27.83300000  27.83300000  27.83300000  25.97300000  26.36800000  26.57200000  26.52700000  26.68600000  26.95300000  27.26700000
