36.98900000 36.97300000 36.93300000 36.90600000 37.09900000 37.23400000 37.24900000 37.25000000 37.20600000 37.19500000 37.12300000 37.00600000 36.88500000 36.69000000 36.68800000 36.87000000 37.00500000 36.99800000 37.04600000 37.05500000 37.00700000 36.98800000 36.86200000 36.58900000 36.54600000 36.28800000 36.53600000 36.48100000 36.46800000 36.44900000
36.98100000 36.87400000 36.93200000 37.03800000 37.20400000 37.20300000 37.19300000 37.18500000 37.16000000 37.10000000 36.99400000 36.87800000 36.48100000 36.79500000 36.82800000 36.99900000 37.05500000 37.05100000 37.07500000 37.03100000 36.99700000 36.91100000 36.77500000 36.66000000 36.49600000 36.93300000 37.03200000 37.02900000 37.07600000 37.07700000
36.99700000 36.88000000 36.91400000 36.86900000 37.15400000 37.14500000 37.09900000 37.04500000 36.98300000 36.91500000 36.76500000 36.45000000 36.75000000 36.89700000 36.88800000 37.12400000 36.98600000 37.05400000 37.04300000 36.97500000 36.89400000 36.80800000 36.73500000 37.21600000 37.08800000 37.04100000 37.05100000 36.94500000 36.91900000 36.85800000
36.50700000 37.00000000 36.87600000 36.92900000 36.98700000 37.03700000 36.96900000 36.65100000 36.57700000 36.72200000 36.84300000 36.92600000 36.89500000 36.89200000 36.94800000 37.10700000 36.92500000 37.00100000 36.92500000 36.79200000 36.81100000 37.24900000 37.25800000 37.26500000 37.25300000 37.03700000 37.03500000 37.00300000 36.97100000 36.88600000
35.95000000 36.91900000 37.03100000 37.01300000 36.85600000 36.92700000 36.65700000 36.53400000 36.66300000 36.94900000 36.92400000 36.90900000 36.92500000 36.94500000 37.00800000 37.10900000 36.86300000 36.90400000 36.77300000 37.20900000 37.24800000 37.23000000 37.18300000 37.17800000 37.20700000 37.25900000 37.25700000 36.84600000 36.70900000 36.64300000
35.76700000 36.10600000 36.93300000 37.08000000 37.15100000 36.94700000 36.82000000 36.86800000 36.87500000 36.84900000 36.83700000 36.84800000 36.87700000 36.95100000 37.04400000 37.15200000 36.83000000 36.90400000 37.18000000 37.21400000 37.20500000 37.10700000 37.02400000 37.05900000 37.15800000 37.22100000 37.29200000 37.25800000 36.66900000 36.60300000
35.47900000 35.81100000 36.69500000 36.77900000 37.07000000 37.24200000 36.93400000 36.91200000 36.91200000 36.90300000 37.03000000 37.00400000 36.99400000 37.02000000 37.03600000 37.10100000 37.00600000 37.10000000 37.19900000 37.20100000 37.12300000 37.02200000 36.96400000 37.05100000 37.16100000 37.23000000 37.36600000 37.34800000 37.26400000 36.64700000
35.67100000 36.11700000 36.70600000 36.58500000 36.68600000 37.17800000 37.31200000 36.97700000 36.91900000 36.97000000 36.99000000 36.97300000 37.02200000 37.04300000 37.03800000 37.10300000 37.18000000 37.14000000 37.14600000 37.18300000 37.16700000 37.12900000 37.15300000 37.17700000 37.26700000 37.45900000 37.48400000 37.43600000 37.27700000 37.25800000
35.36800000 35.82500000 36.08400000 36.37700000 36.70300000 36.42600000 36.92500000 37.34700000 37.40200000 37.20300000 36.92700000 36.94200000 36.95900000 37.06700000 37.05900000 37.17100000 37.23500000 37.21100000 37.22800000 37.25400000 37.23800000 37.14900000 37.37000000 37.40500000 37.40700000 37.41500000 37.45600000 37.44800000 37.28600000 37.26800000
35.20400000 35.22600000 35.39700000 36.13300000 36.25000000 36.43600000 36.28900000 37.00500000 37.30300000 37.39100000 37.41600000 37.05700000 36.97100000 36.95200000 36.96700000 37.08400000 37.19400000 37.17600000 37.02000000 37.34000000 37.33400000 37.30200000 37.33400000 37.38400000 37.42300000 37.41500000 37.46100000 37.33600000 37.27300000 37.24600000
34.78400000 35.12900000 35.37900000 35.39900000 35.83700000 36.19200000 36.02500000 36.17200000 37.00800000 37.20100000 37.32500000 37.40900000 37.13300000 36.98500000 36.99000000 37.01200000 37.04100000 37.35400000 37.36200000 37.38100000 37.33300000 37.29700000 37.41100000 37.30000000 37.37700000 37.38200000 37.32300000 37.27700000 37.28900000 37.20700000
37.59700000 37.59700000 37.59700000 35.13800000 35.59600000 35.66900000 35.82700000 35.77200000 36.08800000 36.96500000 37.05200000 37.08300000 37.13300000 37.24100000 37.28300000 37.28700000 37.30700000 37.27500000 37.29800000 37.37600000 37.23200000 37.34900000 37.27200000 37.27500000 37.33600000 37.32500000 37.30000000 37.30800000 37.23300000 37.17900000
37.59700000 37.59700000 37.59700000 37.59700000 35.17100000 35.31200000 35.43600000 35.54800000 35.59200000 36.36100000 37.03400000 36.96300000 36.45300000 36.68900000 36.78500000 36.52900000 36.53600000 37.19200000 37.19700000 37.36300000 37.19900000 37.27800000 37.25100000 37.22900000 37.32200000 37.38700000 37.35100000 37.35300000 37.32100000 37.20600000
37.59700000 37.59700000 37.59700000 37.59700000 37.59700000 37.59700000 35.32300000 35.43400000 35.50000000 35.58100000 35.95200000 36.22100000 36.31300000 36.21000000 36.20100000 36.59900000 36.19800000 37.06400000 37.11500000 37.37000000 37.37500000 37.20300000 37.21600000 37.19400000 37.28600000 37.38200000 37.46500000 37.33400000 37.38700000 37.21900000
37.59700000 37.59700000 37.59700000 37.59700000 37.59700000 37.59700000 37.59700000 37.59700000 37.59700000 37.59700000 37.59700000 37.59700000 35.71700000 36.05500000 36.17600000 36.06700000 36.03800000 36.72100000 36.93700000 37.35200000 37.42200000 37.39200000 37.36500000 37.36000000 37.33400000 37.38600000 37.41700000 37.49000000 37.33100000 37.37300000
37.59700000 37.59700000 37.59700000 37.59700000 37.59700000 37.59700000 37.59700000 37.59700000 37.59700000 37.59700000 37.59700000 37.59700000 37.59700000 37.59700000 37.59700000 35.99200000 36.02500000 36.54800000 36.90300000 36.98800000 37.30300000 37.42600000 37.40300000 37.40500000 37.35200000 37.35700000 37.42800000 37.50100000 37.52200000 37.54900000
37.59700000 37.59700000 37.59700000 37.59700000 37.59700000 37.59700000 37.59700000 37.59700000 37.59700000 37.59700000 37.59700000 37.59700000 37.59700000 37.59700000 37.59700000 37.59700000 35.93200000 36.24900000 36.84600000 37.04000000 37.04000000 37.34400000 37.41600000 37.39400000 37.31300000 37.35600000 37.39100000 37.35400000 37.51700000 37.55800000
37.59700000 37.59700000 37.59700000 37.59700000 37.59700000 37.59700000 37.59700000 37.59700000 37.59700000 37.59700000 37.59700000 37.59700000 37.59700000 37.59700000 37.59700000 37.59700000 37.59700000 37.59700000 36.20900000 36.57700000 36.79700000 37.34600000 37.43000000 37.40500000 37.32600000 37.34900000 37.39000000 37.34800000 37.34400000 37.46700000
37.59700000 37.59700000 37.59700000 37.59700000 37.59700000 37.59700000 37.59700000 37.59700000 37.59700000 37.59700000 37.59700000 37.59700000 37.59700000 37.59700000 37.59700000 37.59700000 37.59700000 37.59700000 37.59700000 36.89800000 36.75500000 37.34000000 37.43400000 37.34400000 37.36000000 37.39900000 37.35400000 37.37500000 37.33200000 37.38300000
37.59700000 37.59700000 37.59700000 37.59700000 37.59700000 37.59700000 37.59700000 37.59700000 37.59700000 37.59700000 37.59700000 37.59700000 37.59700000 37.59700000 37.59700000 37.59700000 37.59700000 37.59700000 37.59700000 36.93200000 36.95600000 37.34400000 37.41000000 37.31000000 37.42100000 37.39900000 37.42500000 37.36400000 37.35300000 37.38600000
37.59700000 37.59700000 37.59700000 37.59700000 37.59700000 37.59700000 37.59700000 37.59700000 37.59700000 37.59700000 37.59700000 37.59700000 37.59700000 37.59700000 37.59700000 37.59700000 37.59700000 37.59700000 37.59700000 36.83600000 36.92800000 37.35800000 37.34400000 37.37000000 37.38900000 37.39900000 37.42600000 37.43000000 37.37100000 37.34500000
37.59700000 37.59700000 37.59700000 37.59700000 37.59700000 37.59700000 37.59700000 37.59700000 37.59700000 37.59700000 37.59700000 37.59700000 37.59700000 37.59700000 37.59700000 37.59700000 37.59700000 37.59700000 37.59700000 36.41900000 36.69900000 37.32900000 37.34500000 37.41400000 37.38100000 37.38200000 37.36900000 37.37100000 37.33500000 37.37900000
37.59700000 37.59700000 37.59700000 37.59700000 37.59700000 37.59700000 37.59700000 37.59700000 37.59700000 37.59700000 37.59700000 37.59700000 37.59700000 37.59700000 37.59700000 37.59700000 37.59700000 37.59700000 37.59700000 37.59700000 36.66900000 37.05300000 37.37400000 37.37800000 37.38200000 37.35700000 37.32300000 37.29900000 37.29900000 37.33300000
37.59700000 37.59700000 37.59700000 37.59700000 37.59700000 37.59700000 37.59700000 37.59700000 37.59700000 37.59700000 37.59700000 37.59700000 37.59700000 37.59700000 37.59700000 37.59700000 37.59700000 37.59700000 37.59700000 37.59700000 37.59700000 36.73500000 37.29700000 37.35100000 37.35500000 37.33600000 37.32600000 37.29700000 37.27600000 37.28700000
37.59700000 37.59700000 37.59700000 37.59700000 37.59700000 37.59700000 37.59700000 37.59700000 37.59700000 37.59700000 37.59700000 37.59700000 37.59700000 37.59700000 37.59700000 37.59700000 37.59700000 37.59700000 37.59700000 37.59700000 37.59700000 36.56100000 37.18600000 37.31000000 37.33000000 37.31300000 37.30000000 37.26400000 37.24300000 37.31600000
37.59700000 37.59700000 37.59700000 37.59700000 37.59700000 37.59700000 37.59700000 37.59700000 37.59700000 37.59700000 37.59700000 37.59700000 37.59700000 37.59700000 37.59700000 37.59700000 37.59700000 37.59700000 37.59700000 37.59700000 37.59700000 37.59700000 36.93900000 37.12600000 37.25100000 37.20100000 37.20700000 37.26000000 37.29200000 37.32400000
37.59700000 37.59700000 37.59700000 37.59700000 37.59700000 37.59700000 37.59700000 37.59700000 37.59700000 37.59700000 37.59700000 37.59700000 37.59700000 37.59700000 37.59700000 37.59700000 37.59700000 37.59700000 37.59700000 37.59700000 37.59700000 37.59700000 37.59700000 36.84500000 37.17600000 37.21700000 37.22700000 37.24400000 37.28000000 37.29800000
36.98500000 36.97200000 36.93200000 36.90600000 37.09900000 37.23300000 37.24900000 37.25000000 37.20500000 37.19400000 37.12700000 37.00700000 36.88500000 36.69100000 36.68600000 36.86800000 37.00400000 36.99700000 37.04400000 37.05500000 37.00600000 36.98800000 36.85700000 36.58700000 36.54500000 36.28700000 36.53500000 36.48100000 36.46700000 36.44900000
36.98100000 36.87400000 36.93200000 37.03600000 37.20400000 37.20200000 37.19200000 37.18500000 37.15900000 37.09900000 36.99400000 36.87700000 36.48100000 36.79400000 36.82800000 36.99800000 37.05400000 37.05000000 37.07400000 37.03000000 36.99600000 36.91000000 36.77400000 36.65900000 36.49400000 36.93200000 37.03100000 37.02700000 37.07500000 37.07700000
36.99700000 36.87900000 36.91300000 36.86800000 37.15300000 37.14500000 37.09900000 37.04400000 36.98200000 36.91400000 36.76500000 36.45000000 36.74800000 36.89700000 36.88800000 37.12300000 36.98500000 37.05300000 37.04200000 36.97500000 36.89400000 36.80800000 36.73300000 37.21500000 37.08800000 37.04000000 37.05000000 36.94300000 36.91800000 36.85800000
36.57700000 36.99900000 36.87500000 36.92800000 36.98700000 37.03600000 36.96800000 36.65200000 36.57600000 36.72100000 36.84200000 36.92500000 36.89400000 36.89100000 36.94700000 37.10700000 36.92500000 37.00000000 36.92500000 36.79100000 36.80900000 37.24900000 37.25700000 37.26400000 37.25300000 37.03600000 37.03400000 37.00200000 36.97000000 36.88500000
35.96500000 36.91700000 37.03000000 37.01200000 36.85600000 36.91800000 36.65700000 36.53300000 36.66100000 36.94800000 36.92400000 36.90800000 36.92400000 36.94400000 37.00600000 37.10800000 36.86200000 36.90400000 36.77200000 37.20700000 37.24800000 37.22900000 37.18200000 37.17700000 37.20700000 37.25800000 37.25700000 36.84500000 36.70900000 36.64200000
35.83200000 36.74200000 36.93300000 37.07800000 37.15000000 36.94700000 36.81900000 36.86700000 36.87500000 36.84900000 36.83600000 36.84800000 36.87600000 36.95000000 37.04300000 37.15000000 36.83000000 36.90300000 37.17800000 37.21300000 37.20400000 37.10500000 37.02300000 37.05800000 37.15800000 37.22000000 37.29100000 37.25700000 36.66900000 36.60200000
35.65300000 35.88900000 36.69600000 36.77800000 37.06800000 37.24100000 36.93300000 36.91100000 36.91100000 36.90200000 37.02900000 37.00300000 36.99400000 37.01900000 37.03500000 37.10000000 37.00600000 37.09900000 37.19800000 37.20100000 37.12400000 37.02100000 36.96300000 37.04900000 37.16000000 37.22900000 37.36500000 37.34800000 37.26300000 36.64900000
35.66700000 36.12100000 36.70600000 36.58500000 36.68600000 37.17700000 37.31100000 36.97700000 36.91800000 36.97000000 36.99000000 36.97300000 37.02200000 37.04200000 37.03700000 37.10100000 37.17900000 37.13900000 37.14600000 37.18300000 37.16600000 37.12900000 37.15200000 37.17600000 37.26600000 37.45900000 37.48400000 37.43500000 37.27700000 37.25900000
35.92400000 35.95600000 36.21600000 36.37800000 36.70200000 36.42700000 36.92500000 37.34600000 37.40100000 37.20300000 36.92600000 36.94100000 36.95900000 37.06600000 37.05900000 37.17000000 37.23400000 37.21000000 37.22800000 37.25400000 37.23800000 37.14800000 37.36900000 37.40400000 37.40600000 37.41400000 37.45500000 37.44700000 37.28400000 37.26900000
35.79100000 36.03600000 36.37300000 36.22900000 36.28300000 36.43700000 36.30200000 37.00400000 37.30200000 37.39000000 37.41500000 37.05700000 36.97000000 36.95200000 36.96600000 37.08400000 37.19300000 37.17600000 37.01900000 37.34000000 37.33300000 37.30100000 37.33300000 37.38300000 37.42200000 37.41400000 37.46000000 37.33500000 37.27300000 37.24500000
35.60800000 37.59700000 35.88500000 35.83700000 36.12700000 36.25500000 36.07800000 36.23200000 37.00700000 37.20000000 37.32400000 37.40800000 37.13200000 36.98400000 36.98900000 37.01100000 37.04000000 37.35300000 37.36100000 37.38000000 37.33300000 37.29600000 37.41000000 37.30000000 37.37500000 37.38100000 37.32300000 37.27600000 37.28900000 37.20600000
37.59700000 37.59700000 37.59700000 37.59700000 35.83100000 36.18400000 36.40100000 35.99600000 36.26300000 36.96300000 37.05100000 37.08200000 37.13200000 37.24000000 37.28200000 37.28600000 37.30400000 37.27400000 37.29700000 37.37500000 37.23100000 37.34800000 37.27200000 37.27500000 37.33500000 37.32400000 37.29900000 37.30700000 37.23200000 37.17900000
37.59700000 37.59700000 37.59700000 37.59700000 37.59700000 35.74600000 35.81900000 36.13200000 36.07400000 36.41200000 37.03400000 36.96200000 36.45600000 36.70200000 36.78400000 36.52900000 36.53600000 37.19100000 37.19500000 37.36200000 37.19800000 37.27700000 37.25000000 37.22800000 37.32100000 37.38600000 37.35000000 37.35200000 37.32000000 37.20600000
37.59700000 37.59700000 37.59700000 37.59700000 37.59700000 37.59700000 37.59700000 35.74400000 35.77300000 35.82600000 36.50000000 36.26400000 36.47500000 36.22200000 36.15000000 36.59800000 36.20200000 37.06300000 37.11400000 37.36900000 37.37400000 37.20200000 37.21500000 37.19300000 37.28500000 37.38000000 37.46400000 37.33300000 37.38600000 37.21800000
37.59700000 37.59700000 37.59700000 37.59700000 37.59700000 37.59700000 37.59700000 37.59700000 37.59700000 37.59700000 37.59700000 37.59700000 37.59700000 37.59700000 37.59700000 36.17500000 36.06400000 36.71900000 36.93500000 37.35100000 37.42100000 37.39200000 37.36300000 37.35900000 37.33300000 37.38400000 37.41600000 37.48900000 37.33000000 37.37200000
37.59700000 37.59700000 37.59700000 37.59700000 37.59700000 37.59700000 37.59700000 37.59700000 37.59700000 37.59700000 37.59700000 37.59700000 37.59700000 37.59700000 37.59700000 37.59700000 36.22900000 36.55500000 36.90200000 36.96400000 37.30100000 37.42500000 37.40200000 37.40400000 37.35200000 37.35600000 37.42700000 37.50000000 37.52100000 37.54800000
37.59700000 37.59700000 37.59700000 37.59700000 37.59700000 37.59700000 37.59700000 37.59700000 37.59700000 37.59700000 37.59700000 37.59700000 37.59700000 37.59700000 37.59700000 37.59700000 37.59700000 36.36100000 36.83100000 36.96700000 37.03800000 37.34200000 37.41500000 37.39300000 37.31200000 37.35500000 37.39000000 37.35200000 37.51600000 37.55700000
37.59700000 37.59700000 37.59700000 37.59700000 37.59700000 37.59700000 37.59700000 37.59700000 37.59700000 37.59700000 37.59700000 37.59700000 37.59700000 37.59700000 37.59700000 37.59700000 37.59700000 37.59700000 37.59700000 36.57100000 36.81500000 37.34500000 37.42900000 37.40400000 37.32500000 37.34800000 37.38900000 37.34800000 37.34300000 37.46700000
37.59700000 37.59700000 37.59700000 37.59700000 37.59700000 37.59700000 37.59700000 37.59700000 37.59700000 37.59700000 37.59700000 37.59700000 37.59700000 37.59700000 37.59700000 37.59700000 37.59700000 37.59700000 37.59700000 37.59700000 36.73500000 37.33900000 37.43300000 37.34400000 37.35900000 37.39900000 37.35300000 37.37400000 37.33200000 37.38300000
37.59700000 37.59700000 37.59700000 37.59700000 37.59700000 37.59700000 37.59700000 37.59700000 37.59700000 37.59700000 37.59700000 37.59700000 37.59700000 37.59700000 37.59700000 37.59700000 37.59700000 37.59700000 37.59700000 37.59700000 36.80400000 37.34200000 37.40900000 37.30900000 37.42100000 37.39900000 37.42400000 37.36300000 37.35200000 37.38500000
37.59700000 37.59700000 37.59700000 37.59700000 37.59700000 37.59700000 37.59700000 37.59700000 37.59700000 37.59700000 37.59700000 37.59700000 37.59700000 37.59700000 37.59700000 37.59700000 37.59700000 37.59700000 37.59700000 37.59700000 36.63100000 37.35700000 37.34300000 37.36900000 37.38800000 37.39800000 37.42500000 37.42900000 37.37000000 37.34400000
37.59700000 37.59700000 37.59700000 37.59700000 37.59700000 37.59700000 37.59700000 37.59700000 37.59700000 37.59700000 37.59700000 37.59700000 37.59700000 37.59700000 37.59700000 37.59700000 37.59700000 37.59700000 37.59700000 37.59700000 36.56400000 37.32900000 37.34500000 37.41300000 37.38000000 37.38100000 37.36800000 37.37000000 37.33400000 37.37800000
37.59700000 37.59700000 37.59700000 37.59700000 37.59700000 37.59700000 37.59700000 37.59700000 37.59700000 37.59700000 37.59700000 37.59700000 37.59700000 37.59700000 37.59700000 37.59700000 37.59700000 37.59700000 37.59700000 37.59700000 37.59700000 37.02900000 37.37400000 37.37700000 37.38100000 37.35600000 37.32200000 37.29800000 37.29800000 37.33200000
37.59700000 37.59700000 37.59700000 37.59700000 37.59700000 37.59700000 37.59700000 37.59700000 37.59700000 37.59700000 37.59700000 37.59700000 37.59700000 37.59700000 37.59700000 37.59700000 37.59700000 37.59700000 37.59700000 37.59700000 37.59700000 36.71700000 37.29600000 37.35000000 37.35400000 37.33500000 37.32500000 37.29600000 37.27600000 37.28600000
37.59700000 37.59700000 37.59700000 37.59700000 37.59700000 37.59700000 37.59700000 37.59700000 37.59700000 37.59700000 37.59700000 37.59700000 37.59700000 37.59700000 37.59700000 37.59700000 37.59700000 37.59700000 37.59700000 37.59700000 37.59700000 37.59700000 37.18400000 37.30900000 37.32900000 37.31200000 37.29900000 37.26300000 37.24200000 37.31500000
37.59700000 37.59700000 37.59700000 37.59700000 37.59700000 37.59700000 37.59700000 37.59700000 37.59700000 37.59700000 37.59700000 37.59700000 37.59700000 37.59700000 37.59700000 37.59700000 37.59700000 37.59700000 37.59700000 37.59700000 37.59700000 37.59700000 36.93400000 37.12500000 37.25000000 37.20000000 37.20600000 37.26000000 37.29100000 37.32300000
37.59700000 37.59700000 37.59700000 37.59700000 37.59700000 37.59700000 37.59700000 37.59700000 37.59700000 37.59700000 37.59700000 37.59700000 37.59700000 37.59700000 37.59700000 37.59700000 37.59700000 37.59700000 37.59700000 37.59700000 37.59700000 37.59700000 37.59700000 36.83600000 37.17500000 37.21600000 37.22700000 37.24300000 37.27900000 37.29700000
