 25.26200000  25.15600000  25.29600000  24.88200000  25.12800000  25.27000000  25.32300000  25.32500000  25.24400000  25.14200000  25.20900000  25.22000000  24.98500000  24.22800000  24.27200000  25.07400000  25.40100000  25.23400000  25.17700000  25.11300000  25.16900000  25.00600000  24.87700000  24.30700000  24.07500000  23.63500000  23.98400000  24.18100000  24.31400000  24.54600000
 25.21600000  25.07200000  25.19000000  24.79700000  25.21500000  25.20400000  25.14000000  25.07900000  25.10800000  25.13200000  25.13100000  24.86400000  23.77000000  24.40700000  24.52500000  25.27400000  25.13600000  25.08200000  25.10200000  25.05500000  25.00400000  24.88300000  24.54200000  24.18900000  23.71900000  24.82600000  25.06400000  25.06200000  25.06600000  24.92400000
 25.24100000  25.12300000  25.25200000  24.41600000  25.11200000  25.12600000  25.09100000  25.06100000  25.02200000  24.88000000  24.31800000  23.75900000  24.28900000  24.66300000  24.92200000  25.42000000  25.04600000  25.06800000  25.05600000  24.91800000  24.80400000  24.53500000  24.42200000  25.54400000  25.31700000  25.15300000  25.10500000  24.80600000  24.77600000  24.89500000
 24.55600000  24.93800000  25.12700000  25.21100000  24.72400000  24.89000000  24.76200000  24.09100000  23.97700000  24.15200000  24.38400000  24.62200000  24.72800000  24.91800000  25.28600000  25.39300000  24.93300000  24.97900000  24.80100000  24.47600000  24.63300000  25.55200000  25.50700000  25.53500000  25.56300000  25.18800000  25.12000000  25.06500000  25.05000000  25.12500000
 24.08700000  24.52800000  25.07900000  25.28100000  25.20700000  24.73200000  24.07600000  23.87700000  24.03600000  24.67200000  24.79000000  24.90800000  25.11500000  25.33600000  25.52700000  25.42400000  24.81000000  24.79900000  24.55700000  25.52200000  25.41500000  25.44800000  25.27200000  25.27100000  25.47700000  25.74800000  25.56800000  24.95200000  24.83800000  25.02500000
 23.83700000  23.73600000  24.56700000  25.07600000  25.46500000  25.32000000  25.19100000  25.25600000  25.27100000  25.24400000  25.23200000  25.23700000  25.27500000  25.40900000  25.61100000  25.47100000  24.73000000  24.84900000  25.45300000  25.34000000  25.31400000  25.01900000  24.88700000  24.96500000  25.17500000  25.61400000  25.95900000  25.60400000  24.77400000  25.01100000
 23.31300000  23.78100000  24.16700000  24.33300000  25.07800000  25.78600000  25.39400000  25.36200000  25.39300000  25.36300000  25.54500000  25.48400000  25.41400000  25.47000000  25.57600000  25.48100000  25.06300000  25.25400000  25.42200000  25.33900000  25.09700000  24.85300000  24.67600000  24.96000000  25.23400000  25.79600000  26.26700000  26.05400000  25.72400000  25.07500000
 23.13200000  23.61600000  24.13200000  23.95100000  24.35300000  25.36000000  25.94400000  25.49000000  25.44900000  25.55300000  25.59400000  25.51400000  25.52600000  25.53800000  25.56500000  25.49000000  25.44000000  25.34000000  25.36300000  25.28000000  25.23500000  25.15500000  25.16700000  25.39800000  26.01600000  26.46300000  26.53000000  26.31800000  25.67100000  25.79900000
 22.45000000  23.25200000  23.42200000  23.62100000  24.02500000  24.03900000  24.57800000  25.92800000  26.18000000  25.85300000  25.39600000  25.47200000  25.48600000  25.61600000  25.60800000  25.55600000  25.58600000  25.52200000  25.59700000  25.66500000  25.71900000  25.74100000  26.23100000  26.14500000  26.17900000  26.19700000  26.35500000  26.32200000  25.73400000  25.92400000
 22.76400000  23.05800000  23.09800000  23.23000000  23.32600000  23.65100000  23.86400000  24.71900000  25.82700000  26.21800000  26.32500000  25.60000000  25.40500000  25.55800000  25.50900000  25.50600000  25.61600000  25.61500000  25.55700000  26.13200000  26.20200000  25.89800000  25.94600000  26.07800000  26.21400000  26.15400000  26.35700000  26.01900000  25.73800000  25.92100000
 23.73900000  22.69400000  21.67400000  22.95500000  22.86700000  23.20500000  23.41700000  23.64500000  24.71700000  25.41300000  25.91500000  26.28600000  25.79100000  25.42300000  25.44900000  25.45200000  25.49000000  26.16700000  26.33300000  26.46300000  26.20900000  25.87000000  26.19200000  26.01100000  26.22600000  26.20300000  25.90700000  25.75300000  25.98300000  26.00500000
 27.83300000  27.83300000  27.83300000  23.62100000  23.05000000  22.83900000  23.00000000  22.98200000  23.39600000  24.58000000  24.82000000  25.02200000  25.37400000  25.77100000  25.90600000  25.92900000  26.01100000  25.91700000  26.13400000  26.50500000  25.73400000  26.09400000  25.93200000  26.25300000  26.36200000  26.08100000  25.91300000  25.98100000  25.95700000  26.05100000
 27.83300000  27.83300000  27.83300000  27.83300000  23.48000000  23.34200000  23.09900000  22.82600000  22.98200000  23.60000000  24.73200000  24.57700000  23.76500000  24.10400000  24.24400000  24.08600000  24.45100000  25.40500000  25.90900000  26.49500000  25.74000000  25.94900000  26.00900000  26.03100000  26.19900000  26.53900000  26.20600000  26.15400000  26.09700000  26.11100000
 27.83300000  27.83300000  27.83300000  27.83300000  27.83300000  27.83300000  24.10900000  23.39600000  22.95300000  22.93400000  23.17400000  23.10800000  23.32400000  23.11300000  22.92900000  23.75800000  24.03000000  25.11400000  25.75000000  26.47200000  26.51300000  25.83700000  25.97400000  25.94300000  26.06100000  26.59100000  26.66800000  26.11400000  26.22200000  26.02700000
 27.83300000  27.83300000  27.83300000  27.83300000  27.83300000  27.83300000  27.83300000  27.83300000  27.83300000  27.83300000  27.83300000  27.83300000  23.09100000  23.00300000  22.53000000  23.38200000  23.98900000  24.74000000  25.01100000  26.48200000  26.50000000  26.50700000  26.48500000  26.44900000  26.19300000  26.70900000  26.66100000  26.70900000  26.13000000  26.11300000
 27.83300000  27.83300000  27.83300000  27.83300000  27.83300000  27.83300000  27.83300000  27.83300000  27.83300000  27.83300000  27.83300000  27.83300000  27.83300000  27.83300000  27.83300000  23.36000000  24.04700000  24.66200000  24.41400000  25.02100000  26.43000000  26.53700000  26.60400000  26.57700000  26.57300000  26.80600000  26.67600000  26.72900000  26.76400000  26.77700000
 27.83300000  27.83300000  27.83300000  27.83300000  27.83300000  27.83300000  27.83300000  27.83300000  27.83300000  27.83300000  27.83300000  27.83300000  27.83300000  27.83300000  27.83300000  27.83300000  23.60500000  23.43400000  24.83200000  24.92400000  25.05200000  26.51800000  26.63700000  26.48300000  26.71000000  26.88500000  26.80100000  26.74000000  26.82600000  26.95500000
 27.83300000  27.83300000  27.83300000  27.83300000  27.83300000  27.83300000  27.83300000  27.83300000  27.83300000  27.83300000  27.83300000  27.83300000  27.83300000  27.83300000  27.83300000  27.83300000  27.83300000  27.83300000  23.27600000  24.19500000  24.36700000  26.60800000  26.54900000  26.49100000  26.78900000  26.84600000  26.91900000  26.81500000  26.80300000  26.93000000
 27.83300000  27.83300000  27.83300000  27.83300000  27.83300000  27.83300000  27.83300000  27.83300000  27.83300000  27.83300000  27.83300000  27.83300000  27.83300000  27.83300000  27.83300000  27.83300000  27.83300000  27.83300000  27.83300000  25.22200000  24.17800000  26.60900000  26.51000000  26.59800000  26.86500000  26.89800000  26.82200000  26.89000000  26.82900000  26.97600000
 27.83300000  27.83300000  27.83300000  27.83300000  27.83300000  27.83300000  27.83300000  27.83300000  27.83300000  27.83300000  27.83300000  27.83300000  27.83300000  27.83300000  27.83300000  27.83300000  27.83300000  27.83300000  27.83300000  25.40600000  25.39600000  26.67900000  26.49200000  26.72600000  27.00400000  26.83100000  26.96000000  26.83400000  26.90300000  27.05600000
 27.83300000  27.83300000  27.83300000  27.83300000  27.83300000  27.83300000  27.83300000  27.83300000  27.83300000  27.83300000  27.83300000  27.83300000  27.83300000  27.83300000  27.83300000  27.83300000  27.83300000  27.83300000  27.83300000  25.28000000  25.58300000  26.76700000  26.60700000  26.89800000  26.88800000  26.77000000  26.98600000  27.00000000  26.98900000  27.01700000
 27.83300000  27.83300000  27.83300000  27.83300000  27.83300000  27.83300000  27.83300000  27.83300000  27.83300000  27.83300000  27.83300000  27.83300000  27.83300000  27.83300000  27.83300000  27.83300000  27.83300000  27.83300000  27.83300000  24.57000000  24.38900000  26.67500000  26.80100000  26.99100000  26.77400000  26.89300000  26.91800000  26.83900000  26.86100000  27.15700000
 27.83300000  27.83300000  27.83300000  27.83300000  27.83300000  27.83300000  27.83300000  27.83300000  27.83300000  27.83300000  27.83300000  27.83300000  27.83300000  27.83300000  27.83300000  27.83300000  27.83300000  27.83300000  27.83300000  27.83300000  25.14900000  25.89000000  26.81500000  26.86800000  26.76000000  26.87300000  26.79400000  26.65600000  26.79300000  27.05200000
 27.83300000  27.83300000  27.83300000  27.83300000  27.83300000  27.83300000  27.83300000  27.83300000  27.83300000  27.83300000  27.83300000  27.83300000  27.83300000  27.83300000  27.83300000  27.83300000  27.83300000  27.83300000  27.83300000  27.83300000  27.83300000  25.10000000  26.62000000  26.73400000  26.74300000  26.79500000  26.70300000  26.53800000  26.47100000  26.98800000
 27.83300000  27.83300000  27.83300000  27.83300000  27.83300000  27.83300000  27.83300000  27.83300000  27.83300000  27.83300000  27.83300000  27.83300000  27.83300000  27.83300000  27.83300000  27.83300000  27.83300000  27.83300000  27.83300000  27.83300000  27.83300000  24.79300000  26.28300000  26.66300000  26.67900000  26.59200000  26.57900000  26.48900000  26.45200000  27.12600000
 27.83300000  27.83300000  27.83300000  27.83300000  27.83300000  27.83300000  27.83300000  27.83300000  27.83300000  27.83300000  27.83300000  27.83300000  27.83300000  27.83300000  27.83300000  27.83300000  27.83300000  27.83300000  27.83300000  27.83300000  27.83300000  27.83300000  25.87200000  26.20300000  26.48000000  26.38800000  26.47700000  26.54900000  26.91300000  27.24100000
 27.83300000  27.83300000  27.83300000  27.83300000  27.83300000  27.83300000  27.83300000  27.83300000  27.83300000  27.83300000  27.83300000  27.83300000  27.83300000  27.83300000  27.83300000  27.83300000  27.83300000  27.83300000  27.83300000  27.83300000  27.83300000  27.83300000  27.83300000  25.93700000  26.33600000  26.54400000  26.49500000  26.65500000  26.91400000  27.24300000
 25.28400000  25.17400000  25.31400000  24.89300000  25.14500000  25.29000000  25.34700000  25.34400000  25.24900000  25.18100000  25.23800000  25.23700000  25.00900000  24.26300000  24.28300000  25.08900000  25.41900000  25.25700000  25.20300000  25.13400000  25.18700000  25.02700000  24.90500000  24.31500000  24.09100000  23.64900000  23.99300000  24.19500000  24.34000000  24.56100000
 25.22900000  25.09000000  25.20700000  24.81400000  25.23300000  25.22200000  25.15700000  25.09500000  25.12300000  25.14900000  25.15000000  24.88900000  23.78400000  24.42400000  24.54000000  25.29300000  25.15500000  25.10500000  25.11900000  25.07400000  25.02400000  24.90200000  24.56300000  24.20300000  23.73600000  24.84300000  25.08200000  25.08100000  25.08800000  24.94600000
 25.26700000  25.14300000  25.27200000  24.43400000  25.13000000  25.14200000  25.10800000  25.07800000  25.03900000  24.90000000  24.34100000  23.77500000  24.30700000  24.68000000  24.93600000  25.44200000  25.06500000  25.08700000  25.07500000  24.93500000  24.82300000  24.55400000  24.44200000  25.56500000  25.33000000  25.17300000  25.12500000  24.82800000  24.79400000  24.90900000
 24.43600000  24.95600000  25.14200000  25.22600000  24.74300000  24.90800000  24.78000000  24.10800000  23.99000000  24.16700000  24.39700000  24.63900000  24.74500000  24.93700000  25.30500000  25.41700000  24.95200000  24.99900000  24.82100000  24.49400000  24.64600000  25.57100000  25.52500000  25.55400000  25.57800000  25.20600000  25.14000000  25.08400000  25.07000000  25.13900000
 24.09100000  24.54900000  25.10300000  25.29800000  25.22000000  24.72300000  24.09300000  23.89200000  24.05200000  24.68700000  24.80600000  24.92400000  25.13200000  25.35600000  25.54800000  25.44400000  24.82900000  24.82000000  24.57400000  25.54200000  25.43500000  25.46900000  25.29100000  25.29100000  25.49600000  25.76700000  25.58800000  24.97100000  24.85000000  25.04300000
 23.86300000  24.48900000  24.59200000  25.10200000  25.47800000  25.33300000  25.21000000  25.27000000  25.28800000  25.26300000  25.25000000  25.25600000  25.29300000  25.42800000  25.63100000  25.49800000  24.74800000  24.86500000  25.47100000  25.35900000  25.33400000  25.03800000  24.90800000  24.98600000  25.19300000  25.63200000  25.98100000  25.61800000  24.79000000  25.02700000
 23.43900000  23.94400000  24.19000000  24.35500000  25.09800000  25.80500000  25.41000000  25.38100000  25.41200000  25.38200000  25.56000000  25.50300000  25.43300000  25.48900000  25.59600000  25.50200000  25.08100000  25.27100000  25.44300000  25.35300000  25.11700000  24.87100000  24.69400000  24.97700000  25.24900000  25.81100000  26.28700000  26.07600000  25.74100000  25.08600000
 23.00600000  23.64300000  24.15600000  23.97400000  24.37500000  25.37600000  25.95800000  25.50800000  25.46700000  25.57200000  25.61300000  25.52900000  25.54500000  25.55800000  25.58400000  25.51300000  25.45800000  25.35700000  25.38300000  25.29800000  25.25200000  25.17400000  25.18400000  25.41200000  26.03100000  26.48200000  26.55000000  26.34000000  25.69000000  25.81500000
 20.91300000  23.35300000  23.63500000  23.64700000  24.04600000  24.06000000  24.59500000  25.94500000  26.20100000  25.86900000  25.41500000  25.48900000  25.50400000  25.63600000  25.62900000  25.57600000  25.60300000  25.53900000  25.61400000  25.68300000  25.73100000  25.76500000  26.24300000  26.16400000  26.20000000  26.21600000  26.37500000  26.34400000  25.75700000  25.93900000
 20.45200000  22.33200000  21.35400000  22.98700000  23.37400000  23.67000000  23.91200000  24.73400000  25.84500000  26.23400000  26.34500000  25.61700000  25.42200000  25.57600000  25.52800000  25.52400000  25.63300000  25.63300000  25.57300000  26.15000000  26.22200000  25.92000000  25.96700000  26.09600000  26.23600000  26.17500000  26.37700000  26.04100000  25.75600000  25.93600000
 20.99900000  27.83300000  18.40900000  17.94700000  21.55800000  23.27100000  23.52500000  23.77700000  24.73500000  25.43200000  25.93200000  26.30900000  25.81400000  25.44200000  25.47000000  25.47200000  25.51000000  26.19200000  26.35300000  26.48300000  26.23200000  25.88800000  26.21300000  26.03100000  26.24600000  26.22500000  25.92800000  25.77200000  26.00200000  26.02100000
 27.83300000  27.83300000  27.83300000  27.83300000  19.55500000  21.80400000  22.57400000  22.61200000  23.65700000  24.60200000  24.84500000  25.04400000  25.39300000  25.79300000  25.92900000  25.94800000  26.02400000  25.93600000  26.15300000  26.52800000  25.75600000  26.10900000  25.95300000  26.27500000  26.38300000  26.10300000  25.93600000  25.99900000  25.97500000  26.06200000
 27.83300000  27.83300000  27.83300000  27.83300000  27.83300000  19.01000000  20.46400000  20.40300000  21.28700000  23.69900000  24.75300000  24.60000000  23.79400000  24.15500000  24.25600000  24.10700000  24.47500000  25.42400000  25.92400000  26.51800000  25.76000000  25.96900000  26.02800000  26.05300000  26.21600000  26.56000000  26.23000000  26.17300000  26.11500000  26.12800000
 27.83300000  27.83300000  27.83300000  27.83300000  27.83300000  27.83300000  27.83300000  19.04100000  19.23100000  19.30900000  23.06900000  23.18700000  23.40800000  23.14000000  22.64400000  23.77500000  24.05700000  25.14100000  25.76400000  26.49300000  26.53500000  25.85600000  25.99300000  25.96400000  26.07900000  26.61300000  26.68800000  26.13800000  26.24100000  26.04200000
 27.83300000  27.83300000  27.83300000  27.83300000  27.83300000  27.83300000  27.83300000  27.83300000  27.83300000  27.83300000  27.83300000  27.83300000  27.83300000  27.83300000  27.83300000  20.38500000  23.99800000  24.77000000  25.03200000  26.50200000  26.51900000  26.52300000  26.50400000  26.46600000  26.20900000  26.72800000  26.68000000  26.73000000  26.15100000  26.13000000
 27.83300000  27.83300000  27.83300000  27.83300000  27.83300000  27.83300000  27.83300000  27.83300000  27.83300000  27.83300000  27.83300000  27.83300000  27.83300000  27.83300000  27.83300000  27.83300000  23.31800000  24.66500000  24.43300000  24.92100000  26.44700000  26.55800000  26.62300000  26.59700000  26.58800000  26.82400000  26.69800000  26.75000000  26.78300000  26.79900000
 27.83300000  27.83300000  27.83300000  27.83300000  27.83300000  27.83300000  27.83300000  27.83300000  27.83300000  27.83300000  27.83300000  27.83300000  27.83300000  27.83300000  27.83300000  27.83300000  27.83300000  21.00300000  24.56400000  24.57900000  25.06900000  26.54300000  26.65900000  26.50300000  26.72500000  26.90600000  26.82400000  26.76000000  26.84500000  26.97300000
 27.83300000  27.83300000  27.83300000  27.83300000  27.83300000  27.83300000  27.83300000  27.83300000  27.83300000  27.83300000  27.83300000  27.83300000  27.83300000  27.83300000  27.83300000  27.83300000  27.83300000  27.83300000  27.83300000  24.19300000  24.40400000  26.63800000  26.56800000  26.50900000  26.81100000  26.86700000  26.93800000  26.83300000  26.82200000  26.95100000
 27.83300000  27.83300000  27.83300000  27.83300000  27.83300000  27.83300000  27.83300000  27.83300000  27.83300000  27.83300000  27.83300000  27.83300000  27.83300000  27.83300000  27.83300000  27.83300000  27.83300000  27.83300000  27.83300000  27.83300000  24.07200000  26.64000000  26.52800000  26.61400000  26.88700000  26.91600000  26.84000000  26.90900000  26.84800000  26.99400000
 27.83300000  27.83300000  27.83300000  27.83300000  27.83300000  27.83300000  27.83300000  27.83300000  27.83300000  27.83300000  27.83300000  27.83300000  27.83300000  27.83300000  27.83300000  27.83300000  27.83300000  27.83300000  27.83300000  27.83300000  24.59600000  26.70600000  26.51300000  26.74500000  27.02300000  26.84700000  26.97800000  26.85300000  26.92200000  27.07400000
 27.83300000  27.83300000  27.83300000  27.83300000  27.83300000  27.83300000  27.83300000  27.83300000  27.83300000  27.83300000  27.83300000  27.83300000  27.83300000  27.83300000  27.83300000  27.83300000  27.83300000  27.83300000  27.83300000  27.83300000  23.19100000  26.77800000  26.62500000  26.92000000  26.90900000  26.78400000  27.00500000  27.02100000  27.00800000  27.03400000
 27.83300000  27.83300000  27.83300000  27.83300000  27.83300000  27.83300000  27.83300000  27.83300000  27.83300000  27.83300000  27.83300000  27.83300000  27.83300000  27.83300000  27.83300000  27.83300000  27.83300000  27.83300000  27.83300000  27.83300000  23.18600000  26.69200000  26.82000000  27.01200000  26.79800000  26.91300000  26.93900000  26.85900000  26.87400000  27.17100000
 27.83300000  27.83300000  27.83300000  27.83300000  27.83300000  27.83300000  27.83300000  27.83300000  27.83300000  27.83300000  27.83300000  27.83300000  27.83300000  27.83300000  27.83300000  27.83300000  27.83300000  27.83300000  27.83300000  27.83300000  27.83300000  25.85900000  26.82900000  26.88900000  26.78100000  26.89400000  26.81700000  26.67600000  26.81100000  27.06700000
 27.83300000  27.83300000  27.83300000  27.83300000  27.83300000  27.83300000  27.83300000  27.83300000  27.83300000  27.83300000  27.83300000  27.83300000  27.83300000  27.83300000  27.83300000  27.83300000  27.83300000  27.83300000  27.83300000  27.83300000  27.83300000  25.07400000  26.64000000  26.75400000  26.75800000  26.81500000  26.72300000  26.55800000  26.48200000  27.00500000
 27.83300000  27.83300000  27.83300000  27.83300000  27.83300000  27.83300000  27.83300000  27.83300000  27.83300000  27.83300000  27.83300000  27.83300000  27.83300000  27.83300000  27.83300000  27.83300000  27.83300000  27.83300000  27.83300000  27.83300000  27.83300000  27.83300000  26.30500000  26.67900000  26.69700000  26.61300000  26.59900000  26.50800000  26.46900000  27.15000000
 27.83300000  27.83300000  27.83300000  27.83300000  27.83300000  27.83300000  27.83300000  27.83300000  27.83300000  27.83300000  27.83300000  27.83300000  27.83300000  27.83300000  27.83300000  27.83300000  27.83300000  27.83300000  27.83300000  27.83300000  27.83300000  27.83300000  25.91300000  26.22400000  26.49800000  26.40700000  26.49700000  26.57000000  26.94300000  27.25900000
 27.83300000  27.83300000  27.83300000  27.83300000  27.83300000  27.83300000  27.83300000  27.83300000  27.83300000  27.83300000  27.83300000  27.83300000  27.83300000  27.83300000  27.83300000  27.83300000  27.83300000  27.83300000  27.83300000  27.83300000  27.83300000  27.83300000  27.83300000  25.96800000  26.35500000  26.56200000  26.51500000  26.67400000  26.94500000  27.26400000
