25.25800000 25.15300000 25.29300000 24.87700000 25.15100000 25.26700000 25.32100000 25.32100000 25.23800000 25.13800000 25.20700000 25.21800000 24.98100000 24.22700000 24.27400000 25.07300000 25.39800000 25.22900000 25.17400000 25.11100000 25.16600000 25.00400000 24.87400000 24.29600000 24.07400000 23.63300000 23.98300000 24.18000000 24.31400000 24.54400000
25.21200000 25.06700000 25.17600000 24.82900000 25.20900000 25.19700000 25.13200000 25.07300000 25.10300000 25.12800000 25.12500000 24.85700000 23.76800000 24.40800000 24.52600000 25.27000000 25.13000000 25.07900000 25.09500000 25.05000000 25.00000000 24.87700000 24.54900000 24.18500000 23.71100000 24.83300000 25.06500000 25.06400000 25.06100000 24.91800000
25.24100000 25.11800000 25.24700000 24.43300000 25.10800000 25.12100000 25.08900000 25.05800000 25.01700000 24.87500000 24.30900000 23.75500000 24.29300000 24.66100000 24.92100000 25.41700000 25.04000000 25.06300000 25.05200000 24.90900000 24.79600000 24.53000000 24.41800000 25.54000000 25.30800000 25.14800000 25.09700000 24.80600000 24.77200000 24.89000000
24.55900000 24.93900000 25.12300000 25.20500000 24.73500000 24.88500000 24.75700000 24.08400000 23.97400000 24.14700000 24.37900000 24.61800000 24.72400000 24.91900000 25.28200000 25.38900000 24.93000000 24.97300000 24.79700000 24.47400000 24.62000000 25.54500000 25.49800000 25.53300000 25.55900000 25.18800000 25.11500000 25.06000000 25.04700000 25.12100000
24.08300000 24.53600000 25.07700000 25.28000000 25.19700000 24.74200000 24.07800000 23.87300000 24.03100000 24.66800000 24.78800000 24.90500000 25.11100000 25.33200000 25.52200000 25.41800000 24.80500000 24.79700000 24.55200000 25.51600000 25.40900000 25.44100000 25.26700000 25.26600000 25.47100000 25.74300000 25.56400000 24.94700000 24.83300000 25.02100000
23.83500000 23.76200000 24.55000000 25.06400000 25.46500000 25.32200000 25.18700000 25.24300000 25.26000000 25.23700000 25.22600000 25.23200000 25.26800000 25.40000000 25.60400000 25.46400000 24.72000000 24.84200000 25.44700000 25.33500000 25.30800000 25.01100000 24.87900000 24.95800000 25.16900000 25.60900000 25.95900000 25.59500000 24.76900000 25.00900000
23.31000000 23.79700000 24.15400000 24.32000000 25.06700000 25.78400000 25.38800000 25.35800000 25.39000000 25.36000000 25.54000000 25.48000000 25.40700000 25.46300000 25.57100000 25.47400000 25.04800000 25.25500000 25.41700000 25.33300000 25.09200000 24.84600000 24.67200000 24.95800000 25.23200000 25.79700000 26.26800000 26.05400000 25.71700000 25.06900000
23.13200000 23.60800000 24.12600000 23.92500000 24.33500000 25.35200000 25.94300000 25.49400000 25.43900000 25.54100000 25.58400000 25.50700000 25.52100000 25.53300000 25.55800000 25.48200000 25.42800000 25.33000000 25.36200000 25.27600000 25.23000000 25.15300000 25.16500000 25.40000000 26.02800000 26.45800000 26.52300000 26.31800000 25.66800000 25.79100000
22.44600000 23.22800000 23.39000000 23.58700000 24.01300000 24.02300000 24.55700000 25.91900000 26.17800000 25.86800000 25.39300000 25.46700000 25.48100000 25.61400000 25.60600000 25.55100000 25.57900000 25.51500000 25.58800000 25.65700000 25.71300000 25.74300000 26.22700000 26.13200000 26.16800000 26.18400000 26.34800000 26.32200000 25.73400000 25.91900000
22.76100000 23.00900000 23.08900000 23.19300000 23.32300000 23.62200000 23.84700000 24.74800000 25.82200000 26.22000000 26.32200000 25.58000000 25.40100000 25.55300000 25.50300000 25.50000000 25.61200000 25.61300000 25.55000000 26.12900000 26.21700000 25.89200000 25.94100000 26.08100000 26.21500000 26.15200000 26.35300000 26.01900000 25.73800000 25.91700000
23.73200000 22.62500000 21.55400000 22.90600000 22.83600000 23.19600000 23.39200000 23.64700000 24.75200000 25.39400000 25.89600000 26.27200000 25.76500000 25.41900000 25.44200000 25.44700000 25.48600000 26.16300000 26.32600000 26.45800000 26.20100000 25.86200000 26.18800000 26.00500000 26.21700000 26.19700000 25.90100000 25.75100000 25.97800000 26.00400000
27.83300000 27.83300000 27.83300000 23.60600000 23.02100000 22.83500000 22.98800000 22.97200000 23.41700000 24.64800000 24.79100000 25.02100000 25.38600000 25.77100000 25.90200000 25.92800000 26.00800000 25.91000000 26.12800000 26.49900000 25.73000000 26.08600000 25.92800000 26.24500000 26.35800000 26.07800000 25.90500000 25.98100000 25.95500000 26.04900000
27.83300000 27.83300000 27.83300000 27.83300000 23.46400000 23.31700000 23.09000000 22.81700000 22.97500000 23.60900000 24.75000000 24.53500000 23.74900000 24.12200000 24.23000000 24.09500000 24.47100000 25.40200000 25.91400000 26.49100000 25.73600000 25.94700000 26.01000000 26.02500000 26.19500000 26.53700000 26.20400000 26.14700000 26.08800000 26.10800000
27.83300000 27.83300000 27.83300000 27.83300000 27.83300000 27.83300000 24.08700000 23.36500000 22.93200000 22.90600000 23.16300000 23.07300000 23.29000000 23.07400000 23.04800000 23.75100000 24.04000000 25.10600000 25.75700000 26.46300000 26.50600000 25.83100000 25.97000000 25.93800000 26.05500000 26.58700000 26.66100000 26.11200000 26.21900000 26.02300000
27.83300000 27.83300000 27.83300000 27.83300000 27.83300000 27.83300000 27.83300000 27.83300000 27.83300000 27.83300000 27.83300000 27.83300000 23.06700000 22.98000000 22.49800000 23.37600000 23.99600000 24.73700000 24.99500000 26.47000000 26.49300000 26.49900000 26.47900000 26.44700000 26.18900000 26.70300000 26.65500000 26.70200000 26.12500000 26.10500000
27.83300000 27.83300000 27.83300000 27.83300000 27.83300000 27.83300000 27.83300000 27.83300000 27.83300000 27.83300000 27.83300000 27.83300000 27.83300000 27.83300000 27.83300000 23.34900000 24.05100000 24.65400000 24.38100000 24.99600000 26.43200000 26.53400000 26.60000000 26.57000000 26.57000000 26.80100000 26.67100000 26.72400000 26.75900000 26.77600000
27.83300000 27.83300000 27.83300000 27.83300000 27.83300000 27.83300000 27.83300000 27.83300000 27.83300000 27.83300000 27.83300000 27.83300000 27.83300000 27.83300000 27.83300000 27.83300000 23.59400000 23.36800000 24.82000000 24.92700000 25.01700000 26.50000000 26.63300000 26.47300000 26.70900000 26.88000000 26.79700000 26.73600000 26.82000000 26.94800000
27.83300000 27.83300000 27.83300000 27.83300000 27.83300000 27.83300000 27.83300000 27.83300000 27.83300000 27.83300000 27.83300000 27.83300000 27.83300000 27.83300000 27.83300000 27.83300000 27.83300000 27.83300000 23.28500000 24.19700000 24.38500000 26.59200000 26.54200000 26.48200000 26.78800000 26.84400000 26.91300000 26.80800000 26.80000000 26.92700000
27.83300000 27.83300000 27.83300000 27.83300000 27.83300000 27.83300000 27.83300000 27.83300000 27.83300000 27.83300000 27.83300000 27.83300000 27.83300000 27.83300000 27.83300000 27.83300000 27.83300000 27.83300000 27.83300000 25.21600000 24.18800000 26.60100000 26.50500000 26.59900000 26.86600000 26.89000000 26.81700000 26.88300000 26.82600000 26.97200000
27.83300000 27.83300000 27.83300000 27.83300000 27.83300000 27.83300000 27.83300000 27.83300000 27.83300000 27.83300000 27.83300000 27.83300000 27.83300000 27.83300000 27.83300000 27.83300000 27.83300000 27.83300000 27.83300000 25.39600000 25.39800000 26.67200000 26.49200000 26.72900000 26.99800000 26.82400000 26.95800000 26.83000000 26.90000000 27.05200000
27.83300000 27.83300000 27.83300000 27.83300000 27.83300000 27.83300000 27.83300000 27.83300000 27.83300000 27.83300000 27.83300000 27.83300000 27.83300000 27.83300000 27.83300000 27.83300000 27.83300000 27.83300000 27.83300000 25.26600000 25.58200000 26.76400000 26.60300000 26.89800000 26.87400000 26.76700000 26.97700000 26.99200000 26.98600000 27.01000000
27.83300000 27.83300000 27.83300000 27.83300000 27.83300000 27.83300000 27.83300000 27.83300000 27.83300000 27.83300000 27.83300000 27.83300000 27.83300000 27.83300000 27.83300000 27.83300000 27.83300000 27.83300000 27.83300000 24.56000000 24.31800000 26.66500000 26.79600000 26.98500000 26.76800000 26.88900000 26.91200000 26.81700000 26.85200000 27.15500000
27.83300000 27.83300000 27.83300000 27.83300000 27.83300000 27.83300000 27.83300000 27.83300000 27.83300000 27.83300000 27.83300000 27.83300000 27.83300000 27.83300000 27.83300000 27.83300000 27.83300000 27.83300000 27.83300000 27.83300000 25.13600000 25.92400000 26.80800000 26.85600000 26.75200000 26.86800000 26.79400000 26.64700000 26.78000000 27.04500000
27.83300000 27.83300000 27.83300000 27.83300000 27.83300000 27.83300000 27.83300000 27.83300000 27.83300000 27.83300000 27.83300000 27.83300000 27.83300000 27.83300000 27.83300000 27.83300000 27.83300000 27.83300000 27.83300000 27.83300000 27.83300000 25.08800000 26.61800000 26.72700000 26.73900000 26.78800000 26.69800000 26.52900000 26.45700000 26.97800000
27.83300000 27.83300000 27.83300000 27.83300000 27.83300000 27.83300000 27.83300000 27.83300000 27.83300000 27.83300000 27.83300000 27.83300000 27.83300000 27.83300000 27.83300000 27.83300000 27.83300000 27.83300000 27.83300000 27.83300000 27.83300000 24.77200000 26.28600000 26.65900000 26.67200000 26.59000000 26.57200000 26.48100000 26.45300000 27.13200000
27.83300000 27.83300000 27.83300000 27.83300000 27.83300000 27.83300000 27.83300000 27.83300000 27.83300000 27.83300000 27.83300000 27.83300000 27.83300000 27.83300000 27.83300000 27.83300000 27.83300000 27.83300000 27.83300000 27.83300000 27.83300000 27.83300000 25.86900000 26.20000000 26.47200000 26.38500000 26.47200000 26.54400000 26.91400000 27.23400000
27.83300000 27.83300000 27.83300000 27.83300000 27.83300000 27.83300000 27.83300000 27.83300000 27.83300000 27.83300000 27.83300000 27.83300000 27.83300000 27.83300000 27.83300000 27.83300000 27.83300000 27.83300000 27.83300000 27.83300000 27.83300000 27.83300000 27.83300000 25.92300000 26.32500000 26.53600000 26.48400000 26.64400000 26.90900000 27.24000000
25.27900000 25.17200000 25.31100000 24.88700000 25.16900000 25.28500000 25.34500000 25.34000000 25.24400000 25.17700000 25.23600000 25.23600000 25.00500000 24.26200000 24.28600000 25.08700000 25.41500000 25.25200000 25.19900000 25.13200000 25.18300000 25.02500000 24.89200000 24.30400000 24.09000000 23.64700000 23.99100000 24.19400000 24.34000000 24.55900000
25.22800000 25.08500000 25.19500000 24.84500000 25.22700000 25.21500000 25.14900000 25.08900000 25.11700000 25.14500000 25.14400000 24.88200000 23.78300000 24.42500000 24.54000000 25.28900000 25.14800000 25.10000000 25.11300000 25.07000000 25.02100000 24.89600000 24.56800000 24.19900000 23.72700000 24.85100000 25.08300000 25.08200000 25.08300000 24.93900000
25.26700000 25.13700000 25.26700000 24.45000000 25.12600000 25.13700000 25.10600000 25.07500000 25.03500000 24.89500000 24.33200000 23.77200000 24.31300000 24.67900000 24.93500000 25.43800000 25.05900000 25.08200000 25.07100000 24.92700000 24.81400000 24.55000000 24.43700000 25.56200000 25.32200000 25.17000000 25.11700000 24.82800000 24.79100000 24.90300000
24.43700000 24.95600000 25.13700000 25.21900000 24.75300000 24.90300000 24.77600000 24.10100000 23.98800000 24.16300000 24.39100000 24.63500000 24.74200000 24.93800000 25.30200000 25.41200000 24.95000000 24.99300000 24.81700000 24.49100000 24.63200000 25.56500000 25.51800000 25.55100000 25.57500000 25.20800000 25.13600000 25.07900000 25.06700000 25.13600000
24.08500000 24.55300000 25.10100000 25.29600000 25.21000000 24.73500000 24.09700000 23.88800000 24.04800000 24.68200000 24.80400000 24.92100000 25.12800000 25.35100000 25.54400000 25.43900000 24.82400000 24.81600000 24.56900000 25.53700000 25.43000000 25.46200000 25.28600000 25.28400000 25.49000000 25.76400000 25.58400000 24.96500000 24.84600000 25.03800000
23.86200000 24.47800000 24.57400000 25.08900000 25.47900000 25.33600000 25.20600000 25.25800000 25.27800000 25.25400000 25.24400000 25.25000000 25.28600000 25.41900000 25.62400000 25.49200000 24.73900000 24.85800000 25.46600000 25.35500000 25.32800000 25.03200000 24.89900000 24.98000000 25.18800000 25.62700000 25.98100000 25.61000000 24.78500000 25.02500000
23.43600000 23.94900000 24.17600000 24.34200000 25.08600000 25.80300000 25.40500000 25.37600000 25.40800000 25.37900000 25.55500000 25.49800000 25.42500000 25.48200000 25.59000000 25.49700000 25.06700000 25.27200000 25.43700000 25.34800000 25.11000000 24.86400000 24.69000000 24.97500000 25.24700000 25.81200000 26.28700000 26.07600000 25.73500000 25.08000000
23.00600000 23.63500000 24.14900000 23.94700000 24.35800000 25.36700000 25.95700000 25.51200000 25.45700000 25.56000000 25.60300000 25.52200000 25.54000000 25.55200000 25.57600000 25.50600000 25.44600000 25.34800000 25.38100000 25.29300000 25.24700000 25.17000000 25.18200000 25.41200000 26.04300000 26.47700000 26.54400000 26.34100000 25.68700000 25.80900000
20.91200000 23.32900000 23.61300000 23.61200000 24.03400000 24.04300000 24.57200000 25.93500000 26.19900000 25.88500000 25.41100000 25.48400000 25.49900000 25.63400000 25.62600000 25.56900000 25.59700000 25.53200000 25.60500000 25.67600000 25.72600000 25.76600000 26.24100000 26.15100000 26.18900000 26.20400000 26.36900000 26.34500000 25.75800000 25.93400000
20.45000000 22.36800000 21.07500000 22.95600000 23.36300000 23.64000000 23.89300000 24.76300000 25.84100000 26.23700000 26.34200000 25.59700000 25.41900000 25.57100000 25.52100000 25.51800000 25.63100000 25.63100000 25.56700000 26.14800000 26.23700000 25.91400000 25.96200000 26.10000000 26.23700000 26.17300000 26.37300000 26.04100000 25.75500000 25.93400000
20.97100000 27.83300000 18.39200000 17.90900000 21.67800000 23.26700000 23.52900000 23.75700000 24.77000000 25.41500000 25.91400000 26.29400000 25.79000000 25.44000000 25.46500000 25.46800000 25.50500000 26.18500000 26.34800000 26.48000000 26.22500000 25.88100000 26.20800000 26.02500000 26.23700000 26.21900000 25.92200000 25.77000000 25.99700000 26.02000000
27.83300000 27.83300000 27.83300000 27.83300000 19.53600000 21.86700000 22.54300000 22.63400000 23.67000000 24.67100000 24.81600000 25.04300000 25.40500000 25.79300000 25.92600000 25.94800000 26.02000000 25.92900000 26.14800000 26.52200000 25.75200000 26.10200000 25.94900000 26.26700000 26.37900000 26.09900000 25.92800000 25.99900000 25.97300000 26.05900000
27.83300000 27.83300000 27.83300000 27.83300000 27.83300000 18.90900000 20.42600000 20.48900000 21.37200000 23.68300000 24.77000000 24.55600000 23.78200000 24.16000000 24.24100000 24.12000000 24.49900000 25.42200000 25.93000000 26.51300000 25.75600000 25.96500000 26.02800000 26.04700000 26.21300000 26.55700000 26.22700000 26.16500000 26.10600000 26.12500000
27.83300000 27.83300000 27.83300000 27.83300000 27.83300000 27.83300000 27.83300000 18.99000000 19.16100000 19.21300000 22.92700000 23.14500000 23.36300000 23.09300000 22.75100000 23.76900000 24.06200000 25.13100000 25.77100000 26.48400000 26.52700000 25.85000000 25.98900000 25.96100000 26.07400000 26.60900000 26.68200000 26.13600000 26.23900000 26.03900000
27.83300000 27.83300000 27.83300000 27.83300000 27.83300000 27.83300000 27.83300000 27.83300000 27.83300000 27.83300000 27.83300000 27.83300000 27.83300000 27.83300000 27.83300000 20.29900000 24.00400000 24.76600000 25.01700000 26.49000000 26.51200000 26.51600000 26.49800000 26.46500000 26.20700000 26.72300000 26.67600000 26.72300000 26.14800000 26.12300000
27.83300000 27.83300000 27.83300000 27.83300000 27.83300000 27.83300000 27.83300000 27.83300000 27.83300000 27.83300000 27.83300000 27.83300000 27.83300000 27.83300000 27.83300000 27.83300000 23.28100000 24.65600000 24.40200000 24.90200000 26.45000000 26.55300000 26.61800000 26.59100000 26.58500000 26.82000000 26.69200000 26.74400000 26.77600000 26.79800000
27.83300000 27.83300000 27.83300000 27.83300000 27.83300000 27.83300000 27.83300000 27.83300000 27.83300000 27.83300000 27.83300000 27.83300000 27.83300000 27.83300000 27.83300000 27.83300000 27.83300000 20.96400000 24.64600000 24.85500000 25.03600000 26.52500000 26.65400000 26.49200000 26.72500000 26.90100000 26.81900000 26.75600000 26.84000000 26.96700000
27.83300000 27.83300000 27.83300000 27.83300000 27.83300000 27.83300000 27.83300000 27.83300000 27.83300000 27.83300000 27.83300000 27.83300000 27.83300000 27.83300000 27.83300000 27.83300000 27.83300000 27.83300000 27.83300000 24.20400000 24.40600000 26.62400000 26.55900000 26.49800000 26.80900000 26.86500000 26.93300000 26.82600000 26.81900000 26.94800000
27.83300000 27.83300000 27.83300000 27.83300000 27.83300000 27.83300000 27.83300000 27.83300000 27.83300000 27.83300000 27.83300000 27.83300000 27.83300000 27.83300000 27.83300000 27.83300000 27.83300000 27.83300000 27.83300000 27.83300000 24.06600000 26.63100000 26.52300000 26.61400000 26.88600000 26.91000000 26.83600000 26.90200000 26.84500000 26.99000000
27.83300000 27.83300000 27.83300000 27.83300000 27.83300000 27.83300000 27.83300000 27.83300000 27.83300000 27.83300000 27.83300000 27.83300000 27.83300000 27.83300000 27.83300000 27.83300000 27.83300000 27.83300000 27.83300000 27.83300000 24.58400000 26.69900000 26.51200000 26.74700000 27.01700000 26.84000000 26.97600000 26.85100000 26.92000000 27.07100000
27.83300000 27.83300000 27.83300000 27.83300000 27.83300000 27.83300000 27.83300000 27.83300000 27.83300000 27.83300000 27.83300000 27.83300000 27.83300000 27.83300000 27.83300000 27.83300000 27.83300000 27.83300000 27.83300000 27.83300000 23.22300000 26.77700000 26.62000000 26.91900000 26.89400000 26.78200000 26.99700000 27.01300000 27.00500000 27.02800000
27.83300000 27.83300000 27.83300000 27.83300000 27.83300000 27.83300000 27.83300000 27.83300000 27.83300000 27.83300000 27.83300000 27.83300000 27.83300000 27.83300000 27.83300000 27.83300000 27.83300000 27.83300000 27.83300000 27.83300000 23.16800000 26.68300000 26.81300000 27.00600000 26.79100000 26.90900000 26.93300000 26.83700000 26.86700000 27.17000000
27.83300000 27.83300000 27.83300000 27.83300000 27.83300000 27.83300000 27.83300000 27.83300000 27.83300000 27.83300000 27.83300000 27.83300000 27.83300000 27.83300000 27.83300000 27.83300000 27.83300000 27.83300000 27.83300000 27.83300000 27.83300000 25.90900000 26.82400000 26.87700000 26.77300000 26.88800000 26.81600000 26.66800000 26.79600000 27.05500000
27.83300000 27.83300000 27.83300000 27.83300000 27.83300000 27.83300000 27.83300000 27.83300000 27.83300000 27.83300000 27.83300000 27.83300000 27.83300000 27.83300000 27.83300000 27.83300000 27.83300000 27.83300000 27.83300000 27.83300000 27.83300000 25.06500000 26.63800000 26.74700000 26.75200000 26.80700000 26.71800000 26.54900000 26.47100000 26.99300000
27.83300000 27.83300000 27.83300000 27.83300000 27.83300000 27.83300000 27.83300000 27.83300000 27.83300000 27.83300000 27.83300000 27.83300000 27.83300000 27.83300000 27.83300000 27.83300000 27.83300000 27.83300000 27.83300000 27.83300000 27.83300000 27.83300000 26.30900000 26.67300000 26.69000000 26.60900000 26.59200000 26.50100000 26.47100000 27.15200000
27.83300000 27.83300000 27.83300000 27.83300000 27.83300000 27.83300000 27.83300000 27.83300000 27.83300000 27.83300000 27.83300000 27.83300000 27.83300000 27.83300000 27.83300000 27.83300000 27.83300000 27.83300000 27.83300000 27.83300000 27.83300000 27.83300000 25.91100000 26.21700000 26.48900000 26.40300000 26.49100000 26.56500000 26.94200000 27.25100000
27.83300000 27.83300000 27.83300000 27.83300000 27.83300000 27.83300000 27.83300000 27.83300000 27.83300000 27.83300000 27.83300000 27.83300000 27.83300000 27.83300000 27.83300000 27.83300000 27.83300000 27.83300000 27.83300000 27.83300000 27.83300000 27.83300000 27.83300000 25.95600000 26.34300000 26.55300000 26.50300000 26.66100000 26.94200000 27.26200000
