25.25300000 25.15200000 25.29100000 24.87300000 25.17300000 25.26300000 25.32000000 25.31700000 25.23300000 25.13500000 25.20500000 25.21600000 24.97700000 24.22400000 24.27400000 25.07100000 25.39400000 25.22400000 25.17000000 25.10900000 25.16100000 25.00200000 24.87000000 24.28500000 24.07300000 23.63000000 23.98200000 24.17800000 24.31500000 24.54200000
25.19700000 25.06300000 25.16200000 24.86000000 25.20300000 25.18900000 25.12600000 25.06600000 25.09700000 25.12300000 25.11800000 24.84800000 23.76800000 24.40900000 24.52800000 25.26700000 25.12200000 25.07400000 25.08900000 25.04500000 24.99700000 24.87200000 24.55100000 24.18000000 23.70800000 24.84400000 25.06600000 25.06600000 25.05500000 24.91000000
25.24100000 25.11200000 25.24300000 24.45000000 25.10400000 25.11600000 25.08500000 25.05400000 25.01200000 24.87000000 24.29500000 23.75200000 24.29700000 24.65900000 24.92300000 25.41300000 25.03400000 25.05800000 25.04700000 24.90000000 24.78800000 24.52400000 24.42300000 25.53800000 25.29800000 25.14400000 25.08900000 24.80600000 24.76900000 24.88500000
24.56200000 24.93800000 25.11900000 25.19900000 24.74300000 24.88000000 24.75200000 24.07500000 23.97200000 24.14100000 24.37300000 24.61500000 24.72000000 24.92000000 25.28000000 25.38300000 24.92800000 24.96700000 24.79400000 24.47100000 24.61300000 25.54000000 25.49700000 25.53000000 25.55500000 25.18900000 25.11000000 25.05400000 25.04300000 25.11900000
24.07700000 24.53500000 25.07300000 25.27900000 25.18700000 24.75300000 24.08100000 23.86900000 24.02800000 24.66600000 24.78700000 24.90300000 25.10700000 25.32700000 25.51800000 25.41200000 24.80100000 24.79300000 24.54700000 25.51100000 25.40300000 25.43300000 25.26000000 25.25900000 25.46500000 25.73800000 25.55900000 24.94000000 24.83000000 25.01500000
23.83300000 23.78700000 24.52900000 25.04600000 25.46800000 25.32500000 25.18400000 25.23100000 25.24900000 25.22900000 25.22000000 25.22700000 25.26200000 25.39200000 25.59800000 25.45700000 24.71100000 24.83500000 25.44100000 25.33000000 25.30000000 25.00500000 24.87000000 24.95200000 25.16400000 25.60600000 25.96000000 25.58900000 24.76400000 25.00700000
23.31200000 23.81300000 24.14400000 24.30700000 25.05300000 25.78200000 25.38200000 25.35300000 25.38800000 25.35900000 25.53400000 25.47500000 25.39900000 25.45600000 25.56500000 25.46800000 25.03300000 25.25600000 25.41200000 25.32600000 25.08500000 24.84000000 24.66900000 24.95600000 25.23100000 25.79900000 26.26900000 26.05400000 25.71300000 25.06400000
23.13400000 23.59900000 24.11800000 23.89400000 24.31200000 25.34100000 25.94200000 25.50100000 25.42800000 25.52800000 25.57300000 25.49800000 25.51500000 25.52800000 25.55100000 25.47400000 25.41700000 25.32200000 25.36100000 25.27100000 25.22600000 25.15000000 25.16300000 25.40300000 26.04200000 26.45200000 26.51600000 26.31800000 25.66400000 25.78200000
22.45100000 23.19500000 23.35400000 23.55200000 23.99900000 24.00400000 24.52800000 25.90500000 26.17500000 25.88800000 25.39000000 25.46000000 25.47600000 25.61100000 25.60300000 25.54500000 25.57400000 25.50800000 25.57900000 25.65000000 25.70800000 25.75000000 26.22500000 26.11900000 26.15700000 26.17100000 26.34000000 26.32400000 25.73400000 25.91200000
22.74600000 22.94600000 23.07900000 23.16000000 23.31500000 23.59500000 23.82900000 24.77200000 25.81600000 26.22200000 26.31800000 25.56200000 25.39700000 25.54600000 25.49600000 25.49400000 25.61100000 25.61000000 25.54400000 26.12600000 26.23300000 25.88700000 25.93700000 26.08300000 26.21600000 26.15100000 26.34800000 26.01900000 25.73800000 25.91500000
23.72500000 22.58700000 21.45300000 22.87200000 22.81000000 23.18900000 23.36400000 23.64700000 24.76700000 25.37300000 25.87400000 26.25800000 25.74500000 25.41500000 25.43600000 25.44200000 25.48100000 26.15900000 26.31900000 26.45400000 26.19200000 25.85400000 26.18400000 25.99900000 26.20800000 26.19000000 25.89400000 25.75000000 25.97400000 26.00300000
27.83300000 27.83300000 27.83300000 23.59200000 22.99700000 22.83100000 22.97500000 22.96100000 23.43400000 24.70200000 24.76300000 25.01400000 25.39600000 25.76700000 25.89800000 25.92600000 26.00900000 25.90000000 26.12200000 26.49200000 25.72600000 26.08000000 25.92500000 26.23700000 26.35400000 26.07600000 25.89900000 25.98200000 25.95300000 26.04800000
27.83300000 27.83300000 27.83300000 27.83300000 23.44900000 23.30300000 23.08200000 22.80500000 22.96600000 23.60700000 24.75100000 24.49000000 23.73100000 24.13100000 24.20800000 24.11300000 24.48600000 25.39900000 25.92400000 26.48500000 25.73200000 25.94300000 26.01200000 26.01900000 26.19000000 26.53400000 26.20500000 26.14000000 26.07900000 26.10500000
27.83300000 27.83300000 27.83300000 27.83300000 27.83300000 27.83300000 24.06500000 23.33500000 22.91100000 22.87900000 23.14700000 23.03700000 23.25200000 23.02500000 23.15500000 23.74300000 24.05000000 25.09600000 25.76300000 26.45400000 26.49900000 25.82700000 25.96600000 25.93400000 26.05000000 26.58200000 26.65500000 26.11000000 26.21600000 26.01900000
27.83300000 27.83300000 27.83300000 27.83300000 27.83300000 27.83300000 27.83300000 27.83300000 27.83300000 27.83300000 27.83300000 27.83300000 23.04100000 22.95800000 22.46700000 23.36700000 24.00500000 24.73700000 24.97700000 26.46000000 26.48700000 26.49200000 26.47300000 26.44500000 26.18600000 26.69800000 26.64900000 26.69400000 26.12300000 26.09600000
27.83300000 27.83300000 27.83300000 27.83300000 27.83300000 27.83300000 27.83300000 27.83300000 27.83300000 27.83300000 27.83300000 27.83300000 27.83300000 27.83300000 27.83300000 23.33800000 24.05200000 24.64600000 24.35100000 24.96900000 26.43200000 26.53000000 26.59600000 26.56100000 26.56700000 26.79500000 26.66700000 26.71800000 26.75200000 26.77400000
27.83300000 27.83300000 27.83300000 27.83300000 27.83300000 27.83300000 27.83300000 27.83300000 27.83300000 27.83300000 27.83300000 27.83300000 27.83300000 27.83300000 27.83300000 27.83300000 23.58400000 23.29000000 24.80700000 24.92900000 24.97500000 26.48600000 26.62800000 26.46100000 26.70800000 26.87600000 26.79500000 26.73000000 26.81400000 26.94200000
27.83300000 27.83300000 27.83300000 27.83300000 27.83300000 27.83300000 27.83300000 27.83300000 27.83300000 27.83300000 27.83300000 27.83300000 27.83300000 27.83300000 27.83300000 27.83300000 27.83300000 27.83300000 23.29500000 24.20600000 24.40000000 26.57700000 26.53200000 26.47300000 26.78700000 26.84200000 26.90800000 26.80000000 26.79700000 26.92300000
27.83300000 27.83300000 27.83300000 27.83300000 27.83300000 27.83300000 27.83300000 27.83300000 27.83300000 27.83300000 27.83300000 27.83300000 27.83300000 27.83300000 27.83300000 27.83300000 27.83300000 27.83300000 27.83300000 25.21100000 24.20000000 26.59200000 26.49900000 26.60000000 26.86400000 26.88200000 26.81200000 26.87600000 26.82300000 26.96600000
27.83300000 27.83300000 27.83300000 27.83300000 27.83300000 27.83300000 27.83300000 27.83300000 27.83300000 27.83300000 27.83300000 27.83300000 27.83300000 27.83300000 27.83300000 27.83300000 27.83300000 27.83300000 27.83300000 25.38500000 25.37900000 26.66500000 26.49400000 26.73100000 26.99100000 26.81600000 26.95400000 26.82900000 26.89800000 27.04800000
27.83300000 27.83300000 27.83300000 27.83300000 27.83300000 27.83300000 27.83300000 27.83300000 27.83300000 27.83300000 27.83300000 27.83300000 27.83300000 27.83300000 27.83300000 27.83300000 27.83300000 27.83300000 27.83300000 25.24700000 25.57000000 26.76300000 26.59800000 26.89700000 26.85800000 26.76500000 26.96800000 26.98400000 26.98200000 27.00400000
27.83300000 27.83300000 27.83300000 27.83300000 27.83300000 27.83300000 27.83300000 27.83300000 27.83300000 27.83300000 27.83300000 27.83300000 27.83300000 27.83300000 27.83300000 27.83300000 27.83300000 27.83300000 27.83300000 24.55500000 24.23300000 26.65400000 26.79000000 26.97900000 26.76200000 26.88500000 26.90500000 26.79500000 26.84500000 27.15300000
27.83300000 27.83300000 27.83300000 27.83300000 27.83300000 27.83300000 27.83300000 27.83300000 27.83300000 27.83300000 27.83300000 27.83300000 27.83300000 27.83300000 27.83300000 27.83300000 27.83300000 27.83300000 27.83300000 27.83300000 25.11600000 25.94200000 26.80100000 26.84400000 26.74700000 26.86200000 26.79100000 26.64000000 26.76500000 27.03500000
27.83300000 27.83300000 27.83300000 27.83300000 27.83300000 27.83300000 27.83300000 27.83300000 27.83300000 27.83300000 27.83300000 27.83300000 27.83300000 27.83300000 27.83300000 27.83300000 27.83300000 27.83300000 27.83300000 27.83300000 27.83300000 25.07500000 26.61300000 26.72000000 26.73400000 26.77700000 26.69200000 26.51900000 26.44300000 26.96800000
27.83300000 27.83300000 27.83300000 27.83300000 27.83300000 27.83300000 27.83300000 27.83300000 27.83300000 27.83300000 27.83300000 27.83300000 27.83300000 27.83300000 27.83300000 27.83300000 27.83300000 27.83300000 27.83300000 27.83300000 27.83300000 24.75400000 26.28700000 26.65200000 26.66600000 26.58400000 26.56500000 26.47400000 26.46000000 27.13500000
27.83300000 27.83300000 27.83300000 27.83300000 27.83300000 27.83300000 27.83300000 27.83300000 27.83300000 27.83300000 27.83300000 27.83300000 27.83300000 27.83300000 27.83300000 27.83300000 27.83300000 27.83300000 27.83300000 27.83300000 27.83300000 27.83300000 25.86100000 26.19600000 26.46500000 26.37900000 26.46700000 26.53900000 26.92100000 27.22700000
27.83300000 27.83300000 27.83300000 27.83300000 27.83300000 27.83300000 27.83300000 27.83300000 27.83300000 27.83300000 27.83300000 27.83300000 27.83300000 27.83300000 27.83300000 27.83300000 27.83300000 27.83300000 27.83300000 27.83300000 27.83300000 27.83300000 27.83300000 25.90200000 26.31500000 26.52900000 26.47300000 26.63400000 26.90900000 27.23500000
25.27400000 25.17700000 25.30800000 24.88400000 25.19200000 25.28100000 25.34300000 25.33600000 25.23900000 25.17400000 25.23400000 25.23300000 25.00100000 24.25800000 24.28600000 25.08500000 25.41100000 25.24600000 25.19500000 25.13000000 25.17900000 25.02300000 24.87900000 24.29300000 24.08900000 23.64400000 23.99000000 24.19200000 24.34000000 24.55700000
25.21600000 25.08000000 25.18100000 24.87600000 25.22000000 25.20700000 25.14200000 25.08300000 25.11300000 25.14000000 25.13800000 24.87300000 23.78200000 24.42500000 24.54100000 25.28600000 25.14000000 25.09600000 25.10800000 25.06600000 25.01900000 24.89200000 24.57000000 24.19500000 23.72400000 24.86200000 25.08500000 25.08500000 25.07600000 24.93000000
25.26600000 25.13100000 25.26200000 24.46800000 25.12200000 25.13200000 25.10300000 25.07300000 25.03000000 24.89100000 24.31800000 23.77000000 24.31800000 24.67800000 24.93700000 25.43400000 25.05200000 25.07700000 25.06600000 24.91800000 24.80600000 24.54300000 24.44000000 25.56000000 25.31400000 25.16700000 25.11000000 24.82700000 24.78800000 24.89800000
24.43900000 24.95500000 25.13200000 25.21300000 24.76200000 24.89800000 24.77100000 24.09100000 23.98700000 24.15700000 24.38700000 24.63300000 24.73800000 24.94000000 25.29900000 25.40600000 24.94900000 24.98800000 24.81300000 24.48800000 24.62500000 25.56200000 25.52100000 25.54900000 25.57300000 25.21000000 25.13100000 25.07400000 25.06300000 25.13400000
24.07800000 24.55000000 25.09600000 25.29500000 25.20000000 24.74700000 24.10000000 23.88400000 24.04400000 24.68000000 24.80300000 24.91900000 25.12400000 25.34700000 25.54000000 25.43200000 24.82100000 24.81200000 24.56500000 25.53200000 25.42500000 25.45500000 25.28000000 25.27800000 25.48400000 25.76000000 25.57900000 24.95800000 24.84300000 25.03400000
23.86100000 24.46800000 24.55300000 25.07100000 25.48200000 25.34200000 25.20200000 25.24600000 25.26600000 25.24600000 25.23700000 25.24400000 25.27900000 25.41100000 25.61800000 25.48400000 24.72900000 24.85100000 25.46100000 25.35000000 25.32100000 25.02500000 24.88900000 24.97300000 25.18200000 25.62300000 25.98200000 25.60400000 24.78000000 25.02400000
23.43300000 23.95200000 24.16400000 24.32800000 25.07200000 25.80100000 25.40000000 25.37100000 25.40600000 25.37700000 25.54900000 25.49300000 25.41600000 25.47500000 25.58500000 25.49100000 25.05100000 25.27400000 25.43100000 25.34300000 25.10200000 24.85700000 24.68600000 24.97300000 25.24600000 25.81400000 26.28800000 26.07600000 25.73200000 25.07500000
23.00700000 23.62300000 24.14000000 23.91600000 24.33400000 25.35500000 25.95700000 25.51700000 25.44500000 25.54700000 25.59300000 25.51500000 25.53500000 25.54600000 25.56900000 25.49900000 25.43500000 25.33900000 25.38000000 25.28800000 25.24200000 25.16600000 25.18000000 25.41300000 26.05700000 26.47200000 26.53800000 26.34100000 25.68200000 25.80300000
20.91500000 23.28600000 23.58600000 23.57700000 24.01900000 24.02300000 24.54200000 25.92100000 26.19600000 25.90500000 25.40800000 25.47800000 25.49500000 25.63000000 25.62200000 25.56300000 25.59300000 25.52600000 25.59600000 25.66900000 25.72100000 25.76900000 26.24000000 26.13700000 26.17700000 26.19200000 26.36200000 26.34600000 25.75900000 25.92700000
20.44800000 22.40200000 20.80000000 22.95300000 23.35000000 23.61300000 23.87300000 24.78600000 25.83500000 26.24200000 26.33800000 25.57800000 25.41600000 25.56500000 25.51500000 25.51200000 25.63100000 25.62800000 25.56200000 26.14600000 26.25200000 25.91000000 25.95700000 26.10200000 26.23800000 26.17200000 26.36800000 26.04100000 25.75500000 25.93300000
20.94300000 27.83300000 18.37400000 17.88100000 21.82500000 23.24700000 23.52700000 23.73800000 24.78600000 25.39400000 25.89100000 26.28000000 25.77000000 25.43600000 25.45900000 25.46400000 25.50100000 26.17800000 26.34200000 26.47600000 26.21500000 25.87300000 26.20400000 26.01900000 26.22800000 26.21300000 25.91500000 25.76800000 25.99300000 26.01900000
27.83300000 27.83300000 27.83300000 27.83300000 19.53800000 21.93000000 22.49200000 22.65400000 23.67000000 24.72400000 24.78600000 25.03600000 25.41500000 25.79100000 25.92300000 25.94500000 26.02400000 25.92000000 26.14200000 26.51500000 25.74800000 26.09500000 25.94400000 26.25800000 26.37600000 26.09800000 25.92100000 26.00000000 25.97000000 26.05700000
27.83300000 27.83300000 27.83300000 27.83300000 27.83300000 18.81100000 20.37500000 20.57700000 21.47700000 23.66500000 24.77100000 24.51200000 23.77000000 24.16300000 24.21900000 24.13400000 24.51500000 25.41800000 25.94000000 26.50800000 25.75100000 25.96000000 26.02800000 26.04100000 26.20900000 26.55500000 26.22900000 26.15900000 26.09800000 26.12100000
27.83300000 27.83300000 27.83300000 27.83300000 27.83300000 27.83300000 27.83300000 18.95200000 19.11700000 19.14100000 22.75700000 23.10600000 23.32600000 23.01900000 22.84700000 23.76100000 24.07100000 25.12200000 25.77900000 26.47500000 26.52000000 25.84600000 25.98500000 25.95700000 26.06900000 26.60400000 26.67600000 26.13400000 26.23600000 26.03500000
27.83300000 27.83300000 27.83300000 27.83300000 27.83300000 27.83300000 27.83300000 27.83300000 27.83300000 27.83300000 27.83300000 27.83300000 27.83300000 27.83300000 27.83300000 20.21300000 24.01200000 24.76400000 24.99900000 26.48000000 26.50600000 26.51100000 26.49300000 26.46400000 26.20400000 26.71900000 26.67100000 26.71700000 26.14600000 26.11500000
27.83300000 27.83300000 27.83300000 27.83300000 27.83300000 27.83300000 27.83300000 27.83300000 27.83300000 27.83300000 27.83300000 27.83300000 27.83300000 27.83300000 27.83300000 27.83300000 23.26700000 24.65200000 24.37700000 24.89800000 26.44900000 26.54700000 26.61400000 26.58300000 26.58300000 26.81500000 26.68600000 26.73900000 26.77100000 26.79600000
27.83300000 27.83300000 27.83300000 27.83300000 27.83300000 27.83300000 27.83300000 27.83300000 27.83300000 27.83300000 27.83300000 27.83300000 27.83300000 27.83300000 27.83300000 27.83300000 27.83300000 20.94000000 24.70300000 24.91900000 24.99300000 26.51000000 26.65000000 26.48100000 26.72500000 26.89600000 26.81500000 26.75100000 26.83300000 26.96100000
27.83300000 27.83300000 27.83300000 27.83300000 27.83300000 27.83300000 27.83300000 27.83300000 27.83300000 27.83300000 27.83300000 27.83300000 27.83300000 27.83300000 27.83300000 27.83300000 27.83300000 27.83300000 27.83300000 24.21600000 24.40700000 26.61000000 26.55000000 26.48800000 26.80800000 26.86200000 26.92700000 26.82000000 26.81600000 26.94500000
27.83300000 27.83300000 27.83300000 27.83300000 27.83300000 27.83300000 27.83300000 27.83300000 27.83300000 27.83300000 27.83300000 27.83300000 27.83300000 27.83300000 27.83300000 27.83300000 27.83300000 27.83300000 27.83300000 27.83300000 24.07600000 26.62200000 26.51800000 26.61400000 26.88400000 26.90200000 26.83100000 26.89400000 26.84200000 26.98500000
27.83300000 27.83300000 27.83300000 27.83300000 27.83300000 27.83300000 27.83300000 27.83300000 27.83300000 27.83300000 27.83300000 27.83300000 27.83300000 27.83300000 27.83300000 27.83300000 27.83300000 27.83300000 27.83300000 27.83300000 24.57900000 26.69100000 26.51200000 26.74800000 27.01100000 26.83300000 26.97100000 26.85100000 26.91700000 27.06700000
27.83300000 27.83300000 27.83300000 27.83300000 27.83300000 27.83300000 27.83300000 27.83300000 27.83300000 27.83300000 27.83300000 27.83300000 27.83300000 27.83300000 27.83300000 27.83300000 27.83300000 27.83300000 27.83300000 27.83300000 23.32800000 26.77800000 26.61500000 26.91700000 26.87800000 26.78100000 26.98800000 27.00500000 27.00200000 27.02400000
27.83300000 27.83300000 27.83300000 27.83300000 27.83300000 27.83300000 27.83300000 27.83300000 27.83300000 27.83300000 27.83300000 27.83300000 27.83300000 27.83300000 27.83300000 27.83300000 27.83300000 27.83300000 27.83300000 27.83300000 23.16800000 26.67300000 26.80800000 26.99900000 26.78500000 26.90500000 26.92600000 26.81500000 26.86200000 27.16800000
27.83300000 27.83300000 27.83300000 27.83300000 27.83300000 27.83300000 27.83300000 27.83300000 27.83300000 27.83300000 27.83300000 27.83300000 27.83300000 27.83300000 27.83300000 27.83300000 27.83300000 27.83300000 27.83300000 27.83300000 27.83300000 25.92500000 26.81800000 26.86600000 26.76900000 26.88100000 26.81100000 26.66000000 26.77900000 27.04800000
27.83300000 27.83300000 27.83300000 27.83300000 27.83300000 27.83300000 27.83300000 27.83300000 27.83300000 27.83300000 27.83300000 27.83300000 27.83300000 27.83300000 27.83300000 27.83300000 27.83300000 27.83300000 27.83300000 27.83300000 27.83300000 25.06400000 26.63400000 26.74000000 26.74700000 26.79300000 26.71200000 26.53900000 26.45900000 26.98200000
27.83300000 27.83300000 27.83300000 27.83300000 27.83300000 27.83300000 27.83300000 27.83300000 27.83300000 27.83300000 27.83300000 27.83300000 27.83300000 27.83300000 27.83300000 27.83300000 27.83300000 27.83300000 27.83300000 27.83300000 27.83300000 27.83300000 26.31200000 26.66600000 26.68400000 26.60100000 26.58400000 26.49300000 26.47700000 27.15000000
27.83300000 27.83300000 27.83300000 27.83300000 27.83300000 27.83300000 27.83300000 27.83300000 27.83300000 27.83300000 27.83300000 27.83300000 27.83300000 27.83300000 27.83300000 27.83300000 27.83300000 27.83300000 27.83300000 27.83300000 27.83300000 27.83300000 25.90400000 26.20900000 26.48200000 26.39700000 26.48600000 26.55900000 26.94900000 27.24300000
27.83300000 27.83300000 27.83300000 27.83300000 27.83300000 27.83300000 27.83300000 27.83300000 27.83300000 27.83300000 27.83300000 27.83300000 27.83300000 27.83300000 27.83300000 27.83300000 27.83300000 27.83300000 27.83300000 27.83300000 27.83300000 27.83300000 27.83300000 25.93800000 26.33200000 26.54700000 26.49100000 26.65000000 26.94300000 27.25800000
