36.98900000 36.97200000 36.93200000 36.90800000 37.10800000 37.23300000 37.24600000 37.24900000 37.20300000 37.19400000 37.12200000 37.00500000 36.88300000 36.69100000 36.70200000 36.87100000 37.00700000 36.99800000 37.05500000 37.05400000 37.00700000 36.98800000 36.86200000 36.58200000 36.54700000 36.28800000 36.53400000 36.49200000 36.47800000 36.45800000
36.97900000 36.86500000 36.93500000 37.07900000 37.20300000 37.19900000 37.19200000 37.18400000 37.15800000 37.09700000 36.99100000 36.87500000 36.48200000 36.80200000 36.83300000 37.00600000 37.05100000 37.05900000 37.07200000 37.03200000 36.99700000 36.91000000 36.78000000 36.66000000 36.49400000 36.95600000 37.03900000 37.03400000 37.07200000 37.07200000
36.99200000 36.87600000 36.91500000 36.89400000 37.15300000 37.14300000 37.09300000 37.03900000 36.97700000 36.91200000 36.75200000 36.45200000 36.76900000 36.89800000 36.89100000 37.12600000 36.98200000 37.05600000 37.04100000 36.97100000 36.88900000 36.80700000 36.74500000 37.22100000 37.08600000 37.04100000 37.04900000 36.94500000 36.91600000 36.85800000
36.50900000 37.00100000 36.88100000 36.92800000 37.00300000 37.03300000 36.96500000 36.64100000 36.58300000 36.72100000 36.84300000 36.92600000 36.89400000 36.89300000 36.94900000 37.10500000 36.92600000 37.00200000 36.92500000 36.79200000 36.80800000 37.25000000 37.25900000 37.26500000 37.26000000 37.04600000 37.03300000 36.99800000 36.96900000 36.88100000
35.89900000 36.93700000 37.04100000 37.03000000 36.84700000 36.93700000 36.66300000 36.53700000 36.66200000 36.94900000 36.92500000 36.91000000 36.92700000 36.94500000 37.00900000 37.10700000 36.86700000 36.90800000 36.77400000 37.21200000 37.24900000 37.22600000 37.18200000 37.17600000 37.20600000 37.25800000 37.26300000 36.84300000 36.70200000 36.64200000
35.70700000 36.28600000 36.91400000 37.06900000 37.16700000 36.97100000 36.82400000 36.85200000 36.86100000 36.84100000 36.83500000 36.84900000 36.87600000 36.94700000 37.04300000 37.15200000 36.82300000 36.90500000 37.18000000 37.21500000 37.20200000 37.10200000 37.01800000 37.05600000 37.15800000 37.22100000 37.29500000 37.25900000 36.66700000 36.60700000
35.48000000 35.92300000 36.68100000 36.76300000 37.06300000 37.24600000 36.93300000 36.91300000 36.91600000 36.90900000 37.03200000 37.00500000 36.99400000 37.02000000 37.03600000 37.10100000 36.99100000 37.10700000 37.20200000 37.20300000 37.12500000 37.02000000 36.96500000 37.05500000 37.16200000 37.23100000 37.37300000 37.35200000 37.26300000 36.64900000
35.67600000 36.13700000 36.69300000 36.54200000 36.65400000 37.17600000 37.33000000 37.00200000 36.91100000 36.95900000 36.98400000 36.97300000 37.02400000 37.04300000 37.03700000 37.09900000 37.17100000 37.13600000 37.15000000 37.18400000 37.16800000 37.13200000 37.15700000 37.17500000 37.28900000 37.46400000 37.47800000 37.44000000 37.27800000 37.26400000
35.37800000 35.77300000 35.97900000 36.33300000 36.69500000 36.40300000 36.89800000 37.33500000 37.40100000 37.24300000 36.93500000 36.94300000 36.96200000 37.06800000 37.06200000 37.17300000 37.23400000 37.20900000 37.22600000 37.25200000 37.23400000 37.15200000 37.38700000 37.39500000 37.40000000 37.41000000 37.45400000 37.45000000 37.28500000 37.26600000
35.20300000 35.36800000 35.43500000 36.09400000 36.26300000 36.36000000 36.27000000 37.03600000 37.30400000 37.40000000 37.41500000 37.03800000 36.97400000 36.95100000 36.97100000 37.09100000 37.19900000 37.18300000 37.02100000 37.33900000 37.34500000 37.30000000 37.33400000 37.39100000 37.42600000 37.41800000 37.46200000 37.33700000 37.27400000 37.24300000
34.78800000 35.09100000 35.43800000 35.41900000 35.82300000 36.18200000 35.97900000 36.21300000 37.03400000 37.18800000 37.31200000 37.40400000 37.11300000 36.99100000 36.99000000 37.01500000 37.04100000 37.35000000 37.36300000 37.38400000 37.33200000 37.29500000 37.41000000 37.29600000 37.37300000 37.37900000 37.32300000 37.27700000 37.28600000 37.20500000
37.59700000 37.59700000 37.59700000 35.14900000 35.54400000 35.68700000 35.82500000 35.73900000 36.18000000 37.04500000 37.02900000 37.08400000 37.14900000 37.24800000 37.28800000 37.29000000 37.31300000 37.27000000 37.29800000 37.37300000 37.23100000 37.34700000 37.27100000 37.27600000 37.33800000 37.32700000 37.29900000 37.31100000 37.23100000 37.17800000
37.59700000 37.59700000 37.59700000 37.59700000 35.17200000 35.32800000 35.42200000 35.55000000 35.58800000 36.40200000 37.05700000 36.90600000 36.44700000 36.71900000 36.76100000 36.49700000 36.59100000 37.18800000 37.19800000 37.36300000 37.20000000 37.28000000 37.25100000 37.23100000 37.32500000 37.38800000 37.35400000 37.35100000 37.31300000 37.20700000
37.59700000 37.59700000 37.59700000 37.59700000 37.59700000 37.59700000 35.32800000 35.43900000 35.51800000 35.59700000 35.96300000 36.19500000 36.28200000 36.20100000 36.25100000 36.56800000 36.20100000 37.05400000 37.12800000 37.37400000 37.37600000 37.20400000 37.21700000 37.19500000 37.28500000 37.38200000 37.46500000 37.33700000 37.38800000 37.21900000
37.59700000 37.59700000 37.59700000 37.59700000 37.59700000 37.59700000 37.59700000 37.59700000 37.59700000 37.59700000 37.59700000 37.59700000 35.72600000 36.06800000 36.17300000 36.05600000 36.04200000 36.73500000 36.93500000 37.35000000 37.42600000 37.39800000 37.36500000 37.36300000 37.33500000 37.38500000 37.41700000 37.49000000 37.33400000 37.37200000
37.59700000 37.59700000 37.59700000 37.59700000 37.59700000 37.59700000 37.59700000 37.59700000 37.59700000 37.59700000 37.59700000 37.59700000 37.59700000 37.59700000 37.59700000 35.98600000 36.05400000 36.58600000 36.89800000 36.99600000 37.31100000 37.42700000 37.40300000 37.40500000 37.34800000 37.35800000 37.42800000 37.49900000 37.52400000 37.55400000
37.59700000 37.59700000 37.59700000 37.59700000 37.59700000 37.59700000 37.59700000 37.59700000 37.59700000 37.59700000 37.59700000 37.59700000 37.59700000 37.59700000 37.59700000 37.59700000 35.93200000 36.20400000 36.85800000 37.03000000 36.99000000 37.34400000 37.41700000 37.39000000 37.31100000 37.35800000 37.39100000 37.35500000 37.50600000 37.55900000
37.59700000 37.59700000 37.59700000 37.59700000 37.59700000 37.59700000 37.59700000 37.59700000 37.59700000 37.59700000 37.59700000 37.59700000 37.59700000 37.59700000 37.59700000 37.59700000 37.59700000 37.59700000 36.22500000 36.61800000 36.79800000 37.34100000 37.42800000 37.39700000 37.32900000 37.34800000 37.38900000 37.34700000 37.34600000 37.47000000
37.59700000 37.59700000 37.59700000 37.59700000 37.59700000 37.59700000 37.59700000 37.59700000 37.59700000 37.59700000 37.59700000 37.59700000 37.59700000 37.59700000 37.59700000 37.59700000 37.59700000 37.59700000 37.59700000 36.89900000 36.75200000 37.33900000 37.43300000 37.33900000 37.36500000 37.39900000 37.35500000 37.37200000 37.33400000 37.38600000
37.59700000 37.59700000 37.59700000 37.59700000 37.59700000 37.59700000 37.59700000 37.59700000 37.59700000 37.59700000 37.59700000 37.59700000 37.59700000 37.59700000 37.59700000 37.59700000 37.59700000 37.59700000 37.59700000 36.93800000 36.96000000 37.34100000 37.40600000 37.31600000 37.42200000 37.39900000 37.42600000 37.36200000 37.35200000 37.38900000
37.59700000 37.59700000 37.59700000 37.59700000 37.59700000 37.59700000 37.59700000 37.59700000 37.59700000 37.59700000 37.59700000 37.59700000 37.59700000 37.59700000 37.59700000 37.59700000 37.59700000 37.59700000 37.59700000 36.85200000 36.94100000 37.36300000 37.33800000 37.37400000 37.38800000 37.39800000 37.42100000 37.42600000 37.37000000 37.34500000
37.59700000 37.59700000 37.59700000 37.59700000 37.59700000 37.59700000 37.59700000 37.59700000 37.59700000 37.59700000 37.59700000 37.59700000 37.59700000 37.59700000 37.59700000 37.59700000 37.59700000 37.59700000 37.59700000 36.41400000 36.67500000 37.32800000 37.35000000 37.41500000 37.38400000 37.38400000 37.37200000 37.35800000 37.33500000 37.38000000
37.59700000 37.59700000 37.59700000 37.59700000 37.59700000 37.59700000 37.59700000 37.59700000 37.59700000 37.59700000 37.59700000 37.59700000 37.59700000 37.59700000 37.59700000 37.59700000 37.59700000 37.59700000 37.59700000 37.59700000 36.66400000 37.08500000 37.37400000 37.37700000 37.38200000 37.35600000 37.32200000 37.30000000 37.29600000 37.33400000
37.59700000 37.59700000 37.59700000 37.59700000 37.59700000 37.59700000 37.59700000 37.59700000 37.59700000 37.59700000 37.59700000 37.59700000 37.59700000 37.59700000 37.59700000 37.59700000 37.59700000 37.59700000 37.59700000 37.59700000 37.59700000 36.72900000 37.29900000 37.35300000 37.35600000 37.33600000 37.32600000 37.29700000 37.27000000 37.28500000
37.59700000 37.59700000 37.59700000 37.59700000 37.59700000 37.59700000 37.59700000 37.59700000 37.59700000 37.59700000 37.59700000 37.59700000 37.59700000 37.59700000 37.59700000 37.59700000 37.59700000 37.59700000 37.59700000 37.59700000 37.59700000 36.55400000 37.19600000 37.31200000 37.33000000 37.31200000 37.29900000 37.26100000 37.25200000 37.31800000
37.59700000 37.59700000 37.59700000 37.59700000 37.59700000 37.59700000 37.59700000 37.59700000 37.59700000 37.59700000 37.59700000 37.59700000 37.59700000 37.59700000 37.59700000 37.59700000 37.59700000 37.59700000 37.59700000 37.59700000 37.59700000 37.59700000 36.93800000 37.12500000 37.25200000 37.20300000 37.20900000 37.26400000 37.29300000 37.32300000
37.59700000 37.59700000 37.59700000 37.59700000 37.59700000 37.59700000 37.59700000 37.59700000 37.59700000 37.59700000 37.59700000 37.59700000 37.59700000 37.59700000 37.59700000 37.59700000 37.59700000 37.59700000 37.59700000 37.59700000 37.59700000 37.59700000 37.59700000 36.81200000 37.17500000 37.21800000 37.22600000 37.24400000 37.28100000 37.29600000
36.98500000 36.97100000 36.93100000 36.90800000 37.10600000 37.23200000 37.24600000 37.24800000 37.20300000 37.19300000 37.12600000 37.00500000 36.88400000 36.69100000 36.70000000 36.86900000 37.00600000 36.99700000 37.05300000 37.05400000 37.00600000 36.98600000 36.85600000 36.58100000 36.54600000 36.28700000 36.53300000 36.49100000 36.47700000 36.45800000
36.97900000 36.86500000 36.93400000 37.07700000 37.20200000 37.19900000 37.19100000 37.18300000 37.15800000 37.09600000 36.99000000 36.87500000 36.48200000 36.80100000 36.83300000 37.00400000 37.05000000 37.05800000 37.07100000 37.03100000 36.99600000 36.90900000 36.77900000 36.65900000 36.49300000 36.95500000 37.03900000 37.03400000 37.07200000 37.07100000
36.99100000 36.87600000 36.91400000 36.89300000 37.15200000 37.14300000 37.09300000 37.03900000 36.97600000 36.91100000 36.75300000 36.45100000 36.76700000 36.89700000 36.89000000 37.12500000 36.98100000 37.05500000 37.04100000 36.97000000 36.88900000 36.80600000 36.74300000 37.22000000 37.08500000 37.04000000 37.04800000 36.94500000 36.91500000 36.85700000
36.59500000 37.00000000 36.88000000 36.92700000 37.00300000 37.03200000 36.96500000 36.64200000 36.58200000 36.72100000 36.84200000 36.92500000 36.89400000 36.89200000 36.94800000 37.10400000 36.92600000 37.00100000 36.92400000 36.79200000 36.80700000 37.24900000 37.25900000 37.26400000 37.25900000 37.04500000 37.03200000 36.99800000 36.96800000 36.88100000
35.89600000 36.93500000 37.04000000 37.02900000 36.84700000 36.93000000 36.66300000 36.53600000 36.66100000 36.94800000 36.92400000 36.91000000 36.92600000 36.94400000 37.00800000 37.10700000 36.86500000 36.90700000 36.77300000 37.21000000 37.24900000 37.22600000 37.18100000 37.17500000 37.20500000 37.25700000 37.26300000 36.84300000 36.70100000 36.64100000
35.74200000 36.77400000 36.91300000 37.06800000 37.16600000 36.97100000 36.82300000 36.85200000 36.86100000 36.84100000 36.83400000 36.84800000 36.87500000 36.94600000 37.04200000 37.15100000 36.82200000 36.90300000 37.17700000 37.21400000 37.20100000 37.10100000 37.01700000 37.05500000 37.15700000 37.22000000 37.29400000 37.25800000 36.66700000 36.60700000
35.64500000 35.96000000 36.68100000 36.76300000 37.06200000 37.24600000 36.93300000 36.91300000 36.91500000 36.90900000 37.03100000 37.00400000 36.99300000 37.01900000 37.03500000 37.10000000 36.99000000 37.10600000 37.20100000 37.20200000 37.12400000 37.01900000 36.96400000 37.05400000 37.16100000 37.23000000 37.37200000 37.35200000 37.26200000 36.65100000
35.67700000 36.13700000 36.69200000 36.54200000 36.65400000 37.17500000 37.32900000 37.00100000 36.91000000 36.95900000 36.98400000 36.97200000 37.02300000 37.04200000 37.03600000 37.09700000 37.17100000 37.13500000 37.14900000 37.18300000 37.16800000 37.13100000 37.15700000 37.17500000 37.28700000 37.46300000 37.47700000 37.44000000 37.27700000 37.26400000
35.93200000 35.80800000 36.15300000 36.33400000 36.69600000 36.40400000 36.89700000 37.33400000 37.40000000 37.24200000 36.93400000 36.94300000 36.96100000 37.06700000 37.06100000 37.17200000 37.23300000 37.20800000 37.22400000 37.25100000 37.23400000 37.15000000 37.38600000 37.39400000 37.39900000 37.40900000 37.45300000 37.45000000 37.28400000 37.26600000
35.87900000 35.94100000 36.28000000 36.16600000 36.30600000 36.36200000 36.28300000 37.03400000 37.30300000 37.39900000 37.41400000 37.03800000 36.97300000 36.95000000 36.97000000 37.09100000 37.19900000 37.18200000 37.02000000 37.33900000 37.34300000 37.29800000 37.33300000 37.39000000 37.42500000 37.41700000 37.46100000 37.33600000 37.27400000 37.24300000
35.61800000 37.59700000 35.87700000 35.83200000 36.07300000 36.22700000 36.13400000 36.24000000 37.03300000 37.18700000 37.31100000 37.40300000 37.11200000 36.99000000 36.98800000 37.01400000 37.04000000 37.34900000 37.36200000 37.38300000 37.33100000 37.29400000 37.40900000 37.29500000 37.37200000 37.37800000 37.32200000 37.27600000 37.28500000 37.20500000
37.59700000 37.59700000 37.59700000 37.59700000 35.81200000 36.16500000 36.43400000 35.88200000 36.28700000 37.04300000 37.02800000 37.08300000 37.14800000 37.24700000 37.28600000 37.28900000 37.30800000 37.26900000 37.29700000 37.37200000 37.23000000 37.34600000 37.27000000 37.27500000 37.33700000 37.32600000 37.29800000 37.31000000 37.23000000 37.17700000
37.59700000 37.59700000 37.59700000 37.59700000 37.59700000 35.75000000 35.80700000 36.14500000 35.97100000 36.41900000 37.05600000 36.90500000 36.45500000 36.72300000 36.76000000 36.49700000 36.59300000 37.18700000 37.19700000 37.36200000 37.19900000 37.27900000 37.25000000 37.23100000 37.32400000 37.38700000 37.35300000 37.35000000 37.31300000 37.20600000
37.59700000 37.59700000 37.59700000 37.59700000 37.59700000 37.59700000 37.59700000 35.74700000 35.78000000 35.81500000 36.51400000 36.23700000 36.41000000 36.22900000 36.21700000 36.56800000 36.20000000 37.05300000 37.12700000 37.37300000 37.37500000 37.20300000 37.21600000 37.19400000 37.28400000 37.38000000 37.46400000 37.33600000 37.38700000 37.21800000
37.59700000 37.59700000 37.59700000 37.59700000 37.59700000 37.59700000 37.59700000 37.59700000 37.59700000 37.59700000 37.59700000 37.59700000 37.59700000 37.59700000 37.59700000 36.15500000 36.06200000 36.73300000 36.93300000 37.34800000 37.42400000 37.39700000 37.36400000 37.36200000 37.33400000 37.38400000 37.41600000 37.48900000 37.33300000 37.37100000
37.59700000 37.59700000 37.59700000 37.59700000 37.59700000 37.59700000 37.59700000 37.59700000 37.59700000 37.59700000 37.59700000 37.59700000 37.59700000 37.59700000 37.59700000 37.59700000 36.23200000 36.58600000 36.89800000 36.98300000 37.30900000 37.42600000 37.40200000 37.40400000 37.34800000 37.35700000 37.42700000 37.49800000 37.52300000 37.55400000
37.59700000 37.59700000 37.59700000 37.59700000 37.59700000 37.59700000 37.59700000 37.59700000 37.59700000 37.59700000 37.59700000 37.59700000 37.59700000 37.59700000 37.59700000 37.59700000 37.59700000 36.35900000 36.84800000 37.02300000 36.99000000 37.34200000 37.41600000 37.38900000 37.31000000 37.35700000 37.39000000 37.35400000 37.50500000 37.55800000
37.59700000 37.59700000 37.59700000 37.59700000 37.59700000 37.59700000 37.59700000 37.59700000 37.59700000 37.59700000 37.59700000 37.59700000 37.59700000 37.59700000 37.59700000 37.59700000 37.59700000 37.59700000 37.59700000 36.61200000 36.80100000 37.34000000 37.42700000 37.39600000 37.32800000 37.34700000 37.38800000 37.34600000 37.34500000 37.46900000
37.59700000 37.59700000 37.59700000 37.59700000 37.59700000 37.59700000 37.59700000 37.59700000 37.59700000 37.59700000 37.59700000 37.59700000 37.59700000 37.59700000 37.59700000 37.59700000 37.59700000 37.59700000 37.59700000 37.59700000 36.72900000 37.33700000 37.43200000 37.33900000 37.36400000 37.39800000 37.35400000 37.37100000 37.33300000 37.38500000
37.59700000 37.59700000 37.59700000 37.59700000 37.59700000 37.59700000 37.59700000 37.59700000 37.59700000 37.59700000 37.59700000 37.59700000 37.59700000 37.59700000 37.59700000 37.59700000 37.59700000 37.59700000 37.59700000 37.59700000 36.81700000 37.34000000 37.40500000 37.31500000 37.42100000 37.39800000 37.42600000 37.36000000 37.35100000 37.38900000
37.59700000 37.59700000 37.59700000 37.59700000 37.59700000 37.59700000 37.59700000 37.59700000 37.59700000 37.59700000 37.59700000 37.59700000 37.59700000 37.59700000 37.59700000 37.59700000 37.59700000 37.59700000 37.59700000 37.59700000 36.66100000 37.36200000 37.33700000 37.37300000 37.38700000 37.39700000 37.42100000 37.42500000 37.36900000 37.34500000
37.59700000 37.59700000 37.59700000 37.59700000 37.59700000 37.59700000 37.59700000 37.59700000 37.59700000 37.59700000 37.59700000 37.59700000 37.59700000 37.59700000 37.59700000 37.59700000 37.59700000 37.59700000 37.59700000 37.59700000 36.56300000 37.32700000 37.34900000 37.41400000 37.38300000 37.38300000 37.37100000 37.35700000 37.33400000 37.37900000
37.59700000 37.59700000 37.59700000 37.59700000 37.59700000 37.59700000 37.59700000 37.59700000 37.59700000 37.59700000 37.59700000 37.59700000 37.59700000 37.59700000 37.59700000 37.59700000 37.59700000 37.59700000 37.59700000 37.59700000 37.59700000 37.05600000 37.37300000 37.37600000 37.38100000 37.35500000 37.32200000 37.29900000 37.29500000 37.33300000
37.59700000 37.59700000 37.59700000 37.59700000 37.59700000 37.59700000 37.59700000 37.59700000 37.59700000 37.59700000 37.59700000 37.59700000 37.59700000 37.59700000 37.59700000 37.59700000 37.59700000 37.59700000 37.59700000 37.59700000 37.59700000 36.71900000 37.29800000 37.35200000 37.35500000 37.33500000 37.32500000 37.29600000 37.26900000 37.28400000
37.59700000 37.59700000 37.59700000 37.59700000 37.59700000 37.59700000 37.59700000 37.59700000 37.59700000 37.59700000 37.59700000 37.59700000 37.59700000 37.59700000 37.59700000 37.59700000 37.59700000 37.59700000 37.59700000 37.59700000 37.59700000 37.59700000 37.19400000 37.31100000 37.32900000 37.31100000 37.29800000 37.26000000 37.25100000 37.31700000
37.59700000 37.59700000 37.59700000 37.59700000 37.59700000 37.59700000 37.59700000 37.59700000 37.59700000 37.59700000 37.59700000 37.59700000 37.59700000 37.59700000 37.59700000 37.59700000 37.59700000 37.59700000 37.59700000 37.59700000 37.59700000 37.59700000 36.93400000 37.12300000 37.25000000 37.20200000 37.20800000 37.26300000 37.29100000 37.32200000
37.59700000 37.59700000 37.59700000 37.59700000 37.59700000 37.59700000 37.59700000 37.59700000 37.59700000 37.59700000 37.59700000 37.59700000 37.59700000 37.59700000 37.59700000 37.59700000 37.59700000 37.59700000 37.59700000 37.59700000 37.59700000 37.59700000 37.59700000 36.80200000 37.17400000 37.21700000 37.22400000 37.24200000 37.28100000 37.29600000
