36.99000000 36.97100000 36.93200000 36.90700000 37.11100000 37.23300000 37.24600000 37.24800000 37.20300000 37.19300000 37.12200000 37.00400000 36.88300000 36.68800000 36.70600000 36.87100000 37.00800000 36.99800000 37.05700000 37.05400000 37.00600000 36.98700000 36.86200000 36.58000000 36.54700000 36.28800000 36.53500000 36.49600000 36.48200000 36.46300000
36.98000000 36.86300000 36.93600000 37.09000000 37.20200000 37.19800000 37.19100000 37.18300000 37.15900000 37.09500000 36.99000000 36.87400000 36.48200000 36.80500000 36.83500000 37.00900000 37.04800000 37.06200000 37.07100000 37.03200000 36.99600000 36.90900000 36.78000000 36.65900000 36.49900000 36.96600000 37.04300000 37.03700000 37.07100000 37.06900000
36.99100000 36.87500000 36.91500000 36.90300000 37.15200000 37.14200000 37.09100000 37.03700000 36.97500000 36.91000000 36.74500000 36.45200000 36.77500000 36.89800000 36.89200000 37.12700000 36.98000000 37.05600000 37.04000000 36.96900000 36.88800000 36.80500000 36.75500000 37.22400000 37.08400000 37.04200000 37.04900000 36.94500000 36.91500000 36.85700000
36.51300000 37.00100000 36.88400000 36.92700000 37.00800000 37.03100000 36.96300000 36.63600000 36.58800000 36.72100000 36.84400000 36.92600000 36.89400000 36.89400000 36.95000000 37.10300000 36.92700000 37.00200000 36.92400000 36.79100000 36.81500000 37.25100000 37.26100000 37.26500000 37.26200000 37.04900000 37.03200000 36.99700000 36.96700000 36.87900000
35.88600000 36.93800000 37.04200000 37.03700000 36.84500000 36.94000000 36.66400000 36.53900000 36.66300000 36.95000000 36.92500000 36.91100000 36.92700000 36.94400000 37.01000000 37.10500000 36.86800000 36.90900000 36.77400000 37.21400000 37.24900000 37.22500000 37.18200000 37.17600000 37.20600000 37.25800000 37.26400000 36.84200000 36.69800000 36.64200000
35.68700000 36.32100000 36.90400000 37.06300000 37.17300000 36.98000000 36.82600000 36.84700000 36.85500000 36.83800000 36.83500000 36.85000000 36.87600000 36.94700000 37.04300000 37.15100000 36.82000000 36.90500000 37.18000000 37.21600000 37.20100000 37.10100000 37.01600000 37.05500000 37.15800000 37.22100000 37.29600000 37.25900000 36.66600000 36.60900000
35.48400000 35.95600000 36.68100000 36.75800000 37.06000000 37.24900000 36.93400000 36.91400000 36.91700000 36.91200000 37.03200000 37.00500000 36.99400000 37.02000000 37.03600000 37.10300000 36.98500000 37.11000000 37.20300000 37.20400000 37.12400000 37.01900000 36.96600000 37.05800000 37.16300000 37.23200000 37.37500000 37.35300000 37.26200000 36.65200000
35.67200000 36.14200000 36.68400000 36.52300000 36.64100000 37.17100000 37.33500000 37.01500000 36.90800000 36.95400000 36.98200000 36.97200000 37.02500000 37.04400000 37.03600000 37.09900000 37.16900000 37.13500000 37.15200000 37.18400000 37.16900000 37.13400000 37.15800000 37.17600000 37.29700000 37.46500000 37.47600000 37.44200000 37.27800000 37.26600000
35.38100000 35.73700000 35.92900000 36.32000000 36.69000000 36.39600000 36.88200000 37.33000000 37.39800000 37.25700000 36.93800000 36.94400000 36.96200000 37.06800000 37.06300000 37.17500000 37.23400000 37.20800000 37.22400000 37.25200000 37.23100000 37.15500000 37.39300000 37.39200000 37.39700000 37.40800000 37.45300000 37.45100000 37.28500000 37.26500000
35.20200000 35.40900000 35.44300000 36.07800000 36.26100000 36.34100000 36.26000000 37.04200000 37.30300000 37.40300000 37.41500000 37.03400000 36.97500000 36.95100000 36.97200000 37.09400000 37.20100000 37.18500000 37.02200000 37.33800000 37.34800000 37.29900000 37.33400000 37.39300000 37.42700000 37.41900000 37.46200000 37.33600000 37.27400000 37.24200000
34.78900000 35.04400000 35.45200000 35.41300000 35.81600000 36.17500000 35.96700000 36.22000000 37.03300000 37.18100000 37.30600000 37.40200000 37.11000000 36.99300000 36.99000000 37.01600000 37.04100000 37.34800000 37.36300000 37.38500000 37.33100000 37.29400000 37.41000000 37.29500000 37.37100000 37.37800000 37.32300000 37.27600000 37.28400000 37.20400000
37.59700000 37.59700000 37.59700000 35.15200000 35.52300000 35.68600000 35.81600000 35.73300000 36.19900000 37.06100000 37.02100000 37.08200000 37.15300000 37.24900000 37.28900000 37.29000000 37.31100000 37.26600000 37.29700000 37.37200000 37.23100000 37.34700000 37.27000000 37.27500000 37.33900000 37.32800000 37.29900000 37.31200000 37.23100000 37.17700000
37.59700000 37.59700000 37.59700000 37.59700000 35.17300000 35.33100000 35.42000000 35.54900000 35.58600000 36.40400000 37.05300000 36.88200000 36.44400000 36.71700000 36.75100000 36.48700000 36.60300000 37.18400000 37.20100000 37.36300000 37.19900000 37.28000000 37.25100000 37.23200000 37.32600000 37.38900000 37.35600000 37.35100000 37.31200000 37.20700000
37.59700000 37.59700000 37.59700000 37.59700000 37.59700000 37.59700000 35.32900000 35.44100000 35.52300000 35.60200000 35.96000000 36.18500000 36.27100000 36.19700000 36.26500000 36.54900000 36.20600000 37.05200000 37.13200000 37.37600000 37.37600000 37.20500000 37.21700000 37.19400000 37.28500000 37.38200000 37.46500000 37.33800000 37.38800000 37.21900000
37.59700000 37.59700000 37.59700000 37.59700000 37.59700000 37.59700000 37.59700000 37.59700000 37.59700000 37.59700000 37.59700000 37.59700000 35.72900000 36.07200000 36.17300000 36.05200000 36.04600000 36.74400000 36.93300000 37.35000000 37.42600000 37.40100000 37.36600000 37.36500000 37.33600000 37.38500000 37.41700000 37.49000000 37.33600000 37.37000000
37.59700000 37.59700000 37.59700000 37.59700000 37.59700000 37.59700000 37.59700000 37.59700000 37.59700000 37.59700000 37.59700000 37.59700000 37.59700000 37.59700000 37.59700000 35.98500000 36.06300000 36.60100000 36.89700000 36.99700000 37.31000000 37.42800000 37.40400000 37.40500000 37.34600000 37.35800000 37.42800000 37.49800000 37.52400000 37.55600000
37.59700000 37.59700000 37.59700000 37.59700000 37.59700000 37.59700000 37.59700000 37.59700000 37.59700000 37.59700000 37.59700000 37.59700000 37.59700000 37.59700000 37.59700000 37.59700000 35.93200000 36.18800000 36.86100000 37.02200000 36.96300000 37.34400000 37.41700000 37.38900000 37.31100000 37.35900000 37.39100000 37.35600000 37.50200000 37.55900000
37.59700000 37.59700000 37.59700000 37.59700000 37.59700000 37.59700000 37.59700000 37.59700000 37.59700000 37.59700000 37.59700000 37.59700000 37.59700000 37.59700000 37.59700000 37.59700000 37.59700000 37.59700000 36.22600000 36.64100000 36.79700000 37.34000000 37.42800000 37.39500000 37.33000000 37.34800000 37.38900000 37.34700000 37.34600000 37.47200000
37.59700000 37.59700000 37.59700000 37.59700000 37.59700000 37.59700000 37.59700000 37.59700000 37.59700000 37.59700000 37.59700000 37.59700000 37.59700000 37.59700000 37.59700000 37.59700000 37.59700000 37.59700000 37.59700000 36.89300000 36.74600000 37.33800000 37.43200000 37.33700000 37.36700000 37.39900000 37.35500000 37.37000000 37.33400000 37.38700000
37.59700000 37.59700000 37.59700000 37.59700000 37.59700000 37.59700000 37.59700000 37.59700000 37.59700000 37.59700000 37.59700000 37.59700000 37.59700000 37.59700000 37.59700000 37.59700000 37.59700000 37.59700000 37.59700000 36.93700000 36.95600000 37.34100000 37.40500000 37.31700000 37.42200000 37.39900000 37.42700000 37.36100000 37.35200000 37.39000000
37.59700000 37.59700000 37.59700000 37.59700000 37.59700000 37.59700000 37.59700000 37.59700000 37.59700000 37.59700000 37.59700000 37.59700000 37.59700000 37.59700000 37.59700000 37.59700000 37.59700000 37.59700000 37.59700000 36.84900000 36.93800000 37.36500000 37.33600000 37.37500000 37.38700000 37.39800000 37.42000000 37.42400000 37.37000000 37.34600000
37.59700000 37.59700000 37.59700000 37.59700000 37.59700000 37.59700000 37.59700000 37.59700000 37.59700000 37.59700000 37.59700000 37.59700000 37.59700000 37.59700000 37.59700000 37.59700000 37.59700000 37.59700000 37.59700000 36.38800000 36.66700000 37.32700000 37.35200000 37.41500000 37.38500000 37.38500000 37.37200000 37.35400000 37.33600000 37.38000000
37.59700000 37.59700000 37.59700000 37.59700000 37.59700000 37.59700000 37.59700000 37.59700000 37.59700000 37.59700000 37.59700000 37.59700000 37.59700000 37.59700000 37.59700000 37.59700000 37.59700000 37.59700000 37.59700000 37.59700000 36.66000000 37.08400000 37.37300000 37.37700000 37.38200000 37.35500000 37.32200000 37.30000000 37.29400000 37.33500000
37.59700000 37.59700000 37.59700000 37.59700000 37.59700000 37.59700000 37.59700000 37.59700000 37.59700000 37.59700000 37.59700000 37.59700000 37.59700000 37.59700000 37.59700000 37.59700000 37.59700000 37.59700000 37.59700000 37.59700000 37.59700000 36.72700000 37.29800000 37.35300000 37.35700000 37.33500000 37.32600000 37.29700000 37.26700000 37.28500000
37.59700000 37.59700000 37.59700000 37.59700000 37.59700000 37.59700000 37.59700000 37.59700000 37.59700000 37.59700000 37.59700000 37.59700000 37.59700000 37.59700000 37.59700000 37.59700000 37.59700000 37.59700000 37.59700000 37.59700000 37.59700000 36.55100000 37.19700000 37.31200000 37.33000000 37.31200000 37.29800000 37.26000000 37.25700000 37.31800000
37.59700000 37.59700000 37.59700000 37.59700000 37.59700000 37.59700000 37.59700000 37.59700000 37.59700000 37.59700000 37.59700000 37.59700000 37.59700000 37.59700000 37.59700000 37.59700000 37.59700000 37.59700000 37.59700000 37.59700000 37.59700000 37.59700000 36.93200000 37.12400000 37.25200000 37.20100000 37.20900000 37.26600000 37.29300000 37.32200000
37.59700000 37.59700000 37.59700000 37.59700000 37.59700000 37.59700000 37.59700000 37.59700000 37.59700000 37.59700000 37.59700000 37.59700000 37.59700000 37.59700000 37.59700000 37.59700000 37.59700000 37.59700000 37.59700000 37.59700000 37.59700000 37.59700000 37.59700000 36.79000000 37.17600000 37.22000000 37.22500000 37.24400000 37.28100000 37.29500000
36.98600000 36.97000000 36.93100000 36.90700000 37.10900000 37.23200000 37.24500000 37.24800000 37.20300000 37.19200000 37.12500000 37.00500000 36.88300000 36.68900000 36.70400000 36.87000000 37.00600000 36.99700000 37.05500000 37.05300000 37.00600000 36.98600000 36.85600000 36.57800000 36.54600000 36.28700000 36.53500000 36.49500000 36.48200000 36.46200000
36.97900000 36.86300000 36.93500000 37.08900000 37.20100000 37.19700000 37.19000000 37.18300000 37.15800000 37.09500000 36.98900000 36.87300000 36.48200000 36.80300000 36.83400000 37.00700000 37.04800000 37.06000000 37.07000000 37.03100000 36.99500000 36.90800000 36.77900000 36.65900000 36.49800000 36.96500000 37.04200000 37.03600000 37.07100000 37.06800000
36.99000000 36.87500000 36.91400000 36.90200000 37.15200000 37.14200000 37.09000000 37.03700000 36.97500000 36.91000000 36.74500000 36.45100000 36.77200000 36.89700000 36.89100000 37.12600000 36.97900000 37.05600000 37.04000000 36.96800000 36.88700000 36.80500000 36.75400000 37.22300000 37.08400000 37.04000000 37.04800000 36.94500000 36.91400000 36.85600000
36.59700000 37.00000000 36.88300000 36.92700000 37.00800000 37.03100000 36.96300000 36.63700000 36.58600000 36.72100000 36.84300000 36.92500000 36.89400000 36.89300000 36.94900000 37.10200000 36.92600000 37.00100000 36.92400000 36.79100000 36.81300000 37.25000000 37.26100000 37.26400000 37.26100000 37.04700000 37.03100000 36.99600000 36.96600000 36.87900000
35.88000000 36.93700000 37.04100000 37.03600000 36.84400000 36.93400000 36.66400000 36.53800000 36.66200000 36.94900000 36.92400000 36.91000000 36.92600000 36.94300000 37.00900000 37.10500000 36.86700000 36.90800000 36.77400000 37.21200000 37.24800000 37.22400000 37.18100000 37.17500000 37.20500000 37.25600000 37.26400000 36.84100000 36.69700000 36.64100000
35.71600000 36.77600000 36.90400000 37.06200000 37.17200000 36.98000000 36.82500000 36.84700000 36.85500000 36.83800000 36.83400000 36.84900000 36.87500000 36.94600000 37.04200000 37.15000000 36.82000000 36.90300000 37.17700000 37.21400000 37.20000000 37.10000000 37.01500000 37.05400000 37.15700000 37.22000000 37.29500000 37.25900000 36.66600000 36.60800000
35.62500000 35.98800000 36.68100000 36.75800000 37.05900000 37.24800000 36.93300000 36.91300000 36.91600000 36.91100000 37.03100000 37.00400000 36.99300000 37.01900000 37.03500000 37.10100000 36.98500000 37.10900000 37.20200000 37.20300000 37.12400000 37.01800000 36.96500000 37.05700000 37.16200000 37.23100000 37.37500000 37.35300000 37.26100000 36.65400000
35.67800000 36.14100000 36.68300000 36.52400000 36.64100000 37.17000000 37.33400000 37.01400000 36.90700000 36.95400000 36.98100000 36.97200000 37.02400000 37.04300000 37.03500000 37.09700000 37.16800000 37.13400000 37.15100000 37.18300000 37.16800000 37.13300000 37.15800000 37.17600000 37.29600000 37.46400000 37.47600000 37.44200000 37.27800000 37.26600000
35.93100000 35.76800000 36.12400000 36.32100000 36.69000000 36.39700000 36.88200000 37.32900000 37.39700000 37.25500000 36.93700000 36.94300000 36.96100000 37.06700000 37.06200000 37.17300000 37.23300000 37.20700000 37.22300000 37.25100000 37.23100000 37.15400000 37.39300000 37.39100000 37.39600000 37.40700000 37.45200000 37.45100000 37.28400000 37.26500000
35.88800000 35.91000000 36.25600000 36.13500000 36.30100000 36.34300000 36.27400000 37.04100000 37.30200000 37.40200000 37.41300000 37.03300000 36.97400000 36.95000000 36.97100000 37.09300000 37.20100000 37.18500000 37.02100000 37.33800000 37.34600000 37.29800000 37.33300000 37.39200000 37.42600000 37.41800000 37.46100000 37.33600000 37.27400000 37.24200000
35.62100000 37.59700000 35.87600000 35.83100000 36.04700000 36.23300000 36.14700000 36.24200000 37.03200000 37.18000000 37.30500000 37.40100000 37.10900000 36.99200000 36.98900000 37.01500000 37.04100000 37.34700000 37.36200000 37.38300000 37.33000000 37.29300000 37.40900000 37.29400000 37.37000000 37.37700000 37.32200000 37.27600000 37.28400000 37.20400000
37.59700000 37.59700000 37.59700000 37.59700000 35.80600000 36.14600000 36.44200000 35.85700000 36.28300000 37.05900000 37.02000000 37.08100000 37.15200000 37.24700000 37.28800000 37.28900000 37.30700000 37.26500000 37.29600000 37.37100000 37.23000000 37.34600000 37.26900000 37.27400000 37.33700000 37.32800000 37.29800000 37.31100000 37.23000000 37.17700000
37.59700000 37.59700000 37.59700000 37.59700000 37.59700000 35.75200000 35.80300000 36.14400000 35.94100000 36.41800000 37.05200000 36.88100000 36.45400000 36.72100000 36.75000000 36.48700000 36.60600000 37.18300000 37.19900000 37.36200000 37.19900000 37.27900000 37.25000000 37.23100000 37.32500000 37.38800000 37.35400000 37.35000000 37.31200000 37.20700000
37.59700000 37.59700000 37.59700000 37.59700000 37.59700000 37.59700000 37.59700000 35.74800000 35.78100000 35.81300000 36.50900000 36.23200000 36.38500000 36.23500000 36.24200000 36.55000000 36.20500000 37.05000000 37.13100000 37.37500000 37.37400000 37.20400000 37.21600000 37.19400000 37.28400000 37.38000000 37.46300000 37.33700000 37.38700000 37.21800000
37.59700000 37.59700000 37.59700000 37.59700000 37.59700000 37.59700000 37.59700000 37.59700000 37.59700000 37.59700000 37.59700000 37.59700000 37.59700000 37.59700000 37.59700000 36.14700000 36.06300000 36.74200000 36.93100000 37.34900000 37.42500000 37.40000000 37.36400000 37.36300000 37.33500000 37.38400000 37.41600000 37.48900000 37.33500000 37.36900000
37.59700000 37.59700000 37.59700000 37.59700000 37.59700000 37.59700000 37.59700000 37.59700000 37.59700000 37.59700000 37.59700000 37.59700000 37.59700000 37.59700000 37.59700000 37.59700000 36.22300000 36.59900000 36.89700000 36.98900000 37.30800000 37.42700000 37.40200000 37.40400000 37.34500000 37.35700000 37.42700000 37.49700000 37.52300000 37.55600000
37.59700000 37.59700000 37.59700000 37.59700000 37.59700000 37.59700000 37.59700000 37.59700000 37.59700000 37.59700000 37.59700000 37.59700000 37.59700000 37.59700000 37.59700000 37.59700000 37.59700000 36.35800000 36.85000000 37.01600000 36.96300000 37.34300000 37.41600000 37.38800000 37.31000000 37.35800000 37.39000000 37.35500000 37.50100000 37.55800000
37.59700000 37.59700000 37.59700000 37.59700000 37.59700000 37.59700000 37.59700000 37.59700000 37.59700000 37.59700000 37.59700000 37.59700000 37.59700000 37.59700000 37.59700000 37.59700000 37.59700000 37.59700000 37.59700000 36.63600000 36.79700000 37.34000000 37.42700000 37.39400000 37.32900000 37.34700000 37.38800000 37.34600000 37.34500000 37.47100000
37.59700000 37.59700000 37.59700000 37.59700000 37.59700000 37.59700000 37.59700000 37.59700000 37.59700000 37.59700000 37.59700000 37.59700000 37.59700000 37.59700000 37.59700000 37.59700000 37.59700000 37.59700000 37.59700000 37.59700000 36.73000000 37.33700000 37.43100000 37.33700000 37.36600000 37.39900000 37.35400000 37.37000000 37.33300000 37.38600000
37.59700000 37.59700000 37.59700000 37.59700000 37.59700000 37.59700000 37.59700000 37.59700000 37.59700000 37.59700000 37.59700000 37.59700000 37.59700000 37.59700000 37.59700000 37.59700000 37.59700000 37.59700000 37.59700000 37.59700000 36.82000000 37.33900000 37.40400000 37.31600000 37.42200000 37.39800000 37.42700000 37.36000000 37.35100000 37.39000000
37.59700000 37.59700000 37.59700000 37.59700000 37.59700000 37.59700000 37.59700000 37.59700000 37.59700000 37.59700000 37.59700000 37.59700000 37.59700000 37.59700000 37.59700000 37.59700000 37.59700000 37.59700000 37.59700000 37.59700000 36.67300000 37.36400000 37.33500000 37.37400000 37.38600000 37.39700000 37.41900000 37.42400000 37.36900000 37.34500000
37.59700000 37.59700000 37.59700000 37.59700000 37.59700000 37.59700000 37.59700000 37.59700000 37.59700000 37.59700000 37.59700000 37.59700000 37.59700000 37.59700000 37.59700000 37.59700000 37.59700000 37.59700000 37.59700000 37.59700000 36.56500000 37.32600000 37.35100000 37.41400000 37.38400000 37.38400000 37.37100000 37.35300000 37.33500000 37.37900000
37.59700000 37.59700000 37.59700000 37.59700000 37.59700000 37.59700000 37.59700000 37.59700000 37.59700000 37.59700000 37.59700000 37.59700000 37.59700000 37.59700000 37.59700000 37.59700000 37.59700000 37.59700000 37.59700000 37.59700000 37.59700000 37.05000000 37.37200000 37.37500000 37.38100000 37.35400000 37.32100000 37.30000000 37.29300000 37.33300000
37.59700000 37.59700000 37.59700000 37.59700000 37.59700000 37.59700000 37.59700000 37.59700000 37.59700000 37.59700000 37.59700000 37.59700000 37.59700000 37.59700000 37.59700000 37.59700000 37.59700000 37.59700000 37.59700000 37.59700000 37.59700000 36.72000000 37.29700000 37.35200000 37.35600000 37.33400000 37.32500000 37.29600000 37.26700000 37.28400000
37.59700000 37.59700000 37.59700000 37.59700000 37.59700000 37.59700000 37.59700000 37.59700000 37.59700000 37.59700000 37.59700000 37.59700000 37.59700000 37.59700000 37.59700000 37.59700000 37.59700000 37.59700000 37.59700000 37.59700000 37.59700000 37.59700000 37.19500000 37.31100000 37.32900000 37.31200000 37.29800000 37.25900000 37.25600000 37.31700000
37.59700000 37.59700000 37.59700000 37.59700000 37.59700000 37.59700000 37.59700000 37.59700000 37.59700000 37.59700000 37.59700000 37.59700000 37.59700000 37.59700000 37.59700000 37.59700000 37.59700000 37.59700000 37.59700000 37.59700000 37.59700000 37.59700000 36.92700000 37.12300000 37.25100000 37.20000000 37.20800000 37.26500000 37.28300000 37.32200000
37.59700000 37.59700000 37.59700000 37.59700000 37.59700000 37.59700000 37.59700000 37.59700000 37.59700000 37.59700000 37.59700000 37.59700000 37.59700000 37.59700000 37.59700000 37.59700000 37.59700000 37.59700000 37.59700000 37.59700000 37.59700000 37.59700000 37.59700000 36.78300000 37.17500000 37.21900000 37.22400000 37.24300000 37.28000000 37.29500000
