36.99000000 36.97100000 36.93100000 36.90700000 37.11400000 37.23300000 37.24500000 37.24800000 37.20200000 37.19200000 37.12100000 37.00400000 36.88200000 36.68500000 36.71100000 36.87100000 37.00800000 36.99800000 37.05900000 37.05400000 37.00600000 36.98700000 36.86100000 36.58000000 36.54700000 36.28800000 36.53800000 36.50000000 36.48700000 36.46800000
36.98200000 36.86200000 36.93700000 37.10100000 37.20100000 37.19600000 37.19000000 37.18300000 37.15900000 37.09400000 36.98900000 36.87300000 36.48300000 36.80700000 36.83700000 37.01100000 37.04600000 37.06400000 37.07000000 37.03200000 36.99400000 36.90800000 36.77900000 36.65800000 36.50500000 36.97600000 37.04700000 37.04000000 37.06900000 37.06700000
36.99000000 36.87400000 36.91500000 36.91400000 37.15200000 37.14100000 37.08900000 37.03600000 36.97400000 36.90900000 36.73800000 36.45300000 36.78000000 36.89800000 36.89400000 37.12700000 36.97800000 37.05700000 37.04000000 36.96700000 36.88600000 36.80300000 36.76900000 37.22700000 37.08200000 37.04200000 37.04800000 36.94600000 36.91300000 36.85600000
36.51700000 37.00100000 36.88600000 36.92700000 37.01200000 37.03000000 36.96100000 36.63200000 36.59200000 36.72100000 36.84600000 36.92600000 36.89400000 36.89500000 36.95100000 37.10100000 36.92800000 37.00200000 36.92400000 36.78900000 36.82400000 37.25200000 37.26300000 37.26500000 37.26300000 37.05000000 37.03100000 36.99500000 36.96600000 36.87700000
35.87300000 36.94000000 37.04200000 37.04500000 36.84200000 36.94400000 36.66500000 36.54000000 36.66500000 36.95000000 36.92500000 36.91200000 36.92800000 36.94400000 37.01000000 37.10200000 36.87100000 36.91000000 36.77500000 37.21600000 37.24900000 37.22400000 37.18100000 37.17600000 37.20600000 37.25700000 37.26500000 36.84000000 36.69300000 36.64100000
35.66700000 36.35000000 36.89500000 37.05600000 37.17900000 36.98900000 36.82800000 36.84300000 36.85000000 36.83600000 36.83400000 36.85000000 36.87700000 36.94700000 37.04300000 37.15100000 36.81800000 36.90500000 37.18000000 37.21600000 37.20000000 37.10000000 37.01500000 37.05300000 37.15800000 37.22100000 37.29800000 37.26000000 36.66500000 36.61000000
35.48300000 35.98700000 36.68200000 36.75300000 37.05700000 37.25200000 36.93400000 36.91400000 36.91900000 36.91500000 37.03200000 37.00500000 36.99400000 37.01900000 37.03600000 37.10500000 36.97900000 37.11300000 37.20400000 37.20400000 37.12400000 37.01800000 36.96700000 37.06000000 37.16300000 37.23200000 37.37800000 37.35500000 37.26200000 36.65600000
35.66800000 36.14400000 36.67300000 36.50600000 36.62800000 37.16300000 37.33900000 37.02900000 36.90500000 36.94900000 36.97900000 36.97200000 37.02500000 37.04400000 37.03600000 37.10000000 37.16600000 37.13400000 37.15300000 37.18400000 37.17000000 37.13600000 37.16000000 37.17800000 37.30500000 37.46600000 37.47600000 37.44300000 37.27800000 37.26800000
35.38400000 35.69700000 35.87800000 36.30700000 36.68300000 36.38900000 36.86400000 37.32500000 37.39500000 37.27100000 36.94100000 36.94400000 36.96200000 37.06800000 37.06300000 37.17600000 37.23400000 37.20800000 37.22300000 37.25200000 37.22800000 37.15900000 37.39800000 37.38900000 37.39400000 37.40600000 37.45200000 37.45200000 37.28500000 37.26500000
35.20200000 35.44400000 35.44800000 36.06200000 36.25800000 36.32400000 36.24900000 37.04600000 37.30200000 37.40500000 37.41300000 37.03100000 36.97500000 36.95100000 36.97300000 37.09600000 37.20400000 37.18700000 37.02200000 37.33800000 37.35100000 37.29900000 37.33400000 37.39400000 37.42800000 37.42100000 37.46200000 37.33500000 37.27500000 37.24200000
34.79000000 34.99500000 35.46300000 35.40500000 35.80700000 36.16700000 35.95600000 36.22400000 37.02900000 37.17400000 37.30000000 37.40000000 37.10800000 36.99500000 36.99000000 37.01700000 37.04200000 37.34700000 37.36300000 37.38500000 37.33000000 37.29400000 37.41000000 37.29300000 37.36900000 37.37600000 37.32300000 37.27500000 37.28300000 37.20300000
37.59700000 37.59700000 37.59700000 35.15500000 35.50100000 35.68200000 35.80300000 35.72800000 36.21400000 37.07200000 37.01300000 37.07900000 37.15500000 37.24900000 37.29100000 37.29000000 37.31200000 37.26200000 37.29700000 37.37100000 37.23100000 37.34700000 37.26900000 37.27500000 37.33900000 37.32900000 37.29900000 37.31300000 37.23000000 37.17600000
37.59700000 37.59700000 37.59700000 37.59700000 35.17400000 35.33400000 35.41900000 35.54800000 35.58500000 36.40300000 37.04600000 36.85700000 36.44200000 36.71100000 36.74100000 36.47600000 36.61700000 37.17900000 37.20500000 37.36300000 37.19900000 37.28000000 37.25100000 37.23300000 37.32700000 37.38900000 37.35700000 37.35100000 37.31200000 37.20800000
37.59700000 37.59700000 37.59700000 37.59700000 37.59700000 37.59700000 35.33100000 35.44300000 35.52800000 35.60700000 35.95600000 36.17400000 36.26200000 36.19000000 36.27500000 36.52700000 36.21500000 37.05000000 37.13600000 37.37700000 37.37500000 37.20600000 37.21700000 37.19500000 37.28600000 37.38200000 37.46400000 37.33900000 37.38800000 37.22000000
37.59700000 37.59700000 37.59700000 37.59700000 37.59700000 37.59700000 37.59700000 37.59700000 37.59700000 37.59700000 37.59700000 37.59700000 35.73200000 36.07600000 36.17200000 36.04900000 36.05100000 36.75500000 36.93200000 37.35100000 37.42700000 37.40300000 37.36600000 37.36600000 37.33700000 37.38500000 37.41800000 37.49000000 37.33800000 37.36800000
37.59700000 37.59700000 37.59700000 37.59700000 37.59700000 37.59700000 37.59700000 37.59700000 37.59700000 37.59700000 37.59700000 37.59700000 37.59700000 37.59700000 37.59700000 35.98500000 36.07400000 36.61500000 36.89600000 36.99700000 37.30700000 37.42800000 37.40400000 37.40400000 37.34400000 37.35800000 37.42700000 37.49700000 37.52500000 37.55800000
37.59700000 37.59700000 37.59700000 37.59700000 37.59700000 37.59700000 37.59700000 37.59700000 37.59700000 37.59700000 37.59700000 37.59700000 37.59700000 37.59700000 37.59700000 37.59700000 35.93200000 36.17500000 36.86200000 37.01300000 36.93600000 37.34400000 37.41800000 37.38800000 37.31100000 37.36000000 37.39200000 37.35700000 37.49800000 37.55900000
37.59700000 37.59700000 37.59700000 37.59700000 37.59700000 37.59700000 37.59700000 37.59700000 37.59700000 37.59700000 37.59700000 37.59700000 37.59700000 37.59700000 37.59700000 37.59700000 37.59700000 37.59700000 36.22500000 36.67000000 36.79500000 37.34000000 37.42800000 37.39300000 37.33100000 37.34900000 37.38900000 37.34600000 37.34700000 37.47300000
37.59700000 37.59700000 37.59700000 37.59700000 37.59700000 37.59700000 37.59700000 37.59700000 37.59700000 37.59700000 37.59700000 37.59700000 37.59700000 37.59700000 37.59700000 37.59700000 37.59700000 37.59700000 37.59700000 36.88600000 36.73800000 37.33800000 37.43000000 37.33600000 37.36800000 37.40000000 37.35500000 37.36900000 37.33500000 37.38700000
37.59700000 37.59700000 37.59700000 37.59700000 37.59700000 37.59700000 37.59700000 37.59700000 37.59700000 37.59700000 37.59700000 37.59700000 37.59700000 37.59700000 37.59700000 37.59700000 37.59700000 37.59700000 37.59700000 36.93500000 36.95000000 37.34000000 37.40400000 37.31800000 37.42300000 37.39900000 37.42800000 37.36000000 37.35200000 37.39100000
37.59700000 37.59700000 37.59700000 37.59700000 37.59700000 37.59700000 37.59700000 37.59700000 37.59700000 37.59700000 37.59700000 37.59700000 37.59700000 37.59700000 37.59700000 37.59700000 37.59700000 37.59700000 37.59700000 36.84300000 36.93200000 37.36600000 37.33300000 37.37600000 37.38700000 37.39800000 37.41900000 37.42300000 37.36900000 37.34600000
37.59700000 37.59700000 37.59700000 37.59700000 37.59700000 37.59700000 37.59700000 37.59700000 37.59700000 37.59700000 37.59700000 37.59700000 37.59700000 37.59700000 37.59700000 37.59700000 37.59700000 37.59700000 37.59700000 36.24900000 36.66100000 37.32500000 37.35500000 37.41500000 37.38500000 37.38500000 37.37300000 37.35100000 37.33600000 37.38000000
37.59700000 37.59700000 37.59700000 37.59700000 37.59700000 37.59700000 37.59700000 37.59700000 37.59700000 37.59700000 37.59700000 37.59700000 37.59700000 37.59700000 37.59700000 37.59700000 37.59700000 37.59700000 37.59700000 37.59700000 36.65800000 37.07800000 37.37200000 37.37600000 37.38200000 37.35400000 37.32200000 37.30100000 37.29300000 37.33400000
37.59700000 37.59700000 37.59700000 37.59700000 37.59700000 37.59700000 37.59700000 37.59700000 37.59700000 37.59700000 37.59700000 37.59700000 37.59700000 37.59700000 37.59700000 37.59700000 37.59700000 37.59700000 37.59700000 37.59700000 37.59700000 36.72500000 37.29700000 37.35300000 37.35700000 37.33500000 37.32600000 37.29600000 37.26500000 37.28600000
37.59700000 37.59700000 37.59700000 37.59700000 37.59700000 37.59700000 37.59700000 37.59700000 37.59700000 37.59700000 37.59700000 37.59700000 37.59700000 37.59700000 37.59700000 37.59700000 37.59700000 37.59700000 37.59700000 37.59700000 37.59700000 36.54800000 37.19600000 37.31200000 37.33000000 37.31300000 37.29800000 37.25900000 37.26200000 37.31800000
37.59700000 37.59700000 37.59700000 37.59700000 37.59700000 37.59700000 37.59700000 37.59700000 37.59700000 37.59700000 37.59700000 37.59700000 37.59700000 37.59700000 37.59700000 37.59700000 37.59700000 37.59700000 37.59700000 37.59700000 37.59700000 37.59700000 36.92600000 37.12400000 37.25300000 37.20000000 37.21000000 37.26800000 37.29200000 37.32200000
37.59700000 37.59700000 37.59700000 37.59700000 37.59700000 37.59700000 37.59700000 37.59700000 37.59700000 37.59700000 37.59700000 37.59700000 37.59700000 37.59700000 37.59700000 37.59700000 37.59700000 37.59700000 37.59700000 37.59700000 37.59700000 37.59700000 37.59700000 36.77300000 37.17700000 37.22200000 37.22500000 37.24300000 37.27900000 37.29400000
36.98600000 36.97000000 36.93000000 36.90700000 37.11200000 37.23200000 37.24500000 37.24700000 37.20200000 37.19100000 37.12500000 37.00400000 36.88300000 36.68500000 36.70900000 36.87000000 37.00700000 36.99700000 37.05700000 37.05300000 37.00500000 36.98600000 36.85600000 36.57700000 36.54600000 36.28700000 36.53700000 36.50000000 36.48600000 36.46700000
36.98100000 36.86100000 36.93600000 37.10000000 37.20000000 37.19500000 37.18900000 37.18200000 37.15800000 37.09300000 36.98800000 36.87200000 36.48300000 36.80500000 36.83600000 37.00900000 37.04600000 37.06300000 37.06900000 37.03100000 36.99400000 36.90700000 36.77900000 36.65800000 36.50400000 36.97400000 37.04600000 37.03900000 37.06900000 37.06600000
36.98900000 36.87400000 36.91500000 36.91300000 37.15100000 37.14100000 37.08800000 37.03500000 36.97300000 36.90800000 36.73800000 36.45200000 36.77700000 36.89700000 36.89300000 37.12600000 36.97700000 37.05600000 37.04000000 36.96600000 36.88600000 36.80200000 36.76700000 37.22600000 37.08200000 37.04100000 37.04700000 36.94600000 36.91300000 36.85500000
36.60100000 37.00000000 36.88500000 36.92700000 37.01100000 37.02900000 36.96100000 36.63200000 36.59100000 36.72100000 36.84400000 36.92500000 36.89400000 36.89400000 36.95000000 37.10000000 36.92700000 37.00100000 36.92400000 36.78900000 36.82200000 37.25100000 37.26300000 37.26400000 37.26100000 37.04900000 37.03000000 36.99500000 36.96500000 36.87700000
35.86600000 36.93800000 37.04200000 37.04400000 36.84200000 36.93800000 36.66500000 36.53900000 36.66300000 36.95000000 36.92400000 36.91100000 36.92700000 36.94400000 37.00900000 37.10200000 36.87000000 36.90900000 36.77400000 37.21500000 37.24800000 37.22300000 37.18000000 37.17500000 37.20500000 37.25600000 37.26400000 36.84000000 36.69300000 36.64100000
35.69400000 36.77600000 36.89500000 37.05500000 37.17900000 36.98900000 36.82800000 36.84300000 36.85000000 36.83500000 36.83300000 36.84900000 36.87600000 36.94600000 37.04200000 37.15000000 36.81700000 36.90300000 37.17800000 37.21500000 37.19900000 37.09900000 37.01400000 37.05200000 37.15700000 37.22000000 37.29700000 37.25900000 36.66500000 36.61000000
35.60600000 36.02000000 36.68200000 36.75300000 37.05600000 37.25100000 36.93400000 36.91400000 36.91800000 36.91400000 37.03100000 37.00500000 36.99300000 37.01900000 37.03500000 37.10400000 36.97900000 37.11200000 37.20300000 37.20300000 37.12400000 37.01800000 36.96700000 37.05900000 37.16300000 37.23200000 37.37700000 37.35400000 37.26100000 36.65700000
35.67900000 36.14300000 36.67300000 36.50600000 36.62800000 37.16200000 37.33800000 37.02800000 36.90400000 36.94900000 36.97900000 36.97200000 37.02400000 37.04300000 37.03500000 37.09800000 37.16600000 37.13300000 37.15200000 37.18300000 37.16900000 37.13500000 37.15900000 37.17800000 37.30400000 37.46500000 37.47500000 37.44200000 37.27800000 37.26800000
35.93100000 35.73200000 36.10000000 36.30800000 36.68200000 36.39000000 36.86400000 37.32400000 37.39300000 37.26900000 36.94000000 36.94300000 36.96200000 37.06700000 37.06200000 37.17500000 37.23300000 37.20700000 37.22100000 37.25100000 37.22800000 37.15800000 37.39700000 37.38900000 37.39400000 37.40600000 37.45200000 37.45100000 37.28400000 37.26500000
35.88700000 35.88500000 36.23300000 36.10300000 36.29300000 36.32900000 36.26600000 37.04500000 37.30100000 37.40300000 37.41200000 37.03100000 36.97500000 36.95000000 36.97200000 37.09500000 37.20300000 37.18700000 37.02100000 37.33800000 37.35000000 37.29700000 37.33300000 37.39300000 37.42700000 37.41900000 37.46100000 37.33500000 37.27400000 37.24100000
35.62500000 37.59700000 35.87600000 35.83000000 36.02700000 36.24900000 36.15000000 36.24400000 37.02800000 37.17300000 37.30000000 37.39900000 37.10700000 36.99400000 36.98900000 37.01600000 37.04100000 37.34600000 37.36200000 37.38400000 37.32900000 37.29200000 37.40900000 37.29300000 37.36800000 37.37500000 37.32200000 37.27500000 37.28300000 37.20300000
37.59700000 37.59700000 37.59700000 37.59700000 35.80100000 36.12500000 36.44600000 35.84000000 36.27900000 37.07000000 37.01100000 37.07800000 37.15400000 37.24800000 37.29000000 37.28900000 37.30900000 37.26100000 37.29600000 37.37000000 37.23000000 37.34600000 37.26800000 37.27400000 37.33800000 37.32900000 37.29800000 37.31100000 37.22900000 37.17600000
37.59700000 37.59700000 37.59700000 37.59700000 37.59700000 35.75300000 35.79900000 36.14000000 35.92100000 36.41600000 37.04500000 36.85600000 36.45200000 36.71500000 36.74000000 36.47600000 36.61800000 37.17800000 37.20300000 37.36200000 37.19800000 37.27900000 37.25000000 37.23200000 37.32600000 37.38800000 37.35600000 37.34900000 37.31200000 37.20700000
37.59700000 37.59700000 37.59700000 37.59700000 37.59700000 37.59700000 37.59700000 35.74800000 35.78200000 35.81200000 36.50300000 36.22700000 36.36500000 36.23600000 36.26500000 36.52800000 36.21300000 37.04800000 37.13500000 37.37700000 37.37300000 37.20500000 37.21600000 37.19400000 37.28500000 37.38100000 37.46300000 37.33800000 37.38700000 37.21900000
37.59700000 37.59700000 37.59700000 37.59700000 37.59700000 37.59700000 37.59700000 37.59700000 37.59700000 37.59700000 37.59700000 37.59700000 37.59700000 37.59700000 37.59700000 36.14100000 36.06400000 36.75200000 36.92900000 37.35000000 37.42600000 37.40200000 37.36500000 37.36500000 37.33600000 37.38400000 37.41600000 37.48900000 37.33700000 37.36700000
37.59700000 37.59700000 37.59700000 37.59700000 37.59700000 37.59700000 37.59700000 37.59700000 37.59700000 37.59700000 37.59700000 37.59700000 37.59700000 37.59700000 37.59700000 37.59700000 36.21200000 36.61300000 36.89600000 36.99200000 37.30500000 37.42700000 37.40300000 37.40300000 37.34300000 37.35700000 37.42600000 37.49600000 37.52400000 37.55700000
37.59700000 37.59700000 37.59700000 37.59700000 37.59700000 37.59700000 37.59700000 37.59700000 37.59700000 37.59700000 37.59700000 37.59700000 37.59700000 37.59700000 37.59700000 37.59700000 37.59700000 36.35700000 36.85000000 37.00600000 36.93600000 37.34300000 37.41700000 37.38700000 37.31000000 37.35900000 37.39100000 37.35600000 37.49700000 37.55800000
37.59700000 37.59700000 37.59700000 37.59700000 37.59700000 37.59700000 37.59700000 37.59700000 37.59700000 37.59700000 37.59700000 37.59700000 37.59700000 37.59700000 37.59700000 37.59700000 37.59700000 37.59700000 37.59700000 36.66500000 36.79300000 37.33900000 37.42700000 37.39200000 37.33000000 37.34800000 37.38800000 37.34500000 37.34600000 37.47200000
37.59700000 37.59700000 37.59700000 37.59700000 37.59700000 37.59700000 37.59700000 37.59700000 37.59700000 37.59700000 37.59700000 37.59700000 37.59700000 37.59700000 37.59700000 37.59700000 37.59700000 37.59700000 37.59700000 37.59700000 36.73100000 37.33700000 37.42900000 37.33500000 37.36700000 37.39900000 37.35400000 37.36800000 37.33400000 37.38600000
37.59700000 37.59700000 37.59700000 37.59700000 37.59700000 37.59700000 37.59700000 37.59700000 37.59700000 37.59700000 37.59700000 37.59700000 37.59700000 37.59700000 37.59700000 37.59700000 37.59700000 37.59700000 37.59700000 37.59700000 36.82300000 37.33900000 37.40300000 37.31700000 37.42200000 37.39800000 37.42700000 37.36000000 37.35100000 37.39000000
37.59700000 37.59700000 37.59700000 37.59700000 37.59700000 37.59700000 37.59700000 37.59700000 37.59700000 37.59700000 37.59700000 37.59700000 37.59700000 37.59700000 37.59700000 37.59700000 37.59700000 37.59700000 37.59700000 37.59700000 36.68200000 37.36500000 37.33300000 37.37500000 37.38600000 37.39700000 37.41800000 37.42200000 37.36900000 37.34500000
37.59700000 37.59700000 37.59700000 37.59700000 37.59700000 37.59700000 37.59700000 37.59700000 37.59700000 37.59700000 37.59700000 37.59700000 37.59700000 37.59700000 37.59700000 37.59700000 37.59700000 37.59700000 37.59700000 37.59700000 36.56700000 37.32400000 37.35400000 37.41400000 37.38400000 37.38400000 37.37100000 37.35000000 37.33500000 37.37900000
37.59700000 37.59700000 37.59700000 37.59700000 37.59700000 37.59700000 37.59700000 37.59700000 37.59700000 37.59700000 37.59700000 37.59700000 37.59700000 37.59700000 37.59700000 37.59700000 37.59700000 37.59700000 37.59700000 37.59700000 37.59700000 37.04200000 37.37100000 37.37500000 37.38100000 37.35300000 37.32100000 37.30000000 37.29200000 37.33300000
37.59700000 37.59700000 37.59700000 37.59700000 37.59700000 37.59700000 37.59700000 37.59700000 37.59700000 37.59700000 37.59700000 37.59700000 37.59700000 37.59700000 37.59700000 37.59700000 37.59700000 37.59700000 37.59700000 37.59700000 37.59700000 36.72000000 37.29600000 37.35200000 37.35700000 37.33400000 37.32500000 37.29500000 37.26400000 37.28500000
37.59700000 37.59700000 37.59700000 37.59700000 37.59700000 37.59700000 37.59700000 37.59700000 37.59700000 37.59700000 37.59700000 37.59700000 37.59700000 37.59700000 37.59700000 37.59700000 37.59700000 37.59700000 37.59700000 37.59700000 37.59700000 37.59700000 37.19400000 37.31100000 37.32900000 37.31200000 37.29700000 37.25800000 37.26100000 37.31700000
37.59700000 37.59700000 37.59700000 37.59700000 37.59700000 37.59700000 37.59700000 37.59700000 37.59700000 37.59700000 37.59700000 37.59700000 37.59700000 37.59700000 37.59700000 37.59700000 37.59700000 37.59700000 37.59700000 37.59700000 37.59700000 37.59700000 36.92100000 37.12300000 37.25200000 37.19900000 37.20900000 37.26700000 37.25900000 37.32100000
37.59700000 37.59700000 37.59700000 37.59700000 37.59700000 37.59700000 37.59700000 37.59700000 37.59700000 37.59700000 37.59700000 37.59700000 37.59700000 37.59700000 37.59700000 37.59700000 37.59700000 37.59700000 37.59700000 37.59700000 37.59700000 37.59700000 37.59700000 36.76800000 37.17700000 37.22100000 37.22400000 37.24200000 37.27700000 37.29300000
