25.24000000 25.16800000 25.28100000 24.83300000 25.21000000 25.25100000 25.31500000 25.30300000 25.21800000 25.12700000 25.20000000 25.20900000 24.96500000 24.19300000 24.27600000 25.05700000 25.38200000 25.20800000 25.15800000 25.10400000 25.14700000 24.99500000 24.86100000 24.25300000 24.06800000 23.62300000 23.97800000 24.17400000 24.31500000 24.53500000
25.12100000 25.05600000 25.12000000 24.93600000 25.18700000 25.16800000 25.10600000 25.04700000 25.08300000 25.11100000 25.10500000 24.81600000 23.77400000 24.41100000 24.53400000 25.26300000 25.09700000 25.05700000 25.07200000 25.03300000 24.98500000 24.86000000 24.53700000 24.15900000 23.73600000 24.89400000 25.07900000 25.08100000 25.03100000 24.88400000
25.24000000 25.09300000 25.23200000 24.51100000 25.09000000 25.10500000 25.07500000 25.04600000 24.99900000 24.85400000 24.23100000 23.75200000 24.31400000 24.65600000 24.94100000 25.39700000 25.01400000 25.04500000 25.03600000 24.87700000 24.76400000 24.49400000 24.49700000 25.54100000 25.27000000 25.13400000 25.07600000 24.80300000 24.76200000 24.87200000
24.56700000 24.93600000 25.11000000 25.18000000 24.76400000 24.86300000 24.73400000 24.04000000 23.97600000 24.12400000 24.36700000 24.61300000 24.71000000 24.92600000 25.28000000 25.35800000 24.92800000 24.95200000 24.78300000 24.45200000 24.64200000 25.53500000 25.50400000 25.52600000 25.54500000 25.19300000 25.09500000 25.04300000 25.02900000 25.11500000
24.05900000 24.51900000 25.04600000 25.27700000 25.15700000 24.79300000 24.08400000 23.86400000 24.02000000 24.67100000 24.78900000 24.90000000 25.09800000 25.31900000 25.51100000 25.38500000 24.80400000 24.77900000 24.53500000 25.50400000 25.38800000 25.40800000 25.23900000 25.24000000 25.44700000 25.72800000 25.54400000 24.91800000 24.82300000 25.00600000
23.81900000 23.83200000 24.46000000 24.98500000 25.47900000 25.34800000 25.17600000 25.19900000 25.21300000 25.20600000 25.20500000 25.21500000 25.25000000 25.37600000 25.58600000 25.44000000 24.68100000 24.82600000 25.43100000 25.31300000 25.27700000 24.98700000 24.84200000 24.92800000 25.15300000 25.60000000 25.97200000 25.58400000 24.74800000 25.00300000
23.34800000 23.86100000 24.12800000 24.25800000 25.01200000 25.78100000 25.37300000 25.34100000 25.38600000 25.36100000 25.51900000 25.47000000 25.38500000 25.43700000 25.55000000 25.45600000 24.98400000 25.26400000 25.39200000 25.31200000 25.06200000 24.82300000 24.66500000 24.95900000 25.23600000 25.80600000 26.27900000 26.05500000 25.70900000 25.05200000
23.13900000 23.56500000 24.08100000 23.79600000 24.22600000 25.26700000 25.93000000 25.53800000 25.39200000 25.48600000 25.54200000 25.47800000 25.50100000 25.51300000 25.53100000 25.45500000 25.38200000 25.30000000 25.35800000 25.25400000 25.21400000 25.14700000 25.15700000 25.43700000 26.08900000 26.43200000 26.50000000 26.31800000 25.65900000 25.76600000
22.49400000 23.05500000 23.24400000 23.45200000 23.95100000 23.93800000 24.40700000 25.85100000 26.15100000 25.95500000 25.38500000 25.44200000 25.46300000 25.60000000 25.59300000 25.53900000 25.56400000 25.49100000 25.55200000 25.63500000 25.69800000 25.78400000 26.22000000 26.07900000 26.11700000 26.13800000 26.31600000 26.32300000 25.73700000 25.89800000
22.69300000 22.70100000 23.03500000 23.08800000 23.27500000 23.53100000 23.77100000 24.81000000 25.78500000 26.23100000 26.30600000 25.52300000 25.38500000 25.52800000 25.48000000 25.48200000 25.61200000 25.60300000 25.53300000 26.12600000 26.28100000 25.88100000 25.92500000 26.08900000 26.22000000 26.15100000 26.34000000 26.00700000 25.73600000 25.91500000
23.70600000 22.66900000 21.22100000 22.86600000 22.74900000 23.16000000 23.27400000 23.63100000 24.74000000 25.28700000 25.79600000 26.21900000 25.71100000 25.40700000 25.42400000 25.43200000 25.46700000 26.13600000 26.30200000 26.44500000 26.15800000 25.83700000 26.17700000 25.99000000 26.18500000 26.16400000 25.87200000 25.75000000 25.96500000 25.99400000
27.83300000 27.83300000 27.83300000 23.54100000 22.95300000 22.81700000 22.92300000 22.92900000 23.46000000 24.79000000 24.68200000 24.97600000 25.40200000 25.74900000 25.89500000 25.90800000 26.00400000 25.86900000 26.10900000 26.47300000 25.71500000 26.06700000 25.92000000 26.21600000 26.34700000 26.08400000 25.88400000 25.98500000 25.94800000 26.04400000
27.83300000 27.83300000 27.83300000 27.83300000 23.41100000 23.30700000 23.07800000 22.76900000 22.93600000 23.56400000 24.69100000 24.34600000 23.67000000 24.10300000 24.14000000 24.14800000 24.50500000 25.38300000 25.97200000 26.46900000 25.72600000 25.92500000 26.01600000 26.00000000 26.17800000 26.52500000 26.21900000 26.13200000 26.06200000 26.09700000
27.83300000 27.83300000 27.83300000 27.83300000 27.83300000 27.83300000 24.00300000 23.25400000 22.85700000 22.81100000 23.08800000 22.93100000 23.14500000 22.79100000 23.38000000 23.72200000 24.09900000 25.07200000 25.78200000 26.43700000 26.48100000 25.82000000 25.95500000 25.92400000 26.04100000 26.57000000 26.63900000 26.10700000 26.20500000 26.00600000
27.83300000 27.83300000 27.83300000 27.83300000 27.83300000 27.83300000 27.83300000 27.83300000 27.83300000 27.83300000 27.83300000 27.83300000 22.97400000 22.90300000 22.38300000 23.34200000 24.06100000 24.74900000 24.91100000 26.44200000 26.47300000 26.47600000 26.46500000 26.44900000 26.18500000 26.68900000 26.63600000 26.67700000 26.13400000 26.06800000
27.83300000 27.83300000 27.83300000 27.83300000 27.83300000 27.83300000 27.83300000 27.83300000 27.83300000 27.83300000 27.83300000 27.83300000 27.83300000 27.83300000 27.83300000 23.32200000 24.04200000 24.62700000 24.27300000 24.92100000 26.40600000 26.51400000 26.58300000 26.52500000 26.56500000 26.78500000 26.65000000 26.69900000 26.73900000 26.77000000
27.83300000 27.83300000 27.83300000 27.83300000 27.83300000 27.83300000 27.83300000 27.83300000 27.83300000 27.83300000 27.83300000 27.83300000 27.83300000 27.83300000 27.83300000 27.83300000 23.56400000 23.02500000 24.77700000 24.91300000 24.82500000 26.46500000 26.61300000 26.42900000 26.71500000 26.86500000 26.78500000 26.71900000 26.79600000 26.92500000
27.83300000 27.83300000 27.83300000 27.83300000 27.83300000 27.83300000 27.83300000 27.83300000 27.83300000 27.83300000 27.83300000 27.83300000 27.83300000 27.83300000 27.83300000 27.83300000 27.83300000 27.83300000 23.35400000 24.31900000 24.37800000 26.54700000 26.50500000 26.45300000 26.78500000 26.83100000 26.89100000 26.78300000 26.78800000 26.91500000
27.83300000 27.83300000 27.83300000 27.83300000 27.83300000 27.83300000 27.83300000 27.83300000 27.83300000 27.83300000 27.83300000 27.83300000 27.83300000 27.83300000 27.83300000 27.83300000 27.83300000 27.83300000 27.83300000 25.20400000 24.16300000 26.57200000 26.48000000 26.60000000 26.85900000 26.86000000 26.79700000 26.85000000 26.81800000 26.95000000
27.83300000 27.83300000 27.83300000 27.83300000 27.83300000 27.83300000 27.83300000 27.83300000 27.83300000 27.83300000 27.83300000 27.83300000 27.83300000 27.83300000 27.83300000 27.83300000 27.83300000 27.83300000 27.83300000 25.35900000 25.24700000 26.64700000 26.49700000 26.72500000 26.97000000 26.79400000 26.94100000 26.82000000 26.89200000 27.03500000
27.83300000 27.83300000 27.83300000 27.83300000 27.83300000 27.83300000 27.83300000 27.83300000 27.83300000 27.83300000 27.83300000 27.83300000 27.83300000 27.83300000 27.83300000 27.83300000 27.83300000 27.83300000 27.83300000 25.18400000 25.47400000 26.76600000 26.59000000 26.89000000 26.83400000 26.76700000 26.94300000 26.95900000 26.97400000 26.99000000
27.83300000 27.83300000 27.83300000 27.83300000 27.83300000 27.83300000 27.83300000 27.83300000 27.83300000 27.83300000 27.83300000 27.83300000 27.83300000 27.83300000 27.83300000 27.83300000 27.83300000 27.83300000 27.83300000 24.23600000 23.99000000 26.62000000 26.79100000 26.96300000 26.74500000 26.87600000 26.88600000 26.74600000 26.83200000 27.15200000
27.83300000 27.83300000 27.83300000 27.83300000 27.83300000 27.83300000 27.83300000 27.83300000 27.83300000 27.83300000 27.83300000 27.83300000 27.83300000 27.83300000 27.83300000 27.83300000 27.83300000 27.83300000 27.83300000 27.83300000 25.04500000 25.91200000 26.77400000 26.82400000 26.74000000 26.84400000 26.76800000 26.60700000 26.71600000 27.03600000
27.83300000 27.83300000 27.83300000 27.83300000 27.83300000 27.83300000 27.83300000 27.83300000 27.83300000 27.83300000 27.83300000 27.83300000 27.83300000 27.83300000 27.83300000 27.83300000 27.83300000 27.83300000 27.83300000 27.83300000 27.83300000 25.02600000 26.58400000 26.70700000 26.72400000 26.75600000 26.67500000 26.50000000 26.40300000 26.95100000
27.83300000 27.83300000 27.83300000 27.83300000 27.83300000 27.83300000 27.83300000 27.83300000 27.83300000 27.83300000 27.83300000 27.83300000 27.83300000 27.83300000 27.83300000 27.83300000 27.83300000 27.83300000 27.83300000 27.83300000 27.83300000 24.73100000 26.27600000 26.62900000 26.64900000 26.56400000 26.54500000 26.45300000 26.52000000 27.11000000
27.83300000 27.83300000 27.83300000 27.83300000 27.83300000 27.83300000 27.83300000 27.83300000 27.83300000 27.83300000 27.83300000 27.83300000 27.83300000 27.83300000 27.83300000 27.83300000 27.83300000 27.83300000 27.83300000 27.83300000 27.83300000 27.83300000 25.82800000 26.16800000 26.45400000 26.34900000 26.45700000 26.53400000 26.96400000 27.20700000
27.83300000 27.83300000 27.83300000 27.83300000 27.83300000 27.83300000 27.83300000 27.83300000 27.83300000 27.83300000 27.83300000 27.83300000 27.83300000 27.83300000 27.83300000 27.83300000 27.83300000 27.83300000 27.83300000 27.83300000 27.83300000 27.83300000 27.83300000 25.83500000 26.30100000 26.52700000 26.44500000 26.61500000 26.89700000 27.22700000
25.25900000 25.19100000 25.29800000 24.84900000 25.22800000 25.26800000 25.33800000 25.32200000 25.22600000 25.16200000 25.22800000 25.22600000 24.98500000 24.22500000 24.28800000 25.07300000 25.39900000 25.23000000 25.18200000 25.12100000 25.16500000 25.01500000 24.86400000 24.26100000 24.08300000 23.63500000 23.98700000 24.18800000 24.33900000 24.55000000
25.14200000 25.07100000 25.13800000 24.95100000 25.20200000 25.18400000 25.12200000 25.06400000 25.09800000 25.12900000 25.12400000 24.84000000 23.78500000 24.42600000 24.54600000 25.28400000 25.11400000 25.08100000 25.09000000 25.05600000 25.00300000 24.87900000 24.55300000 24.17700000 23.75200000 24.91200000 25.09900000 25.10000000 25.05100000 24.90400000
25.26400000 25.11000000 25.24800000 24.52700000 25.10600000 25.12300000 25.09200000 25.06400000 25.01600000 24.87600000 24.25200000 23.76900000 24.33300000 24.67200000 24.95400000 25.41900000 25.03100000 25.06200000 25.05200000 24.89300000 24.78100000 24.51200000 24.51000000 25.56200000 25.29100000 25.15600000 25.10200000 24.82300000 24.77800000 24.88300000
24.45100000 24.95200000 25.11800000 25.19500000 24.78100000 24.87900000 24.75100000 24.05400000 23.99000000 24.14000000 24.38100000 24.62900000 24.72600000 24.94300000 25.29900000 25.37900000 24.94500000 24.97000000 24.80000000 24.46800000 24.65600000 25.55800000 25.52200000 25.54500000 25.56600000 25.21300000 25.11600000 25.06200000 25.04600000 25.13200000
24.06100000 24.53400000 25.06800000 25.29000000 25.17000000 24.79300000 24.09900000 23.87800000 24.03500000 24.68400000 24.80300000 24.91400000 25.11300000 25.33600000 25.53000000 25.40400000 24.82200000 24.79700000 24.55200000 25.52500000 25.40800000 25.43100000 25.26000000 25.26000000 25.46400000 25.74700000 25.56100000 24.93300000 24.83600000 25.02500000
23.85600000 24.43400000 24.48100000 25.00800000 25.49300000 25.36700000 25.19400000 25.21500000 25.23100000 25.22200000 25.22100000 25.23100000 25.26600000 25.39400000 25.60500000 25.46100000 24.69700000 24.84200000 25.45100000 25.33300000 25.29900000 25.00800000 24.85900000 24.94300000 25.16900000 25.61500000 25.99100000 25.60000000 24.76300000 25.02000000
23.43000000 23.96300000 24.14400000 24.27600000 25.02800000 25.79800000 25.39100000 25.35900000 25.40100000 25.37800000 25.53100000 25.48600000 25.40400000 25.45400000 25.56800000 25.47700000 25.00100000 25.27900000 25.41100000 25.32900000 25.08000000 24.83900000 24.68000000 24.97300000 25.24900000 25.82000000 26.29700000 26.07600000 25.72800000 25.06300000
23.01000000 23.58300000 24.10000000 23.81500000 24.24600000 25.28100000 25.94700000 25.55400000 25.40900000 25.50500000 25.56000000 25.49500000 25.51700000 25.53000000 25.54800000 25.47900000 25.40000000 25.31600000 25.37400000 25.27000000 25.23100000 25.16100000 25.17300000 25.44800000 26.10500000 26.45200000 26.52000000 26.33800000 25.68000000 25.79200000
20.96000000 23.13200000 23.51400000 23.47400000 23.96800000 23.95600000 24.41900000 25.86500000 26.16900000 25.96500000 25.40000000 25.45800000 25.47900000 25.61700000 25.61100000 25.56200000 25.58500000 25.50900000 25.56800000 25.65300000 25.70900000 25.80100000 26.23200000 26.09700000 26.13600000 26.15900000 26.33600000 26.34400000 25.75900000 25.91600000
20.44000000 22.42700000 20.27100000 23.05400000 23.31400000 23.55500000 23.82100000 24.82300000 25.80100000 26.24900000 26.32600000 25.53700000 25.40200000 25.54600000 25.49900000 25.50400000 25.63200000 25.61900000 25.54700000 26.14200000 26.29900000 25.90200000 25.94300000 26.10500000 26.23900000 26.17100000 26.35900000 26.02900000 25.75100000 25.93100000
20.85500000 27.83300000 18.30700000 17.81600000 22.24200000 23.18500000 23.47700000 23.69200000 24.75800000 25.30800000 25.81400000 26.23900000 25.73100000 25.42600000 25.44300000 25.45300000 25.48500000 26.14800000 26.32200000 26.46600000 26.17900000 25.85300000 26.19500000 26.00500000 26.20400000 26.18500000 25.89400000 25.76700000 25.98300000 26.00700000
27.83300000 27.83300000 27.83300000 27.83300000 19.55800000 22.13600000 22.32600000 22.65400000 23.60900000 24.81000000 24.70400000 24.99300000 25.41700000 25.77000000 25.91700000 25.92900000 26.01200000 25.88900000 26.12600000 26.49300000 25.73500000 26.07900000 25.93700000 26.23600000 26.36600000 26.10400000 25.90500000 26.00300000 25.96400000 26.05400000
27.83300000 27.83300000 27.83300000 27.83300000 27.83300000 18.56300000 20.19500000 20.68800000 21.65200000 23.60100000 24.71100000 24.36600000 23.71700000 24.13200000 24.15500000 24.16500000 24.53500000 25.39900000 25.98600000 26.48800000 25.74500000 25.94300000 26.03000000 26.01900000 26.19500000 26.54500000 26.24100000 26.15200000 26.07900000 26.11100000
27.83300000 27.83300000 27.83300000 27.83300000 27.83300000 27.83300000 27.83300000 18.87000000 19.08700000 19.01000000 22.31800000 23.00500000 23.21300000 22.63800000 23.09100000 23.73800000 24.11900000 25.09700000 25.79500000 26.45500000 26.50100000 25.83900000 25.97300000 25.94500000 26.05900000 26.59000000 26.66000000 26.12800000 26.22400000 26.01800000
27.83300000 27.83300000 27.83300000 27.83300000 27.83300000 27.83300000 27.83300000 27.83300000 27.83300000 27.83300000 27.83300000 27.83300000 27.83300000 27.83300000 27.83300000 20.02200000 24.05700000 24.77600000 24.92700000 26.46300000 26.49200000 26.49700000 26.48600000 26.46800000 26.20100000 26.70900000 26.65800000 26.69900000 26.15600000 26.08500000
27.83300000 27.83300000 27.83300000 27.83300000 27.83300000 27.83300000 27.83300000 27.83300000 27.83300000 27.83300000 27.83300000 27.83300000 27.83300000 27.83300000 27.83300000 27.83300000 23.35900000 24.64300000 24.29800000 24.91500000 26.42300000 26.53200000 26.60100000 26.54600000 26.57900000 26.80500000 26.67100000 26.72100000 26.75900000 26.79100000
27.83300000 27.83300000 27.83300000 27.83300000 27.83300000 27.83300000 27.83300000 27.83300000 27.83300000 27.83300000 27.83300000 27.83300000 27.83300000 27.83300000 27.83300000 27.83300000 27.83300000 20.91700000 24.66600000 24.91200000 24.84100000 26.48800000 26.63300000 26.44700000 26.72700000 26.88300000 26.80600000 26.74000000 26.81300000 26.94400000
27.83300000 27.83300000 27.83300000 27.83300000 27.83300000 27.83300000 27.83300000 27.83300000 27.83300000 27.83300000 27.83300000 27.83300000 27.83300000 27.83300000 27.83300000 27.83300000 27.83300000 27.83300000 27.83300000 24.33500000 24.37000000 26.57900000 26.52400000 26.46800000 26.80200000 26.85000000 26.91100000 26.80200000 26.80600000 26.93500000
27.83300000 27.83300000 27.83300000 27.83300000 27.83300000 27.83300000 27.83300000 27.83300000 27.83300000 27.83300000 27.83300000 27.83300000 27.83300000 27.83300000 27.83300000 27.83300000 27.83300000 27.83300000 27.83300000 27.83300000 24.15700000 26.60000000 26.49500000 26.61400000 26.87700000 26.87800000 26.81600000 26.86700000 26.83600000 26.96800000
27.83300000 27.83300000 27.83300000 27.83300000 27.83300000 27.83300000 27.83300000 27.83300000 27.83300000 27.83300000 27.83300000 27.83300000 27.83300000 27.83300000 27.83300000 27.83300000 27.83300000 27.83300000 27.83300000 27.83300000 24.58800000 26.66800000 26.51500000 26.74200000 26.98800000 26.81400000 26.96100000 26.83900000 26.91000000 27.05200000
27.83300000 27.83300000 27.83300000 27.83300000 27.83300000 27.83300000 27.83300000 27.83300000 27.83300000 27.83300000 27.83300000 27.83300000 27.83300000 27.83300000 27.83300000 27.83300000 27.83300000 27.83300000 27.83300000 27.83300000 23.67700000 26.78000000 26.60600000 26.90800000 26.85600000 26.78300000 26.96100000 26.97800000 26.99100000 27.00600000
27.83300000 27.83300000 27.83300000 27.83300000 27.83300000 27.83300000 27.83300000 27.83300000 27.83300000 27.83300000 27.83300000 27.83300000 27.83300000 27.83300000 27.83300000 27.83300000 27.83300000 27.83300000 27.83300000 27.83300000 23.21600000 26.63700000 26.80900000 26.98200000 26.76500000 26.89300000 26.90500000 26.76400000 26.85100000 27.16600000
27.83300000 27.83300000 27.83300000 27.83300000 27.83300000 27.83300000 27.83300000 27.83300000 27.83300000 27.83300000 27.83300000 27.83300000 27.83300000 27.83300000 27.83300000 27.83300000 27.83300000 27.83300000 27.83300000 27.83300000 27.83300000 25.85700000 26.79100000 26.84300000 26.76000000 26.86100000 26.78600000 26.62400000 26.72800000 27.04800000
27.83300000 27.83300000 27.83300000 27.83300000 27.83300000 27.83300000 27.83300000 27.83300000 27.83300000 27.83300000 27.83300000 27.83300000 27.83300000 27.83300000 27.83300000 27.83300000 27.83300000 27.83300000 27.83300000 27.83300000 27.83300000 25.05500000 26.60300000 26.72200000 26.73700000 26.77600000 26.69200000 26.51500000 26.41800000 26.96400000
27.83300000 27.83300000 27.83300000 27.83300000 27.83300000 27.83300000 27.83300000 27.83300000 27.83300000 27.83300000 27.83300000 27.83300000 27.83300000 27.83300000 27.83300000 27.83300000 27.83300000 27.83300000 27.83300000 27.83300000 27.83300000 27.83300000 26.29700000 26.64400000 26.66400000 26.58000000 26.56000000 26.46900000 26.53400000 27.12700000
27.83300000 27.83300000 27.83300000 27.83300000 27.83300000 27.83300000 27.83300000 27.83300000 27.83300000 27.83300000 27.83300000 27.83300000 27.83300000 27.83300000 27.83300000 27.83300000 27.83300000 27.83300000 27.83300000 27.83300000 27.83300000 27.83300000 25.86400000 26.18400000 26.46800000 26.36500000 26.47300000 26.55200000 26.82100000 27.22500000
27.83300000 27.83300000 27.83300000 27.83300000 27.83300000 27.83300000 27.83300000 27.83300000 27.83300000 27.83300000 27.83300000 27.83300000 27.83300000 27.83300000 27.83300000 27.83300000 27.83300000 27.83300000 27.83300000 27.83300000 27.83300000 27.83300000 27.83300000 25.88100000 26.31600000 26.54400000 26.46300000 26.63100000 26.92300000 27.24600000
