25.68600000 25.37600000 25.57200000 25.68000000 25.10000000 24.88700000 25.39000000 25.61100000 25.59000000 25.53100000 25.44300000 25.30500000 25.23100000 24.30600000 24.25900000 25.46600000 25.70800000 25.79400000 25.44000000 25.41700000 25.45600000 25.44400000 25.32600000 24.99100000 24.13100000 23.89800000 24.29200000 24.78600000 24.69100000 24.66900000
25.41400000 25.31800000 25.49200000 25.35800000 24.64500000 25.27900000 25.51900000 25.52700000 25.46000000 25.38300000 25.25000000 25.09000000 24.11900000 24.19000000 24.91300000 25.30000000 25.72100000 25.47400000 25.44300000 25.39100000 25.42500000 25.32000000 25.14000000 24.60000000 23.77500000 24.37100000 24.55400000 24.54000000 24.83600000 25.26700000
25.41100000 25.43400000 25.51800000 25.44500000 24.65300000 25.05200000 25.34700000 25.34700000 25.21400000 24.87500000 24.20200000 23.98600000 24.21400000 24.66400000 24.84200000 25.51500000 25.71300000 25.42600000 25.40400000 25.29500000 25.22000000 25.14500000 24.65700000 24.38500000 24.94700000 25.67100000 25.62000000 25.61400000 25.22500000 25.13200000
24.75900000 25.35300000 25.48100000 25.56300000 25.12300000 24.48000000 24.45000000 24.19900000 24.06700000 24.27500000 24.64100000 24.86400000 24.92000000 24.88000000 24.91600000 25.64500000 25.70800000 25.39700000 25.29500000 25.22000000 24.97400000 24.83200000 25.49500000 25.87600000 25.97700000 25.75500000 25.58300000 25.41200000 25.33600000 25.48400000
24.79500000 24.50400000 25.32700000 25.45900000 25.58100000 25.16400000 24.76000000 24.44300000 24.65200000 24.95400000 25.00800000 25.24900000 25.43400000 25.46200000 25.54200000 25.74200000 25.77600000 25.36000000 25.02900000 24.95100000 25.61400000 25.92500000 25.81200000 25.75400000 25.79500000 25.98600000 25.75400000 25.47300000 25.40300000 25.32900000
24.41400000 24.06100000 25.00500000 25.45400000 25.48700000 25.57300000 25.67200000 25.53900000 25.55200000 25.67600000 25.65700000 25.68400000 25.87000000 25.95100000 25.98000000 25.83900000 25.74700000 25.60900000 25.30800000 25.73100000 25.81000000 25.63800000 25.54500000 25.45900000 25.63100000 25.90700000 25.95100000 26.08700000 25.40000000 25.17700000
24.06600000 23.76100000 24.78800000 25.14300000 25.53800000 25.58500000 25.53600000 25.52300000 25.53700000 25.59400000 25.76900000 25.86500000 25.84700000 25.92500000 25.99700000 25.84300000 25.85600000 25.86600000 25.71700000 25.73500000 25.59700000 25.42000000 25.14300000 25.03200000 25.35500000 25.77100000 26.15900000 26.08500000 26.12300000 25.62000000
23.91500000 23.67600000 24.44400000 24.53300000 25.10700000 25.68100000 25.81400000 25.71600000 25.72100000 25.78600000 25.95200000 25.91700000 25.90100000 25.96800000 26.00900000 25.84100000 25.94500000 25.96400000 25.80600000 25.68900000 25.61200000 25.46100000 25.30900000 25.39100000 25.63200000 26.06300000 26.50800000 26.44700000 25.98700000 26.16300000
23.69000000 24.10500000 24.17000000 24.47900000 24.31800000 24.66300000 25.21500000 26.00200000 25.80600000 25.79400000 25.91200000 25.92600000 25.90900000 25.90400000 25.87200000 25.87400000 25.90700000 26.04800000 26.11200000 26.13300000 25.95700000 25.82000000 25.82600000 26.04500000 26.43000000 26.91900000 26.81800000 26.54400000 26.01000000 26.23300000
23.41400000 23.58800000 23.82900000 24.10300000 24.13400000 24.28000000 24.38300000 24.91300000 26.26400000 26.24900000 26.04500000 25.93400000 25.79300000 25.73400000 25.78300000 25.85200000 25.82600000 25.90700000 26.01200000 26.93500000 27.03000000 27.00800000 27.01700000 26.97500000 26.74400000 26.57900000 26.71300000 26.28000000 26.04700000 26.23700000
24.35100000 23.48500000 23.60500000 23.91200000 23.65400000 23.77700000 24.14000000 24.18100000 24.62900000 25.79400000 26.45500000 26.69100000 26.73500000 26.73800000 26.02900000 25.76300000 25.99200000 26.85900000 26.36200000 26.31000000 26.43800000 26.39800000 26.35600000 26.43600000 26.52300000 26.60900000 26.46800000 26.03400000 26.38400000 26.30900000
27.83300000 27.83300000 27.83300000 24.03800000 23.55200000 23.47900000 23.65400000 23.67200000 23.85200000 24.30100000 24.88900000 26.18300000 26.12800000 26.38000000 26.58500000 26.45300000 26.19400000 25.86100000 26.10200000 26.87500000 26.20300000 26.38200000 26.51800000 26.26900000 26.24400000 26.42200000 26.58300000 26.34000000 26.52200000 26.40700000
27.83300000 27.83300000 27.83300000 27.83300000 24.00100000 23.75700000 23.47700000 23.60800000 23.50700000 23.81500000 24.42700000 25.06100000 25.63900000 24.87200000 24.59300000 25.11200000 25.07600000 24.80000000 26.52200000 26.86700000 26.15000000 26.24900000 26.17300000 26.40300000 26.58200000 26.75900000 26.60100000 26.27600000 26.52900000 26.41100000
27.83300000 27.83300000 27.83300000 27.83300000 27.83300000 27.83300000 24.68700000 24.12000000 23.47800000 23.52000000 23.82600000 23.87900000 24.31500000 24.07000000 23.49900000 23.87400000 24.53400000 24.56700000 26.27900000 26.87600000 26.55200000 26.05700000 26.22100000 26.31200000 26.34400000 26.74800000 26.98400000 26.78000000 26.27500000 26.41700000
27.83300000 27.83300000 27.83300000 27.83300000 27.83300000 27.83300000 27.83300000 27.83300000 27.83300000 27.83300000 27.83300000 27.83300000 23.49500000 23.40600000 22.71200000 23.59300000 24.20400000 24.45000000 25.69600000 26.46000000 26.97800000 26.92600000 26.45000000 26.23600000 26.33900000 26.87400000 27.01400000 27.09100000 26.85200000 26.39300000
27.83300000 27.83300000 27.83300000 27.83300000 27.83300000 27.83300000 27.83300000 27.83300000 27.83300000 27.83300000 27.83300000 27.83300000 27.83300000 27.83300000 27.83300000 23.83000000 24.09300000 24.49800000 25.21700000 25.82700000 26.51200000 26.99200000 26.90300000 27.01700000 26.45800000 26.95200000 27.05000000 27.01600000 27.10400000 27.19800000
27.83300000 27.83300000 27.83300000 27.83300000 27.83300000 27.83300000 27.83300000 27.83300000 27.83300000 27.83300000 27.83300000 27.83300000 27.83300000 27.83300000 27.83300000 27.83300000 24.06300000 24.25800000 25.45900000 25.57300000 25.44300000 26.81400000 26.90800000 27.01100000 26.64300000 26.99200000 27.16200000 27.01200000 27.00800000 27.21200000
27.83300000 27.83300000 27.83300000 27.83300000 27.83300000 27.83300000 27.83300000 27.83300000 27.83300000 27.83300000 27.83300000 27.83300000 27.83300000 27.83300000 27.83300000 27.83300000 27.83300000 27.83300000 23.08100000 25.61900000 25.81100000 25.23300000 26.92500000 26.98900000 26.75500000 27.07600000 27.23400000 27.20200000 27.07200000 27.05700000
27.83300000 27.83300000 27.83300000 27.83300000 27.83300000 27.83300000 27.83300000 27.83300000 27.83300000 27.83300000 27.83300000 27.83300000 27.83300000 27.83300000 27.83300000 27.83300000 27.83300000 27.83300000 27.83300000 25.88300000 25.70400000 26.22800000 26.91300000 26.98100000 26.80200000 27.12400000 27.19200000 27.18300000 27.19700000 27.14700000
27.83300000 27.83300000 27.83300000 27.83300000 27.83300000 27.83300000 27.83300000 27.83300000 27.83300000 27.83300000 27.83300000 27.83300000 27.83300000 27.83300000 27.83300000 27.83300000 27.83300000 27.83300000 27.83300000 25.99200000 21.78700000 26.47100000 26.88900000 26.82800000 26.96900000 27.26200000 27.35200000 27.20300000 27.18600000 27.23600000
27.83300000 27.83300000 27.83300000 27.83300000 27.83300000 27.83300000 27.83300000 27.83300000 27.83300000 27.83300000 27.83300000 27.83300000 27.83300000 27.83300000 27.83300000 27.83300000 27.83300000 27.83300000 27.83300000 25.91600000 23.74500000 26.41200000 26.95100000 26.85400000 27.14500000 27.32100000 27.09900000 27.25800000 27.25600000 27.23200000
27.83300000 27.83300000 27.83300000 27.83300000 27.83300000 27.83300000 27.83300000 27.83300000 27.83300000 27.83300000 27.83300000 27.83300000 27.83300000 27.83300000 27.83300000 27.83300000 27.83300000 27.83300000 27.83300000 25.61500000 23.72600000 26.33800000 27.16100000 27.04400000 27.31500000 27.10800000 27.08400000 27.27700000 27.28200000 27.30600000
27.83300000 27.83300000 27.83300000 27.83300000 27.83300000 27.83300000 27.83300000 27.83300000 27.83300000 27.83300000 27.83300000 27.83300000 27.83300000 27.83300000 27.83300000 27.83300000 27.83300000 27.83300000 27.83300000 27.83300000 25.85900000 25.38800000 27.04200000 27.23500000 27.15300000 27.07400000 27.26500000 27.22200000 27.34500000 27.37200000
27.83300000 27.83300000 27.83300000 27.83300000 27.83300000 27.83300000 27.83300000 27.83300000 27.83300000 27.83300000 27.83300000 27.83300000 27.83300000 27.83300000 27.83300000 27.83300000 27.83300000 27.83300000 27.83300000 27.83300000 27.83300000 24.60000000 26.27800000 27.06900000 27.09100000 27.05400000 27.18800000 27.07500000 27.10600000 27.34200000
27.83300000 27.83300000 27.83300000 27.83300000 27.83300000 27.83300000 27.83300000 27.83300000 27.83300000 27.83300000 27.83300000 27.83300000 27.83300000 27.83300000 27.83300000 27.83300000 27.83300000 27.83300000 27.83300000 27.83300000 27.83300000 25.93500000 26.29600000 26.83200000 26.98800000 27.01500000 26.95100000 26.89700000 26.90100000 27.04600000
27.83300000 27.83300000 27.83300000 27.83300000 27.83300000 27.83300000 27.83300000 27.83300000 27.83300000 27.83300000 27.83300000 27.83300000 27.83300000 27.83300000 27.83300000 27.83300000 27.83300000 27.83300000 27.83300000 27.83300000 27.83300000 27.83300000 26.38900000 26.84000000 26.64600000 26.76100000 26.74500000 26.84200000 26.83700000 27.12800000
27.83300000 27.83300000 27.83300000 27.83300000 27.83300000 27.83300000 27.83300000 27.83300000 27.83300000 27.83300000 27.83300000 27.83300000 27.83300000 27.83300000 27.83300000 27.83300000 27.83300000 27.83300000 27.83300000 27.83300000 27.83300000 27.83300000 27.83300000 26.27900000 26.92700000 26.80300000 26.89000000 27.02800000 27.13000000 27.34300000
25.74300000 25.36600000 25.60900000 25.72900000 25.19100000 24.93100000 25.40500000 25.66500000 25.60500000 25.55300000 25.46200000 25.33600000 25.28100000 24.31300000 24.27400000 25.46700000 25.73600000 25.82500000 25.47500000 25.47900000 25.46600000 25.44000000 25.30200000 24.97500000 24.13500000 23.89200000 24.30200000 24.75800000 24.69500000 24.68000000
25.44100000 25.33800000 25.51600000 25.38000000 24.66400000 25.30200000 25.54200000 25.55100000 25.48500000 25.40500000 25.27400000 25.11000000 24.13700000 24.20900000 24.93300000 25.32100000 25.74200000 25.49400000 25.46200000 25.41100000 25.44300000 25.33700000 25.15000000 24.61000000 23.78700000 24.38300000 24.56600000 24.55200000 24.88400000 25.30600000
25.43400000 25.46000000 25.54000000 25.46900000 24.67500000 25.07400000 25.36900000 25.37000000 25.23500000 24.89200000 24.22100000 24.00300000 24.23000000 24.68300000 24.85900000 25.53500000 25.73200000 25.44500000 25.42200000 25.31400000 25.23600000 25.15400000 24.67100000 24.40100000 24.96300000 25.68500000 25.63600000 25.62700000 25.23600000 25.14700000
24.79400000 25.37800000 25.50200000 25.58700000 25.14600000 24.49900000 24.46900000 24.21800000 24.08500000 24.29300000 24.66000000 24.88400000 24.93900000 24.90000000 24.93400000 25.66300000 25.73200000 25.41700000 25.31100000 25.23600000 24.98800000 24.84300000 25.51300000 25.89200000 25.99200000 25.76800000 25.59600000 25.42700000 25.35000000 25.50000000
24.66100000 24.61700000 25.35300000 25.47900000 25.60200000 25.18700000 24.78300000 24.46200000 24.67300000 24.97500000 25.02900000 25.27100000 25.45900000 25.48800000 25.56600000 25.76100000 25.79400000 25.37500000 25.04400000 24.96200000 25.62800000 25.94000000 25.82500000 25.77200000 25.81000000 25.99600000 25.76800000 25.48500000 25.41700000 25.34000000
24.10600000 24.16800000 25.05700000 25.48200000 25.51000000 25.59300000 25.69200000 25.56200000 25.57500000 25.69700000 25.67700000 25.70600000 25.89000000 25.97300000 26.00000000 25.85500000 25.76500000 25.62400000 25.32100000 25.74900000 25.82400000 25.65800000 25.56200000 25.47300000 25.64300000 25.92100000 25.96200000 26.09600000 25.41200000 25.18600000
24.02100000 24.24600000 24.85600000 25.16800000 25.56000000 25.60500000 25.55500000 25.54300000 25.55600000 25.61500000 25.79100000 25.88000000 25.86700000 25.94200000 26.01600000 25.85500000 25.87200000 25.88300000 25.73200000 25.74900000 25.61400000 25.43600000 25.15700000 25.04500000 25.36700000 25.78400000 26.17300000 26.09200000 26.13700000 25.63600000
23.72700000 23.63900000 25.14500000 24.55900000 25.13200000 25.70000000 25.83100000 25.73600000 25.74200000 25.80700000 25.97000000 25.93300000 25.91900000 25.98300000 26.02400000 25.85600000 25.96300000 25.98000000 25.82300000 25.70200000 25.62800000 25.47300000 25.31900000 25.40000000 25.64200000 26.07800000 26.52000000 26.45700000 25.99600000 26.17800000
21.19600000 22.30200000 24.61000000 24.50500000 24.34100000 24.68400000 25.23500000 26.02000000 25.82400000 25.81000000 25.92700000 25.94200000 25.92300000 25.91900000 25.88800000 25.89000000 25.92300000 26.06300000 26.12600000 26.14900000 25.97200000 25.83300000 25.83800000 26.05900000 26.44400000 26.93100000 26.82700000 26.55500000 26.01600000 26.24600000
20.15600000 20.39600000 23.73900000 24.09600000 24.16300000 24.29500000 24.40400000 24.93000000 26.28100000 26.26400000 26.06000000 25.95000000 25.80900000 25.75100000 25.79800000 25.86700000 25.84100000 25.92300000 26.02700000 26.94600000 27.03800000 27.01900000 27.03000000 26.98500000 26.75100000 26.59100000 26.72900000 26.28900000 26.06400000 26.24800000
22.12200000 27.83300000 21.53800000 22.19300000 22.96900000 23.57700000 24.17700000 24.56600000 24.70100000 25.80700000 26.47400000 26.71400000 26.75500000 26.74900000 26.05000000 25.78000000 26.01100000 26.86900000 26.37500000 26.32000000 26.44900000 26.40900000 26.36600000 26.44800000 26.53700000 26.62600000 26.47900000 26.04700000 26.39600000 26.32000000
27.83300000 27.83300000 27.83300000 27.83300000 21.28200000 21.08700000 22.34900000 23.13100000 23.67700000 24.38600000 24.90100000 26.20500000 26.14400000 26.39400000 26.59600000 26.46500000 26.20600000 25.87200000 26.11200000 26.88700000 26.21000000 26.39500000 26.52800000 26.27800000 26.25400000 26.43900000 26.59800000 26.35100000 26.53200000 26.41600000
27.83300000 27.83300000 27.83300000 27.83300000 27.83300000 21.03200000 20.03300000 21.17000000 21.51400000 23.05800000 24.42000000 25.06800000 25.66000000 24.88700000 24.59900000 25.12700000 25.08800000 24.81600000 26.53000000 26.87700000 26.15300000 26.25800000 26.18200000 26.41700000 26.59200000 26.76700000 26.60400000 26.28700000 26.54000000 26.42200000
27.83300000 27.83300000 27.83300000 27.83300000 27.83300000 27.83300000 27.83300000 23.71200000 21.77900000 21.40500000 22.86400000 23.75300000 24.25700000 23.81300000 23.13900000 23.72800000 24.54700000 24.63400000 26.29000000 26.88800000 26.55100000 26.06700000 26.23400000 26.32300000 26.35800000 26.76500000 26.99500000 26.78300000 26.28600000 26.42700000
27.83300000 27.83300000 27.83300000 27.83300000 27.83300000 27.83300000 27.83300000 27.83300000 27.83300000 27.83300000 27.83300000 27.83300000 27.83300000 27.83300000 27.83300000 20.10000000 24.19000000 24.50800000 25.70700000 26.46900000 26.98900000 26.93300000 26.45000000 26.24800000 26.35300000 26.88800000 27.02600000 27.10400000 26.85400000 26.39900000
27.83300000 27.83300000 27.83300000 27.83300000 27.83300000 27.83300000 27.83300000 27.83300000 27.83300000 27.83300000 27.83300000 27.83300000 27.83300000 27.83300000 27.83300000 27.83300000 22.88800000 23.48600000 25.23900000 25.84000000 26.52400000 27.00400000 26.91600000 27.02600000 26.46400000 26.96400000 27.06200000 27.02800000 27.11800000 27.20800000
27.83300000 27.83300000 27.83300000 27.83300000 27.83300000 27.83300000 27.83300000 27.83300000 27.83300000 27.83300000 27.83300000 27.83300000 27.83300000 27.83300000 27.83300000 27.83300000 27.83300000 21.28700000 24.37600000 25.52900000 25.39500000 26.82900000 26.91900000 27.03000000 26.64800000 27.00400000 27.17400000 27.02200000 27.01900000 27.22100000
27.83300000 27.83300000 27.83300000 27.83300000 27.83300000 27.83300000 27.83300000 27.83300000 27.83300000 27.83300000 27.83300000 27.83300000 27.83300000 27.83300000 27.83300000 27.83300000 27.83300000 27.83300000 27.83300000 25.54500000 25.80400000 25.27700000 26.93600000 27.00100000 26.76000000 27.08700000 27.24600000 27.21400000 27.08300000 27.06600000
27.83300000 27.83300000 27.83300000 27.83300000 27.83300000 27.83300000 27.83300000 27.83300000 27.83300000 27.83300000 27.83300000 27.83300000 27.83300000 27.83300000 27.83300000 27.83300000 27.83300000 27.83300000 27.83300000 27.83300000 25.26200000 26.41700000 26.92200000 26.99100000 26.81000000 27.13700000 27.20400000 27.19400000 27.20900000 27.15500000
27.83300000 27.83300000 27.83300000 27.83300000 27.83300000 27.83300000 27.83300000 27.83300000 27.83300000 27.83300000 27.83300000 27.83300000 27.83300000 27.83300000 27.83300000 27.83300000 27.83300000 27.83300000 27.83300000 27.83300000 21.25000000 26.62000000 26.90100000 26.83500000 26.97900000 27.27400000 27.36500000 27.21500000 27.19700000 27.24600000
27.83300000 27.83300000 27.83300000 27.83300000 27.83300000 27.83300000 27.83300000 27.83300000 27.83300000 27.83300000 27.83300000 27.83300000 27.83300000 27.83300000 27.83300000 27.83300000 27.83300000 27.83300000 27.83300000 27.83300000 18.94100000 26.66800000 26.96300000 26.86600000 27.15800000 27.33500000 27.11200000 27.27200000 27.26800000 27.24300000
27.83300000 27.83300000 27.83300000 27.83300000 27.83300000 27.83300000 27.83300000 27.83300000 27.83300000 27.83300000 27.83300000 27.83300000 27.83300000 27.83300000 27.83300000 27.83300000 27.83300000 27.83300000 27.83300000 27.83300000 19.73300000 26.50700000 27.17600000 27.05500000 27.32800000 27.12100000 27.09600000 27.29100000 27.29400000 27.33300000
27.83300000 27.83300000 27.83300000 27.83300000 27.83300000 27.83300000 27.83300000 27.83300000 27.83300000 27.83300000 27.83300000 27.83300000 27.83300000 27.83300000 27.83300000 27.83300000 27.83300000 27.83300000 27.83300000 27.83300000 27.83300000 24.15600000 27.05800000 27.24800000 27.16500000 27.08700000 27.27800000 27.23700000 27.35900000 27.38500000
27.83300000 27.83300000 27.83300000 27.83300000 27.83300000 27.83300000 27.83300000 27.83300000 27.83300000 27.83300000 27.83300000 27.83300000 27.83300000 27.83300000 27.83300000 27.83300000 27.83300000 27.83300000 27.83300000 27.83300000 27.83300000 22.46600000 26.43500000 27.08100000 27.10400000 27.06400000 27.20200000 27.09100000 27.12200000 27.35500000
27.83300000 27.83300000 27.83300000 27.83300000 27.83300000 27.83300000 27.83300000 27.83300000 27.83300000 27.83300000 27.83300000 27.83300000 27.83300000 27.83300000 27.83300000 27.83300000 27.83300000 27.83300000 27.83300000 27.83300000 27.83300000 27.83300000 26.04000000 26.84500000 27.00000000 27.02700000 26.96400000 26.91000000 26.91500000 27.06200000
27.83300000 27.83300000 27.83300000 27.83300000 27.83300000 27.83300000 27.83300000 27.83300000 27.83300000 27.83300000 27.83300000 27.83300000 27.83300000 27.83300000 27.83300000 27.83300000 27.83300000 27.83300000 27.83300000 27.83300000 27.83300000 27.83300000 22.72700000 26.82200000 26.65300000 26.77300000 26.75700000 26.85500000 26.85300000 27.13700000
27.83300000 27.83300000 27.83300000 27.83300000 27.83300000 27.83300000 27.83300000 27.83300000 27.83300000 27.83300000 27.83300000 27.83300000 27.83300000 27.83300000 27.83300000 27.83300000 27.83300000 27.83300000 27.83300000 27.83300000 27.83300000 27.83300000 27.83300000 26.54700000 26.94100000 26.81300000 26.90200000 27.04300000 27.14600000 27.35700000
