36.99100000 36.97000000 36.93000000 36.90600000 37.12100000 37.23200000 37.24400000 37.24700000 37.20100000 37.19100000 37.12000000 37.00300000 36.88200000 36.67900000 36.71900000 36.87200000 37.00900000 36.99900000 37.06100000 37.05300000 37.00600000 36.98600000 36.86100000 36.57900000 36.54700000 36.29000000 36.54400000 36.50900000 36.49700000 36.47900000
36.98700000 36.86000000 36.93900000 37.11700000 37.19900000 37.19100000 37.18900000 37.18300000 37.15900000 37.09200000 36.98800000 36.87100000 36.48600000 36.81200000 36.84000000 37.01300000 37.04100000 37.06800000 37.06700000 37.03200000 36.99200000 36.90700000 36.77800000 36.65700000 36.52200000 36.99200000 37.05400000 37.04600000 37.06600000 37.06300000
36.98800000 36.87300000 36.91600000 36.93600000 37.15000000 37.13900000 37.08400000 37.03300000 36.97200000 36.90700000 36.72700000 36.45300000 36.78800000 36.89900000 36.89700000 37.12800000 36.97500000 37.05700000 37.03800000 36.96300000 36.88300000 36.79700000 36.80000000 37.23200000 37.07800000 37.04400000 37.04600000 36.94700000 36.91100000 36.85500000
36.52400000 37.00100000 36.89500000 36.92700000 37.01700000 37.02700000 36.95900000 36.62600000 36.60100000 36.72100000 36.84800000 36.92700000 36.89400000 36.89600000 36.95400000 37.09600000 36.93000000 37.00200000 36.92300000 36.78500000 36.84700000 37.25400000 37.26500000 37.26500000 37.26300000 37.05100000 37.03000000 36.99300000 36.96300000 36.87400000
35.84800000 36.94400000 37.04200000 37.06100000 36.83800000 36.95500000 36.66800000 36.54100000 36.66700000 36.95200000 36.92600000 36.91200000 36.92800000 36.94400000 37.01200000 37.09600000 36.87700000 36.91100000 36.77600000 37.22100000 37.24700000 37.22200000 37.18000000 37.17500000 37.20500000 37.25700000 37.26500000 36.83800000 36.68500000 36.64100000
35.63000000 36.40500000 36.88000000 37.04400000 37.19100000 37.00600000 36.83400000 36.83600000 36.84100000 36.83200000 36.83400000 36.85000000 36.87800000 36.94700000 37.04300000 37.14900000 36.81200000 36.90500000 37.18200000 37.21600000 37.19700000 37.09900000 37.01400000 37.05100000 37.15800000 37.22100000 37.30200000 37.26200000 36.66300000 36.61300000
35.47000000 36.04300000 36.68300000 36.74500000 37.05200000 37.26100000 36.93700000 36.91600000 36.92300000 36.92000000 37.03200000 37.00600000 36.99400000 37.01900000 37.03600000 37.11100000 36.96800000 37.11900000 37.20600000 37.20400000 37.12400000 37.01700000 36.97000000 37.06600000 37.16500000 37.23400000 37.38300000 37.35800000 37.26200000 36.66400000
35.66200000 36.14400000 36.65400000 36.47700000 36.61000000 37.14100000 37.34500000 37.06400000 36.90200000 36.93900000 36.97400000 36.97200000 37.02500000 37.04400000 37.03500000 37.10200000 37.16000000 37.13200000 37.15600000 37.18400000 37.17000000 37.13900000 37.16200000 37.18100000 37.31800000 37.46600000 37.47500000 37.44200000 37.27900000 37.27300000
35.38100000 35.61700000 35.79300000 36.28300000 36.66700000 36.37900000 36.82700000 37.31800000 37.38600000 37.30000000 36.94800000 36.94400000 36.96200000 37.06800000 37.06400000 37.17800000 37.23400000 37.20700000 37.22000000 37.25200000 37.22300000 37.16700000 37.40200000 37.38400000 37.38900000 37.40300000 37.45100000 37.45300000 37.28600000 37.26500000
35.20200000 35.49600000 35.45100000 36.02900000 36.25400000 36.29700000 36.22900000 37.05200000 37.29800000 37.40700000 37.40900000 37.03100000 36.97700000 36.95200000 36.97600000 37.10100000 37.20900000 37.19100000 37.02400000 37.33700000 37.35700000 37.29900000 37.33500000 37.39700000 37.42800000 37.42200000 37.46100000 37.33400000 37.27500000 37.24100000
34.79100000 34.92900000 35.48000000 35.38900000 35.78700000 36.14700000 35.93900000 36.22400000 37.02300000 37.15900000 37.28800000 37.39400000 37.10600000 36.99800000 36.99000000 37.01800000 37.04400000 37.34300000 37.36300000 37.38600000 37.32700000 37.29300000 37.40900000 37.29100000 37.36500000 37.37200000 37.32200000 37.27400000 37.28100000 37.20200000
37.59700000 37.59700000 37.59700000 35.16000000 35.46400000 35.66900000 35.77200000 35.72000000 36.23100000 37.08900000 36.99600000 37.07300000 37.15600000 37.24800000 37.29300000 37.29100000 37.32100000 37.25500000 37.29500000 37.36900000 37.23000000 37.34900000 37.26800000 37.27500000 37.34100000 37.33100000 37.29800000 37.31400000 37.22900000 37.17400000
37.59700000 37.59700000 37.59700000 37.59700000 35.17500000 35.33800000 35.42000000 35.54500000 35.58300000 36.39600000 37.02600000 36.80500000 36.43800000 36.69500000 36.71800000 36.45300000 36.65600000 37.16800000 37.21400000 37.36300000 37.19900000 37.28000000 37.25100000 37.23400000 37.32900000 37.39000000 37.35900000 37.35000000 37.31100000 37.20800000
37.59700000 37.59700000 37.59700000 37.59700000 37.59700000 37.59700000 35.33400000 35.44600000 35.53700000 35.61400000 35.95000000 36.15700000 36.24500000 36.16600000 36.28200000 36.48100000 36.24400000 37.05100000 37.14700000 37.38200000 37.37300000 37.20800000 37.21700000 37.19500000 37.28700000 37.38300000 37.46400000 37.34000000 37.38800000 37.22000000
37.59700000 37.59700000 37.59700000 37.59700000 37.59700000 37.59700000 37.59700000 37.59700000 37.59700000 37.59700000 37.59700000 37.59700000 35.74000000 36.08400000 36.17400000 36.04400000 36.06800000 36.78600000 36.93000000 37.35200000 37.42800000 37.40800000 37.36800000 37.37000000 37.33900000 37.38500000 37.41800000 37.48800000 37.34300000 37.36400000
37.59700000 37.59700000 37.59700000 37.59700000 37.59700000 37.59700000 37.59700000 37.59700000 37.59700000 37.59700000 37.59700000 37.59700000 37.59700000 37.59700000 37.59700000 35.98700000 36.09500000 36.64400000 36.89100000 36.99400000 37.29600000 37.42900000 37.40500000 37.40200000 37.34000000 37.35900000 37.42600000 37.49300000 37.52700000 37.56000000
37.59700000 37.59700000 37.59700000 37.59700000 37.59700000 37.59700000 37.59700000 37.59700000 37.59700000 37.59700000 37.59700000 37.59700000 37.59700000 37.59700000 37.59700000 37.59700000 35.93400000 36.16000000 36.86300000 36.99600000 36.89000000 37.34500000 37.41800000 37.38700000 37.31200000 37.36100000 37.39200000 37.35900000 37.49100000 37.56000000
37.59700000 37.59700000 37.59700000 37.59700000 37.59700000 37.59700000 37.59700000 37.59700000 37.59700000 37.59700000 37.59700000 37.59700000 37.59700000 37.59700000 37.59700000 37.59700000 37.59700000 37.59700000 36.21700000 36.73600000 36.78600000 37.33900000 37.42900000 37.39000000 37.33300000 37.35000000 37.38900000 37.34600000 37.34800000 37.47400000
37.59700000 37.59700000 37.59700000 37.59700000 37.59700000 37.59700000 37.59700000 37.59700000 37.59700000 37.59700000 37.59700000 37.59700000 37.59700000 37.59700000 37.59700000 37.59700000 37.59700000 37.59700000 37.59700000 36.87500000 36.73100000 37.33900000 37.42900000 37.33300000 37.37300000 37.40100000 37.35600000 37.36600000 37.33600000 37.38900000
37.59700000 37.59700000 37.59700000 37.59700000 37.59700000 37.59700000 37.59700000 37.59700000 37.59700000 37.59700000 37.59700000 37.59700000 37.59700000 37.59700000 37.59700000 37.59700000 37.59700000 37.59700000 37.59700000 36.93400000 36.94600000 37.34100000 37.40200000 37.32000000 37.42200000 37.39900000 37.43000000 37.36000000 37.35200000 37.39400000
37.59700000 37.59700000 37.59700000 37.59700000 37.59700000 37.59700000 37.59700000 37.59700000 37.59700000 37.59700000 37.59700000 37.59700000 37.59700000 37.59700000 37.59700000 37.59700000 37.59700000 37.59700000 37.59700000 36.84100000 36.92000000 37.36900000 37.32800000 37.38100000 37.38700000 37.39800000 37.41700000 37.42000000 37.36900000 37.34700000
37.59700000 37.59700000 37.59700000 37.59700000 37.59700000 37.59700000 37.59700000 37.59700000 37.59700000 37.59700000 37.59700000 37.59700000 37.59700000 37.59700000 37.59700000 37.59700000 37.59700000 37.59700000 37.59700000 35.98300000 36.65700000 37.32200000 37.36100000 37.41400000 37.38600000 37.38600000 37.37200000 37.34500000 37.33700000 37.38000000
37.59700000 37.59700000 37.59700000 37.59700000 37.59700000 37.59700000 37.59700000 37.59700000 37.59700000 37.59700000 37.59700000 37.59700000 37.59700000 37.59700000 37.59700000 37.59700000 37.59700000 37.59700000 37.59700000 37.59700000 36.65500000 37.06600000 37.36900000 37.37400000 37.38200000 37.35100000 37.32100000 37.30100000 37.29000000 37.33100000
37.59700000 37.59700000 37.59700000 37.59700000 37.59700000 37.59700000 37.59700000 37.59700000 37.59700000 37.59700000 37.59700000 37.59700000 37.59700000 37.59700000 37.59700000 37.59700000 37.59700000 37.59700000 37.59700000 37.59700000 37.59700000 36.72400000 37.29400000 37.35400000 37.35800000 37.33500000 37.32600000 37.29400000 37.26100000 37.28700000
37.59700000 37.59700000 37.59700000 37.59700000 37.59700000 37.59700000 37.59700000 37.59700000 37.59700000 37.59700000 37.59700000 37.59700000 37.59700000 37.59700000 37.59700000 37.59700000 37.59700000 37.59700000 37.59700000 37.59700000 37.59700000 36.54400000 37.19200000 37.31300000 37.33000000 37.31300000 37.29700000 37.25600000 37.27400000 37.31700000
37.59700000 37.59700000 37.59700000 37.59700000 37.59700000 37.59700000 37.59700000 37.59700000 37.59700000 37.59700000 37.59700000 37.59700000 37.59700000 37.59700000 37.59700000 37.59700000 37.59700000 37.59700000 37.59700000 37.59700000 37.59700000 37.59700000 36.91700000 37.12300000 37.25300000 37.19600000 37.21100000 37.27300000 37.28800000 37.32300000
37.59700000 37.59700000 37.59700000 37.59700000 37.59700000 37.59700000 37.59700000 37.59700000 37.59700000 37.59700000 37.59700000 37.59700000 37.59700000 37.59700000 37.59700000 37.59700000 37.59700000 37.59700000 37.59700000 37.59700000 37.59700000 37.59700000 37.59700000 36.76400000 37.18100000 37.22600000 37.22800000 37.24300000 37.27600000 37.29000000
36.98700000 36.96900000 36.92900000 36.90600000 37.11800000 37.23100000 37.24400000 37.24600000 37.20000000 37.19000000 37.12300000 37.00300000 36.88200000 36.68000000 36.71700000 36.87000000 37.00800000 36.99800000 37.06000000 37.05200000 37.00500000 36.98500000 36.85500000 36.57500000 36.54700000 36.28800000 36.54300000 36.50900000 36.49600000 36.47900000
36.98600000 36.86000000 36.93800000 37.11600000 37.19800000 37.19000000 37.18800000 37.18200000 37.15900000 37.09100000 36.98800000 36.87000000 36.48500000 36.81000000 36.83900000 37.01200000 37.04100000 37.06600000 37.06600000 37.03100000 36.99200000 36.90600000 36.77800000 36.65700000 36.52000000 36.99000000 37.05400000 37.04500000 37.06600000 37.06300000
36.98800000 36.87200000 36.91600000 36.93600000 37.15000000 37.13900000 37.08400000 37.03300000 36.97200000 36.90600000 36.72700000 36.45200000 36.78600000 36.89800000 36.89600000 37.12700000 36.97400000 37.05700000 37.03800000 36.96200000 36.88300000 36.79700000 36.79800000 37.23000000 37.07800000 37.04300000 37.04600000 36.94700000 36.91000000 36.85400000
36.60300000 37.00000000 36.89400000 36.92600000 37.01700000 37.02700000 36.95900000 36.62700000 36.60000000 36.72000000 36.84700000 36.92600000 36.89400000 36.89500000 36.95300000 37.09600000 36.92900000 37.00100000 36.92200000 36.78500000 36.84500000 37.25300000 37.26400000 37.26400000 37.26200000 37.05000000 37.02900000 36.99300000 36.96300000 36.87300000
35.85500000 36.94200000 37.04100000 37.06100000 36.83700000 36.94900000 36.66800000 36.54000000 36.66500000 36.95100000 36.92500000 36.91200000 36.92700000 36.94400000 37.01100000 37.09500000 36.87600000 36.91000000 36.77500000 37.21900000 37.24600000 37.22100000 37.17900000 37.17400000 37.20400000 37.25500000 37.26500000 36.83800000 36.68500000 36.64000000
35.68000000 36.76900000 36.88000000 37.04300000 37.19000000 37.00500000 36.83300000 36.83600000 36.84100000 36.83100000 36.83300000 36.84900000 36.87700000 36.94600000 37.04200000 37.14800000 36.81100000 36.90300000 37.18000000 37.21500000 37.19600000 37.09800000 37.01300000 37.05000000 37.15700000 37.22000000 37.30100000 37.26100000 36.66300000 36.61200000
35.58900000 36.09000000 36.68300000 36.74500000 37.05100000 37.26000000 36.93700000 36.91500000 36.92200000 36.91900000 37.03100000 37.00500000 36.99300000 37.01800000 37.03600000 37.11000000 36.96700000 37.11700000 37.20500000 37.20300000 37.12300000 37.01700000 36.96900000 37.06500000 37.16500000 37.23300000 37.38200000 37.35700000 37.26100000 36.66600000
35.68100000 36.14400000 36.65400000 36.47700000 36.61000000 37.14100000 37.34400000 37.06300000 36.90100000 36.93800000 36.97300000 36.97100000 37.02400000 37.04300000 37.03400000 37.10000000 37.16000000 37.13100000 37.15500000 37.18300000 37.17000000 37.13800000 37.16100000 37.18000000 37.31700000 37.46600000 37.47400000 37.44000000 37.27800000 37.27300000
35.93100000 35.69500000 36.07400000 36.28500000 36.66600000 36.38000000 36.82600000 37.31700000 37.38500000 37.29800000 36.94700000 36.94300000 36.96100000 37.06700000 37.06300000 37.17600000 37.23300000 37.20600000 37.21900000 37.25100000 37.22300000 37.16600000 37.40100000 37.38300000 37.38900000 37.40300000 37.45000000 37.45300000 37.28500000 37.26500000
35.90900000 35.88200000 36.18800000 36.05700000 36.27700000 36.30900000 36.25100000 37.05000000 37.29700000 37.40500000 37.40800000 37.03000000 36.97600000 36.95100000 36.97500000 37.10000000 37.20800000 37.19100000 37.02300000 37.33700000 37.35500000 37.29700000 37.33300000 37.39600000 37.42700000 37.42100000 37.46000000 37.33400000 37.27400000 37.24000000
35.63200000 37.59700000 35.87300000 35.82700000 36.01600000 36.31200000 36.12200000 36.24800000 37.02200000 37.15800000 37.28700000 37.39300000 37.10500000 36.99700000 36.98900000 37.01700000 37.04300000 37.34200000 37.36200000 37.38500000 37.32600000 37.29200000 37.40900000 37.29000000 37.36400000 37.37100000 37.32100000 37.27500000 37.28100000 37.20100000
37.59700000 37.59700000 37.59700000 37.59700000 35.79000000 36.10200000 36.44500000 35.83000000 36.27700000 37.08700000 36.99500000 37.07200000 37.15500000 37.24700000 37.29200000 37.29000000 37.31900000 37.25400000 37.29400000 37.36800000 37.22900000 37.34800000 37.26700000 37.27400000 37.34000000 37.33000000 37.29800000 37.31300000 37.22900000 37.17400000
37.59700000 37.59700000 37.59700000 37.59700000 37.59700000 35.75500000 35.79100000 36.13000000 35.91800000 36.40800000 37.02500000 36.80400000 36.44500000 36.70100000 36.71700000 36.45300000 36.65500000 37.16700000 37.21300000 37.36200000 37.19800000 37.27900000 37.25000000 37.23200000 37.32800000 37.38900000 37.35800000 37.34900000 37.31100000 37.20700000
37.59700000 37.59700000 37.59700000 37.59700000 37.59700000 37.59700000 37.59700000 35.75000000 35.78400000 35.81100000 36.49200000 36.22000000 36.34800000 36.21500000 36.30300000 36.48200000 36.24200000 37.04900000 37.14500000 37.38200000 37.37200000 37.20700000 37.21600000 37.19400000 37.28600000 37.38100000 37.46300000 37.33900000 37.38700000 37.21900000
37.59700000 37.59700000 37.59700000 37.59700000 37.59700000 37.59700000 37.59700000 37.59700000 37.59700000 37.59700000 37.59700000 37.59700000 37.59700000 37.59700000 37.59700000 36.13700000 36.07100000 36.78300000 36.92500000 37.35000000 37.42700000 37.40700000 37.36700000 37.36900000 37.33800000 37.38300000 37.41700000 37.48700000 37.34200000 37.36300000
37.59700000 37.59700000 37.59700000 37.59700000 37.59700000 37.59700000 37.59700000 37.59700000 37.59700000 37.59700000 37.59700000 37.59700000 37.59700000 37.59700000 37.59700000 37.59700000 36.19400000 36.64200000 36.89100000 36.98900000 37.29400000 37.42800000 37.40300000 37.40100000 37.34000000 37.35700000 37.42500000 37.49200000 37.52600000 37.56000000
37.59700000 37.59700000 37.59700000 37.59700000 37.59700000 37.59700000 37.59700000 37.59700000 37.59700000 37.59700000 37.59700000 37.59700000 37.59700000 37.59700000 37.59700000 37.59700000 37.59700000 36.35200000 36.84600000 36.97700000 36.89100000 37.34300000 37.41700000 37.38600000 37.31100000 37.36000000 37.39100000 37.35800000 37.49000000 37.55900000
37.59700000 37.59700000 37.59700000 37.59700000 37.59700000 37.59700000 37.59700000 37.59700000 37.59700000 37.59700000 37.59700000 37.59700000 37.59700000 37.59700000 37.59700000 37.59700000 37.59700000 37.59700000 37.59700000 36.72800000 36.78300000 37.33800000 37.42800000 37.38900000 37.33200000 37.34900000 37.38800000 37.34500000 37.34700000 37.47300000
37.59700000 37.59700000 37.59700000 37.59700000 37.59700000 37.59700000 37.59700000 37.59700000 37.59700000 37.59700000 37.59700000 37.59700000 37.59700000 37.59700000 37.59700000 37.59700000 37.59700000 37.59700000 37.59700000 37.59700000 36.72900000 37.33700000 37.42800000 37.33300000 37.37100000 37.39900000 37.35500000 37.36500000 37.33500000 37.38800000
37.59700000 37.59700000 37.59700000 37.59700000 37.59700000 37.59700000 37.59700000 37.59700000 37.59700000 37.59700000 37.59700000 37.59700000 37.59700000 37.59700000 37.59700000 37.59700000 37.59700000 37.59700000 37.59700000 37.59700000 36.83200000 37.34000000 37.40100000 37.31900000 37.42100000 37.39800000 37.42900000 37.35900000 37.35100000 37.39200000
37.59700000 37.59700000 37.59700000 37.59700000 37.59700000 37.59700000 37.59700000 37.59700000 37.59700000 37.59700000 37.59700000 37.59700000 37.59700000 37.59700000 37.59700000 37.59700000 37.59700000 37.59700000 37.59700000 37.59700000 36.69000000 37.36800000 37.32700000 37.38000000 37.38600000 37.39700000 37.41600000 37.41900000 37.36800000 37.34600000
37.59700000 37.59700000 37.59700000 37.59700000 37.59700000 37.59700000 37.59700000 37.59700000 37.59700000 37.59700000 37.59700000 37.59700000 37.59700000 37.59700000 37.59700000 37.59700000 37.59700000 37.59700000 37.59700000 37.59700000 36.56200000 37.32100000 37.36000000 37.41400000 37.38600000 37.38500000 37.37100000 37.34400000 37.33600000 37.37900000
37.59700000 37.59700000 37.59700000 37.59700000 37.59700000 37.59700000 37.59700000 37.59700000 37.59700000 37.59700000 37.59700000 37.59700000 37.59700000 37.59700000 37.59700000 37.59700000 37.59700000 37.59700000 37.59700000 37.59700000 37.59700000 37.03000000 37.36800000 37.37400000 37.38200000 37.35000000 37.32000000 37.30000000 37.28900000 37.33000000
37.59700000 37.59700000 37.59700000 37.59700000 37.59700000 37.59700000 37.59700000 37.59700000 37.59700000 37.59700000 37.59700000 37.59700000 37.59700000 37.59700000 37.59700000 37.59700000 37.59700000 37.59700000 37.59700000 37.59700000 37.59700000 36.72000000 37.29300000 37.35300000 37.35700000 37.33400000 37.32500000 37.29300000 37.26000000 37.28600000
37.59700000 37.59700000 37.59700000 37.59700000 37.59700000 37.59700000 37.59700000 37.59700000 37.59700000 37.59700000 37.59700000 37.59700000 37.59700000 37.59700000 37.59700000 37.59700000 37.59700000 37.59700000 37.59700000 37.59700000 37.59700000 37.59700000 37.18900000 37.31100000 37.32900000 37.31200000 37.29600000 37.25500000 37.27200000 37.31700000
37.59700000 37.59700000 37.59700000 37.59700000 37.59700000 37.59700000 37.59700000 37.59700000 37.59700000 37.59700000 37.59700000 37.59700000 37.59700000 37.59700000 37.59700000 37.59700000 37.59700000 37.59700000 37.59700000 37.59700000 37.59700000 37.59700000 36.91000000 37.12100000 37.25200000 37.19500000 37.21000000 37.27100000 37.26000000 37.32200000
37.59700000 37.59700000 37.59700000 37.59700000 37.59700000 37.59700000 37.59700000 37.59700000 37.59700000 37.59700000 37.59700000 37.59700000 37.59700000 37.59700000 37.59700000 37.59700000 37.59700000 37.59700000 37.59700000 37.59700000 37.59700000 37.59700000 37.59700000 36.75900000 37.18000000 37.22500000 37.22700000 37.24300000 37.27200000 37.28900000
