 25.23400000  25.16900000  25.27100000  24.79100000  25.21200000  25.24200000  25.30200000  25.30100000  25.20900000  25.11500000  25.18800000  25.20200000  24.95400000  24.17600000  24.28000000  25.05200000  25.37400000  25.19900000  25.15000000  25.09900000  25.13900000  24.99000000  24.86000000  24.23200000  24.06500000  23.61700000  23.97600000  24.16900000  24.31100000  24.53400000
 25.07000000  25.05800000  25.09900000  24.97500000  25.18100000  25.16200000  25.10000000  25.04100000  25.08000000  25.11200000  25.10700000  24.80600000  23.78700000  24.42200000  24.54600000  25.26500000  25.08600000  25.05200000  25.06600000  25.04100000  24.97600000  24.85900000  24.52900000  24.15100000  23.77500000  24.92700000  25.09500000  25.09400000  25.01600000  24.88200000
 25.23400000  25.08600000  25.22900000  24.56600000  25.08500000  25.10700000  25.07400000  25.04700000  24.99900000  24.84800000  24.20400000  23.75700000  24.33000000  24.65900000  24.95700000  25.39300000  25.00700000  25.04100000  25.03100000  24.86700000  24.75200000  24.47600000  24.57700000  25.54600000  25.25800000  25.13100000  25.07300000  24.80500000  24.76200000  24.87000000
 24.56600000  24.94600000  25.11000000  25.17100000  24.77700000  24.85700000  24.72800000  24.02800000  23.98400000  24.12100000  24.36900000  24.61600000  24.71000000  24.93400000  25.29000000  25.34500000  24.93200000  24.94600000  24.77700000  24.43800000  24.69000000  25.53400000  25.50500000  25.52900000  25.54400000  25.19300000  25.09200000  25.04200000  25.02700000  25.11600000
 24.04500000  24.52700000  25.03000000  25.28100000  25.14500000  24.84700000  24.08900000  23.86600000  24.02100000  24.67800000  24.79700000  24.90200000  25.09700000  25.31700000  25.51300000  25.36600000  24.81800000  24.77600000  24.53400000  25.50600000  25.38400000  25.39900000  25.22900000  25.23200000  25.44100000  25.72800000  25.53900000  24.92000000  24.82100000  25.00900000
 23.78200000  23.86600000  24.43100000  24.95400000  25.48700000  25.36700000  25.17900000  25.18500000  25.19800000  25.19500000  25.20200000  25.21600000  25.24800000  25.37100000  25.58500000  25.43300000  24.66300000  24.82900000  25.43000000  25.30800000  25.26400000  24.98300000  24.83900000  24.92100000  25.15200000  25.60000000  25.98100000  25.58400000  24.74100000  25.00500000
 23.34500000  23.89100000  24.12800000  24.23400000  24.99500000  25.79000000  25.37700000  25.34100000  25.38700000  25.36600000  25.51100000  25.47400000  25.39100000  25.42900000  25.54500000  25.45400000  24.95600000  25.27200000  25.38500000  25.31000000  25.05500000  24.82000000  24.66800000  24.96700000  25.24600000  25.81300000  26.28700000  26.06000000  25.70900000  25.05000000
 23.14000000  23.54500000  24.06700000  23.75100000  24.18700000  25.19200000  25.91800000  25.58600000  25.37700000  25.46200000  25.52600000  25.47600000  25.49700000  25.51000000  25.52600000  25.45000000  25.36400000  25.29000000  25.36000000  25.24700000  25.21500000  25.15300000  25.15700000  25.47100000  26.11400000  26.41900000  26.49400000  26.32400000  25.66600000  25.76600000
 22.50000000  22.97900000  23.20800000  23.39900000  23.91800000  23.90600000  24.32900000  25.82400000  26.13000000  26.00500000  25.38900000  25.43700000  25.45900000  25.59800000  25.59600000  25.54400000  25.56400000  25.48700000  25.54500000  25.63400000  25.69500000  25.80800000  26.20500000  26.06100000  26.09500000  26.12400000  26.30500000  26.32300000  25.74000000  25.90600000
 22.66900000  22.54900000  23.01300000  23.06400000  23.25800000  23.50400000  23.74200000  24.82000000  25.76200000  26.23400000  26.29700000  25.51700000  25.38100000  25.52400000  25.47900000  25.48900000  25.61900000  25.60300000  25.53100000  26.13100000  26.31200000  25.89000000  25.92500000  26.10100000  26.22800000  26.15900000  26.34000000  25.99900000  25.73400000  25.91500000
 23.68500000  22.75700000  21.14700000  22.90700000  22.73600000  23.14100000  23.22900000  23.61600000  24.71700000  25.23200000  25.75200000  26.19100000  25.70400000  25.41000000  25.42400000  25.43300000  25.46300000  26.12100000  26.29700000  26.44900000  26.14100000  25.83400000  26.18000000  25.99700000  26.17300000  26.15100000  25.86700000  25.75500000  25.96500000  25.98700000
 27.83300000  27.83300000  27.83300000  23.52200000  22.95300000  22.81800000  22.89400000  22.92300000  23.46900000  24.82400000  24.64100000  24.95000000  25.38200000  25.73700000  25.89900000  25.90200000  26.01800000  25.85400000  26.10800000  26.46800000  25.71400000  26.06700000  25.93000000  26.20800000  26.35000000  26.09700000  25.88400000  25.99100000  25.94900000  26.04600000
 27.83300000  27.83300000  27.83300000  27.83300000  23.40900000  23.33700000  23.09800000  22.76500000  22.92700000  23.53400000  24.63600000  24.25400000  23.64600000  24.06800000  24.10900000  24.15200000  24.53900000  25.37100000  26.01200000  26.46400000  25.72600000  25.92100000  26.01900000  25.99200000  26.17300000  26.52600000  26.22900000  26.13300000  26.06100000  26.09600000
 27.83300000  27.83300000  27.83300000  27.83300000  27.83300000  27.83300000  23.98800000  23.22700000  22.85100000  22.80000000  23.06100000  22.88200000  23.09800000  22.58100000  23.43500000  23.72300000  24.15200000  25.07700000  25.80600000  26.43200000  26.47600000  25.82200000  25.95400000  25.92400000  26.04400000  26.56900000  26.63900000  26.11100000  26.20600000  25.99900000
 27.83300000  27.83300000  27.83300000  27.83300000  27.83300000  27.83300000  27.83300000  27.83300000  27.83300000  27.83300000  27.83300000  27.83300000  22.96300000  22.89700000  22.35900000  23.34400000  24.12100000  24.78300000  24.86900000  26.43700000  26.47000000  26.47700000  26.47100000  26.46300000  26.20000000  26.69300000  26.63600000  26.67600000  26.15300000  26.06100000
 27.83300000  27.83300000  27.83300000  27.83300000  27.83300000  27.83300000  27.83300000  27.83300000  27.83300000  27.83300000  27.83300000  27.83300000  27.83300000  27.83300000  27.83300000  23.33400000  24.04500000  24.62700000  24.22600000  24.93300000  26.37900000  26.51100000  26.58300000  26.50300000  26.57000000  26.78600000  26.64800000  26.69500000  26.74000000  26.77100000
 27.83300000  27.83300000  27.83300000  27.83300000  27.83300000  27.83300000  27.83300000  27.83300000  27.83300000  27.83300000  27.83300000  27.83300000  27.83300000  27.83300000  27.83300000  27.83300000  23.57100000  22.88600000  24.77000000  24.89900000  24.77600000  26.46600000  26.60800000  26.41700000  26.71800000  26.86300000  26.78500000  26.71800000  26.79000000  26.92200000
 27.83300000  27.83300000  27.83300000  27.83300000  27.83300000  27.83300000  27.83300000  27.83300000  27.83300000  27.83300000  27.83300000  27.83300000  27.83300000  27.83300000  27.83300000  27.83300000  27.83300000  27.83300000  23.46400000  24.46100000  24.32000000  26.53300000  26.49600000  26.45200000  26.78600000  26.82800000  26.88500000  26.77700000  26.78800000  26.91500000
 27.83300000  27.83300000  27.83300000  27.83300000  27.83300000  27.83300000  27.83300000  27.83300000  27.83300000  27.83300000  27.83300000  27.83300000  27.83300000  27.83300000  27.83300000  27.83300000  27.83300000  27.83300000  27.83300000  25.21200000  24.19000000  26.57600000  26.46900000  26.60200000  26.85900000  26.85900000  26.79000000  26.83900000  26.82000000  26.95400000
 27.83300000  27.83300000  27.83300000  27.83300000  27.83300000  27.83300000  27.83300000  27.83300000  27.83300000  27.83300000  27.83300000  27.83300000  27.83300000  27.83300000  27.83300000  27.83300000  27.83300000  27.83300000  27.83300000  25.36200000  25.19200000  26.64300000  26.50200000  26.72400000  26.96100000  26.79600000  26.94300000  26.81500000  26.89200000  27.03300000
 27.83300000  27.83300000  27.83300000  27.83300000  27.83300000  27.83300000  27.83300000  27.83300000  27.83300000  27.83300000  27.83300000  27.83300000  27.83300000  27.83300000  27.83300000  27.83300000  27.83300000  27.83300000  27.83300000  25.16400000  25.41700000  26.76700000  26.59900000  26.89100000  26.82800000  26.77200000  26.93400000  26.94600000  26.97200000  26.98600000
 27.83300000  27.83300000  27.83300000  27.83300000  27.83300000  27.83300000  27.83300000  27.83300000  27.83300000  27.83300000  27.83300000  27.83300000  27.83300000  27.83300000  27.83300000  27.83300000  27.83300000  27.83300000  27.83300000  23.89700000  23.92300000  26.60500000  26.80700000  26.96000000  26.74300000  26.87500000  26.88800000  26.74000000  26.83500000  27.15600000
 27.83300000  27.83300000  27.83300000  27.83300000  27.83300000  27.83300000  27.83300000  27.83300000  27.83300000  27.83300000  27.83300000  27.83300000  27.83300000  27.83300000  27.83300000  27.83300000  27.83300000  27.83300000  27.83300000  27.83300000  25.03200000  25.88000000  26.75900000  26.81400000  26.74100000  26.83600000  26.75800000  26.59600000  26.68300000  27.04600000
 27.83300000  27.83300000  27.83300000  27.83300000  27.83300000  27.83300000  27.83300000  27.83300000  27.83300000  27.83300000  27.83300000  27.83300000  27.83300000  27.83300000  27.83300000  27.83300000  27.83300000  27.83300000  27.83300000  27.83300000  27.83300000  25.01800000  26.56800000  26.70000000  26.72800000  26.75800000  26.67200000  26.48600000  26.38600000  26.95800000
 27.83300000  27.83300000  27.83300000  27.83300000  27.83300000  27.83300000  27.83300000  27.83300000  27.83300000  27.83300000  27.83300000  27.83300000  27.83300000  27.83300000  27.83300000  27.83300000  27.83300000  27.83300000  27.83300000  27.83300000  27.83300000  24.74700000  26.26100000  26.62300000  26.64300000  26.56000000  26.53700000  26.44800000  26.58400000  27.10400000
 27.83300000  27.83300000  27.83300000  27.83300000  27.83300000  27.83300000  27.83300000  27.83300000  27.83300000  27.83300000  27.83300000  27.83300000  27.83300000  27.83300000  27.83300000  27.83300000  27.83300000  27.83300000  27.83300000  27.83300000  27.83300000  27.83300000  25.82100000  26.16000000  26.45100000  26.33400000  26.46000000  26.55200000  26.96600000  27.21800000
 27.83300000  27.83300000  27.83300000  27.83300000  27.83300000  27.83300000  27.83300000  27.83300000  27.83300000  27.83300000  27.83300000  27.83300000  27.83300000  27.83300000  27.83300000  27.83300000  27.83300000  27.83300000  27.83300000  27.83300000  27.83300000  27.83300000  27.83300000  25.82800000  26.30700000  26.53500000  26.44800000  26.62600000  26.87200000  27.20900000
 25.25000000  25.19400000  25.29100000  24.81100000  25.23000000  25.26000000  25.33400000  25.31500000  25.21700000  25.15600000  25.22200000  25.22200000  24.97800000  24.20200000  24.29200000  25.07100000  25.39100000  25.22000000  25.17300000  25.11600000  25.15900000  25.01000000  24.84100000  24.24000000  24.07900000  23.63000000  23.98400000  24.18600000  24.33800000  24.54900000
 25.09200000  25.06900000  25.11400000  24.98600000  25.19300000  25.17400000  25.11200000  25.05300000  25.09100000  25.12600000  25.12100000  24.82500000  23.79500000  24.43300000  24.55600000  25.28200000  25.09900000  25.07200000  25.08100000  25.05800000  24.99100000  24.87400000  24.54200000  24.16500000  23.78600000  24.94200000  25.11000000  25.11100000  25.03300000  24.90300000
 25.26200000  25.09900000  25.24200000  24.57800000  25.09700000  25.12000000  25.08600000  25.06000000  25.01200000  24.86500000  24.21900000  23.76800000  24.34300000  24.67000000  24.96800000  25.40900000  25.02000000  25.05500000  25.04300000  24.88000000  24.76600000  24.49100000  24.58600000  25.56400000  25.27800000  25.15100000  25.09300000  24.82000000  24.77600000  24.88000000
 24.46100000  24.95800000  25.11800000  25.18300000  24.79100000  24.87000000  24.74200000  24.04000000  23.99200000  24.13400000  24.37900000  24.62600000  24.72100000  24.94500000  25.30300000  25.36000000  24.94400000  24.95900000  24.79000000  24.45300000  24.70200000  25.55300000  25.51900000  25.54400000  25.56200000  25.20800000  25.10800000  25.05600000  25.04300000  25.12800000
 24.04700000  24.53700000  25.04600000  25.29200000  25.15500000  24.84200000  24.10100000  23.87700000  24.03300000  24.68800000  24.80700000  24.91100000  25.10800000  25.32900000  25.52700000  25.38100000  24.83100000  24.78900000  24.54700000  25.52500000  25.40100000  25.42000000  25.24600000  25.24700000  25.45300000  25.74400000  25.55300000  24.93600000  24.83100000  25.02300000
 23.81200000  24.39500000  24.44400000  24.96900000  25.50000000  25.38200000  25.19400000  25.20000000  25.21300000  25.20900000  25.21500000  25.22800000  25.25900000  25.38500000  25.60000000  25.44900000  24.67400000  24.84200000  25.44700000  25.32500000  25.28200000  25.00000000  24.85800000  24.94000000  25.16500000  25.61300000  25.99800000  25.59700000  24.75300000  25.01700000
 23.42600000  24.01100000  24.13700000  24.24500000  25.00600000  25.80300000  25.39100000  25.35600000  25.40100000  25.38000000  25.52100000  25.48600000  25.40400000  25.44200000  25.55800000  25.47100000  24.96900000  25.28600000  25.40200000  25.32300000  25.06900000  24.83300000  24.68000000  24.97800000  25.25700000  25.82500000  26.30300000  26.07800000  25.72400000  25.06000000
 23.01000000  23.55900000  24.07800000  23.76200000  24.20000000  25.20200000  25.93300000  25.59800000  25.39100000  25.47700000  25.53900000  25.48800000  25.50900000  25.52200000  25.53800000  25.46900000  25.37800000  25.30300000  25.37100000  25.25800000  25.22600000  25.16300000  25.17100000  25.48100000  26.12600000  26.43500000  26.51000000  26.34200000  25.68300000  25.78900000
 20.97000000  23.09400000  23.50300000  23.41400000  23.92900000  23.91900000  24.33900000  25.83500000  26.14400000  26.01100000  25.39900000  25.44900000  25.47000000  25.61000000  25.61000000  25.56200000  25.57900000  25.50100000  25.55700000  25.64700000  25.70100000  25.82000000  26.21500000  26.07600000  26.11000000  26.14000000  26.31900000  26.33900000  25.75800000  25.92100000
 20.43200000  22.38800000  20.00700000  23.05200000  23.29000000  23.52800000  23.79500000  24.83000000  25.77400000  26.24500000  26.31200000  25.52700000  25.39400000  25.53700000  25.49300000  25.50500000  25.63200000  25.61400000  25.54100000  26.14200000  26.32500000  25.90600000  25.93800000  26.11300000  26.24300000  26.17600000  26.35500000  26.01500000  25.74700000  25.92700000
 20.79400000  27.83300000  18.25200000  17.77900000  22.32800000  23.05900000  23.41800000  23.67800000  24.73000000  25.24700000  25.76400000  26.20600000  25.71700000  25.42400000  25.43700000  25.44600000  25.47500000  26.12900000  26.31000000  26.46400000  26.15700000  25.84500000  26.19200000  26.00500000  26.18600000  26.16700000  25.88300000  25.76700000  25.97900000  25.99900000
 27.83300000  27.83300000  27.83300000  27.83300000  19.52600000  22.18300000  22.24100000  22.58600000  23.57300000  24.83600000  24.65700000  24.96300000  25.39400000  25.75200000  25.91400000  25.92000000  26.03100000  25.86700000  26.11900000  26.48200000  25.72900000  26.07600000  25.94100000  26.22400000  26.36500000  26.10900000  25.89900000  26.00400000  25.96100000  26.05500000
 27.83300000  27.83300000  27.83300000  27.83300000  27.83300000  18.43600000  20.08400000  20.54100000  21.47500000  23.55900000  24.65000000  24.26700000  23.67500000  24.09600000  24.11800000  24.16400000  24.55500000  25.38400000  26.02100000  26.47700000  25.74100000  25.93600000  26.03000000  26.00700000  26.18600000  26.54100000  26.24600000  26.14800000  26.07400000  26.10600000
 27.83300000  27.83300000  27.83300000  27.83300000  27.83300000  27.83300000  27.83300000  18.81000000  19.08300000  18.92600000  22.23600000  22.94900000  23.08000000  22.43900000  23.15300000  23.73300000  24.16600000  25.09300000  25.81600000  26.44400000  26.49100000  25.83600000  25.96700000  25.94100000  26.05700000  26.58400000  26.65500000  26.12700000  26.21800000  26.00600000
 27.83300000  27.83300000  27.83300000  27.83300000  27.83300000  27.83300000  27.83300000  27.83300000  27.83300000  27.83300000  27.83300000  27.83300000  27.83300000  27.83300000  27.83300000  19.99700000  24.10900000  24.80100000  24.87300000  26.45400000  26.48400000  26.49200000  26.48700000  26.47700000  26.21100000  26.70900000  26.65200000  26.69300000  26.16800000  26.07200000
 27.83300000  27.83300000  27.83300000  27.83300000  27.83300000  27.83300000  27.83300000  27.83300000  27.83300000  27.83300000  27.83300000  27.83300000  27.83300000  27.83300000  27.83300000  27.83300000  23.46900000  24.63800000  24.24200000  24.92000000  26.39000000  26.52400000  26.59700000  26.52100000  26.58100000  26.80100000  26.66500000  26.71100000  26.75500000  26.78700000
 27.83300000  27.83300000  27.83300000  27.83300000  27.83300000  27.83300000  27.83300000  27.83300000  27.83300000  27.83300000  27.83300000  27.83300000  27.83300000  27.83300000  27.83300000  27.83300000  27.83300000  20.87500000  24.59800000  24.81400000  24.78700000  26.48500000  26.62300000  26.43100000  26.72800000  26.87800000  26.80100000  26.73500000  26.80300000  26.93700000
 27.83300000  27.83300000  27.83300000  27.83300000  27.83300000  27.83300000  27.83300000  27.83300000  27.83300000  27.83300000  27.83300000  27.83300000  27.83300000  27.83300000  27.83300000  27.83300000  27.83300000  27.83300000  27.83300000  24.46600000  24.30900000  26.56000000  26.51100000  26.46300000  26.79800000  26.84300000  26.90200000  26.79300000  26.80400000  26.93100000
 27.83300000  27.83300000  27.83300000  27.83300000  27.83300000  27.83300000  27.83300000  27.83300000  27.83300000  27.83300000  27.83300000  27.83300000  27.83300000  27.83300000  27.83300000  27.83300000  27.83300000  27.83300000  27.83300000  27.83300000  24.20100000  26.59600000  26.48100000  26.61400000  26.87400000  26.87800000  26.80600000  26.85600000  26.83500000  26.96700000
 27.83300000  27.83300000  27.83300000  27.83300000  27.83300000  27.83300000  27.83300000  27.83300000  27.83300000  27.83300000  27.83300000  27.83300000  27.83300000  27.83300000  27.83300000  27.83300000  27.83300000  27.83300000  27.83300000  27.83300000  24.60100000  26.65900000  26.51500000  26.73800000  26.97800000  26.81300000  26.96000000  26.83100000  26.90500000  27.04700000
 27.83300000  27.83300000  27.83300000  27.83300000  27.83300000  27.83300000  27.83300000  27.83300000  27.83300000  27.83300000  27.83300000  27.83300000  27.83300000  27.83300000  27.83300000  27.83300000  27.83300000  27.83300000  27.83300000  27.83300000  23.75400000  26.77900000  26.61000000  26.90600000  26.84600000  26.78300000  26.94900000  26.96100000  26.98500000  26.99900000
 27.83300000  27.83300000  27.83300000  27.83300000  27.83300000  27.83300000  27.83300000  27.83300000  27.83300000  27.83300000  27.83300000  27.83300000  27.83300000  27.83300000  27.83300000  27.83300000  27.83300000  27.83300000  27.83300000  27.83300000  23.17300000  26.61800000  26.82100000  26.97400000  26.75600000  26.88700000  26.90200000  26.75300000  26.84800000  27.16700000
 27.83300000  27.83300000  27.83300000  27.83300000  27.83300000  27.83300000  27.83300000  27.83300000  27.83300000  27.83300000  27.83300000  27.83300000  27.83300000  27.83300000  27.83300000  27.83300000  27.83300000  27.83300000  27.83300000  27.83300000  27.83300000  25.80600000  26.76900000  26.82300000  26.75400000  26.84800000  26.77100000  26.60700000  26.69200000  27.05200000
 27.83300000  27.83300000  27.83300000  27.83300000  27.83300000  27.83300000  27.83300000  27.83300000  27.83300000  27.83300000  27.83300000  27.83300000  27.83300000  27.83300000  27.83300000  27.83300000  27.83300000  27.83300000  27.83300000  27.83300000  27.83300000  25.04000000  26.58000000  26.71000000  26.73600000  26.77100000  26.68500000  26.49600000  26.39800000  26.96800000
 27.83300000  27.83300000  27.83300000  27.83300000  27.83300000  27.83300000  27.83300000  27.83300000  27.83300000  27.83300000  27.83300000  27.83300000  27.83300000  27.83300000  27.83300000  27.83300000  27.83300000  27.83300000  27.83300000  27.83300000  27.83300000  27.83300000  26.27400000  26.63500000  26.65400000  26.57000000  26.54700000  26.45900000  26.59300000  27.11700000
 27.83300000  27.83300000  27.83300000  27.83300000  27.83300000  27.83300000  27.83300000  27.83300000  27.83300000  27.83300000  27.83300000  27.83300000  27.83300000  27.83300000  27.83300000  27.83300000  27.83300000  27.83300000  27.83300000  27.83300000  27.83300000  27.83300000  25.84400000  26.17200000  26.46100000  26.34400000  26.47100000  26.56400000  26.85400000  27.23300000
 27.83300000  27.83300000  27.83300000  27.83300000  27.83300000  27.83300000  27.83300000  27.83300000  27.83300000  27.83300000  27.83300000  27.83300000  27.83300000  27.83300000  27.83300000  27.83300000  27.83300000  27.83300000  27.83300000  27.83300000  27.83300000  27.83300000  27.83300000  25.85800000  26.32000000  26.54700000  26.46400000  26.63900000  26.88900000  27.22400000
