36.99100000 36.97000000 36.93000000 36.90700000 37.12300000 37.23200000 37.24400000 37.24600000 37.20000000 37.19000000 37.12000000 37.00200000 36.88100000 36.67700000 36.72300000 36.87200000 37.01000000 36.99900000 37.06200000 37.05300000 37.00500000 36.98600000 36.86000000 36.57700000 36.54800000 36.29000000 36.54700000 36.51400000 36.50100000 36.48500000
36.98800000 36.86000000 36.94000000 37.12400000 37.19700000 37.18900000 37.18800000 37.18300000 37.15900000 37.09100000 36.98900000 36.87100000 36.48800000 36.81500000 36.84100000 37.01400000 37.04000000 37.06900000 37.06600000 37.03200000 36.99200000 36.90700000 36.77900000 36.65800000 36.53000000 36.99800000 37.05800000 37.04900000 37.06500000 37.06200000
36.98700000 36.87200000 36.91700000 36.94800000 37.15000000 37.13800000 37.08300000 37.03300000 36.97200000 36.90600000 36.72500000 36.45300000 36.79200000 36.89900000 36.89900000 37.12800000 36.97300000 37.05800000 37.03800000 36.96100000 36.88200000 36.79400000 36.81400000 37.23300000 37.07600000 37.04500000 37.04600000 36.94800000 36.91000000 36.85500000
36.52400000 37.00100000 36.90000000 36.92600000 37.01900000 37.02700000 36.95900000 36.62600000 36.60400000 36.72000000 36.84800000 36.92700000 36.89500000 36.89700000 36.95500000 37.09500000 36.93100000 37.00200000 36.92200000 36.78300000 36.85700000 37.25500000 37.26600000 37.26600000 37.26300000 37.04900000 37.03000000 36.99200000 36.96300000 36.87300000
35.83300000 36.94700000 37.04200000 37.06800000 36.83600000 36.96000000 36.67000000 36.54000000 36.66700000 36.95200000 36.92600000 36.91300000 36.92800000 36.94500000 37.01300000 37.09200000 36.88000000 36.91200000 36.77600000 37.22300000 37.24700000 37.22100000 37.18000000 37.17500000 37.20500000 37.25700000 37.26600000 36.83700000 36.68200000 36.64100000
35.61200000 36.43200000 36.87500000 37.03900000 37.19600000 37.01300000 36.83700000 36.83400000 36.83800000 36.83000000 36.83400000 36.85000000 36.87900000 36.94600000 37.04300000 37.14800000 36.80900000 36.90600000 37.18300000 37.21600000 37.19600000 37.09800000 37.01400000 37.05100000 37.15800000 37.22100000 37.30300000 37.26200000 36.66200000 36.61400000
35.46300000 36.06800000 36.68100000 36.74200000 37.05000000 37.26600000 36.93900000 36.91700000 36.92500000 36.92200000 37.03300000 37.00600000 36.99400000 37.01800000 37.03700000 37.11400000 36.96200000 37.12100000 37.20700000 37.20400000 37.12300000 37.01700000 36.97100000 37.06900000 37.16600000 37.23500000 37.38500000 37.35900000 37.26200000 36.66700000
35.65900000 36.14400000 36.64600000 36.46600000 36.60300000 37.13000000 37.34700000 37.08300000 36.90200000 36.93400000 36.97100000 36.97200000 37.02400000 37.04400000 37.03400000 37.10200000 37.15700000 37.13100000 37.15800000 37.18400000 37.17100000 37.14000000 37.16200000 37.18100000 37.32400000 37.46600000 37.47400000 37.44100000 37.28000000 37.27500000
35.37400000 35.58000000 35.76200000 36.27000000 36.66000000 36.37500000 36.81100000 37.31500000 37.38200000 37.31400000 36.95200000 36.94400000 36.96100000 37.06800000 37.06500000 37.17700000 37.23300000 37.20700000 37.21900000 37.25100000 37.22200000 37.16900000 37.40200000 37.38100000 37.38700000 37.40200000 37.45000000 37.45400000 37.28600000 37.26500000
35.20100000 35.51600000 35.44900000 36.01300000 36.25400000 36.28600000 36.22000000 37.05400000 37.29600000 37.40700000 37.40600000 37.03200000 36.97700000 36.95200000 36.97700000 37.10400000 37.21200000 37.19400000 37.02400000 37.33700000 37.35900000 37.29900000 37.33500000 37.39800000 37.42800000 37.42300000 37.46100000 37.33400000 37.27500000 37.24000000
34.79200000 34.91900000 35.48500000 35.38300000 35.77400000 36.13600000 35.93000000 36.22200000 37.02400000 37.15100000 37.28200000 37.39100000 37.10600000 36.99900000 36.99000000 37.01900000 37.04400000 37.34100000 37.36200000 37.38600000 37.32600000 37.29300000 37.40900000 37.29000000 37.36200000 37.37000000 37.32200000 37.27500000 37.28100000 37.20100000
37.59700000 37.59700000 37.59700000 35.16400000 35.44700000 35.66100000 35.75600000 35.71700000 36.23500000 37.09700000 36.98800000 37.07000000 37.15500000 37.24700000 37.29100000 37.29100000 37.32400000 37.25200000 37.29500000 37.36900000 37.22900000 37.35000000 37.26700000 37.27500000 37.34200000 37.33200000 37.29800000 37.31400000 37.22900000 37.17400000
37.59700000 37.59700000 37.59700000 37.59700000 35.17800000 35.34000000 35.42200000 35.54400000 35.58300000 36.39100000 37.01500000 36.78100000 36.43800000 36.68800000 36.70200000 36.44200000 36.68600000 37.16300000 37.22000000 37.36300000 37.19800000 37.27900000 37.25100000 37.23400000 37.32900000 37.39100000 37.35900000 37.34900000 37.31000000 37.20800000
37.59700000 37.59700000 37.59700000 37.59700000 37.59700000 37.59700000 35.33600000 35.44700000 35.54000000 35.61600000 35.95000000 36.15000000 36.23600000 36.15200000 36.28000000 36.45700000 36.26300000 37.05300000 37.15400000 37.38500000 37.37300000 37.20800000 37.21700000 37.19500000 37.28800000 37.38300000 37.46400000 37.34000000 37.38800000 37.22000000
37.59700000 37.59700000 37.59700000 37.59700000 37.59700000 37.59700000 37.59700000 37.59700000 37.59700000 37.59700000 37.59700000 37.59700000 35.74500000 36.08900000 36.17500000 36.04200000 36.07800000 36.80700000 36.93000000 37.35000000 37.42800000 37.41000000 37.37000000 37.37200000 37.34000000 37.38400000 37.41800000 37.48700000 37.34500000 37.36200000
37.59700000 37.59700000 37.59700000 37.59700000 37.59700000 37.59700000 37.59700000 37.59700000 37.59700000 37.59700000 37.59700000 37.59700000 37.59700000 37.59700000 37.59700000 35.98800000 36.10600000 36.65700000 36.88800000 36.99200000 37.29000000 37.42900000 37.40500000 37.40000000 37.33900000 37.35900000 37.42600000 37.49100000 37.52800000 37.56000000
37.59700000 37.59700000 37.59700000 37.59700000 37.59700000 37.59700000 37.59700000 37.59700000 37.59700000 37.59700000 37.59700000 37.59700000 37.59700000 37.59700000 37.59700000 37.59700000 35.93500000 36.15900000 36.86200000 36.99000000 36.87600000 37.34500000 37.41900000 37.38700000 37.31200000 37.36200000 37.39200000 37.36000000 37.48700000 37.56000000
37.59700000 37.59700000 37.59700000 37.59700000 37.59700000 37.59700000 37.59700000 37.59700000 37.59700000 37.59700000 37.59700000 37.59700000 37.59700000 37.59700000 37.59700000 37.59700000 37.59700000 37.59700000 36.21200000 36.76800000 36.78100000 37.33800000 37.42900000 37.38900000 37.33400000 37.35000000 37.38900000 37.34500000 37.34900000 37.47400000
37.59700000 37.59700000 37.59700000 37.59700000 37.59700000 37.59700000 37.59700000 37.59700000 37.59700000 37.59700000 37.59700000 37.59700000 37.59700000 37.59700000 37.59700000 37.59700000 37.59700000 37.59700000 37.59700000 36.87300000 36.73100000 37.34000000 37.43000000 37.33200000 37.37500000 37.40100000 37.35600000 37.36500000 37.33700000 37.38900000
37.59700000 37.59700000 37.59700000 37.59700000 37.59700000 37.59700000 37.59700000 37.59700000 37.59700000 37.59700000 37.59700000 37.59700000 37.59700000 37.59700000 37.59700000 37.59700000 37.59700000 37.59700000 37.59700000 36.93700000 36.95300000 37.34200000 37.40000000 37.32200000 37.42100000 37.39900000 37.43000000 37.36000000 37.35200000 37.39500000
37.59700000 37.59700000 37.59700000 37.59700000 37.59700000 37.59700000 37.59700000 37.59700000 37.59700000 37.59700000 37.59700000 37.59700000 37.59700000 37.59700000 37.59700000 37.59700000 37.59700000 37.59700000 37.59700000 36.84900000 36.91700000 37.37000000 37.32600000 37.38300000 37.38700000 37.39800000 37.41600000 37.41900000 37.36900000 37.34700000
37.59700000 37.59700000 37.59700000 37.59700000 37.59700000 37.59700000 37.59700000 37.59700000 37.59700000 37.59700000 37.59700000 37.59700000 37.59700000 37.59700000 37.59700000 37.59700000 37.59700000 37.59700000 37.59700000 35.94300000 36.65800000 37.32100000 37.36400000 37.41400000 37.38700000 37.38600000 37.37300000 37.34300000 37.33600000 37.38000000
37.59700000 37.59700000 37.59700000 37.59700000 37.59700000 37.59700000 37.59700000 37.59700000 37.59700000 37.59700000 37.59700000 37.59700000 37.59700000 37.59700000 37.59700000 37.59700000 37.59700000 37.59700000 37.59700000 37.59700000 36.65300000 37.06500000 37.36700000 37.37400000 37.38200000 37.35100000 37.32100000 37.30100000 37.28800000 37.33000000
37.59700000 37.59700000 37.59700000 37.59700000 37.59700000 37.59700000 37.59700000 37.59700000 37.59700000 37.59700000 37.59700000 37.59700000 37.59700000 37.59700000 37.59700000 37.59700000 37.59700000 37.59700000 37.59700000 37.59700000 37.59700000 36.72400000 37.29300000 37.35400000 37.35900000 37.33500000 37.32600000 37.29300000 37.26000000 37.28800000
37.59700000 37.59700000 37.59700000 37.59700000 37.59700000 37.59700000 37.59700000 37.59700000 37.59700000 37.59700000 37.59700000 37.59700000 37.59700000 37.59700000 37.59700000 37.59700000 37.59700000 37.59700000 37.59700000 37.59700000 37.59700000 36.54300000 37.18900000 37.31300000 37.33000000 37.31300000 37.29500000 37.25400000 37.27900000 37.31700000
37.59700000 37.59700000 37.59700000 37.59700000 37.59700000 37.59700000 37.59700000 37.59700000 37.59700000 37.59700000 37.59700000 37.59700000 37.59700000 37.59700000 37.59700000 37.59700000 37.59700000 37.59700000 37.59700000 37.59700000 37.59700000 37.59700000 36.91600000 37.12200000 37.25200000 37.19400000 37.21100000 37.27500000 37.28900000 37.32400000
37.59700000 37.59700000 37.59700000 37.59700000 37.59700000 37.59700000 37.59700000 37.59700000 37.59700000 37.59700000 37.59700000 37.59700000 37.59700000 37.59700000 37.59700000 37.59700000 37.59700000 37.59700000 37.59700000 37.59700000 37.59700000 37.59700000 37.59700000 36.77200000 37.18200000 37.22700000 37.23000000 37.24400000 37.27500000 37.28700000
36.98700000 36.96900000 36.92900000 36.90700000 37.12100000 37.23100000 37.24300000 37.24600000 37.20000000 37.18900000 37.12300000 37.00200000 36.88100000 36.67800000 36.72200000 36.87000000 37.00800000 36.99800000 37.06100000 37.05200000 37.00500000 36.98500000 36.85500000 36.57200000 36.54700000 36.28800000 36.54600000 36.51300000 36.50000000 36.48500000
36.98700000 36.85900000 36.93900000 37.12200000 37.19700000 37.18800000 37.18800000 37.18200000 37.15900000 37.09000000 36.98800000 36.87000000 36.48700000 36.81400000 36.84100000 37.01200000 37.03900000 37.06800000 37.06500000 37.03100000 36.99100000 36.90600000 36.77800000 36.65700000 36.52900000 36.99600000 37.05700000 37.04800000 37.06400000 37.06200000
36.98700000 36.87100000 36.91600000 36.94800000 37.14900000 37.13700000 37.08200000 37.03200000 36.97100000 36.90500000 36.72500000 36.45300000 36.79000000 36.89800000 36.89800000 37.12700000 36.97300000 37.05700000 37.03700000 36.96000000 36.88100000 36.79400000 36.81300000 37.23100000 37.07500000 37.04400000 37.04500000 36.94700000 36.90900000 36.85400000
36.60500000 37.00000000 36.90000000 36.92600000 37.01900000 37.02600000 36.95900000 36.62700000 36.60300000 36.71900000 36.84700000 36.92600000 36.89400000 36.89600000 36.95400000 37.09400000 36.93000000 37.00100000 36.92100000 36.78300000 36.85500000 37.25400000 37.26500000 37.26500000 37.26100000 37.04800000 37.02900000 36.99200000 36.96200000 36.87200000
35.86700000 36.94500000 37.04100000 37.06700000 36.83600000 36.95400000 36.67000000 36.53900000 36.66500000 36.95100000 36.92500000 36.91200000 36.92700000 36.94400000 37.01200000 37.09100000 36.87900000 36.91100000 36.77500000 37.22100000 37.24500000 37.22100000 37.17800000 37.17400000 37.20300000 37.25500000 37.26500000 36.83700000 36.68100000 36.64000000
35.68800000 36.76200000 36.87500000 37.03800000 37.19500000 37.01300000 36.83600000 36.83300000 36.83800000 36.82900000 36.83300000 36.84900000 36.87800000 36.94500000 37.04200000 37.14700000 36.80800000 36.90400000 37.18200000 37.21500000 37.19500000 37.09800000 37.01300000 37.05100000 37.15700000 37.22000000 37.30200000 37.26200000 36.66200000 36.61300000
35.58000000 36.12000000 36.68100000 36.74200000 37.04900000 37.26500000 36.93800000 36.91600000 36.92400000 36.92100000 37.03200000 37.00500000 36.99300000 37.01700000 37.03600000 37.11300000 36.96100000 37.12000000 37.20600000 37.20300000 37.12300000 37.01700000 36.97000000 37.06800000 37.16500000 37.23400000 37.38400000 37.35800000 37.26100000 36.67000000
35.68100000 36.14600000 36.64600000 36.46600000 36.60300000 37.12900000 37.34600000 37.08200000 36.90100000 36.93300000 36.97000000 36.97100000 37.02300000 37.04300000 37.03400000 37.10100000 37.15600000 37.13000000 37.15700000 37.18300000 37.17000000 37.13900000 37.16200000 37.18100000 37.32300000 37.46500000 37.47300000 37.44000000 37.27900000 37.27500000
35.93100000 35.70700000 36.06800000 36.27500000 36.65900000 36.37600000 36.81000000 37.31400000 37.38100000 37.31200000 36.95000000 36.94300000 36.96000000 37.06700000 37.06400000 37.17600000 37.23200000 37.20600000 37.21800000 37.25000000 37.22200000 37.16800000 37.40100000 37.38100000 37.38600000 37.40100000 37.44900000 37.45300000 37.28500000 37.26500000
35.92800000 35.91200000 36.16700000 36.04800000 36.27300000 36.30300000 36.24700000 37.05300000 37.29500000 37.40600000 37.40400000 37.03100000 36.97600000 36.95100000 36.97600000 37.10300000 37.21100000 37.19300000 37.02400000 37.33700000 37.35800000 37.29800000 37.33400000 37.39700000 37.42700000 37.42200000 37.46000000 37.33300000 37.27400000 37.23900000
35.63500000 37.59700000 35.87100000 35.82600000 36.02000000 36.35100000 36.09800000 36.25300000 37.02300000 37.15000000 37.28100000 37.39000000 37.10500000 36.99800000 36.98900000 37.01800000 37.04400000 37.34000000 37.36100000 37.38500000 37.32500000 37.29200000 37.40800000 37.28900000 37.36100000 37.37000000 37.32100000 37.27500000 37.28000000 37.20100000
37.59700000 37.59700000 37.59700000 37.59700000 35.78400000 36.11500000 36.43900000 35.83300000 36.27800000 37.09500000 36.98700000 37.06900000 37.15400000 37.24600000 37.29000000 37.29000000 37.32400000 37.25100000 37.29400000 37.36800000 37.22900000 37.34900000 37.26700000 37.27400000 37.34000000 37.33100000 37.29800000 37.31400000 37.22800000 37.17400000
37.59700000 37.59700000 37.59700000 37.59700000 37.59700000 35.75600000 35.78800000 36.12200000 35.92800000 36.40400000 37.01500000 36.78000000 36.44300000 36.69700000 36.70200000 36.44300000 36.68500000 37.16200000 37.21800000 37.36200000 37.19800000 37.27800000 37.25000000 37.23200000 37.32800000 37.39000000 37.35800000 37.34800000 37.31000000 37.20700000
37.59700000 37.59700000 37.59700000 37.59700000 37.59700000 37.59700000 37.59700000 35.75100000 35.78500000 35.81200000 36.48400000 36.21800000 36.35300000 36.19300000 36.31900000 36.46000000 36.26100000 37.05100000 37.15200000 37.38400000 37.37200000 37.20700000 37.21600000 37.19400000 37.28700000 37.38100000 37.46300000 37.33900000 37.38700000 37.21900000
37.59700000 37.59700000 37.59700000 37.59700000 37.59700000 37.59700000 37.59700000 37.59700000 37.59700000 37.59700000 37.59700000 37.59700000 37.59700000 37.59700000 37.59700000 36.14000000 36.07800000 36.80300000 36.92400000 37.34900000 37.42700000 37.40900000 37.36800000 37.37100000 37.33900000 37.38300000 37.41700000 37.48600000 37.34400000 37.36200000
37.59700000 37.59700000 37.59700000 37.59700000 37.59700000 37.59700000 37.59700000 37.59700000 37.59700000 37.59700000 37.59700000 37.59700000 37.59700000 37.59700000 37.59700000 37.59700000 36.18900000 36.65400000 36.88700000 36.98500000 37.28800000 37.42800000 37.40400000 37.39900000 37.33900000 37.35800000 37.42400000 37.49000000 37.52700000 37.56000000
37.59700000 37.59700000 37.59700000 37.59700000 37.59700000 37.59700000 37.59700000 37.59700000 37.59700000 37.59700000 37.59700000 37.59700000 37.59700000 37.59700000 37.59700000 37.59700000 37.59700000 36.34700000 36.84300000 36.95200000 36.87700000 37.34300000 37.41800000 37.38600000 37.31100000 37.36000000 37.39100000 37.35900000 37.48700000 37.55900000
37.59700000 37.59700000 37.59700000 37.59700000 37.59700000 37.59700000 37.59700000 37.59700000 37.59700000 37.59700000 37.59700000 37.59700000 37.59700000 37.59700000 37.59700000 37.59700000 37.59700000 37.59700000 37.59700000 36.75600000 36.77700000 37.33700000 37.42800000 37.38900000 37.33300000 37.34900000 37.38800000 37.34400000 37.34700000 37.47300000
37.59700000 37.59700000 37.59700000 37.59700000 37.59700000 37.59700000 37.59700000 37.59700000 37.59700000 37.59700000 37.59700000 37.59700000 37.59700000 37.59700000 37.59700000 37.59700000 37.59700000 37.59700000 37.59700000 37.59700000 36.72900000 37.33800000 37.42800000 37.33200000 37.37400000 37.40000000 37.35500000 37.36500000 37.33500000 37.38800000
37.59700000 37.59700000 37.59700000 37.59700000 37.59700000 37.59700000 37.59700000 37.59700000 37.59700000 37.59700000 37.59700000 37.59700000 37.59700000 37.59700000 37.59700000 37.59700000 37.59700000 37.59700000 37.59700000 37.59700000 36.84000000 37.34100000 37.39900000 37.32000000 37.42000000 37.39900000 37.42900000 37.35900000 37.35100000 37.39300000
37.59700000 37.59700000 37.59700000 37.59700000 37.59700000 37.59700000 37.59700000 37.59700000 37.59700000 37.59700000 37.59700000 37.59700000 37.59700000 37.59700000 37.59700000 37.59700000 37.59700000 37.59700000 37.59700000 37.59700000 36.68100000 37.36900000 37.32600000 37.38300000 37.38600000 37.39700000 37.41500000 37.41800000 37.36800000 37.34600000
37.59700000 37.59700000 37.59700000 37.59700000 37.59700000 37.59700000 37.59700000 37.59700000 37.59700000 37.59700000 37.59700000 37.59700000 37.59700000 37.59700000 37.59700000 37.59700000 37.59700000 37.59700000 37.59700000 37.59700000 36.55300000 37.32000000 37.36300000 37.41400000 37.38600000 37.38500000 37.37100000 37.34200000 37.33500000 37.37900000
37.59700000 37.59700000 37.59700000 37.59700000 37.59700000 37.59700000 37.59700000 37.59700000 37.59700000 37.59700000 37.59700000 37.59700000 37.59700000 37.59700000 37.59700000 37.59700000 37.59700000 37.59700000 37.59700000 37.59700000 37.59700000 37.03300000 37.36700000 37.37300000 37.38200000 37.35000000 37.32000000 37.30000000 37.28700000 37.32900000
37.59700000 37.59700000 37.59700000 37.59700000 37.59700000 37.59700000 37.59700000 37.59700000 37.59700000 37.59700000 37.59700000 37.59700000 37.59700000 37.59700000 37.59700000 37.59700000 37.59700000 37.59700000 37.59700000 37.59700000 37.59700000 36.72000000 37.29200000 37.35300000 37.35800000 37.33400000 37.32400000 37.29200000 37.25900000 37.28700000
37.59700000 37.59700000 37.59700000 37.59700000 37.59700000 37.59700000 37.59700000 37.59700000 37.59700000 37.59700000 37.59700000 37.59700000 37.59700000 37.59700000 37.59700000 37.59700000 37.59700000 37.59700000 37.59700000 37.59700000 37.59700000 37.59700000 37.18700000 37.31200000 37.32900000 37.31200000 37.29400000 37.25300000 37.27700000 37.31600000
37.59700000 37.59700000 37.59700000 37.59700000 37.59700000 37.59700000 37.59700000 37.59700000 37.59700000 37.59700000 37.59700000 37.59700000 37.59700000 37.59700000 37.59700000 37.59700000 37.59700000 37.59700000 37.59700000 37.59700000 37.59700000 37.59700000 36.90900000 37.12100000 37.25000000 37.19300000 37.21000000 37.27300000 37.28100000 37.32300000
37.59700000 37.59700000 37.59700000 37.59700000 37.59700000 37.59700000 37.59700000 37.59700000 37.59700000 37.59700000 37.59700000 37.59700000 37.59700000 37.59700000 37.59700000 37.59700000 37.59700000 37.59700000 37.59700000 37.59700000 37.59700000 37.59700000 37.59700000 36.76600000 37.18100000 37.22600000 37.22900000 37.24300000 37.27200000 37.28600000
