25.24000000 25.13800000 25.24200000 24.73600000 25.21500000 25.21900000 25.26700000 25.30600000 25.21100000 25.08800000 25.17100000 25.19000000 24.93400000 24.18800000 24.29300000 25.03900000 25.36700000 25.18100000 25.12900000 25.09500000 25.12500000 24.97600000 24.84600000 24.21200000 24.06200000 23.61000000 23.97200000 24.14900000 24.28300000 24.52800000
25.03000000 25.07600000 25.10000000 25.01800000 25.19000000 25.17200000 25.10800000 25.04800000 25.09200000 25.13000000 25.12800000 24.82900000 23.81400000 24.45000000 24.57200000 25.27400000 25.08600000 25.05700000 25.07300000 25.06000000 24.98900000 24.87200000 24.54500000 24.15600000 23.81600000 24.96100000 25.11700000 25.11600000 25.01200000 24.89800000
25.19500000 25.09800000 25.24100000 24.64000000 25.09300000 25.12000000 25.08600000 25.06300000 25.01600000 24.86300000 24.21800000 23.77600000 24.36000000 24.67800000 24.98700000 25.40400000 25.01700000 25.04900000 25.03500000 24.87200000 24.75800000 24.47800000 24.65900000 25.56200000 25.25700000 25.13700000 25.07800000 24.81600000 24.77500000 24.88300000
24.48100000 24.97800000 25.13200000 25.18100000 24.80200000 24.87000000 24.74500000 24.04200000 24.00300000 24.14300000 24.38200000 24.62900000 24.72400000 24.95500000 25.31300000 25.34900000 24.95400000 24.95600000 24.78300000 24.43800000 24.73900000 25.54100000 25.51800000 25.54800000 25.55800000 25.19900000 25.10800000 25.05100000 25.04800000 25.12400000
23.97700000 24.57500000 25.04200000 25.30000000 25.14800000 24.92800000 24.10800000 23.88000000 24.03600000 24.69600000 24.81800000 24.91700000 25.10700000 25.32600000 25.52700000 25.36300000 24.85200000 24.79200000 24.54600000 25.51500000 25.39000000 25.40600000 25.22900000 25.23800000 25.45100000 25.74700000 25.54300000 24.93000000 24.83000000 25.02700000
23.68100000 23.94300000 24.44200000 24.95200000 25.50900000 25.40200000 25.20100000 25.18800000 25.20000000 25.20000000 25.21500000 25.22900000 25.25700000 25.37600000 25.59500000 25.44100000 24.66100000 24.84300000 25.43600000 25.31400000 25.26000000 24.98900000 24.85100000 24.93700000 25.16000000 25.60700000 25.99300000 25.58700000 24.74800000 25.01700000
23.33800000 23.95500000 24.15600000 24.24400000 24.99900000 25.81800000 25.39300000 25.36000000 25.40400000 25.38100000 25.52100000 25.49300000 25.40800000 25.43500000 25.55200000 25.46400000 24.93700000 25.29700000 25.39100000 25.31900000 25.05900000 24.83200000 24.67800000 24.98000000 25.26100000 25.82700000 26.30000000 26.07500000 25.71200000 25.06000000
23.13000000 23.56500000 24.08800000 23.74600000 24.19300000 25.13700000 25.92200000 25.65300000 25.38600000 25.45500000 25.52800000 25.49200000 25.51000000 25.52200000 25.53500000 25.46600000 25.36100000 25.29400000 25.37700000 25.25700000 25.23100000 25.17400000 25.17300000 25.49900000 26.13300000 26.41000000 26.49600000 26.33900000 25.67800000 25.76900000
22.42800000 22.97400000 23.23800000 23.38000000 23.91600000 23.90700000 24.29600000 25.81900000 26.12600000 26.06700000 25.41200000 25.44700000 25.47400000 25.61500000 25.61700000 25.56100000 25.57800000 25.50000000 25.55400000 25.64600000 25.70100000 25.82900000 26.19900000 26.05800000 26.08500000 26.11700000 26.30300000 26.32700000 25.75300000 25.91700000
22.61900000 22.47200000 23.03100000 23.08200000 23.28000000 23.51100000 23.74400000 24.85400000 25.75800000 26.24800000 26.29900000 25.53800000 25.39700000 25.53900000 25.49600000 25.51200000 25.64100000 25.62200000 25.54400000 26.15000000 26.35000000 25.92400000 25.94600000 26.13500000 26.25500000 26.17800000 26.34500000 26.00100000 25.74000000 25.92200000
23.51600000 22.87600000 21.20400000 23.00600000 22.77600000 23.16000000 23.22600000 23.62800000 24.75500000 25.19900000 25.72400000 26.17500000 25.71700000 25.43300000 25.44200000 25.45000000 25.47800000 26.12400000 26.30800000 26.46900000 26.14300000 25.84700000 26.19900000 26.02200000 26.17300000 26.15600000 25.87500000 25.76200000 25.96900000 25.99300000
27.83300000 27.83300000 27.83300000 23.59000000 23.02000000 22.86800000 22.90900000 22.96100000 23.50000000 24.88300000 24.62600000 24.95200000 25.37200000 25.74400000 25.90400000 25.92300000 26.04300000 25.85800000 26.12200000 26.47800000 25.73000000 26.08400000 25.95600000 26.21900000 26.36500000 26.12000000 25.90000000 26.00800000 25.95600000 26.05400000
27.83300000 27.83300000 27.83300000 27.83300000 23.51700000 23.43300000 23.17400000 22.81700000 22.96600000 23.53800000 24.61000000 24.19500000 23.66700000 24.07400000 24.10200000 24.18100000 24.64200000 25.38800000 26.06700000 26.47400000 25.74100000 25.93800000 26.03800000 26.00400000 26.18200000 26.54300000 26.24800000 26.14500000 26.06200000 26.10200000
27.83300000 27.83300000 27.83300000 27.83300000 27.83300000 27.83300000 24.06100000 23.26600000 22.93200000 22.87100000 23.08500000 22.87700000 23.09200000 22.41100000 23.48100000 23.74600000 24.24300000 25.11300000 25.86300000 26.44000000 26.48700000 25.83900000 25.96900000 25.94200000 26.06400000 26.58900000 26.65900000 26.13400000 26.22500000 26.01000000
27.83300000 27.83300000 27.83300000 27.83300000 27.83300000 27.83300000 27.83300000 27.83300000 27.83300000 27.83300000 27.83300000 27.83300000 23.06900000 22.99500000 22.44500000 23.42100000 24.23100000 24.86800000 24.87400000 26.44500000 26.48100000 26.49300000 26.49300000 26.49300000 26.23300000 26.71300000 26.65300000 26.69400000 26.18300000 26.07400000
27.83300000 27.83300000 27.83300000 27.83300000 27.83300000 27.83300000 27.83300000 27.83300000 27.83300000 27.83300000 27.83300000 27.83300000 27.83300000 27.83300000 27.83300000 23.41500000 24.11200000 24.67600000 24.21100000 24.97600000 26.36900000 26.52300000 26.60200000 26.51200000 26.58800000 26.80400000 26.66500000 26.70900000 26.75400000 26.78300000
27.83300000 27.83300000 27.83300000 27.83300000 27.83300000 27.83300000 27.83300000 27.83300000 27.83300000 27.83300000 27.83300000 27.83300000 27.83300000 27.83300000 27.83300000 27.83300000 23.65800000 22.88700000 24.80900000 24.92200000 24.81100000 26.48000000 26.61900000 26.42800000 26.73500000 26.87600000 26.79600000 26.73100000 26.79500000 26.93100000
27.83300000 27.83300000 27.83300000 27.83300000 27.83300000 27.83300000 27.83300000 27.83300000 27.83300000 27.83300000 27.83300000 27.83300000 27.83300000 27.83300000 27.83300000 27.83300000 27.83300000 27.83300000 23.72400000 24.62500000 24.28200000 26.53500000 26.50400000 26.46600000 26.79800000 26.83600000 26.88900000 26.78200000 26.80400000 26.92800000
27.83300000 27.83300000 27.83300000 27.83300000 27.83300000 27.83300000 27.83300000 27.83300000 27.83300000 27.83300000 27.83300000 27.83300000 27.83300000 27.83300000 27.83300000 27.83300000 27.83300000 27.83300000 27.83300000 25.26700000 24.30800000 26.60700000 26.48000000 26.62100000 26.87300000 26.87600000 26.79600000 26.84500000 26.83100000 26.96900000
27.83300000 27.83300000 27.83300000 27.83300000 27.83300000 27.83300000 27.83300000 27.83300000 27.83300000 27.83300000 27.83300000 27.83300000 27.83300000 27.83300000 27.83300000 27.83300000 27.83300000 27.83300000 27.83300000 25.40400000 25.30400000 26.66300000 26.51800000 26.74200000 26.96500000 26.80800000 26.95500000 26.82200000 26.89800000 27.04600000
27.83300000 27.83300000 27.83300000 27.83300000 27.83300000 27.83300000 27.83300000 27.83300000 27.83300000 27.83300000 27.83300000 27.83300000 27.83300000 27.83300000 27.83300000 27.83300000 27.83300000 27.83300000 27.83300000 25.21600000 25.42500000 26.78200000 26.61400000 26.90200000 26.83700000 26.78600000 26.94200000 26.95000000 26.98500000 27.00000000
27.83300000 27.83300000 27.83300000 27.83300000 27.83300000 27.83300000 27.83300000 27.83300000 27.83300000 27.83300000 27.83300000 27.83300000 27.83300000 27.83300000 27.83300000 27.83300000 27.83300000 27.83300000 27.83300000 24.15900000 24.00800000 26.61300000 26.82900000 26.96800000 26.75300000 26.89000000 26.90100000 26.76600000 26.85500000 27.17100000
27.83300000 27.83300000 27.83300000 27.83300000 27.83300000 27.83300000 27.83300000 27.83300000 27.83300000 27.83300000 27.83300000 27.83300000 27.83300000 27.83300000 27.83300000 27.83300000 27.83300000 27.83300000 27.83300000 27.83300000 25.18700000 25.93500000 26.76700000 26.82000000 26.75700000 26.84500000 26.76600000 26.59100000 26.66100000 27.05800000
27.83300000 27.83300000 27.83300000 27.83300000 27.83300000 27.83300000 27.83300000 27.83300000 27.83300000 27.83300000 27.83300000 27.83300000 27.83300000 27.83300000 27.83300000 27.83300000 27.83300000 27.83300000 27.83300000 27.83300000 27.83300000 25.07900000 26.58100000 26.71900000 26.74500000 26.77700000 26.69200000 26.50000000 26.39400000 26.97800000
27.83300000 27.83300000 27.83300000 27.83300000 27.83300000 27.83300000 27.83300000 27.83300000 27.83300000 27.83300000 27.83300000 27.83300000 27.83300000 27.83300000 27.83300000 27.83300000 27.83300000 27.83300000 27.83300000 27.83300000 27.83300000 24.84900000 26.27800000 26.64300000 26.65700000 26.57600000 26.54600000 26.46300000 26.65800000 27.11500000
27.83300000 27.83300000 27.83300000 27.83300000 27.83300000 27.83300000 27.83300000 27.83300000 27.83300000 27.83300000 27.83300000 27.83300000 27.83300000 27.83300000 27.83300000 27.83300000 27.83300000 27.83300000 27.83300000 27.83300000 27.83300000 27.83300000 25.86200000 26.17400000 26.44900000 26.34000000 26.48900000 26.59900000 27.01300000 27.24500000
27.83300000 27.83300000 27.83300000 27.83300000 27.83300000 27.83300000 27.83300000 27.83300000 27.83300000 27.83300000 27.83300000 27.83300000 27.83300000 27.83300000 27.83300000 27.83300000 27.83300000 27.83300000 27.83300000 27.83300000 27.83300000 27.83300000 27.83300000 25.86700000 26.33100000 26.55200000 26.48000000 26.65000000 26.87800000 27.17600000
25.25000000 25.17000000 25.27600000 24.76500000 25.22800000 25.23900000 25.31900000 25.31700000 25.20900000 25.14000000 25.20300000 25.20900000 24.96100000 24.20500000 24.30000000 25.06100000 25.38300000 25.21500000 25.16700000 25.11300000 25.14800000 25.00500000 24.81600000 24.22000000 24.07600000 23.62600000 23.98300000 24.17600000 24.32600000 24.54400000
25.05300000 25.07600000 25.10400000 25.01800000 25.19200000 25.17500000 25.11000000 25.05000000 25.09300000 25.13100000 25.12900000 24.83400000 23.80800000 24.44900000 24.57400000 25.28200000 25.09300000 25.06800000 25.08000000 25.06400000 24.99100000 24.87500000 24.55000000 24.16400000 23.82000000 24.97100000 25.12600000 25.12600000 25.02200000 24.91000000
25.24400000 25.09900000 25.24200000 24.64000000 25.09500000 25.12400000 25.09000000 25.06600000 25.01800000 24.86600000 24.22000000 23.77200000 24.35800000 24.67600000 24.98600000 25.40900000 25.02000000 25.05400000 25.04000000 24.87600000 24.76000000 24.48000000 24.65700000 25.57100000 25.26900000 25.14900000 25.08800000 24.82100000 24.78000000 24.88700000
24.47200000 24.97700000 25.13200000 25.18300000 24.80600000 24.87200000 24.74900000 24.04500000 23.99900000 24.14200000 24.37900000 24.62900000 24.72500000 24.95600000 25.31500000 25.35100000 24.95300000 24.95600000 24.78600000 24.44500000 24.74400000 25.55200000 25.52300000 25.55100000 25.56300000 25.20400000 25.11400000 25.05600000 25.05400000 25.12500000
23.97100000 24.56600000 25.04100000 25.30200000 25.15000000 24.89900000 24.11000000 23.88000000 24.03600000 24.69400000 24.81800000 24.91600000 25.10900000 25.32900000 25.53100000 25.36600000 24.85000000 24.79300000 24.54900000 25.52700000 25.40000000 25.42300000 25.23600000 25.24100000 25.45500000 25.75600000 25.55100000 24.93800000 24.83100000 25.03000000
23.70800000 24.33900000 24.43100000 24.95000000 25.51000000 25.40600000 25.20500000 25.19400000 25.20800000 25.20600000 25.21800000 25.23200000 25.26000000 25.38000000 25.60100000 25.44500000 24.66300000 24.84800000 25.44700000 25.32400000 25.27100000 24.99900000 24.86000000 24.94800000 25.17000000 25.61500000 26.00500000 25.59400000 24.75400000 25.02000000
23.41500000 24.04300000 24.13800000 24.23000000 24.99600000 25.82000000 25.39500000 25.36400000 25.40900000 25.38500000 25.52200000 25.49500000 25.41100000 25.43900000 25.55900000 25.47300000 24.94500000 25.30500000 25.39800000 25.32500000 25.06400000 24.83900000 24.68700000 24.98800000 25.26800000 25.83500000 26.31000000 26.08900000 25.72300000 25.06700000
23.00900000 23.56400000 24.07300000 23.73100000 24.18500000 25.13600000 25.92500000 25.65600000 25.38900000 25.45800000 25.53000000 25.49300000 25.51100000 25.52300000 25.53600000 25.47200000 25.36400000 25.29700000 25.37600000 25.25700000 25.23100000 25.17100000 25.17900000 25.50500000 26.14200000 26.42000000 26.50600000 26.34900000 25.68800000 25.78800000
20.97400000 23.14000000 23.50200000 23.37400000 23.90500000 23.90400000 24.29100000 25.82100000 26.12900000 26.06600000 25.41200000 25.44700000 25.47300000 25.61500000 25.61900000 25.56400000 25.58000000 25.50100000 25.55500000 25.64700000 25.70200000 25.82800000 26.20100000 26.06300000 26.09200000 26.12700000 26.31400000 26.33600000 25.76300000 25.92700000
20.42000000 22.27600000 19.69700000 22.99000000 23.28500000 23.51400000 23.79400000 24.84800000 25.75900000 26.24900000 26.30100000 25.53700000 25.39500000 25.53800000 25.49600000 25.51300000 25.64100000 25.62300000 25.54500000 26.15200000 26.35200000 25.92500000 25.94300000 26.13100000 26.25800000 26.18800000 26.35600000 26.01200000 25.74700000 25.92700000
20.73400000 27.83300000 18.20400000 17.74700000 22.30800000 22.87200000 23.36700000 23.68400000 24.75000000 25.19700000 25.72300000 26.17600000 25.71500000 25.43200000 25.44100000 25.44900000 25.47700000 26.12300000 26.31000000 26.47300000 26.14700000 25.84700000 26.19700000 26.01900000 26.17400000 26.16000000 25.88200000 25.77000000 25.97900000 26.00100000
27.83300000 27.83300000 27.83300000 27.83300000 19.44500000 22.02500000 22.20100000 22.47900000 23.56700000 24.87600000 24.62100000 24.94600000 25.36800000 25.74400000 25.90300000 25.92500000 26.05200000 25.85900000 26.12300000 26.48200000 25.73300000 26.08300000 25.95400000 26.22100000 26.36900000 26.12100000 25.90200000 26.01200000 25.96300000 26.05800000
27.83300000 27.83300000 27.83300000 27.83300000 27.83300000 18.32200000 20.00400000 20.29900000 21.07200000 23.53500000 24.60800000 24.18800000 23.66800000 24.09200000 24.08900000 24.17100000 24.63000000 25.38500000 26.06600000 26.48000000 25.74400000 25.94000000 26.03800000 26.00600000 26.18300000 26.54600000 26.25000000 26.14800000 26.07100000 26.10700000
27.83300000 27.83300000 27.83300000 27.83300000 27.83300000 27.83300000 27.83300000 18.74800000 19.04100000 18.79800000 22.28700000 22.91200000 22.88600000 22.34800000 23.13700000 23.74700000 24.22900000 25.10600000 25.86200000 26.44400000 26.49200000 25.84100000 25.97100000 25.94500000 26.06600000 26.59200000 26.66200000 26.13500000 26.22200000 26.01000000
27.83300000 27.83300000 27.83300000 27.83300000 27.83300000 27.83300000 27.83300000 27.83300000 27.83300000 27.83300000 27.83300000 27.83300000 27.83300000 27.83300000 27.83300000 20.04400000 24.17000000 24.85000000 24.84100000 26.44900000 26.48500000 26.49600000 26.49700000 26.49700000 26.23400000 26.71600000 26.65600000 26.69600000 26.18300000 26.07300000
27.83300000 27.83300000 27.83300000 27.83300000 27.83300000 27.83300000 27.83300000 27.83300000 27.83300000 27.83300000 27.83300000 27.83300000 27.83300000 27.83300000 27.83300000 27.83300000 23.55500000 24.64800000 24.20100000 24.89700000 26.36900000 26.52500000 26.60500000 26.51800000 26.59000000 26.80600000 26.66900000 26.71300000 26.75900000 26.78800000
27.83300000 27.83300000 27.83300000 27.83300000 27.83300000 27.83300000 27.83300000 27.83300000 27.83300000 27.83300000 27.83300000 27.83300000 27.83300000 27.83300000 27.83300000 27.83300000 27.83300000 20.79800000 24.51700000 24.49000000 24.79200000 26.48600000 26.62200000 26.43100000 26.73600000 26.88000000 26.80300000 26.73700000 26.80000000 26.93800000
27.83300000 27.83300000 27.83300000 27.83300000 27.83300000 27.83300000 27.83300000 27.83300000 27.83300000 27.83300000 27.83300000 27.83300000 27.83300000 27.83300000 27.83300000 27.83300000 27.83300000 27.83300000 27.83300000 24.57400000 24.23100000 26.54400000 26.50800000 26.46800000 26.80100000 26.84200000 26.89800000 26.79100000 26.81300000 26.93700000
27.83300000 27.83300000 27.83300000 27.83300000 27.83300000 27.83300000 27.83300000 27.83300000 27.83300000 27.83300000 27.83300000 27.83300000 27.83300000 27.83300000 27.83300000 27.83300000 27.83300000 27.83300000 27.83300000 27.83300000 24.27000000 26.61100000 26.48200000 26.62400000 26.87800000 26.88500000 26.80400000 26.85600000 26.83800000 26.97400000
27.83300000 27.83300000 27.83300000 27.83300000 27.83300000 27.83300000 27.83300000 27.83300000 27.83300000 27.83300000 27.83300000 27.83300000 27.83300000 27.83300000 27.83300000 27.83300000 27.83300000 27.83300000 27.83300000 27.83300000 24.65400000 26.66700000 26.51800000 26.74700000 26.97600000 26.81700000 26.96400000 26.83000000 26.90500000 27.05100000
27.83300000 27.83300000 27.83300000 27.83300000 27.83300000 27.83300000 27.83300000 27.83300000 27.83300000 27.83300000 27.83300000 27.83300000 27.83300000 27.83300000 27.83300000 27.83300000 27.83300000 27.83300000 27.83300000 27.83300000 23.36200000 26.78500000 26.62000000 26.91000000 26.84600000 26.78700000 26.94800000 26.95900000 26.99000000 27.00300000
27.83300000 27.83300000 27.83300000 27.83300000 27.83300000 27.83300000 27.83300000 27.83300000 27.83300000 27.83300000 27.83300000 27.83300000 27.83300000 27.83300000 27.83300000 27.83300000 27.83300000 27.83300000 27.83300000 27.83300000 23.03100000 26.61400000 26.83500000 26.97200000 26.75400000 26.89200000 26.90600000 26.76900000 26.85700000 27.17500000
27.83300000 27.83300000 27.83300000 27.83300000 27.83300000 27.83300000 27.83300000 27.83300000 27.83300000 27.83300000 27.83300000 27.83300000 27.83300000 27.83300000 27.83300000 27.83300000 27.83300000 27.83300000 27.83300000 27.83300000 27.83300000 25.83400000 26.76200000 26.81700000 26.75700000 26.84700000 26.76600000 26.59300000 26.66100000 27.05800000
27.83300000 27.83300000 27.83300000 27.83300000 27.83300000 27.83300000 27.83300000 27.83300000 27.83300000 27.83300000 27.83300000 27.83300000 27.83300000 27.83300000 27.83300000 27.83300000 27.83300000 27.83300000 27.83300000 27.83300000 27.83300000 25.03900000 26.57400000 26.71600000 26.74200000 26.77800000 26.69200000 26.50300000 26.39300000 26.98100000
27.83300000 27.83300000 27.83300000 27.83300000 27.83300000 27.83300000 27.83300000 27.83300000 27.83300000 27.83300000 27.83300000 27.83300000 27.83300000 27.83300000 27.83300000 27.83300000 27.83300000 27.83300000 27.83300000 27.83300000 27.83300000 27.83300000 26.26600000 26.64000000 26.65500000 26.57300000 26.54200000 26.46100000 26.65700000 27.12000000
27.83300000 27.83300000 27.83300000 27.83300000 27.83300000 27.83300000 27.83300000 27.83300000 27.83300000 27.83300000 27.83300000 27.83300000 27.83300000 27.83300000 27.83300000 27.83300000 27.83300000 27.83300000 27.83300000 27.83300000 27.83300000 27.83300000 25.85300000 26.17200000 26.44200000 26.33500000 26.48300000 26.59800000 27.01500000 27.25300000
27.83300000 27.83300000 27.83300000 27.83300000 27.83300000 27.83300000 27.83300000 27.83300000 27.83300000 27.83300000 27.83300000 27.83300000 27.83300000 27.83300000 27.83300000 27.83300000 27.83300000 27.83300000 27.83300000 27.83300000 27.83300000 27.83300000 27.83300000 25.87200000 26.33100000 26.54800000 26.48000000 26.65300000 26.89100000 27.18500000
