25.24400000 25.12100000 25.23200000 24.70900000 25.22000000 25.22300000 25.26600000 25.30800000 25.21100000 25.08200000 25.16700000 25.18500000 24.92400000 24.19500000 24.30000000 25.03000000 25.36400000 25.17300000 25.12000000 25.09300000 25.11900000 24.97300000 24.84500000 24.20200000 24.06000000 23.60500000 23.96900000 24.13900000 24.26900000 24.52500000
25.01900000 25.08500000 25.10300000 25.03800000 25.19500000 25.17700000 25.11200000 25.05300000 25.10000000 25.13800000 25.13900000 24.84600000 23.83200000 24.46800000 24.58400000 25.27700000 25.08600000 25.05900000 25.07600000 25.06800000 24.99500000 24.87800000 24.55600000 24.16100000 23.83300000 24.97800000 25.12800000 25.12700000 25.01200000 24.90300000
25.17400000 25.10400000 25.24500000 24.67900000 25.09800000 25.12700000 25.09400000 25.07200000 25.02500000 24.87300000 24.23500000 23.79000000 24.37600000 24.69100000 25.00400000 25.40900000 25.02300000 25.05200000 25.03700000 24.87500000 24.76200000 24.48000000 24.69000000 25.56800000 25.25600000 25.14000000 25.07900000 24.82000000 24.78200000 24.89000000
24.42300000 24.99700000 25.14400000 25.18800000 24.81200000 24.87700000 24.75500000 24.05100000 24.01700000 24.15600000 24.39000000 24.63800000 24.73300000 24.96800000 25.32400000 25.35200000 24.96600000 24.96000000 24.78400000 24.43900000 24.75400000 25.54500000 25.52300000 25.55500000 25.56300000 25.20100000 25.11600000 25.05500000 25.05800000 25.12700000
23.91900000 24.61000000 25.05300000 25.31200000 25.15100000 24.97400000 24.11800000 23.88800000 24.04300000 24.70600000 24.83100000 24.92700000 25.11300000 25.33100000 25.53400000 25.36300000 24.87200000 24.79900000 24.55100000 25.51900000 25.39300000 25.41000000 25.23100000 25.24100000 25.45800000 25.75700000 25.54500000 24.93300000 24.83600000 25.03400000
23.61700000 23.99600000 24.45800000 24.95700000 25.52000000 25.41700000 25.21200000 25.19200000 25.20300000 25.20500000 25.22200000 25.23600000 25.26200000 25.37600000 25.59900000 25.44200000 24.66100000 24.85100000 25.43900000 25.31700000 25.25800000 24.99100000 24.85500000 24.94200000 25.16100000 25.60900000 25.99800000 25.58800000 24.75400000 25.02200000
23.35600000 23.99600000 24.17700000 24.25900000 25.00500000 25.83200000 25.40100000 25.37000000 25.41300000 25.38800000 25.52900000 25.50300000 25.41700000 25.43900000 25.55700000 25.46900000 24.92800000 25.31100000 25.39200000 25.32300000 25.06000000 24.83600000 24.68300000 24.98600000 25.26700000 25.83500000 26.30500000 26.08300000 25.71400000 25.06600000
23.11200000 23.58300000 24.10600000 23.75300000 24.20600000 25.12100000 25.92500000 25.68700000 25.39300000 25.45400000 25.53200000 25.50200000 25.51900000 25.52900000 25.54100000 25.47500000 25.36000000 25.29700000 25.38800000 25.26600000 25.24000000 25.18500000 25.18000000 25.50800000 26.13800000 26.40400000 26.49600000 26.34500000 25.68300000 25.77000000
22.41200000 22.99200000 23.26500000 23.37500000 23.92300000 23.91600000 24.29600000 25.82100000 26.12700000 26.09900000 25.42800000 25.45500000 25.48500000 25.62500000 25.62900000 25.56800000 25.58500000 25.50700000 25.55900000 25.65200000 25.70700000 25.83600000 26.19700000 26.05500000 26.07800000 26.11200000 26.30300000 26.32800000 25.75900000 25.92100000
22.61200000 22.45700000 23.03600000 23.09600000 23.29800000 23.52300000 23.75300000 24.88100000 25.76100000 26.25500000 26.29900000 25.55300000 25.40800000 25.55000000 25.50500000 25.52300000 25.65400000 25.63400000 25.55200000 26.16000000 26.36800000 25.94400000 25.96000000 26.15500000 26.26600000 26.18500000 26.34600000 26.00500000 25.74300000 25.92400000
23.49800000 22.88800000 21.24500000 23.05600000 22.80400000 23.17600000 23.23300000 23.64200000 24.79700000 25.19000000 25.71300000 26.16400000 25.72700000 25.44800000 25.45300000 25.46100000 25.48900000 26.12800000 26.31300000 26.47800000 26.14500000 25.85700000 26.21200000 26.03700000 26.17300000 26.15700000 25.87800000 25.76400000 25.97000000 25.99700000
27.83300000 27.83300000 27.83300000 23.65600000 23.06100000 22.90000000 22.92400000 22.98800000 23.51900000 24.92300000 24.62200000 24.96000000 25.37000000 25.75000000 25.90600000 25.93600000 26.05000000 25.86600000 26.13000000 26.48500000 25.74000000 26.09400000 25.97300000 26.22500000 26.37100000 26.13000000 25.90500000 26.01500000 25.95900000 26.05600000
27.83300000 27.83300000 27.83300000 27.83300000 23.57900000 23.48000000 23.21900000 22.85200000 22.99500000 23.54900000 24.60600000 24.17200000 23.69000000 24.09100000 24.10800000 24.20600000 24.71000000 25.40100000 26.09700000 26.48000000 25.75000000 25.94700000 26.05000000 26.01300000 26.18800000 26.55100000 26.25400000 26.14800000 26.06100000 26.10500000
27.83300000 27.83300000 27.83300000 27.83300000 27.83300000 27.83300000 24.10000000 23.29000000 22.97700000 22.91100000 23.11000000 22.88400000 23.10000000 22.36000000 23.50800000 23.76800000 24.30000000 25.13100000 25.89800000 26.44600000 26.49400000 25.84800000 25.97700000 25.95100000 26.07700000 26.60000000 26.66700000 26.14500000 26.23900000 26.01900000
27.83300000 27.83300000 27.83300000 27.83300000 27.83300000 27.83300000 27.83300000 27.83300000 27.83300000 27.83300000 27.83300000 27.83300000 23.13400000 23.04200000 22.49400000 23.47400000 24.30600000 24.92400000 24.89800000 26.44800000 26.48800000 26.50100000 26.50300000 26.50700000 26.24800000 26.72200000 26.66100000 26.70200000 26.19300000 26.08300000
27.83300000 27.83300000 27.83300000 27.83300000 27.83300000 27.83300000 27.83300000 27.83300000 27.83300000 27.83300000 27.83300000 27.83300000 27.83300000 27.83300000 27.83300000 23.46500000 24.16900000 24.71900000 24.21800000 25.00500000 26.37600000 26.53100000 26.61300000 26.52000000 26.59800000 26.81200000 26.67200000 26.71600000 26.76100000 26.79000000
27.83300000 27.83300000 27.83300000 27.83300000 27.83300000 27.83300000 27.83300000 27.83300000 27.83300000 27.83300000 27.83300000 27.83300000 27.83300000 27.83300000 27.83300000 27.83300000 23.71400000 22.92600000 24.84300000 24.94400000 24.85500000 26.48500000 26.62500000 26.43600000 26.74400000 26.88200000 26.80100000 26.73700000 26.79700000 26.93600000
27.83300000 27.83300000 27.83300000 27.83300000 27.83300000 27.83300000 27.83300000 27.83300000 27.83300000 27.83300000 27.83300000 27.83300000 27.83300000 27.83300000 27.83300000 27.83300000 27.83300000 27.83300000 23.87300000 24.69800000 24.27500000 26.53900000 26.51000000 26.47600000 26.80600000 26.83800000 26.89100000 26.78300000 26.81100000 26.93300000
27.83300000 27.83300000 27.83300000 27.83300000 27.83300000 27.83300000 27.83300000 27.83300000 27.83300000 27.83300000 27.83300000 27.83300000 27.83300000 27.83300000 27.83300000 27.83300000 27.83300000 27.83300000 27.83300000 25.29800000 24.39100000 26.62300000 26.48800000 26.63300000 26.87900000 26.88200000 26.80000000 26.84800000 26.83600000 26.97500000
27.83300000 27.83300000 27.83300000 27.83300000 27.83300000 27.83300000 27.83300000 27.83300000 27.83300000 27.83300000 27.83300000 27.83300000 27.83300000 27.83300000 27.83300000 27.83300000 27.83300000 27.83300000 27.83300000 25.41600000 25.40600000 26.67400000 26.52600000 26.75200000 26.96600000 26.81300000 26.95800000 26.82500000 26.90200000 27.05000000
27.83300000 27.83300000 27.83300000 27.83300000 27.83300000 27.83300000 27.83300000 27.83300000 27.83300000 27.83300000 27.83300000 27.83300000 27.83300000 27.83300000 27.83300000 27.83300000 27.83300000 27.83300000 27.83300000 25.24700000 25.43200000 26.79100000 26.62100000 26.90600000 26.84000000 26.79200000 26.94600000 26.95800000 26.99200000 27.00600000
27.83300000 27.83300000 27.83300000 27.83300000 27.83300000 27.83300000 27.83300000 27.83300000 27.83300000 27.83300000 27.83300000 27.83300000 27.83300000 27.83300000 27.83300000 27.83300000 27.83300000 27.83300000 27.83300000 24.58100000 24.07400000 26.61900000 26.83700000 26.97100000 26.75800000 26.89800000 26.90700000 26.78500000 26.86700000 27.17800000
27.83300000 27.83300000 27.83300000 27.83300000 27.83300000 27.83300000 27.83300000 27.83300000 27.83300000 27.83300000 27.83300000 27.83300000 27.83300000 27.83300000 27.83300000 27.83300000 27.83300000 27.83300000 27.83300000 27.83300000 25.28600000 25.99800000 26.78000000 26.82900000 26.76700000 26.85100000 26.77300000 26.59300000 26.65500000 27.06500000
27.83300000 27.83300000 27.83300000 27.83300000 27.83300000 27.83300000 27.83300000 27.83300000 27.83300000 27.83300000 27.83300000 27.83300000 27.83300000 27.83300000 27.83300000 27.83300000 27.83300000 27.83300000 27.83300000 27.83300000 27.83300000 25.13800000 26.60200000 26.73300000 26.75800000 26.78800000 26.70400000 26.51200000 26.40200000 26.98600000
27.83300000 27.83300000 27.83300000 27.83300000 27.83300000 27.83300000 27.83300000 27.83300000 27.83300000 27.83300000 27.83300000 27.83300000 27.83300000 27.83300000 27.83300000 27.83300000 27.83300000 27.83300000 27.83300000 27.83300000 27.83300000 24.91500000 26.30000000 26.65900000 26.67000000 26.58900000 26.55500000 26.47400000 26.69500000 27.12200000
27.83300000 27.83300000 27.83300000 27.83300000 27.83300000 27.83300000 27.83300000 27.83300000 27.83300000 27.83300000 27.83300000 27.83300000 27.83300000 27.83300000 27.83300000 27.83300000 27.83300000 27.83300000 27.83300000 27.83300000 27.83300000 27.83300000 25.89100000 26.18500000 26.44900000 26.35000000 26.50600000 26.62700000 27.03600000 27.25600000
27.83300000 27.83300000 27.83300000 27.83300000 27.83300000 27.83300000 27.83300000 27.83300000 27.83300000 27.83300000 27.83300000 27.83300000 27.83300000 27.83300000 27.83300000 27.83300000 27.83300000 27.83300000 27.83300000 27.83300000 27.83300000 27.83300000 27.83300000 25.89200000 26.34100000 26.56200000 26.49600000 26.66000000 26.88600000 27.16500000
25.25300000 25.15200000 25.26300000 24.74000000 25.22800000 25.23000000 25.29600000 25.31900000 25.20500000 25.13500000 25.19400000 25.20300000 24.95000000 24.21200000 24.30600000 25.05200000 25.37900000 25.21200000 25.16200000 25.11100000 25.14100000 25.00000000 24.80700000 24.21000000 24.07400000 23.62200000 23.98100000 24.17100000 24.31400000 24.54000000
25.03900000 25.08200000 25.10400000 25.03400000 25.19500000 25.17700000 25.11000000 25.05100000 25.09800000 25.13600000 25.13600000 24.84500000 23.81400000 24.45900000 24.58400000 25.28500000 25.09300000 25.06700000 25.08100000 25.06900000 24.99500000 24.87800000 24.55900000 24.17100000 23.83600000 24.98600000 25.13500000 25.13500000 25.02000000 24.91100000
25.22400000 25.10200000 25.24500000 24.67100000 25.09700000 25.12700000 25.09400000 25.07100000 25.02400000 24.87100000 24.23300000 23.77400000 24.36600000 24.68200000 24.99600000 25.41100000 25.02400000 25.05600000 25.04200000 24.87700000 24.76300000 24.47800000 24.68500000 25.57500000 25.26500000 25.14900000 25.08600000 24.82400000 24.78500000 24.89100000
24.47600000 24.98800000 25.13900000 25.18800000 24.81400000 24.87700000 24.75700000 24.05200000 24.00300000 24.14600000 24.37900000 24.63300000 24.73000000 24.96600000 25.32400000 25.35100000 24.96000000 24.95700000 24.78700000 24.44500000 24.75800000 25.55300000 25.52600000 25.55700000 25.56600000 25.20400000 25.11900000 25.05800000 25.06100000 25.12300000
23.89600000 24.58500000 25.04400000 25.31000000 25.15200000 24.92600000 24.11700000 23.88200000 24.03600000 24.69800000 24.82600000 24.92200000 25.11200000 25.33200000 25.53600000 25.36300000 24.86000000 24.79800000 24.55200000 25.52900000 25.40200000 25.42400000 25.23800000 25.24400000 25.46200000 25.76400000 25.55100000 24.94000000 24.83400000 25.03500000
23.65100000 24.31000000 24.42900000 24.94500000 25.51800000 25.41800000 25.21300000 25.19500000 25.20800000 25.20800000 25.22200000 25.23600000 25.26200000 25.37800000 25.60300000 25.44400000 24.66100000 24.85300000 25.44800000 25.32500000 25.26800000 25.00000000 24.86300000 24.95000000 25.17000000 25.61700000 26.00900000 25.59300000 24.75800000 25.02300000
23.41400000 24.04800000 24.13700000 24.22700000 24.99200000 25.83200000 25.40000000 25.37000000 25.41600000 25.39000000 25.52700000 25.50100000 25.41600000 25.44100000 25.56200000 25.47500000 24.93400000 25.31700000 25.39900000 25.32700000 25.06400000 24.84200000 24.69000000 24.99300000 25.27300000 25.84200000 26.31500000 26.09500000 25.72300000 25.07300000
23.00800000 23.57400000 24.07500000 23.72000000 24.18400000 25.11400000 25.92500000 25.68600000 25.39200000 25.45400000 25.52900000 25.49800000 25.51400000 25.52600000 25.53900000 25.47800000 25.35800000 25.29700000 25.38100000 25.25900000 25.23500000 25.17500000 25.18600000 25.51500000 26.14700000 26.41400000 26.50500000 26.35400000 25.69200000 25.78700000
20.99000000 23.17900000 23.49800000 23.35600000 23.89900000 23.90300000 24.28200000 25.81900000 26.12700000 26.09700000 25.42200000 25.44800000 25.47700000 25.62100000 25.62700000 25.56600000 25.58200000 25.50400000 25.55600000 25.64800000 25.70600000 25.82900000 26.19800000 26.06000000 26.08500000 26.12100000 26.31400000 26.33600000 25.76700000 25.93000000
20.36800000 22.20400000 19.51800000 22.95400000 23.28900000 23.51000000 23.80000000 24.86500000 25.75700000 26.25400000 26.29800000 25.54500000 25.39800000 25.54200000 25.50000000 25.51900000 25.64900000 25.63100000 25.54900000 26.16000000 26.36700000 25.94000000 25.94900000 26.14300000 26.26700000 26.19400000 26.35600000 26.01700000 25.74900000 25.92900000
20.70500000 27.83300000 18.18700000 17.73400000 22.27000000 22.80400000 23.35000000 23.69000000 24.78000000 25.18000000 25.70700000 26.16000000 25.71800000 25.43800000 25.44600000 25.45400000 25.48200000 26.12500000 26.31300000 26.47900000 26.14600000 25.85000000 26.20100000 26.02900000 26.17000000 26.16000000 25.88400000 25.77100000 25.97900000 26.00400000
27.83300000 27.83300000 27.83300000 27.83300000 19.38400000 21.85800000 22.18800000 22.42400000 23.57000000 24.90600000 24.60600000 24.94200000 25.35800000 25.74400000 25.90200000 25.93200000 26.05300000 25.86100000 26.12700000 26.48600000 25.73700000 26.08900000 25.96100000 26.22300000 26.37200000 26.12800000 25.90500000 26.01700000 25.96500000 26.05900000
27.83300000 27.83300000 27.83300000 27.83300000 27.83300000 18.26700000 19.97900000 20.18400000 20.83700000 23.52900000 24.59600000 24.15400000 23.67700000 24.10000000 24.07600000 24.17600000 24.67900000 25.39000000 26.09100000 26.48300000 25.74900000 25.94500000 26.04500000 26.01000000 26.18400000 26.55000000 26.25300000 26.14900000 26.06900000 26.10800000
27.83300000 27.83300000 27.83300000 27.83300000 27.83300000 27.83300000 27.83300000 18.71500000 18.99800000 18.72400000 22.30500000 22.90000000 22.76200000 22.30300000 23.10300000 23.75600000 24.26100000 25.10900000 25.89200000 26.44800000 26.49600000 25.84600000 25.97600000 25.95000000 26.07400000 26.59900000 26.66600000 26.14100000 26.22700000 26.01700000
27.83300000 27.83300000 27.83300000 27.83300000 27.83300000 27.83300000 27.83300000 27.83300000 27.83300000 27.83300000 27.83300000 27.83300000 27.83300000 27.83300000 27.83300000 20.08200000 24.20100000 24.87800000 24.83700000 26.44800000 26.48900000 26.50200000 26.50500000 26.50800000 26.24500000 26.72100000 26.66000000 26.70000000 26.18900000 26.07900000
27.83300000 27.83300000 27.83300000 27.83300000 27.83300000 27.83300000 27.83300000 27.83300000 27.83300000 27.83300000 27.83300000 27.83300000 27.83300000 27.83300000 27.83300000 27.83300000 23.58100000 24.65700000 24.19000000 24.87500000 26.37100000 26.52900000 26.61200000 26.52100000 26.59600000 26.81100000 26.67300000 26.71700000 26.76200000 26.79200000
27.83300000 27.83300000 27.83300000 27.83300000 27.83300000 27.83300000 27.83300000 27.83300000 27.83300000 27.83300000 27.83300000 27.83300000 27.83300000 27.83300000 27.83300000 27.83300000 27.83300000 20.75600000 24.49700000 24.36800000 24.80200000 26.48800000 26.62500000 26.43400000 26.74400000 26.88400000 26.80600000 26.74100000 26.80100000 26.94100000
27.83300000 27.83300000 27.83300000 27.83300000 27.83300000 27.83300000 27.83300000 27.83300000 27.83300000 27.83300000 27.83300000 27.83300000 27.83300000 27.83300000 27.83300000 27.83300000 27.83300000 27.83300000 27.83300000 24.60900000 24.18500000 26.54300000 26.50900000 26.47400000 26.80700000 26.84300000 26.89900000 26.79100000 26.81900000 26.94000000
27.83300000 27.83300000 27.83300000 27.83300000 27.83300000 27.83300000 27.83300000 27.83300000 27.83300000 27.83300000 27.83300000 27.83300000 27.83300000 27.83300000 27.83300000 27.83300000 27.83300000 27.83300000 27.83300000 27.83300000 24.31400000 26.62500000 26.48800000 26.63300000 26.88300000 26.88900000 26.80700000 26.85700000 26.84200000 26.97800000
27.83300000 27.83300000 27.83300000 27.83300000 27.83300000 27.83300000 27.83300000 27.83300000 27.83300000 27.83300000 27.83300000 27.83300000 27.83300000 27.83300000 27.83300000 27.83300000 27.83300000 27.83300000 27.83300000 27.83300000 24.69700000 26.67500000 26.52400000 26.75500000 26.97500000 26.82100000 26.96600000 26.83100000 26.90700000 27.05300000
27.83300000 27.83300000 27.83300000 27.83300000 27.83300000 27.83300000 27.83300000 27.83300000 27.83300000 27.83300000 27.83300000 27.83300000 27.83300000 27.83300000 27.83300000 27.83300000 27.83300000 27.83300000 27.83300000 27.83300000 22.92900000 26.79100000 26.62600000 26.91300000 26.84800000 26.79200000 26.95000000 26.96400000 26.99400000 27.00900000
27.83300000 27.83300000 27.83300000 27.83300000 27.83300000 27.83300000 27.83300000 27.83300000 27.83300000 27.83300000 27.83300000 27.83300000 27.83300000 27.83300000 27.83300000 27.83300000 27.83300000 27.83300000 27.83300000 27.83300000 22.94500000 26.61700000 26.84200000 26.97400000 26.75700000 26.89800000 26.91000000 26.78400000 26.86600000 27.18100000
27.83300000 27.83300000 27.83300000 27.83300000 27.83300000 27.83300000 27.83300000 27.83300000 27.83300000 27.83300000 27.83300000 27.83300000 27.83300000 27.83300000 27.83300000 27.83300000 27.83300000 27.83300000 27.83300000 27.83300000 27.83300000 25.87600000 26.76200000 26.81800000 26.76100000 26.85100000 26.76900000 26.59000000 26.65000000 27.06400000
27.83300000 27.83300000 27.83300000 27.83300000 27.83300000 27.83300000 27.83300000 27.83300000 27.83300000 27.83300000 27.83300000 27.83300000 27.83300000 27.83300000 27.83300000 27.83300000 27.83300000 27.83300000 27.83300000 27.83300000 27.83300000 25.04100000 26.57500000 26.72200000 26.74800000 26.78400000 26.69800000 26.51100000 26.39700000 26.98600000
27.83300000 27.83300000 27.83300000 27.83300000 27.83300000 27.83300000 27.83300000 27.83300000 27.83300000 27.83300000 27.83300000 27.83300000 27.83300000 27.83300000 27.83300000 27.83300000 27.83300000 27.83300000 27.83300000 27.83300000 27.83300000 27.83300000 26.26500000 26.64500000 26.65800000 26.57800000 26.54100000 26.46400000 26.68900000 27.12600000
27.83300000 27.83300000 27.83300000 27.83300000 27.83300000 27.83300000 27.83300000 27.83300000 27.83300000 27.83300000 27.83300000 27.83300000 27.83300000 27.83300000 27.83300000 27.83300000 27.83300000 27.83300000 27.83300000 27.83300000 27.83300000 27.83300000 25.87000000 26.17400000 26.43000000 26.33300000 26.49300000 26.62300000 27.03700000 27.26100000
27.83300000 27.83300000 27.83300000 27.83300000 27.83300000 27.83300000 27.83300000 27.83300000 27.83300000 27.83300000 27.83300000 27.83300000 27.83300000 27.83300000 27.83300000 27.83300000 27.83300000 27.83300000 27.83300000 27.83300000 27.83300000 27.83300000 27.83300000 25.88800000 26.33700000 26.54900000 26.49300000 26.66200000 26.89800000 27.17200000
