25.24700000 25.08600000 25.21900000 24.63900000 25.23200000 25.22000000 25.27200000 25.31000000 25.20400000 25.07800000 25.16400000 25.18400000 24.91100000 24.18500000 24.31700000 24.98800000 25.34800000 25.15700000 25.10400000 25.11400000 25.11900000 24.96900000 24.79900000 24.16500000 24.05500000 23.59000000 23.96100000 24.11900000 24.24600000 24.51000000
25.03100000 25.09600000 25.08000000 25.07900000 25.19200000 25.17500000 25.10200000 25.05300000 25.11300000 25.14400000 25.14700000 24.86800000 23.87200000 24.49700000 24.60800000 25.28500000 25.07200000 25.04900000 25.07200000 25.07200000 24.99100000 24.87200000 24.57600000 24.16000000 23.86900000 25.05700000 25.15700000 25.15600000 24.99800000 24.88100000
25.12200000 25.10200000 25.23700000 24.78000000 25.09100000 25.12200000 25.09700000 25.08400000 25.03400000 24.88600000 24.26000000 23.80800000 24.40700000 24.71000000 25.04500000 25.39600000 25.02100000 25.04500000 25.02700000 24.86500000 24.75300000 24.46200000 24.78100000 25.57100000 25.23400000 25.13900000 25.06200000 24.82900000 24.79200000 24.89000000
24.31200000 25.02800000 25.15800000 25.19500000 24.82400000 24.88300000 24.76300000 24.03900000 24.02600000 24.16000000 24.38400000 24.64400000 24.74300000 25.00100000 25.34700000 25.32800000 24.98300000 24.94100000 24.77000000 24.42900000 24.78800000 25.53700000 25.51900000 25.56300000 25.55900000 25.19700000 25.11800000 25.04900000 25.07100000 25.12600000
23.75000000 24.67400000 25.05700000 25.33800000 25.15100000 25.09500000 24.13400000 23.89300000 24.03200000 24.72300000 24.86100000 24.95000000 25.12000000 25.33100000 25.53800000 25.33100000 24.88700000 24.78700000 24.55600000 25.51800000 25.39100000 25.39000000 25.23100000 25.24000000 25.45900000 25.76100000 25.53300000 24.92600000 24.83800000 25.02800000
23.49900000 24.06300000 24.43800000 24.91800000 25.55000000 25.44200000 25.23300000 25.19000000 25.20200000 25.20400000 25.22500000 25.23500000 25.25200000 25.35800000 25.59300000 25.41000000 24.64400000 24.88100000 25.43400000 25.31700000 25.24600000 24.98500000 24.85300000 24.94400000 25.15400000 25.61300000 26.00200000 25.58800000 24.76800000 25.01000000
23.43800000 24.06800000 24.17300000 24.25400000 24.97000000 25.85800000 25.41200000 25.38100000 25.42800000 25.39700000 25.53300000 25.51200000 25.42200000 25.43800000 25.55900000 25.46800000 24.88000000 25.34800000 25.38000000 25.32100000 25.04500000 24.82200000 24.68000000 24.98300000 25.27100000 25.86000000 26.31500000 26.09700000 25.71100000 25.07800000
23.06600000 23.59700000 24.11500000 23.71100000 24.17900000 25.07200000 25.91800000 25.76700000 25.40500000 25.44000000 25.52400000 25.51400000 25.52100000 25.52900000 25.54000000 25.47900000 25.32100000 25.28900000 25.39300000 25.26600000 25.23700000 25.17400000 25.18400000 25.52800000 26.14500000 26.37300000 26.47500000 26.35500000 25.68700000 25.76600000
22.43000000 23.06000000 23.31900000 23.29800000 23.89600000 23.90700000 24.29900000 25.80900000 26.11700000 26.18200000 25.46300000 25.45300000 25.49300000 25.63300000 25.64100000 25.56100000 25.57900000 25.50700000 25.55100000 25.64700000 25.70000000 25.83900000 26.15900000 26.02400000 26.04000000 26.07800000 26.29200000 26.33300000 25.76600000 25.91800000
22.71700000 22.41800000 22.87200000 23.09000000 23.28900000 23.52500000 23.74600000 24.99400000 25.76400000 26.25700000 26.27400000 25.56000000 25.41600000 25.55600000 25.50800000 25.53800000 25.66900000 25.65100000 25.56000000 26.18100000 26.41000000 25.99800000 25.96500000 26.17400000 26.26900000 26.18500000 26.33500000 26.02600000 25.74000000 25.92200000
23.52100000 22.62400000 21.27500000 23.08600000 22.85200000 23.17800000 23.21300000 23.64700000 24.91600000 25.14200000 25.63400000 26.09200000 25.72500000 25.46100000 25.46500000 25.47200000 25.49300000 26.13000000 26.31300000 26.48400000 26.13500000 25.86300000 26.21200000 26.06000000 26.14700000 26.13400000 25.86800000 25.75300000 25.96100000 26.00000000
27.83300000 27.83300000 27.83300000 23.72100000 23.11900000 22.94600000 22.92500000 23.00800000 23.51900000 25.00800000 24.55100000 24.91100000 25.30900000 25.72200000 25.90400000 25.95900000 26.03000000 25.86900000 26.13600000 26.48900000 25.75200000 26.10200000 25.99300000 26.21800000 26.36800000 26.13800000 25.88000000 26.01100000 25.95100000 26.03600000
27.83300000 27.83300000 27.83300000 27.83300000 23.54900000 23.52100000 23.29600000 22.89600000 23.03000000 23.54800000 24.55300000 24.03700000 23.66800000 24.10400000 24.07400000 24.23600000 24.92300000 25.40800000 26.18700000 26.47600000 25.76500000 25.95600000 26.07800000 26.01700000 26.19300000 26.55400000 26.26000000 26.12600000 26.03700000 26.09700000
27.83300000 27.83300000 27.83300000 27.83300000 27.83300000 27.83300000 24.09200000 23.28400000 23.02000000 22.95200000 23.15400000 22.84800000 23.08600000 22.53200000 23.53100000 23.82300000 24.40300000 25.06300000 25.99200000 26.45200000 26.49800000 25.85900000 25.98600000 25.96000000 26.10300000 26.61000000 26.67000000 26.14200000 26.23300000 26.02300000
27.83300000 27.83300000 27.83300000 27.83300000 27.83300000 27.83300000 27.83300000 27.83300000 27.83300000 27.83300000 27.83300000 27.83300000 23.14000000 22.97100000 22.50200000 23.55800000 24.42900000 24.98400000 24.94400000 26.43900000 26.49600000 26.51400000 26.52300000 26.53800000 26.27700000 26.72900000 26.66600000 26.69800000 26.16900000 26.10500000
27.83300000 27.83300000 27.83300000 27.83300000 27.83300000 27.83300000 27.83300000 27.83300000 27.83300000 27.83300000 27.83300000 27.83300000 27.83300000 27.83300000 27.83300000 23.51900000 24.21000000 24.77800000 24.27100000 25.00700000 26.44100000 26.54000000 26.63000000 26.53000000 26.61700000 26.81600000 26.67300000 26.71400000 26.75400000 26.78100000
27.83300000 27.83300000 27.83300000 27.83300000 27.83300000 27.83300000 27.83300000 27.83300000 27.83300000 27.83300000 27.83300000 27.83300000 27.83300000 27.83300000 27.83300000 27.83300000 23.72200000 22.94000000 24.84000000 24.96600000 25.10600000 26.48600000 26.62600000 26.43500000 26.76300000 26.88200000 26.79800000 26.73700000 26.79200000 26.93100000
27.83300000 27.83300000 27.83300000 27.83300000 27.83300000 27.83300000 27.83300000 27.83300000 27.83300000 27.83300000 27.83300000 27.83300000 27.83300000 27.83300000 27.83300000 27.83300000 27.83300000 27.83300000 24.24000000 24.82500000 24.21200000 26.56400000 26.50800000 26.50500000 26.80900000 26.82900000 26.88600000 26.77700000 26.82200000 26.92800000
27.83300000 27.83300000 27.83300000 27.83300000 27.83300000 27.83300000 27.83300000 27.83300000 27.83300000 27.83300000 27.83300000 27.83300000 27.83300000 27.83300000 27.83300000 27.83300000 27.83300000 27.83300000 27.83300000 25.33500000 24.60500000 26.65300000 26.49800000 26.65800000 26.88900000 26.87300000 26.80300000 26.84500000 26.84600000 26.97000000
27.83300000 27.83300000 27.83300000 27.83300000 27.83300000 27.83300000 27.83300000 27.83300000 27.83300000 27.83300000 27.83300000 27.83300000 27.83300000 27.83300000 27.83300000 27.83300000 27.83300000 27.83300000 27.83300000 25.33100000 25.55400000 26.69100000 26.54400000 26.77400000 26.95800000 26.81900000 26.95700000 26.83800000 26.90400000 27.04000000
27.83300000 27.83300000 27.83300000 27.83300000 27.83300000 27.83300000 27.83300000 27.83300000 27.83300000 27.83300000 27.83300000 27.83300000 27.83300000 27.83300000 27.83300000 27.83300000 27.83300000 27.83300000 27.83300000 25.18200000 25.27700000 26.79200000 26.62400000 26.90900000 26.82200000 26.80100000 26.93900000 26.96100000 26.99800000 27.00600000
27.83300000 27.83300000 27.83300000 27.83300000 27.83300000 27.83300000 27.83300000 27.83300000 27.83300000 27.83300000 27.83300000 27.83300000 27.83300000 27.83300000 27.83300000 27.83300000 27.83300000 27.83300000 27.83300000 24.88000000 24.38700000 26.61600000 26.84200000 26.96200000 26.75600000 26.89800000 26.89900000 26.82500000 26.89800000 27.17000000
27.83300000 27.83300000 27.83300000 27.83300000 27.83300000 27.83300000 27.83300000 27.83300000 27.83300000 27.83300000 27.83300000 27.83300000 27.83300000 27.83300000 27.83300000 27.83300000 27.83300000 27.83300000 27.83300000 27.83300000 25.18400000 26.07600000 26.77100000 26.82300000 26.76700000 26.85600000 26.77300000 26.58600000 26.62900000 27.07200000
27.83300000 27.83300000 27.83300000 27.83300000 27.83300000 27.83300000 27.83300000 27.83300000 27.83300000 27.83300000 27.83300000 27.83300000 27.83300000 27.83300000 27.83300000 27.83300000 27.83300000 27.83300000 27.83300000 27.83300000 27.83300000 25.22900000 26.61700000 26.73600000 26.76200000 26.79500000 26.70900000 26.52400000 26.41100000 27.00000000
27.83300000 27.83300000 27.83300000 27.83300000 27.83300000 27.83300000 27.83300000 27.83300000 27.83300000 27.83300000 27.83300000 27.83300000 27.83300000 27.83300000 27.83300000 27.83300000 27.83300000 27.83300000 27.83300000 27.83300000 27.83300000 24.96200000 26.32100000 26.66800000 26.67600000 26.59300000 26.53300000 26.47400000 26.79800000 27.14000000
27.83300000 27.83300000 27.83300000 27.83300000 27.83300000 27.83300000 27.83300000 27.83300000 27.83300000 27.83300000 27.83300000 27.83300000 27.83300000 27.83300000 27.83300000 27.83300000 27.83300000 27.83300000 27.83300000 27.83300000 27.83300000 27.83300000 25.91800000 26.19200000 26.40400000 26.33800000 26.52500000 26.67700000 27.05700000 27.24100000
27.83300000 27.83300000 27.83300000 27.83300000 27.83300000 27.83300000 27.83300000 27.83300000 27.83300000 27.83300000 27.83300000 27.83300000 27.83300000 27.83300000 27.83300000 27.83300000 27.83300000 27.83300000 27.83300000 27.83300000 27.83300000 27.83300000 27.83300000 25.90500000 26.34500000 26.56400000 26.50800000 26.66800000 26.85500000 27.18500000
25.26300000 25.10000000 25.23600000 24.65900000 25.23700000 25.22200000 25.27900000 25.32300000 25.20200000 25.13200000 25.19000000 25.19800000 24.93200000 24.22300000 24.32700000 25.00400000 25.36400000 25.19900000 25.14200000 25.10700000 25.13400000 24.99900000 24.86200000 24.17300000 24.06900000 23.61100000 23.97400000 24.14400000 24.27700000 24.51900000
25.03800000 25.10200000 25.09100000 25.08500000 25.20000000 25.18300000 25.10900000 25.05900000 25.11600000 25.15000000 25.15500000 24.87700000 23.82800000 24.49500000 24.61500000 25.29800000 25.08400000 25.06000000 25.08100000 25.08000000 24.99800000 24.88200000 24.58700000 24.17100000 23.87400000 25.06700000 25.16700000 25.16700000 25.01000000 24.89300000
25.15300000 25.11000000 25.24700000 24.78400000 25.09900000 25.13100000 25.10500000 25.09200000 25.04300000 24.89500000 24.28300000 23.79000000 24.40100000 24.70900000 25.04100000 25.40700000 25.03100000 25.05400000 25.03900000 24.87600000 24.76300000 24.47100000 24.78500000 25.58400000 25.24500000 25.15100000 25.07100000 24.83700000 24.80000000 24.89600000
24.43600000 25.02900000 25.16500000 25.20100000 24.83400000 24.89200000 24.77400000 24.07300000 24.01600000 24.16200000 24.38400000 24.64800000 24.74700000 25.00300000 25.35400000 25.33600000 24.99000000 24.95100000 24.78200000 24.44100000 24.79800000 25.54900000 25.52800000 25.57200000 25.57000000 25.20700000 25.12800000 25.05700000 25.07900000 25.12800000
23.88100000 24.64500000 25.06400000 25.34500000 25.15900000 24.97800000 24.14200000 23.89500000 24.03200000 24.71500000 24.86000000 24.95100000 25.12600000 25.34000000 25.54800000 25.34400000 24.89300000 24.79700000 24.56500000 25.53000000 25.40400000 25.40300000 25.24300000 25.25000000 25.47000000 25.77500000 25.54600000 24.93500000 24.84500000 25.03800000
23.54700000 24.23700000 24.41600000 24.92100000 25.55500000 25.44800000 25.24200000 25.19800000 25.21100000 25.21200000 25.23200000 25.24400000 25.26100000 25.36600000 25.60400000 25.42200000 24.65400000 24.88900000 25.44600000 25.32800000 25.26000000 24.99700000 24.86400000 24.95700000 25.16600000 25.62500000 26.01800000 25.59700000 24.77600000 25.02000000
23.44300000 24.05200000 24.12700000 24.22300000 24.97200000 25.86600000 25.42000000 25.38800000 25.43600000 25.40500000 25.54000000 25.51900000 25.43000000 25.44600000 25.57000000 25.48000000 24.89000000 25.35900000 25.39300000 25.33200000 25.05600000 24.83600000 24.69300000 24.99500000 25.28100000 25.87200000 26.32900000 26.11200000 25.72200000 25.09100000
22.98000000 23.57400000 24.08800000 23.68100000 24.17000000 25.08000000 25.92700000 25.77500000 25.41000000 25.44700000 25.53100000 25.51900000 25.52700000 25.53400000 25.54700000 25.48800000 25.32600000 25.29700000 25.40100000 25.27100000 25.24600000 25.18300000 25.19600000 25.54100000 26.16000000 26.38700000 26.48900000 26.36900000 25.69800000 25.78400000
21.13900000 23.11700000 23.45100000 23.28500000 23.88100000 23.90600000 24.30400000 25.81600000 26.12600000 26.19100000 25.46600000 25.45600000 25.49400000 25.63800000 25.64700000 25.56800000 25.58600000 25.51200000 25.55700000 25.65200000 25.71200000 25.84400000 26.17300000 26.03800000 26.05400000 26.09300000 26.30500000 26.34800000 25.77900000 25.92900000
20.17500000 21.48800000 18.65500000 22.55800000 23.28100000 23.51000000 23.81300000 24.98600000 25.77100000 26.26600000 26.28300000 25.56400000 25.41700000 25.55900000 25.51100000 25.54400000 25.67600000 25.65800000 25.56300000 26.18800000 26.41800000 26.00600000 25.97000000 26.18300000 26.28500000 26.20100000 26.34900000 26.04100000 25.75200000 25.93400000
20.55400000 27.83300000 18.15600000 17.71700000 21.89900000 22.99400000 23.31800000 23.69400000 24.91900000 25.14800000 25.64200000 26.10000000 25.72900000 25.46100000 25.46700000 25.47500000 25.50100000 26.13500000 26.32100000 26.49300000 26.14300000 25.85900000 26.21700000 26.06600000 26.15900000 26.14800000 25.88200000 25.76600000 25.97400000 26.01200000
27.83300000 27.83300000 27.83300000 27.83300000 19.22700000 21.06700000 21.96400000 22.37900000 23.59200000 25.00600000 24.55000000 24.91500000 25.31400000 25.73200000 25.91100000 25.96500000 26.05300000 25.87500000 26.14000000 26.49900000 25.75600000 26.10300000 25.98100000 26.22500000 26.38000000 26.15200000 25.89300000 26.02200000 25.96400000 26.04600000
27.83300000 27.83300000 27.83300000 27.83300000 27.83300000 18.12300000 20.00700000 19.92900000 20.34200000 23.51100000 24.57000000 24.03800000 23.72400000 24.14200000 24.04500000 24.20500000 24.89000000 25.40900000 26.19000000 26.48500000 25.77100000 25.96000000 26.07200000 26.02300000 26.18400000 26.56300000 26.27300000 26.13800000 26.05100000 26.10900000
27.83300000 27.83300000 27.83300000 27.83300000 27.83300000 27.83300000 27.83300000 18.63400000 18.67200000 18.65200000 22.17400000 22.85000000 22.32200000 22.15900000 22.81500000 23.79100000 24.36200000 25.05600000 25.99200000 26.46200000 26.50700000 25.86400000 25.99100000 25.96600000 26.10800000 26.61700000 26.67800000 26.15200000 26.24200000 26.03200000
27.83300000 27.83300000 27.83300000 27.83300000 27.83300000 27.83300000 27.83300000 27.83300000 27.83300000 27.83300000 27.83300000 27.83300000 27.83300000 27.83300000 27.83300000 20.24500000 24.30500000 24.94900000 24.81700000 26.44700000 26.50400000 26.52200000 26.53000000 26.54300000 26.27700000 26.73600000 26.67400000 26.70900000 26.18000000 26.11500000
27.83300000 27.83300000 27.83300000 27.83300000 27.83300000 27.83300000 27.83300000 27.83300000 27.83300000 27.83300000 27.83300000 27.83300000 27.83300000 27.83300000 27.83300000 27.83300000 23.56700000 24.68900000 24.13200000 24.83700000 26.44000000 26.54400000 26.63600000 26.53900000 26.62100000 26.82500000 26.68300000 26.72600000 26.76500000 26.79400000
27.83300000 27.83300000 27.83300000 27.83300000 27.83300000 27.83300000 27.83300000 27.83300000 27.83300000 27.83300000 27.83300000 27.83300000 27.83300000 27.83300000 27.83300000 27.83300000 27.83300000 20.59300000 24.65100000 24.80000000 24.96200000 26.49700000 26.63300000 26.44300000 26.76900000 26.89200000 26.80900000 26.74900000 26.80000000 26.94300000
27.83300000 27.83300000 27.83300000 27.83300000 27.83300000 27.83300000 27.83300000 27.83300000 27.83300000 27.83300000 27.83300000 27.83300000 27.83300000 27.83300000 27.83300000 27.83300000 27.83300000 27.83300000 27.83300000 24.73700000 23.79000000 26.57900000 26.51600000 26.51000000 26.81800000 26.83900000 26.89900000 26.78800000 26.83300000 26.94000000
27.83300000 27.83300000 27.83300000 27.83300000 27.83300000 27.83300000 27.83300000 27.83300000 27.83300000 27.83300000 27.83300000 27.83300000 27.83300000 27.83300000 27.83300000 27.83300000 27.83300000 27.83300000 27.83300000 27.83300000 24.48500000 26.66900000 26.50600000 26.66500000 26.89900000 26.88400000 26.81400000 26.85600000 26.85600000 26.98200000
27.83300000 27.83300000 27.83300000 27.83300000 27.83300000 27.83300000 27.83300000 27.83300000 27.83300000 27.83300000 27.83300000 27.83300000 27.83300000 27.83300000 27.83300000 27.83300000 27.83300000 27.83300000 27.83300000 27.83300000 24.77800000 26.70300000 26.55100000 26.78400000 26.97100000 26.82900000 26.96700000 26.84800000 26.91300000 27.05000000
27.83300000 27.83300000 27.83300000 27.83300000 27.83300000 27.83300000 27.83300000 27.83300000 27.83300000 27.83300000 27.83300000 27.83300000 27.83300000 27.83300000 27.83300000 27.83300000 27.83300000 27.83300000 27.83300000 27.83300000 21.89300000 26.80300000 26.63600000 26.92200000 26.83500000 26.80700000 26.95100000 26.97400000 27.01000000 27.01900000
27.83300000 27.83300000 27.83300000 27.83300000 27.83300000 27.83300000 27.83300000 27.83300000 27.83300000 27.83300000 27.83300000 27.83300000 27.83300000 27.83300000 27.83300000 27.83300000 27.83300000 27.83300000 27.83300000 27.83300000 22.82500000 26.62600000 26.85500000 26.97400000 26.76700000 26.90900000 26.91000000 26.83500000 26.90600000 27.18000000
27.83300000 27.83300000 27.83300000 27.83300000 27.83300000 27.83300000 27.83300000 27.83300000 27.83300000 27.83300000 27.83300000 27.83300000 27.83300000 27.83300000 27.83300000 27.83300000 27.83300000 27.83300000 27.83300000 27.83300000 27.83300000 25.98900000 26.77100000 26.83200000 26.77400000 26.86700000 26.78000000 26.59800000 26.62900000 27.08400000
27.83300000 27.83300000 27.83300000 27.83300000 27.83300000 27.83300000 27.83300000 27.83300000 27.83300000 27.83300000 27.83300000 27.83300000 27.83300000 27.83300000 27.83300000 27.83300000 27.83300000 27.83300000 27.83300000 27.83300000 27.83300000 25.02200000 26.58800000 26.74100000 26.76600000 26.80200000 26.71500000 26.53100000 26.41800000 27.00800000
27.83300000 27.83300000 27.83300000 27.83300000 27.83300000 27.83300000 27.83300000 27.83300000 27.83300000 27.83300000 27.83300000 27.83300000 27.83300000 27.83300000 27.83300000 27.83300000 27.83300000 27.83300000 27.83300000 27.83300000 27.83300000 27.83300000 26.27400000 26.66300000 26.67800000 26.59500000 26.53500000 26.47700000 26.79600000 27.15000000
27.83300000 27.83300000 27.83300000 27.83300000 27.83300000 27.83300000 27.83300000 27.83300000 27.83300000 27.83300000 27.83300000 27.83300000 27.83300000 27.83300000 27.83300000 27.83300000 27.83300000 27.83300000 27.83300000 27.83300000 27.83300000 27.83300000 25.92300000 26.19100000 26.38800000 26.33000000 26.53100000 26.68400000 27.06200000 27.25700000
27.83300000 27.83300000 27.83300000 27.83300000 27.83300000 27.83300000 27.83300000 27.83300000 27.83300000 27.83300000 27.83300000 27.83300000 27.83300000 27.83300000 27.83300000 27.83300000 27.83300000 27.83300000 27.83300000 27.83300000 27.83300000 27.83300000 27.83300000 25.91800000 26.35300000 26.56000000 26.51700000 26.67800000 26.87700000 27.19900000
