36.99400000 36.98200000 36.93000000 36.92100000 37.14000000 37.22900000 37.24200000 37.24300000 37.19600000 37.18600000 37.11400000 36.99700000 36.87600000 36.67400000 36.74800000 36.87600000 37.01300000 37.00000000 37.06800000 37.05100000 37.00400000 36.98100000 36.85300000 36.56200000 36.54900000 36.29100000 36.55900000 36.54200000 36.52200000 36.52800000
36.99600000 36.85700000 36.94700000 37.15000000 37.19100000 37.18200000 37.18900000 37.18300000 37.15500000 37.08300000 36.98600000 36.87300000 36.50100000 36.83700000 36.85100000 37.02700000 37.02800000 37.08200000 37.05800000 37.03300000 36.98900000 36.90400000 36.79100000 36.66200000 36.56800000 37.05100000 37.07500000 37.06800000 37.05500000 37.04300000
36.98000000 36.86900000 36.92200000 37.02500000 37.14200000 37.12700000 37.07600000 37.03000000 36.97000000 36.90400000 36.73300000 36.45700000 36.81300000 36.90000000 36.91000000 37.12500000 36.97000000 37.05900000 37.03100000 36.94900000 36.87200000 36.78100000 36.89200000 37.23900000 37.05900000 37.05000000 37.03400000 36.95400000 36.90500000 36.85600000
36.51200000 36.99900000 36.91600000 36.91900000 37.03100000 37.02800000 36.96500000 36.61100000 36.60900000 36.72000000 36.84300000 36.93100000 36.89600000 36.90600000 36.96600000 37.08200000 36.94900000 36.99800000 36.91700000 36.77700000 36.90600000 37.25700000 37.26600000 37.26600000 37.26400000 37.04600000 37.03000000 36.97400000 36.95800000 36.86300000
35.79100000 36.96400000 37.04900000 37.10600000 36.83600000 36.98500000 36.68400000 36.53900000 36.64600000 36.95300000 36.93000000 36.91900000 36.93000000 36.94300000 37.01800000 37.07000000 36.90600000 36.91300000 36.78400000 37.23200000 37.24600000 37.21600000 37.17700000 37.17400000 37.20500000 37.26000000 37.26700000 36.82100000 36.66000000 36.63800000
35.52100000 36.47300000 36.83700000 37.00200000 37.21900000 37.04000000 36.86700000 36.82400000 36.82900000 36.82400000 36.83200000 36.85000000 36.87300000 36.93300000 37.04500000 37.12400000 36.79500000 36.93000000 37.19500000 37.22000000 37.19100000 37.09500000 37.01200000 37.05500000 37.16000000 37.22200000 37.31100000 37.26500000 36.66300000 36.61500000
35.50600000 36.21400000 36.64200000 36.71800000 37.02700000 37.29300000 36.94900000 36.91900000 36.93500000 36.92800000 37.03500000 37.01000000 36.99500000 37.01900000 37.03800000 37.13100000 36.91700000 37.14300000 37.21300000 37.20900000 37.12100000 37.01400000 36.97300000 37.07600000 37.16800000 37.24500000 37.39800000 37.36700000 37.26100000 36.66600000
35.65000000 36.16100000 36.60100000 36.40300000 36.56000000 37.09700000 37.35400000 37.17700000 36.91300000 36.91500000 36.96000000 36.97500000 37.02100000 37.04300000 37.03300000 37.09800000 37.12400000 37.12500000 37.16600000 37.18700000 37.16900000 37.14100000 37.16000000 37.18600000 37.35400000 37.45700000 37.47300000 37.44600000 37.28200000 37.28700000
35.34900000 35.39400000 35.71800000 36.18200000 36.62200000 36.34600000 36.78600000 37.30700000 37.37000000 37.38600000 36.98200000 36.94600000 36.96200000 37.07200000 37.07200000 37.16600000 37.22800000 37.20500000 37.21200000 37.24800000 37.21100000 37.17200000 37.39100000 37.37000000 37.37500000 37.39500000 37.44800000 37.46000000 37.28900000 37.26500000
35.19600000 35.57200000 35.49600000 35.92500000 36.21700000 36.23500000 36.17500000 37.11200000 37.29700000 37.41100000 37.38200000 37.03400000 36.98000000 36.95100000 36.98900000 37.12800000 37.23400000 37.21300000 37.02900000 37.33800000 37.37300000 37.31000000 37.33800000 37.41100000 37.43200000 37.42800000 37.46300000 37.34300000 37.27900000 37.23800000
34.79900000 35.15600000 35.52700000 35.43300000 35.68100000 36.05400000 35.88000000 36.22000000 37.09200000 37.12000000 37.23200000 37.35800000 37.10200000 37.00700000 36.98800000 37.02400000 37.04800000 37.33600000 37.35900000 37.38700000 37.32000000 37.29000000 37.40500000 37.29200000 37.35200000 37.36600000 37.32400000 37.28000000 37.28100000 37.20100000
37.59700000 37.59700000 37.59700000 35.19900000 35.36900000 35.64000000 35.69100000 35.69700000 36.20700000 37.15200000 36.91600000 37.04300000 37.13000000 37.23200000 37.28800000 37.29500000 37.31900000 37.24600000 37.28100000 37.36700000 37.22700000 37.35200000 37.26800000 37.27500000 37.34500000 37.33700000 37.29600000 37.32300000 37.22800000 37.17100000
37.59700000 37.59700000 37.59700000 37.59700000 35.20200000 35.36600000 35.44700000 35.54600000 35.58900000 36.37700000 36.96300000 36.63500000 36.40400000 36.68700000 36.58600000 36.38800000 36.97600000 37.14500000 37.27200000 37.36300000 37.20000000 37.28000000 37.25100000 37.23400000 37.33000000 37.39100000 37.36300000 37.34400000 37.29100000 37.20700000
37.59700000 37.59700000 37.59700000 37.59700000 37.59700000 37.59700000 35.35600000 35.46700000 35.56800000 35.64000000 36.04700000 36.15300000 36.20400000 36.15000000 36.22900000 36.30800000 36.36700000 37.04000000 37.18700000 37.40400000 37.37600000 37.21100000 37.21700000 37.19400000 37.29500000 37.38100000 37.46300000 37.34100000 37.39100000 37.22100000
37.59700000 37.59700000 37.59700000 37.59700000 37.59700000 37.59700000 37.59700000 37.59700000 37.59700000 37.59700000 37.59700000 37.59700000 35.82800000 36.13900000 36.18300000 36.03900000 36.16900000 36.95100000 36.96000000 37.33500000 37.42900000 37.42000000 37.37800000 37.38300000 37.34500000 37.38300000 37.41700000 37.48600000 37.34000000 37.36900000
37.59700000 37.59700000 37.59700000 37.59700000 37.59700000 37.59700000 37.59700000 37.59700000 37.59700000 37.59700000 37.59700000 37.59700000 37.59700000 37.59700000 37.59700000 36.00000000 36.19200000 36.74300000 36.91600000 37.01000000 37.31300000 37.43200000 37.41000000 37.40000000 37.33400000 37.36100000 37.42300000 37.48700000 37.52600000 37.54900000
37.59700000 37.59700000 37.59700000 37.59700000 37.59700000 37.59700000 37.59700000 37.59700000 37.59700000 37.59700000 37.59700000 37.59700000 37.59700000 37.59700000 37.59700000 37.59700000 35.95400000 36.18700000 36.82500000 36.98900000 36.91900000 37.34900000 37.42300000 37.38900000 37.31700000 37.36800000 37.39100000 37.36700000 37.46400000 37.56100000
37.59700000 37.59700000 37.59700000 37.59700000 37.59700000 37.59700000 37.59700000 37.59700000 37.59700000 37.59700000 37.59700000 37.59700000 37.59700000 37.59700000 37.59700000 37.59700000 37.59700000 37.59700000 36.20200000 36.92100000 36.76000000 37.34100000 37.43200000 37.37800000 37.33600000 37.35300000 37.39000000 37.34300000 37.35300000 37.47500000
37.59700000 37.59700000 37.59700000 37.59700000 37.59700000 37.59700000 37.59700000 37.59700000 37.59700000 37.59700000 37.59700000 37.59700000 37.59700000 37.59700000 37.59700000 37.59700000 37.59700000 37.59700000 37.59700000 36.89600000 36.76600000 37.35100000 37.43100000 37.32400000 37.38700000 37.39900000 37.35800000 37.36100000 37.33900000 37.39300000
37.59700000 37.59700000 37.59700000 37.59700000 37.59700000 37.59700000 37.59700000 37.59700000 37.59700000 37.59700000 37.59700000 37.59700000 37.59700000 37.59700000 37.59700000 37.59700000 37.59700000 37.59700000 37.59700000 36.96200000 37.01300000 37.35000000 37.38800000 37.33600000 37.42000000 37.40200000 37.43300000 37.35800000 37.35200000 37.40000000
37.59700000 37.59700000 37.59700000 37.59700000 37.59700000 37.59700000 37.59700000 37.59700000 37.59700000 37.59700000 37.59700000 37.59700000 37.59700000 37.59700000 37.59700000 37.59700000 37.59700000 37.59700000 37.59700000 36.90900000 36.87000000 37.37800000 37.32100000 37.39100000 37.38900000 37.40000000 37.41300000 37.41500000 37.37200000 37.34900000
37.59700000 37.59700000 37.59700000 37.59700000 37.59700000 37.59700000 37.59700000 37.59700000 37.59700000 37.59700000 37.59700000 37.59700000 37.59700000 37.59700000 37.59700000 37.59700000 37.59700000 37.59700000 37.59700000 36.46600000 36.72700000 37.32000000 37.37600000 37.41400000 37.39000000 37.38700000 37.37400000 37.33700000 37.33500000 37.37900000
37.59700000 37.59700000 37.59700000 37.59700000 37.59700000 37.59700000 37.59700000 37.59700000 37.59700000 37.59700000 37.59700000 37.59700000 37.59700000 37.59700000 37.59700000 37.59700000 37.59700000 37.59700000 37.59700000 37.59700000 36.66600000 37.11800000 37.36100000 37.37000000 37.38400000 37.35200000 37.32200000 37.30600000 37.28400000 37.33200000
37.59700000 37.59700000 37.59700000 37.59700000 37.59700000 37.59700000 37.59700000 37.59700000 37.59700000 37.59700000 37.59700000 37.59700000 37.59700000 37.59700000 37.59700000 37.59700000 37.59700000 37.59700000 37.59700000 37.59700000 37.59700000 36.74100000 37.29400000 37.35400000 37.36100000 37.33800000 37.32700000 37.29400000 37.25300000 37.28700000
37.59700000 37.59700000 37.59700000 37.59700000 37.59700000 37.59700000 37.59700000 37.59700000 37.59700000 37.59700000 37.59700000 37.59700000 37.59700000 37.59700000 37.59700000 37.59700000 37.59700000 37.59700000 37.59700000 37.59700000 37.59700000 36.53800000 37.18800000 37.31400000 37.33200000 37.31600000 37.28000000 37.23800000 37.29500000 37.32000000
37.59700000 37.59700000 37.59700000 37.59700000 37.59700000 37.59700000 37.59700000 37.59700000 37.59700000 37.59700000 37.59700000 37.59700000 37.59700000 37.59700000 37.59700000 37.59700000 37.59700000 37.59700000 37.59700000 37.59700000 37.59700000 37.59700000 36.91700000 37.12000000 37.21900000 37.18600000 37.21700000 37.28600000 37.28900000 37.31500000
37.59700000 37.59700000 37.59700000 37.59700000 37.59700000 37.59700000 37.59700000 37.59700000 37.59700000 37.59700000 37.59700000 37.59700000 37.59700000 37.59700000 37.59700000 37.59700000 37.59700000 37.59700000 37.59700000 37.59700000 37.59700000 37.59700000 37.59700000 36.79600000 37.18400000 37.22800000 37.23600000 37.24800000 37.26800000 37.29100000
36.99200000 36.98000000 36.92800000 36.91900000 37.13800000 37.22900000 37.24100000 37.24200000 37.19600000 37.18500000 37.11800000 36.99900000 36.87800000 36.68100000 36.74700000 36.87400000 37.01200000 36.99900000 37.06700000 37.05000000 37.00400000 36.98200000 36.84300000 36.55800000 36.54800000 36.28900000 36.55900000 36.54200000 36.52200000 36.52500000
36.99400000 36.85700000 36.94600000 37.14900000 37.19000000 37.18100000 37.18800000 37.18200000 37.15500000 37.08300000 36.98600000 36.87200000 36.49400000 36.83500000 36.85100000 37.02600000 37.02700000 37.08100000 37.05700000 37.03200000 36.98800000 36.90300000 36.79000000 36.66100000 36.56600000 37.05000000 37.07400000 37.06700000 37.05400000 37.04200000
36.98100000 36.86800000 36.92100000 37.02500000 37.14100000 37.12600000 37.07600000 37.03000000 36.97000000 36.90400000 36.73600000 36.45400000 36.81100000 36.89900000 36.90800000 37.12400000 36.96900000 37.05800000 37.03100000 36.94800000 36.87100000 36.78100000 36.89000000 37.23900000 37.05900000 37.04900000 37.03400000 36.95300000 36.90400000 36.85600000
36.63900000 36.99900000 36.91500000 36.92000000 37.03000000 37.02800000 36.96500000 36.62700000 36.60600000 36.71900000 36.84100000 36.93000000 36.89500000 36.90400000 36.96400000 37.08100000 36.94800000 36.99700000 36.91600000 36.77700000 36.90400000 37.25600000 37.26400000 37.26500000 37.26300000 37.04500000 37.02900000 36.97400000 36.95800000 36.86100000
36.09000000 36.96200000 37.04900000 37.10500000 36.83500000 36.95900000 36.68400000 36.53700000 36.64400000 36.95000000 36.92900000 36.91800000 36.92900000 36.94300000 37.01700000 37.06900000 36.90500000 36.91300000 36.78300000 37.23100000 37.24500000 37.21600000 37.17600000 37.17300000 37.20500000 37.26000000 37.26600000 36.82100000 36.66100000 36.63800000
35.64600000 36.73000000 36.84600000 37.00200000 37.21800000 37.03900000 36.86600000 36.82400000 36.82900000 36.82400000 36.83100000 36.84900000 36.87200000 36.93200000 37.04400000 37.12400000 36.79400000 36.92800000 37.19400000 37.21900000 37.19100000 37.09400000 37.01200000 37.05400000 37.15900000 37.22100000 37.31000000 37.26500000 36.66300000 36.61400000
35.62100000 36.21200000 36.64400000 36.71800000 37.02600000 37.29200000 36.94900000 36.91700000 36.93400000 36.92700000 37.03400000 37.00900000 36.99400000 37.01800000 37.03700000 37.13000000 36.91700000 37.14300000 37.21200000 37.20900000 37.12000000 37.01300000 36.97200000 37.07500000 37.16700000 37.24300000 37.39700000 37.36600000 37.26000000 36.68000000
35.68500000 36.16400000 36.61400000 36.41100000 36.56400000 37.09700000 37.35300000 37.17600000 36.91200000 36.91500000 36.96000000 36.97400000 37.01900000 37.04200000 37.03200000 37.09700000 37.12300000 37.12500000 37.16600000 37.18600000 37.16700000 37.14000000 37.15900000 37.18500000 37.35200000 37.45600000 37.47200000 37.44600000 37.28000000 37.28800000
35.93200000 35.60300000 35.96500000 36.20900000 36.62100000 36.35200000 36.80100000 37.30600000 37.36900000 37.38400000 36.98100000 36.94400000 36.96100000 37.07100000 37.07100000 37.16400000 37.22700000 37.20400000 37.21100000 37.24700000 37.21500000 37.17000000 37.39000000 37.36900000 37.37400000 37.39400000 37.44700000 37.46000000 37.28800000 37.26500000
36.05800000 36.14000000 35.98700000 36.11800000 36.26100000 36.25800000 36.23500000 37.11000000 37.29600000 37.41000000 37.38000000 37.03400000 36.97900000 36.94900000 36.98800000 37.12800000 37.23300000 37.21200000 37.03000000 37.33800000 37.37200000 37.30900000 37.33600000 37.40900000 37.43100000 37.42700000 37.46200000 37.34200000 37.27800000 37.23700000
35.66900000 37.59700000 35.85600000 35.81700000 36.25800000 36.23800000 36.00500000 36.28400000 37.09100000 37.11900000 37.23100000 37.35600000 37.10000000 37.00600000 36.98700000 37.02200000 37.04900000 37.33500000 37.35800000 37.38600000 37.32000000 37.28900000 37.40500000 37.29100000 37.35100000 37.36500000 37.32300000 37.27900000 37.28000000 37.20100000
37.59700000 37.59700000 37.59700000 37.59700000 35.76600000 36.21500000 36.43700000 35.80000000 36.30800000 37.15000000 36.91700000 37.04300000 37.12900000 37.23200000 37.28700000 37.29400000 37.31900000 37.24500000 37.28000000 37.36600000 37.22700000 37.35000000 37.26700000 37.27400000 37.34400000 37.33500000 37.29500000 37.32100000 37.22700000 37.17000000
37.59700000 37.59700000 37.59700000 37.59700000 37.59700000 35.76300000 35.78100000 36.06600000 35.95900000 36.40500000 36.97400000 36.64100000 36.46000000 36.73800000 36.59500000 36.39700000 36.97200000 37.14400000 37.27000000 37.36200000 37.20000000 37.27900000 37.25100000 37.23300000 37.32800000 37.38900000 37.36100000 37.34300000 37.29000000 37.20600000
37.59700000 37.59700000 37.59700000 37.59700000 37.59700000 37.59700000 37.59700000 35.75700000 35.78300000 35.83400000 36.39200000 36.23200000 36.36600000 36.11000000 36.41400000 36.34000000 36.37500000 37.04000000 37.18500000 37.40300000 37.37500000 37.21000000 37.21700000 37.19400000 37.29400000 37.38000000 37.46200000 37.34000000 37.39000000 37.22100000
37.59700000 37.59700000 37.59700000 37.59700000 37.59700000 37.59700000 37.59700000 37.59700000 37.59700000 37.59700000 37.59700000 37.59700000 37.59700000 37.59700000 37.59700000 36.20800000 36.14300000 36.94700000 36.93600000 37.33300000 37.42800000 37.41900000 37.37600000 37.38200000 37.34400000 37.38200000 37.41600000 37.48500000 37.34000000 37.36800000
37.59700000 37.59700000 37.59700000 37.59700000 37.59700000 37.59700000 37.59700000 37.59700000 37.59700000 37.59700000 37.59700000 37.59700000 37.59700000 37.59700000 37.59700000 37.59700000 36.23300000 36.73000000 36.89100000 36.99500000 37.31100000 37.43100000 37.40900000 37.39900000 37.33400000 37.36000000 37.42300000 37.48700000 37.52500000 37.54800000
37.59700000 37.59700000 37.59700000 37.59700000 37.59700000 37.59700000 37.59700000 37.59700000 37.59700000 37.59700000 37.59700000 37.59700000 37.59700000 37.59700000 37.59700000 37.59700000 37.59700000 36.31000000 36.83400000 36.96000000 36.88600000 37.34700000 37.42200000 37.38800000 37.31600000 37.36600000 37.39000000 37.36700000 37.46400000 37.56000000
37.59700000 37.59700000 37.59700000 37.59700000 37.59700000 37.59700000 37.59700000 37.59700000 37.59700000 37.59700000 37.59700000 37.59700000 37.59700000 37.59700000 37.59700000 37.59700000 37.59700000 37.59700000 37.59700000 36.88800000 36.68200000 37.34000000 37.43100000 37.37800000 37.33500000 37.35200000 37.38900000 37.34200000 37.35200000 37.47400000
37.59700000 37.59700000 37.59700000 37.59700000 37.59700000 37.59700000 37.59700000 37.59700000 37.59700000 37.59700000 37.59700000 37.59700000 37.59700000 37.59700000 37.59700000 37.59700000 37.59700000 37.59700000 37.59700000 37.59700000 36.74900000 37.35000000 37.42900000 37.32400000 37.38600000 37.39900000 37.35700000 37.36100000 37.33800000 37.39200000
37.59700000 37.59700000 37.59700000 37.59700000 37.59700000 37.59700000 37.59700000 37.59700000 37.59700000 37.59700000 37.59700000 37.59700000 37.59700000 37.59700000 37.59700000 37.59700000 37.59700000 37.59700000 37.59700000 37.59700000 36.89500000 37.34900000 37.38700000 37.33500000 37.41900000 37.40100000 37.43200000 37.35700000 37.35100000 37.39900000
37.59700000 37.59700000 37.59700000 37.59700000 37.59700000 37.59700000 37.59700000 37.59700000 37.59700000 37.59700000 37.59700000 37.59700000 37.59700000 37.59700000 37.59700000 37.59700000 37.59700000 37.59700000 37.59700000 37.59700000 36.53600000 37.37600000 37.32000000 37.39000000 37.38800000 37.39900000 37.41200000 37.41400000 37.37200000 37.34800000
37.59700000 37.59700000 37.59700000 37.59700000 37.59700000 37.59700000 37.59700000 37.59700000 37.59700000 37.59700000 37.59700000 37.59700000 37.59700000 37.59700000 37.59700000 37.59700000 37.59700000 37.59700000 37.59700000 37.59700000 36.52200000 37.31900000 37.37500000 37.41300000 37.38900000 37.38600000 37.37300000 37.33600000 37.33400000 37.37900000
37.59700000 37.59700000 37.59700000 37.59700000 37.59700000 37.59700000 37.59700000 37.59700000 37.59700000 37.59700000 37.59700000 37.59700000 37.59700000 37.59700000 37.59700000 37.59700000 37.59700000 37.59700000 37.59700000 37.59700000 37.59700000 37.08000000 37.35900000 37.36900000 37.38300000 37.35100000 37.32000000 37.30600000 37.28300000 37.33100000
37.59700000 37.59700000 37.59700000 37.59700000 37.59700000 37.59700000 37.59700000 37.59700000 37.59700000 37.59700000 37.59700000 37.59700000 37.59700000 37.59700000 37.59700000 37.59700000 37.59700000 37.59700000 37.59700000 37.59700000 37.59700000 36.71700000 37.29000000 37.35400000 37.36000000 37.33700000 37.32600000 37.29300000 37.25200000 37.28600000
37.59700000 37.59700000 37.59700000 37.59700000 37.59700000 37.59700000 37.59700000 37.59700000 37.59700000 37.59700000 37.59700000 37.59700000 37.59700000 37.59700000 37.59700000 37.59700000 37.59700000 37.59700000 37.59700000 37.59700000 37.59700000 37.59700000 37.17900000 37.31200000 37.33100000 37.31400000 37.27900000 37.23700000 37.29300000 37.32000000
37.59700000 37.59700000 37.59700000 37.59700000 37.59700000 37.59700000 37.59700000 37.59700000 37.59700000 37.59700000 37.59700000 37.59700000 37.59700000 37.59700000 37.59700000 37.59700000 37.59700000 37.59700000 37.59700000 37.59700000 37.59700000 37.59700000 36.91400000 37.11800000 37.21600000 37.18400000 37.21600000 37.28600000 37.28100000 37.31300000
37.59700000 37.59700000 37.59700000 37.59700000 37.59700000 37.59700000 37.59700000 37.59700000 37.59700000 37.59700000 37.59700000 37.59700000 37.59700000 37.59700000 37.59700000 37.59700000 37.59700000 37.59700000 37.59700000 37.59700000 37.59700000 37.59700000 37.59700000 36.79300000 37.18300000 37.22600000 37.23500000 37.24700000 37.26700000 37.28900000
