36.99500000 36.98300000 36.93000000 36.92500000 37.14200000 37.22800000 37.24100000 37.24200000 37.19600000 37.18600000 37.11300000 36.99700000 36.87600000 36.67600000 36.75200000 36.87700000 37.01500000 37.00100000 37.06900000 37.05000000 37.00400000 36.98100000 36.85300000 36.56000000 36.54900000 36.29100000 36.56000000 36.54700000 36.52500000 36.53700000
36.99900000 36.85600000 36.94900000 37.15100000 37.19000000 37.18100000 37.18900000 37.18300000 37.15500000 37.08200000 36.98500000 36.87200000 36.50300000 36.83800000 36.85300000 37.03200000 37.02500000 37.08300000 37.05700000 37.03300000 36.98800000 36.90300000 36.79100000 36.66000000 36.57700000 37.05900000 37.07600000 37.06900000 37.05200000 37.04000000
36.97800000 36.87000000 36.92300000 37.03700000 37.14100000 37.12400000 37.07500000 37.03100000 36.97100000 36.90400000 36.73100000 36.45700000 36.81400000 36.89900000 36.91100000 37.12300000 36.97000000 37.05900000 37.03000000 36.94700000 36.87100000 36.78000000 36.91500000 37.23900000 37.05600000 37.05100000 37.03200000 36.95500000 36.90400000 36.85700000
36.51100000 36.99900000 36.91900000 36.91800000 37.03300000 37.02900000 36.96600000 36.60900000 36.60800000 36.72000000 36.84200000 36.93000000 36.89600000 36.90500000 36.96600000 37.07900000 36.95100000 36.99700000 36.91600000 36.77500000 36.92400000 37.25600000 37.26500000 37.26600000 37.26600000 37.04900000 37.02800000 36.97000000 36.95500000 36.85900000
35.80200000 36.96500000 37.05100000 37.11100000 36.83700000 36.98500000 36.68700000 36.53900000 36.64400000 36.95300000 36.93100000 36.91900000 36.93000000 36.94300000 37.01900000 37.06600000 36.90900000 36.91200000 36.78800000 37.23500000 37.24500000 37.21400000 37.17600000 37.17400000 37.20500000 37.26100000 37.26600000 36.81800000 36.65800000 36.63800000
35.51700000 36.44400000 36.83000000 36.99500000 37.22100000 37.04200000 36.87000000 36.82400000 36.82800000 36.82400000 36.83200000 36.85000000 36.87200000 36.93200000 37.04400000 37.11800000 36.79400000 36.93800000 37.19700000 37.22200000 37.19000000 37.09400000 37.01200000 37.05500000 37.16000000 37.22200000 37.31200000 37.26600000 36.66200000 36.61600000
35.51600000 36.22700000 36.63900000 36.71600000 37.02300000 37.29500000 36.95000000 36.91800000 36.93600000 36.92800000 37.03500000 37.01000000 36.99500000 37.01900000 37.03800000 37.13500000 36.91300000 37.14600000 37.21300000 37.21100000 37.12100000 37.01300000 36.97400000 37.07800000 37.16800000 37.24700000 37.40100000 37.36800000 37.26100000 36.66700000
35.64900000 36.16200000 36.59300000 36.39400000 36.55600000 37.09600000 37.35500000 37.18300000 36.91500000 36.91500000 36.96000000 36.97600000 37.02000000 37.04200000 37.03200000 37.10100000 37.11800000 37.12600000 37.16700000 37.18700000 37.16800000 37.14200000 37.16100000 37.18800000 37.35900000 37.45500000 37.47300000 37.44800000 37.28100000 37.28800000
35.35100000 35.37500000 35.71600000 36.17300000 36.61500000 36.34400000 36.79100000 37.30700000 37.37100000 37.38800000 36.98300000 36.94600000 36.96200000 37.07300000 37.07200000 37.16700000 37.22600000 37.20400000 37.21000000 37.24700000 37.20600000 37.17600000 37.38900000 37.36900000 37.37400000 37.39400000 37.44800000 37.46100000 37.29000000 37.26400000
35.19200000 35.57300000 35.51300000 35.91400000 36.19900000 36.23300000 36.17600000 37.12400000 37.29900000 37.41100000 37.37800000 37.03100000 36.97900000 36.94900000 36.99100000 37.13300000 37.23600000 37.21500000 37.02900000 37.33800000 37.37300000 37.31100000 37.33700000 37.41100000 37.43200000 37.42900000 37.46300000 37.34400000 37.27900000 37.23800000
34.80300000 35.17800000 35.53700000 35.45100000 35.67100000 36.04300000 35.87800000 36.22800000 37.09700000 37.11800000 37.22400000 37.35500000 37.09600000 37.00800000 36.98700000 37.02400000 37.05100000 37.33500000 37.35800000 37.38600000 37.31900000 37.28800000 37.40400000 37.29200000 37.35200000 37.36500000 37.32400000 37.28000000 37.28000000 37.20100000
37.59700000 37.59700000 37.59700000 35.20200000 35.36000000 35.64100000 35.68700000 35.69400000 36.21000000 37.15400000 36.90400000 37.03700000 37.12100000 37.22800000 37.28900000 37.29600000 37.31900000 37.24400000 37.27800000 37.36700000 37.22600000 37.35000000 37.26800000 37.27400000 37.34600000 37.33700000 37.29500000 37.32400000 37.22800000 37.17000000
37.59700000 37.59700000 37.59700000 37.59700000 35.20500000 35.37400000 35.45200000 35.54700000 35.59300000 36.37800000 36.95500000 36.61700000 36.39500000 36.69100000 36.57600000 36.38600000 37.01400000 37.14200000 37.27700000 37.36400000 37.20100000 37.27900000 37.25100000 37.23300000 37.32800000 37.39000000 37.36200000 37.34300000 37.28800000 37.20700000
37.59700000 37.59700000 37.59700000 37.59700000 37.59700000 37.59700000 35.36100000 35.47200000 35.57400000 35.65000000 36.06200000 36.15700000 36.20300000 36.16700000 36.22300000 36.29300000 36.37200000 37.03000000 37.18400000 37.40600000 37.37600000 37.21000000 37.21700000 37.19300000 37.29500000 37.38100000 37.46300000 37.34000000 37.39100000 37.22200000
37.59700000 37.59700000 37.59700000 37.59700000 37.59700000 37.59700000 37.59700000 37.59700000 37.59700000 37.59700000 37.59700000 37.59700000 35.84100000 36.14700000 36.18200000 36.04000000 36.17700000 36.95600000 36.96200000 37.33300000 37.42900000 37.42100000 37.37800000 37.38400000 37.34500000 37.38300000 37.41700000 37.48700000 37.33800000 37.37000000
37.59700000 37.59700000 37.59700000 37.59700000 37.59700000 37.59700000 37.59700000 37.59700000 37.59700000 37.59700000 37.59700000 37.59700000 37.59700000 37.59700000 37.59700000 36.00000000 36.19600000 36.75300000 36.93000000 37.01200000 37.31800000 37.43200000 37.41000000 37.39900000 37.33200000 37.36100000 37.42200000 37.48700000 37.52500000 37.54700000
37.59700000 37.59700000 37.59700000 37.59700000 37.59700000 37.59700000 37.59700000 37.59700000 37.59700000 37.59700000 37.59700000 37.59700000 37.59700000 37.59700000 37.59700000 37.59700000 35.95300000 36.18700000 36.80700000 36.99200000 36.94200000 37.35000000 37.42300000 37.38900000 37.31700000 37.36700000 37.39100000 37.36800000 37.46200000 37.56100000
37.59700000 37.59700000 37.59700000 37.59700000 37.59700000 37.59700000 37.59700000 37.59700000 37.59700000 37.59700000 37.59700000 37.59700000 37.59700000 37.59700000 37.59700000 37.59700000 37.59700000 37.59700000 36.20100000 36.93600000 36.75600000 37.34300000 37.43200000 37.37500000 37.33600000 37.35300000 37.39000000 37.34200000 37.35300000 37.47500000
37.59700000 37.59700000 37.59700000 37.59700000 37.59700000 37.59700000 37.59700000 37.59700000 37.59700000 37.59700000 37.59700000 37.59700000 37.59700000 37.59700000 37.59700000 37.59700000 37.59700000 37.59700000 37.59700000 36.89700000 36.76100000 37.35200000 37.42900000 37.32300000 37.38800000 37.39800000 37.35900000 37.36000000 37.34000000 37.39400000
37.59700000 37.59700000 37.59700000 37.59700000 37.59700000 37.59700000 37.59700000 37.59700000 37.59700000 37.59700000 37.59700000 37.59700000 37.59700000 37.59700000 37.59700000 37.59700000 37.59700000 37.59700000 37.59700000 36.96200000 36.99400000 37.35300000 37.38600000 37.33800000 37.42000000 37.40200000 37.43300000 37.35800000 37.35200000 37.39900000
37.59700000 37.59700000 37.59700000 37.59700000 37.59700000 37.59700000 37.59700000 37.59700000 37.59700000 37.59700000 37.59700000 37.59700000 37.59700000 37.59700000 37.59700000 37.59700000 37.59700000 37.59700000 37.59700000 36.90600000 36.85100000 37.37800000 37.32000000 37.39200000 37.39000000 37.40000000 37.41300000 37.41500000 37.37300000 37.34900000
37.59700000 37.59700000 37.59700000 37.59700000 37.59700000 37.59700000 37.59700000 37.59700000 37.59700000 37.59700000 37.59700000 37.59700000 37.59700000 37.59700000 37.59700000 37.59700000 37.59700000 37.59700000 37.59700000 36.47500000 36.73200000 37.32000000 37.37700000 37.41400000 37.39100000 37.38700000 37.37400000 37.33700000 37.33400000 37.37900000
37.59700000 37.59700000 37.59700000 37.59700000 37.59700000 37.59700000 37.59700000 37.59700000 37.59700000 37.59700000 37.59700000 37.59700000 37.59700000 37.59700000 37.59700000 37.59700000 37.59700000 37.59700000 37.59700000 37.59700000 36.66700000 37.10800000 37.35900000 37.37100000 37.38300000 37.35300000 37.32100000 37.30700000 37.28300000 37.33200000
37.59700000 37.59700000 37.59700000 37.59700000 37.59700000 37.59700000 37.59700000 37.59700000 37.59700000 37.59700000 37.59700000 37.59700000 37.59700000 37.59700000 37.59700000 37.59700000 37.59700000 37.59700000 37.59700000 37.59700000 37.59700000 36.73900000 37.29100000 37.35500000 37.36000000 37.33800000 37.32700000 37.29400000 37.25200000 37.28800000
37.59700000 37.59700000 37.59700000 37.59700000 37.59700000 37.59700000 37.59700000 37.59700000 37.59700000 37.59700000 37.59700000 37.59700000 37.59700000 37.59700000 37.59700000 37.59700000 37.59700000 37.59700000 37.59700000 37.59700000 37.59700000 36.53600000 37.18300000 37.31200000 37.33100000 37.31500000 37.27900000 37.23600000 37.29400000 37.32100000
37.59700000 37.59700000 37.59700000 37.59700000 37.59700000 37.59700000 37.59700000 37.59700000 37.59700000 37.59700000 37.59700000 37.59700000 37.59700000 37.59700000 37.59700000 37.59700000 37.59700000 37.59700000 37.59700000 37.59700000 37.59700000 37.59700000 36.90800000 37.11900000 37.21500000 37.18300000 37.21700000 37.28700000 37.28700000 37.31400000
37.59700000 37.59700000 37.59700000 37.59700000 37.59700000 37.59700000 37.59700000 37.59700000 37.59700000 37.59700000 37.59700000 37.59700000 37.59700000 37.59700000 37.59700000 37.59700000 37.59700000 37.59700000 37.59700000 37.59700000 37.59700000 37.59700000 37.59700000 36.77400000 37.18500000 37.22800000 37.23600000 37.24800000 37.26300000 37.29200000
36.99200000 36.98200000 36.92900000 36.92400000 37.14000000 37.22800000 37.24100000 37.24200000 37.19600000 37.18500000 37.11800000 36.99900000 36.87800000 36.68200000 36.75100000 36.87500000 37.01300000 37.00000000 37.06800000 37.05000000 37.00400000 36.98200000 36.84300000 36.55600000 36.54900000 36.29000000 36.56000000 36.54600000 36.52500000 36.53300000
36.99800000 36.85600000 36.94800000 37.15000000 37.19000000 37.18000000 37.18800000 37.18200000 37.15400000 37.08200000 36.98500000 36.87100000 36.49800000 36.83600000 36.85200000 37.03000000 37.02500000 37.08300000 37.05700000 37.03200000 36.98700000 36.90200000 36.79000000 36.65900000 36.57500000 37.05900000 37.07500000 37.06900000 37.05200000 37.03900000
36.97800000 36.86900000 36.92200000 37.03600000 37.14000000 37.12400000 37.07500000 37.03100000 36.97100000 36.90300000 36.73400000 36.45500000 36.81200000 36.89900000 36.91000000 37.12300000 36.96900000 37.05800000 37.03000000 36.94600000 36.87000000 36.77900000 36.91300000 37.23900000 37.05600000 37.05000000 37.03100000 36.95400000 36.90400000 36.85500000
36.63700000 36.99900000 36.91800000 36.92000000 37.03300000 37.02800000 36.96700000 36.62000000 36.60600000 36.72000000 36.84000000 36.92800000 36.89500000 36.90300000 36.96500000 37.07800000 36.94900000 36.99700000 36.91600000 36.77400000 36.92300000 37.25500000 37.26400000 37.26500000 37.26500000 37.04800000 37.02700000 36.96900000 36.95500000 36.85900000
36.13900000 36.96400000 37.05100000 37.11000000 36.83700000 36.95700000 36.68800000 36.53800000 36.64200000 36.95100000 36.93000000 36.91800000 36.92900000 36.94200000 37.01800000 37.06600000 36.90700000 36.91200000 36.78700000 37.23400000 37.24500000 37.21300000 37.17500000 37.17300000 37.20500000 37.26000000 37.26600000 36.81800000 36.65800000 36.63700000
35.66300000 36.72600000 36.83700000 36.99400000 37.22100000 37.04100000 36.86900000 36.82400000 36.82700000 36.82300000 36.83100000 36.84900000 36.87200000 36.93100000 37.04300000 37.11800000 36.79300000 36.93600000 37.19500000 37.22100000 37.19000000 37.09400000 37.01100000 37.05400000 37.15900000 37.22100000 37.31100000 37.26600000 36.66200000 36.61500000
35.63400000 36.22500000 36.64000000 36.71600000 37.02200000 37.29400000 36.95000000 36.91700000 36.93500000 36.92700000 37.03400000 37.01000000 36.99400000 37.01800000 37.03800000 37.13300000 36.91200000 37.14500000 37.21200000 37.21100000 37.12000000 37.01200000 36.97300000 37.07600000 37.16700000 37.24600000 37.40000000 37.36700000 37.26000000 36.68100000
35.68500000 36.16300000 36.60400000 36.40100000 36.55900000 37.09600000 37.35400000 37.18300000 36.91400000 36.91400000 36.96000000 36.97500000 37.01900000 37.04200000 37.03200000 37.10100000 37.11700000 37.12500000 37.16700000 37.18700000 37.16700000 37.14100000 37.16000000 37.18700000 37.35700000 37.45400000 37.47100000 37.44700000 37.28000000 37.28900000
35.93300000 35.55900000 35.94100000 36.19600000 36.61500000 36.34700000 36.80400000 37.30600000 37.37000000 37.38700000 36.98200000 36.94500000 36.96200000 37.07200000 37.07100000 37.16500000 37.22500000 37.20300000 37.20900000 37.24600000 37.20900000 37.17500000 37.38800000 37.36800000 37.37300000 37.39300000 37.44700000 37.46000000 37.28800000 37.26400000
36.05900000 36.13100000 35.96900000 36.14000000 36.24800000 36.25200000 36.22200000 37.12200000 37.29800000 37.40900000 37.37700000 37.03000000 36.97700000 36.94900000 36.98900000 37.13200000 37.23600000 37.21500000 37.03000000 37.33700000 37.37200000 37.31100000 37.33600000 37.40900000 37.43100000 37.42800000 37.46200000 37.34300000 37.27900000 37.23800000
35.68300000 37.59700000 35.85600000 35.81600000 36.28300000 36.19800000 36.00300000 36.29300000 37.09600000 37.11700000 37.22300000 37.35400000 37.09400000 37.00700000 36.98700000 37.02300000 37.05100000 37.33400000 37.35800000 37.38600000 37.32000000 37.28700000 37.40400000 37.29000000 37.35000000 37.36400000 37.32300000 37.28000000 37.27900000 37.20100000
37.59700000 37.59700000 37.59700000 37.59700000 35.76400000 36.20200000 36.43800000 35.78500000 36.31300000 37.15200000 36.90500000 37.03600000 37.12000000 37.22800000 37.28800000 37.29500000 37.32100000 37.24400000 37.27700000 37.36600000 37.22500000 37.34900000 37.26700000 37.27300000 37.34500000 37.33600000 37.29400000 37.32300000 37.22700000 37.17000000
37.59700000 37.59700000 37.59700000 37.59700000 37.59700000 35.76300000 35.78000000 36.06200000 35.96700000 36.40700000 36.96300000 36.62000000 36.45900000 36.74100000 36.58400000 36.39600000 37.01100000 37.14100000 37.27500000 37.36300000 37.20000000 37.27800000 37.25000000 37.23300000 37.32600000 37.38900000 37.36100000 37.34200000 37.28800000 37.20600000
37.59700000 37.59700000 37.59700000 37.59700000 37.59700000 37.59700000 37.59700000 35.75800000 35.78100000 35.84200000 36.38500000 36.23300000 36.36100000 36.10800000 36.41700000 36.32500000 36.38500000 37.03000000 37.18300000 37.40500000 37.37500000 37.21000000 37.21700000 37.19300000 37.29400000 37.38000000 37.46200000 37.33900000 37.39000000 37.22100000
37.59700000 37.59700000 37.59700000 37.59700000 37.59700000 37.59700000 37.59700000 37.59700000 37.59700000 37.59700000 37.59700000 37.59700000 37.59700000 37.59700000 37.59700000 36.21600000 36.15600000 36.95500000 36.93900000 37.33200000 37.42800000 37.42000000 37.37600000 37.38200000 37.34400000 37.38200000 37.41600000 37.48600000 37.33700000 37.36800000
37.59700000 37.59700000 37.59700000 37.59700000 37.59700000 37.59700000 37.59700000 37.59700000 37.59700000 37.59700000 37.59700000 37.59700000 37.59700000 37.59700000 37.59700000 37.59700000 36.24000000 36.74100000 36.90900000 37.00500000 37.31700000 37.43100000 37.40900000 37.39800000 37.33200000 37.36000000 37.42200000 37.48700000 37.52400000 37.54600000
37.59700000 37.59700000 37.59700000 37.59700000 37.59700000 37.59700000 37.59700000 37.59700000 37.59700000 37.59700000 37.59700000 37.59700000 37.59700000 37.59700000 37.59700000 37.59700000 37.59700000 36.30800000 36.82600000 36.95700000 36.91400000 37.34900000 37.42200000 37.38800000 37.31600000 37.36600000 37.39000000 37.36800000 37.46200000 37.56000000
37.59700000 37.59700000 37.59700000 37.59700000 37.59700000 37.59700000 37.59700000 37.59700000 37.59700000 37.59700000 37.59700000 37.59700000 37.59700000 37.59700000 37.59700000 37.59700000 37.59700000 37.59700000 37.59700000 36.89200000 36.68000000 37.34200000 37.43100000 37.37500000 37.33500000 37.35200000 37.38900000 37.34200000 37.35300000 37.47400000
37.59700000 37.59700000 37.59700000 37.59700000 37.59700000 37.59700000 37.59700000 37.59700000 37.59700000 37.59700000 37.59700000 37.59700000 37.59700000 37.59700000 37.59700000 37.59700000 37.59700000 37.59700000 37.59700000 37.59700000 36.75300000 37.35100000 37.42800000 37.32300000 37.38700000 37.39800000 37.35800000 37.36000000 37.33900000 37.39300000
37.59700000 37.59700000 37.59700000 37.59700000 37.59700000 37.59700000 37.59700000 37.59700000 37.59700000 37.59700000 37.59700000 37.59700000 37.59700000 37.59700000 37.59700000 37.59700000 37.59700000 37.59700000 37.59700000 37.59700000 36.89200000 37.35200000 37.38600000 37.33700000 37.41900000 37.40100000 37.43200000 37.35700000 37.35100000 37.39800000
37.59700000 37.59700000 37.59700000 37.59700000 37.59700000 37.59700000 37.59700000 37.59700000 37.59700000 37.59700000 37.59700000 37.59700000 37.59700000 37.59700000 37.59700000 37.59700000 37.59700000 37.59700000 37.59700000 37.59700000 36.53700000 37.37700000 37.31900000 37.39100000 37.38900000 37.39900000 37.41200000 37.41400000 37.37200000 37.34800000
37.59700000 37.59700000 37.59700000 37.59700000 37.59700000 37.59700000 37.59700000 37.59700000 37.59700000 37.59700000 37.59700000 37.59700000 37.59700000 37.59700000 37.59700000 37.59700000 37.59700000 37.59700000 37.59700000 37.59700000 36.53000000 37.31900000 37.37600000 37.41300000 37.39000000 37.38600000 37.37300000 37.33600000 37.33400000 37.37800000
37.59700000 37.59700000 37.59700000 37.59700000 37.59700000 37.59700000 37.59700000 37.59700000 37.59700000 37.59700000 37.59700000 37.59700000 37.59700000 37.59700000 37.59700000 37.59700000 37.59700000 37.59700000 37.59700000 37.59700000 37.59700000 37.07500000 37.35800000 37.37000000 37.38300000 37.35200000 37.32100000 37.30700000 37.28200000 37.33100000
37.59700000 37.59700000 37.59700000 37.59700000 37.59700000 37.59700000 37.59700000 37.59700000 37.59700000 37.59700000 37.59700000 37.59700000 37.59700000 37.59700000 37.59700000 37.59700000 37.59700000 37.59700000 37.59700000 37.59700000 37.59700000 36.71800000 37.29000000 37.35400000 37.35900000 37.33700000 37.32600000 37.29300000 37.25100000 37.28700000
37.59700000 37.59700000 37.59700000 37.59700000 37.59700000 37.59700000 37.59700000 37.59700000 37.59700000 37.59700000 37.59700000 37.59700000 37.59700000 37.59700000 37.59700000 37.59700000 37.59700000 37.59700000 37.59700000 37.59700000 37.59700000 37.59700000 37.18100000 37.31200000 37.33100000 37.31400000 37.27900000 37.23500000 37.29300000 37.32100000
37.59700000 37.59700000 37.59700000 37.59700000 37.59700000 37.59700000 37.59700000 37.59700000 37.59700000 37.59700000 37.59700000 37.59700000 37.59700000 37.59700000 37.59700000 37.59700000 37.59700000 37.59700000 37.59700000 37.59700000 37.59700000 37.59700000 36.90500000 37.11800000 37.21400000 37.18300000 37.21700000 37.28600000 37.27100000 37.31200000
37.59700000 37.59700000 37.59700000 37.59700000 37.59700000 37.59700000 37.59700000 37.59700000 37.59700000 37.59700000 37.59700000 37.59700000 37.59700000 37.59700000 37.59700000 37.59700000 37.59700000 37.59700000 37.59700000 37.59700000 37.59700000 37.59700000 37.59700000 36.77100000 37.18500000 37.22600000 37.23500000 37.24700000 37.26200000 37.29100000
