37.01900000 36.92500000 37.02900000 36.96200000 36.98700000 37.02300000 37.16000000 37.27400000 37.26800000 37.23400000 37.16100000 37.05900000 36.90800000 36.58700000 36.48700000 36.83300000 36.90300000 36.99100000 36.97700000 37.03100000 37.05700000 37.03300000 36.91800000 36.74500000 36.43000000 36.24800000 36.38800000 36.52100000 36.37800000 36.36600000
37.00700000 36.97100000 36.94600000 36.92800000 36.92200000 37.16400000 37.22700000 37.23100000 37.20400000 37.15200000 37.06500000 36.95200000 36.56500000 36.52100000 36.78600000 36.88400000 36.98000000 37.01900000 36.99400000 37.06700000 37.05900000 36.98300000 36.85200000 36.66100000 36.32300000 36.56000000 36.55500000 36.48000000 36.63800000 36.92600000
36.98000000 37.02800000 36.92800000 36.92500000 36.90800000 37.06500000 37.15400000 37.13900000 37.07200000 36.92400000 36.62900000 36.44000000 36.52800000 36.76700000 36.79900000 36.93200000 37.08400000 37.00600000 36.97500000 37.01300000 36.96000000 36.88100000 36.70700000 36.61600000 36.77700000 37.05900000 37.04500000 37.06700000 36.94700000 36.86500000
36.62300000 36.99400000 36.95900000 36.91300000 36.94700000 36.80300000 36.76700000 36.60800000 36.48300000 36.63300000 36.82000000 36.88800000 36.88500000 36.85400000 36.83300000 36.95500000 37.09100000 36.97400000 36.92800000 36.93200000 36.84800000 36.72500000 37.02400000 37.16800000 37.19700000 37.06800000 37.03100000 36.99700000 36.97600000 36.97900000
36.54000000 36.35400000 37.00900000 36.84800000 36.91200000 36.92700000 36.91200000 36.77100000 36.85800000 36.93100000 36.87500000 36.88700000 36.90500000 36.90900000 36.92400000 36.97100000 37.08900000 36.96300000 36.78500000 36.76000000 37.07000000 37.19600000 37.20900000 37.20200000 37.21400000 37.24200000 37.08200000 36.97200000 36.89900000 36.77700000
36.37700000 35.93900000 36.89200000 36.95800000 36.82600000 36.87300000 36.93700000 36.92800000 36.92800000 36.92500000 36.86900000 36.86800000 36.97300000 37.02400000 37.03400000 36.98900000 37.12400000 37.08400000 36.98900000 37.14100000 37.18400000 37.16400000 37.11600000 37.07900000 37.14700000 37.22300000 37.23800000 37.25100000 36.86200000 36.59400000
36.08000000 35.33300000 36.79700000 36.99600000 36.98600000 36.88000000 36.79500000 36.77900000 36.78900000 36.83000000 36.93200000 37.00200000 36.99300000 37.01200000 37.04700000 36.98900000 37.19100000 37.19300000 37.13200000 37.14900000 37.14600000 37.06300000 36.96100000 36.94900000 37.05400000 37.18600000 37.25600000 37.26000000 37.25600000 36.96700000
35.68600000 35.13100000 36.20800000 36.62900000 36.94700000 37.10800000 37.05300000 36.90100000 36.89200000 36.91800000 37.01900000 36.97800000 36.98200000 37.03600000 37.05300000 37.00500000 37.22800000 37.22100000 37.15500000 37.12900000 37.15100000 37.08200000 37.01900000 37.05700000 37.15600000 37.21700000 37.31300000 37.32600000 37.25700000 37.24100000
35.37100000 35.61000000 36.11800000 36.61500000 36.49800000 36.71200000 36.94400000 37.20600000 36.92400000 36.90800000 36.95100000 36.95600000 36.95600000 36.94300000 36.93100000 36.98100000 37.13400000 37.21400000 37.24400000 37.24700000 37.19200000 37.16000000 37.16700000 37.21200000 37.25900000 37.41600000 37.43900000 37.36100000 37.27100000 37.26000000
35.15700000 35.38800000 35.84700000 36.24300000 36.36900000 36.51600000 36.56600000 36.80300000 37.28700000 37.20700000 37.06400000 36.98000000 36.92200000 36.92900000 36.96700000 36.96500000 37.02400000 37.01500000 37.01500000 37.40600000 37.44500000 37.44300000 37.44600000 37.44600000 37.42900000 37.41200000 37.44600000 37.31800000 37.24900000 37.25100000
34.56000000 34.92900000 34.99400000 35.23900000 35.96300000 36.18400000 36.45600000 36.11500000 36.65800000 37.17200000 37.36600000 37.39800000 37.39500000 37.36200000 37.04100000 36.94000000 37.02600000 37.41900000 37.27100000 37.26900000 37.34900000 37.33500000 37.32600000 37.36800000 37.39800000 37.42000000 37.35200000 37.26400000 37.32000000 37.22700000
37.59700000 37.59700000 37.59700000 34.98200000 35.47700000 35.71300000 36.04300000 35.90400000 35.77100000 36.33000000 36.91200000 37.27000000 37.25800000 37.32500000 37.36700000 37.32800000 37.24200000 37.12500000 37.18800000 37.36200000 37.26600000 37.33700000 37.36900000 37.27000000 37.26200000 37.32400000 37.36600000 37.29700000 37.35800000 37.21600000
37.59700000 37.59700000 37.59700000 37.59700000 35.12600000 35.29900000 35.45100000 35.51200000 35.62300000 35.88600000 36.52800000 36.99400000 37.14400000 36.83600000 36.67200000 36.99600000 36.90600000 36.57700000 37.29900000 37.35200000 37.23500000 37.26200000 37.22300000 37.21200000 37.24600000 37.32400000 37.33300000 37.28700000 37.37800000 37.22700000
37.59700000 37.59700000 37.59700000 37.59700000 37.59700000 37.59700000 35.28700000 35.36500000 35.49100000 35.62800000 36.17300000 36.29400000 36.52500000 36.39000000 36.18200000 36.28300000 36.68200000 36.16300000 37.23300000 37.35400000 37.29400000 37.17000000 37.18800000 37.18100000 37.23800000 37.33100000 37.43500000 37.39300000 37.28700000 37.29700000
37.59700000 37.59700000 37.59700000 37.59700000 37.59700000 37.59700000 37.59700000 37.59700000 37.59700000 37.59700000 37.59700000 37.59700000 35.66400000 35.93300000 36.24000000 36.12200000 36.59200000 35.97600000 37.04500000 37.22900000 37.35900000 37.35600000 37.24400000 37.18600000 37.26300000 37.35500000 37.42000000 37.48300000 37.42000000 37.30000000
37.59700000 37.59700000 37.59700000 37.59700000 37.59700000 37.59700000 37.59700000 37.59700000 37.59700000 37.59700000 37.59700000 37.59700000 37.59700000 37.59700000 37.59700000 35.88600000 36.19800000 35.86500000 36.39200000 37.07800000 37.23800000 37.34300000 37.36900000 37.39200000 37.30200000 37.34600000 37.37000000 37.44500000 37.51800000 37.57700000
37.59700000 37.59700000 37.59700000 37.59700000 37.59700000 37.59700000 37.59700000 37.59700000 37.59700000 37.59700000 37.59700000 37.59700000 37.59700000 37.59700000 37.59700000 37.59700000 35.93300000 35.87900000 36.55600000 36.90500000 37.01900000 37.30000000 37.37800000 37.39400000 37.35400000 37.31500000 37.34000000 37.38900000 37.41400000 37.54800000
37.59700000 37.59700000 37.59700000 37.59700000 37.59700000 37.59700000 37.59700000 37.59700000 37.59700000 37.59700000 37.59700000 37.59700000 37.59700000 37.59700000 37.59700000 37.59700000 37.59700000 37.59700000 36.19500000 36.68900000 37.04100000 36.86100000 37.35900000 37.40400000 37.38900000 37.29000000 37.32800000 37.36500000 37.34800000 37.37200000
37.59700000 37.59700000 37.59700000 37.59700000 37.59700000 37.59700000 37.59700000 37.59700000 37.59700000 37.59700000 37.59700000 37.59700000 37.59700000 37.59700000 37.59700000 37.59700000 37.59700000 37.59700000 37.59700000 36.62700000 37.00500000 36.87900000 37.37300000 37.43000000 37.39300000 37.31400000 37.33700000 37.34500000 37.37700000 37.31700000
37.59700000 37.59700000 37.59700000 37.59700000 37.59700000 37.59700000 37.59700000 37.59700000 37.59700000 37.59700000 37.59700000 37.59700000 37.59700000 37.59700000 37.59700000 37.59700000 37.59700000 37.59700000 37.59700000 36.95300000 36.42700000 36.99100000 37.36800000 37.43200000 37.29500000 37.37700000 37.41100000 37.39500000 37.35200000 37.34300000
37.59700000 37.59700000 37.59700000 37.59700000 37.59700000 37.59700000 37.59700000 37.59700000 37.59700000 37.59700000 37.59700000 37.59700000 37.59700000 37.59700000 37.59700000 37.59700000 37.59700000 37.59700000 37.59700000 36.85600000 36.64600000 36.88500000 37.34000000 37.37600000 37.32100000 37.39200000 37.38500000 37.39900000 37.40900000 37.34700000
37.59700000 37.59700000 37.59700000 37.59700000 37.59700000 37.59700000 37.59700000 37.59700000 37.59700000 37.59700000 37.59700000 37.59700000 37.59700000 37.59700000 37.59700000 37.59700000 37.59700000 37.59700000 37.59700000 36.60600000 36.69800000 36.74800000 37.35100000 37.31700000 37.39700000 37.35800000 37.38200000 37.38100000 37.38900000 37.41000000
37.59700000 37.59700000 37.59700000 37.59700000 37.59700000 37.59700000 37.59700000 37.59700000 37.59700000 37.59700000 37.59700000 37.59700000 37.59700000 37.59700000 37.59700000 37.59700000 37.59700000 37.59700000 37.59700000 37.59700000 36.67800000 36.63600000 37.31700000 37.37200000 37.34900000 37.36200000 37.34600000 37.32900000 37.33600000 37.36500000
37.59700000 37.59700000 37.59700000 37.59700000 37.59700000 37.59700000 37.59700000 37.59700000 37.59700000 37.59700000 37.59700000 37.59700000 37.59700000 37.59700000 37.59700000 37.59700000 37.59700000 37.59700000 37.59700000 37.59700000 37.59700000 36.63400000 36.83200000 37.30500000 37.32200000 37.32500000 37.33800000 37.31500000 37.30100000 37.31500000
37.59700000 37.59700000 37.59700000 37.59700000 37.59700000 37.59700000 37.59700000 37.59700000 37.59700000 37.59700000 37.59700000 37.59700000 37.59700000 37.59700000 37.59700000 37.59700000 37.59700000 37.59700000 37.59700000 37.59700000 37.59700000 36.49400000 36.52800000 37.22500000 37.28200000 37.31400000 37.30000000 37.28200000 37.28800000 37.27500000
37.59700000 37.59700000 37.59700000 37.59700000 37.59700000 37.59700000 37.59700000 37.59700000 37.59700000 37.59700000 37.59700000 37.59700000 37.59700000 37.59700000 37.59700000 37.59700000 37.59700000 37.59700000 37.59700000 37.59700000 37.59700000 37.59700000 36.40200000 37.13600000 37.14600000 37.21400000 37.21300000 37.23600000 37.23200000 37.28300000
37.59700000 37.59700000 37.59700000 37.59700000 37.59700000 37.59700000 37.59700000 37.59700000 37.59700000 37.59700000 37.59700000 37.59700000 37.59700000 37.59700000 37.59700000 37.59700000 37.59700000 37.59700000 37.59700000 37.59700000 37.59700000 37.59700000 37.59700000 36.11000000 37.18000000 37.18100000 37.20300000 37.22900000 37.27500000 37.28800000
37.01800000 36.92500000 37.02800000 36.96300000 36.98700000 37.02200000 37.16100000 37.27200000 37.26800000 37.23500000 37.16100000 37.05900000 36.91100000 36.58700000 36.49100000 36.83300000 36.90100000 36.99200000 36.97600000 37.03100000 37.05600000 37.03600000 36.91800000 36.74500000 36.43400000 36.24700000 36.38800000 36.52600000 36.37800000 36.36700000
37.00700000 36.96900000 36.94500000 36.92700000 36.92100000 37.16300000 37.22600000 37.23000000 37.20300000 37.15100000 37.06400000 36.95100000 36.56300000 36.52000000 36.78500000 36.88300000 36.97900000 37.01800000 36.99300000 37.06600000 37.05900000 36.98200000 36.85100000 36.66100000 36.32400000 36.56000000 36.55400000 36.48100000 36.65300000 36.93300000
36.97900000 37.02600000 36.92700000 36.92400000 36.90800000 37.06300000 37.15300000 37.13800000 37.07100000 36.92300000 36.62800000 36.43900000 36.52800000 36.76600000 36.79800000 36.93100000 37.08300000 37.00500000 36.97400000 37.01200000 36.95900000 36.88100000 36.70800000 36.61800000 36.77900000 37.05900000 37.04400000 37.06600000 36.94700000 36.86400000
36.62200000 36.99300000 36.95800000 36.91100000 36.94600000 36.80300000 36.76500000 36.60600000 36.48300000 36.63300000 36.82000000 36.88700000 36.88400000 36.85300000 36.83300000 36.95400000 37.09000000 36.97300000 36.92700000 36.93100000 36.84700000 36.72600000 37.02600000 37.16800000 37.19600000 37.06700000 37.03000000 36.99700000 36.97500000 36.97800000
36.54000000 36.38100000 37.00800000 36.84700000 36.91100000 36.92600000 36.91200000 36.77100000 36.85800000 36.93000000 36.87400000 36.88600000 36.90400000 36.90800000 36.92400000 36.97000000 37.08800000 36.96200000 36.78400000 36.76100000 37.07100000 37.19600000 37.20900000 37.20300000 37.21400000 37.24100000 37.08200000 36.97100000 36.89800000 36.77700000
36.38700000 35.97100000 36.89600000 36.95700000 36.82500000 36.87200000 36.93600000 36.92700000 36.92700000 36.92300000 36.86800000 36.86700000 36.97200000 37.02300000 37.03300000 36.98900000 37.12400000 37.08400000 36.98900000 37.14200000 37.18500000 37.16300000 37.11600000 37.07900000 37.14700000 37.22200000 37.23700000 37.25000000 36.86100000 36.59300000
36.11100000 35.93900000 36.81300000 36.99400000 36.98500000 36.87900000 36.79400000 36.77800000 36.78800000 36.82900000 36.93200000 37.00100000 36.99200000 37.01100000 37.04700000 36.98800000 37.19200000 37.19400000 37.13400000 37.14900000 37.14600000 37.06400000 36.96100000 36.94900000 37.05300000 37.18500000 37.25500000 37.26000000 37.25600000 36.96800000
35.89100000 35.50700000 36.67200000 36.62800000 36.94500000 37.10700000 37.05200000 36.90100000 36.89100000 36.91700000 37.01800000 36.97700000 36.98100000 37.03500000 37.05300000 37.00500000 37.22800000 37.22200000 37.15600000 37.12900000 37.15200000 37.08300000 37.01900000 37.05700000 37.15500000 37.21700000 37.31300000 37.32600000 37.25600000 37.24100000
35.78200000 35.89900000 36.50300000 36.61400000 36.49600000 36.71100000 36.94200000 37.20400000 36.92400000 36.90700000 36.95000000 36.95600000 36.95500000 36.94300000 36.93100000 36.98100000 37.13300000 37.21300000 37.24300000 37.24700000 37.19200000 37.16000000 37.16700000 37.21200000 37.25900000 37.41700000 37.43900000 37.36100000 37.27100000 37.26000000
35.70100000 35.83600000 35.96000000 36.26600000 36.37200000 36.51800000 36.56800000 36.80300000 37.28800000 37.20700000 37.06400000 36.98000000 36.92300000 36.93000000 36.96700000 36.96500000 37.02300000 37.01400000 37.01500000 37.40600000 37.44400000 37.44200000 37.44600000 37.44500000 37.42800000 37.41200000 37.44600000 37.31800000 37.24900000 37.25100000
35.44300000 37.59700000 35.56400000 35.63500000 36.10700000 36.25600000 36.47000000 36.47800000 36.67900000 37.17000000 37.36500000 37.39800000 37.39600000 37.36100000 37.04200000 36.94000000 37.02700000 37.41700000 37.27000000 37.26800000 37.34900000 37.33400000 37.32600000 37.36900000 37.39900000 37.41900000 37.35300000 37.26800000 37.32100000 37.22800000
37.59700000 37.59700000 37.59700000 37.59700000 35.65000000 35.96500000 36.45900000 36.46300000 36.18900000 36.38100000 36.91000000 37.27000000 37.25800000 37.32500000 37.36500000 37.32700000 37.24200000 37.12400000 37.18700000 37.36100000 37.26500000 37.33700000 37.36800000 37.27000000 37.26300000 37.32300000 37.36600000 37.30000000 37.35800000 37.21600000
37.59700000 37.59700000 37.59700000 37.59700000 37.59700000 35.65200000 35.80900000 35.92800000 36.12600000 36.07700000 36.54600000 36.99200000 37.14600000 36.83800000 36.66900000 36.99500000 36.90400000 36.57800000 37.29900000 37.35100000 37.23500000 37.26200000 37.22300000 37.21100000 37.24600000 37.32400000 37.33200000 37.28700000 37.37700000 37.22800000
37.59700000 37.59700000 37.59700000 37.59700000 37.59700000 37.59700000 37.59700000 35.49700000 35.71400000 35.74000000 36.35000000 36.39000000 36.53400000 36.39900000 36.17500000 36.27700000 36.68400000 36.20300000 37.23200000 37.35400000 37.29200000 37.17000000 37.18700000 37.18100000 37.23800000 37.33100000 37.43400000 37.39200000 37.28700000 37.29800000
37.59700000 37.59700000 37.59700000 37.59700000 37.59700000 37.59700000 37.59700000 37.59700000 37.59700000 37.59700000 37.59700000 37.59700000 37.59700000 37.59700000 37.59700000 36.21200000 36.58800000 36.09400000 37.04300000 37.22900000 37.35900000 37.35600000 37.24300000 37.18600000 37.26200000 37.35500000 37.42200000 37.48400000 37.42000000 37.30100000
37.59700000 37.59700000 37.59700000 37.59700000 37.59700000 37.59700000 37.59700000 37.59700000 37.59700000 37.59700000 37.59700000 37.59700000 37.59700000 37.59700000 37.59700000 37.59700000 36.37100000 36.43200000 36.40700000 37.07700000 37.23800000 37.34200000 37.36800000 37.39200000 37.30200000 37.34600000 37.37200000 37.44600000 37.51800000 37.57800000
37.59700000 37.59700000 37.59700000 37.59700000 37.59700000 37.59700000 37.59700000 37.59700000 37.59700000 37.59700000 37.59700000 37.59700000 37.59700000 37.59700000 37.59700000 37.59700000 37.59700000 36.39500000 36.76600000 36.91200000 37.00400000 37.29900000 37.37800000 37.39500000 37.35400000 37.31500000 37.34000000 37.38900000 37.41400000 37.54900000
37.59700000 37.59700000 37.59700000 37.59700000 37.59700000 37.59700000 37.59700000 37.59700000 37.59700000 37.59700000 37.59700000 37.59700000 37.59700000 37.59700000 37.59700000 37.59700000 37.59700000 37.59700000 37.59700000 36.76500000 37.03600000 36.91700000 37.35900000 37.40400000 37.38900000 37.29100000 37.32800000 37.36500000 37.34800000 37.37400000
37.59700000 37.59700000 37.59700000 37.59700000 37.59700000 37.59700000 37.59700000 37.59700000 37.59700000 37.59700000 37.59700000 37.59700000 37.59700000 37.59700000 37.59700000 37.59700000 37.59700000 37.59700000 37.59700000 37.59700000 36.95700000 36.99400000 37.37300000 37.42900000 37.39300000 37.31400000 37.33600000 37.34600000 37.37700000 37.31700000
37.59700000 37.59700000 37.59700000 37.59700000 37.59700000 37.59700000 37.59700000 37.59700000 37.59700000 37.59700000 37.59700000 37.59700000 37.59700000 37.59700000 37.59700000 37.59700000 37.59700000 37.59700000 37.59700000 37.59700000 36.37600000 37.06500000 37.37100000 37.43200000 37.29500000 37.37600000 37.41000000 37.39500000 37.35200000 37.34300000
37.59700000 37.59700000 37.59700000 37.59700000 37.59700000 37.59700000 37.59700000 37.59700000 37.59700000 37.59700000 37.59700000 37.59700000 37.59700000 37.59700000 37.59700000 37.59700000 37.59700000 37.59700000 37.59700000 37.59700000 36.07200000 37.03500000 37.34400000 37.38800000 37.32200000 37.39100000 37.38400000 37.39900000 37.40900000 37.34700000
37.59700000 37.59700000 37.59700000 37.59700000 37.59700000 37.59700000 37.59700000 37.59700000 37.59700000 37.59700000 37.59700000 37.59700000 37.59700000 37.59700000 37.59700000 37.59700000 37.59700000 37.59700000 37.59700000 37.59700000 36.19300000 36.86700000 37.35200000 37.31800000 37.39700000 37.35700000 37.38100000 37.38200000 37.38900000 37.40700000
37.59700000 37.59700000 37.59700000 37.59700000 37.59700000 37.59700000 37.59700000 37.59700000 37.59700000 37.59700000 37.59700000 37.59700000 37.59700000 37.59700000 37.59700000 37.59700000 37.59700000 37.59700000 37.59700000 37.59700000 37.59700000 36.79500000 37.31700000 37.37300000 37.34900000 37.36100000 37.34600000 37.32800000 37.33500000 37.36500000
37.59700000 37.59700000 37.59700000 37.59700000 37.59700000 37.59700000 37.59700000 37.59700000 37.59700000 37.59700000 37.59700000 37.59700000 37.59700000 37.59700000 37.59700000 37.59700000 37.59700000 37.59700000 37.59700000 37.59700000 37.59700000 36.57600000 36.96400000 37.30600000 37.32300000 37.32600000 37.33800000 37.31400000 37.30000000 37.31400000
37.59700000 37.59700000 37.59700000 37.59700000 37.59700000 37.59700000 37.59700000 37.59700000 37.59700000 37.59700000 37.59700000 37.59700000 37.59700000 37.59700000 37.59700000 37.59700000 37.59700000 37.59700000 37.59700000 37.59700000 37.59700000 37.59700000 37.02900000 37.22600000 37.28300000 37.31500000 37.30100000 37.28200000 37.28700000 37.27500000
37.59700000 37.59700000 37.59700000 37.59700000 37.59700000 37.59700000 37.59700000 37.59700000 37.59700000 37.59700000 37.59700000 37.59700000 37.59700000 37.59700000 37.59700000 37.59700000 37.59700000 37.59700000 37.59700000 37.59700000 37.59700000 37.59700000 36.63800000 37.13200000 37.14800000 37.21600000 37.21400000 37.23600000 37.23000000 37.28200000
37.59700000 37.59700000 37.59700000 37.59700000 37.59700000 37.59700000 37.59700000 37.59700000 37.59700000 37.59700000 37.59700000 37.59700000 37.59700000 37.59700000 37.59700000 37.59700000 37.59700000 37.59700000 37.59700000 37.59700000 37.59700000 37.59700000 37.59700000 36.95600000 37.18500000 37.18200000 37.20300000 37.22800000 37.27400000 37.28800000
