 25.68400000  25.37900000  25.57700000  25.67600000  25.10000000  24.89000000  25.39200000  25.60600000  25.58400000  25.52600000  25.43600000  25.30600000  25.23500000  24.31600000  24.25800000  25.46200000  25.70700000  25.79200000  25.44100000  25.42000000  25.45000000  25.43400000  25.31800000  24.98100000  24.11600000  23.89600000  24.29200000  24.78400000  24.68300000  24.67000000
 25.40200000  25.29300000  25.48500000  25.34700000  24.62700000  25.28500000  25.51400000  25.52100000  25.45500000  25.37800000  25.24600000  25.08600000  24.11800000  24.18500000  24.90300000  25.29400000  25.71700000  25.46000000  25.43700000  25.38700000  25.41900000  25.31100000  25.12900000  24.57300000  23.77500000  24.38200000  24.55100000  24.54500000  24.86200000  25.25500000
 25.35500000  25.42800000  25.51000000  25.43700000  24.63100000  25.06600000  25.34500000  25.34000000  25.20700000  24.87000000  24.19400000  23.98000000  24.21100000  24.66300000  24.83100000  25.51400000  25.70200000  25.41700000  25.39700000  25.29100000  25.21200000  25.13300000  24.63200000  24.41100000  25.00700000  25.67800000  25.61600000  25.60100000  25.21600000  25.12900000
 24.75900000  25.34900000  25.47100000  25.55800000  25.11300000  24.47900000  24.45400000  24.19700000  24.06200000  24.27400000  24.64100000  24.86200000  24.91600000  24.87800000  24.91900000  25.64400000  25.70400000  25.38500000  25.29100000  25.20600000  24.96300000  24.81900000  25.54000000  25.88500000  25.97700000  25.74400000  25.57600000  25.41100000  25.33600000  25.47600000
 24.78900000  24.46100000  25.31500000  25.45100000  25.57300000  25.15300000  24.74000000  24.43100000  24.64600000  24.95100000  25.00400000  25.24800000  25.43700000  25.46700000  25.54700000  25.73700000  25.76100000  25.34500000  25.02000000  24.94900000  25.64300000  25.92100000  25.79500000  25.74800000  25.78800000  25.97700000  25.74400000  25.46600000  25.39600000  25.32500000
 24.26000000  24.05000000  25.01400000  25.44800000  25.48000000  25.56400000  25.66400000  25.53600000  25.55100000  25.67000000  25.64700000  25.67800000  25.86400000  25.94500000  25.97400000  25.82900000  25.73700000  25.58800000  25.30800000  25.73700000  25.79600000  25.63900000  25.53900000  25.44300000  25.61800000  25.90500000  25.95000000  26.08000000  25.39200000  25.17600000
 24.06400000  23.73700000  24.79100000  25.12800000  25.53100000  25.58300000  25.53100000  25.51800000  25.53000000  25.58900000  25.77000000  25.85200000  25.84100000  25.92000000  25.99300000  25.83300000  25.85000000  25.85700000  25.71100000  25.73300000  25.58900000  25.40900000  25.12900000  25.02700000  25.35600000  25.77300000  26.16300000  26.08000000  26.12000000  25.60800000
 23.91500000  23.66600000  24.43500000  24.52400000  25.09200000  25.68000000  25.81400000  25.71000000  25.71800000  25.78500000  25.94400000  25.91200000  25.89600000  25.96500000  26.00400000  25.83600000  25.93800000  25.95400000  25.79900000  25.68200000  25.60500000  25.45600000  25.31200000  25.39200000  25.63700000  26.07400000  26.51200000  26.44300000  25.98400000  26.16100000
 23.69000000  24.08100000  24.16400000  24.47000000  24.30800000  24.65300000  25.20500000  26.00800000  25.79800000  25.79000000  25.90400000  25.91600000  25.90200000  25.89700000  25.86700000  25.86800000  25.90400000  26.04300000  26.10600000  26.12700000  25.95500000  25.82100000  25.83200000  26.05400000  26.44000000  26.92200000  26.81500000  26.54100000  26.00700000  26.23500000
 23.42800000  23.48700000  23.81700000  24.08800000  24.12700000  24.26600000  24.36800000  24.90700000  26.26500000  26.25200000  26.05400000  25.93500000  25.78800000  25.73000000  25.78200000  25.84800000  25.82100000  25.90300000  26.01000000  26.94000000  27.01400000  26.99200000  27.00500000  26.96500000  26.73400000  26.57300000  26.71200000  26.27700000  26.04800000  26.23600000
 24.35400000  23.49500000  23.61800000  23.85700000  23.64500000  23.76400000  24.12900000  24.18000000  24.62300000  25.77000000  26.45900000  26.68400000  26.73000000  26.71500000  26.00600000  25.75300000  25.98300000  26.83300000  26.35600000  26.30800000  26.42700000  26.38900000  26.35200000  26.43700000  26.52400000  26.61000000  26.46300000  26.02800000  26.38300000  26.30800000
 27.83300000  27.83300000  27.83300000  24.09700000  23.55400000  23.46200000  23.64500000  23.66800000  23.84200000  24.30200000  24.89000000  26.16200000  26.10700000  26.37500000  26.57000000  26.43300000  26.17300000  25.83400000  26.12900000  26.87200000  26.19600000  26.38700000  26.51400000  26.26000000  26.24300000  26.43300000  26.57700000  26.32900000  26.51900000  26.40600000
 27.83300000  27.83300000  27.83300000  27.83300000  23.99000000  23.74000000  23.45100000  23.59300000  23.49800000  23.82200000  24.42700000  25.12100000  25.61100000  24.83100000  24.57000000  25.10100000  25.05700000  24.78400000  26.51600000  26.85800000  26.12000000  26.24800000  26.17100000  26.40900000  26.57800000  26.75700000  26.59000000  26.27800000  26.53100000  26.41000000
 27.83300000  27.83300000  27.83300000  27.83300000  27.83300000  27.83300000  24.67000000  24.11700000  23.46400000  23.50900000  23.80900000  23.85000000  24.29600000  24.02500000  23.46400000  23.86500000  24.53700000  24.58000000  26.26500000  26.87600000  26.51600000  26.05600000  26.22300000  26.31000000  26.34500000  26.74900000  26.98200000  26.77200000  26.27400000  26.41400000
 27.83300000  27.83300000  27.83300000  27.83300000  27.83300000  27.83300000  27.83300000  27.83300000  27.83300000  27.83300000  27.83300000  27.83300000  23.47900000  23.38600000  22.76000000  23.61100000  24.20500000  24.47800000  25.69700000  26.45500000  26.97500000  26.92200000  26.42600000  26.23400000  26.33900000  26.87300000  27.01300000  27.09000000  26.84600000  26.39000000
 27.83300000  27.83300000  27.83300000  27.83300000  27.83300000  27.83300000  27.83300000  27.83300000  27.83300000  27.83300000  27.83300000  27.83300000  27.83300000  27.83300000  27.83300000  23.81400000  24.08500000  24.52200000  25.21200000  25.87700000  26.52200000  26.99000000  26.90200000  27.01400000  26.45600000  26.95300000  27.05000000  27.01500000  27.10300000  27.19400000
 27.83300000  27.83300000  27.83300000  27.83300000  27.83300000  27.83300000  27.83300000  27.83300000  27.83300000  27.83300000  27.83300000  27.83300000  27.83300000  27.83300000  27.83300000  27.83300000  24.05200000  24.25900000  25.45500000  25.56700000  25.40900000  26.82500000  26.90900000  27.00900000  26.64100000  26.99400000  27.16300000  27.01000000  27.00700000  27.21000000
 27.83300000  27.83300000  27.83300000  27.83300000  27.83300000  27.83300000  27.83300000  27.83300000  27.83300000  27.83300000  27.83300000  27.83300000  27.83300000  27.83300000  27.83300000  27.83300000  27.83300000  27.83300000  23.18800000  25.62000000  25.80400000  25.28000000  26.92100000  26.98700000  26.75400000  27.07600000  27.23300000  27.20100000  27.07100000  27.05600000
 27.83300000  27.83300000  27.83300000  27.83300000  27.83300000  27.83300000  27.83300000  27.83300000  27.83300000  27.83300000  27.83300000  27.83300000  27.83300000  27.83300000  27.83300000  27.83300000  27.83300000  27.83300000  27.83300000  25.87500000  25.69400000  26.24700000  26.91100000  26.98200000  26.80300000  27.12500000  27.19100000  27.18000000  27.19500000  27.14700000
 27.83300000  27.83300000  27.83300000  27.83300000  27.83300000  27.83300000  27.83300000  27.83300000  27.83300000  27.83300000  27.83300000  27.83300000  27.83300000  27.83300000  27.83300000  27.83300000  27.83300000  27.83300000  27.83300000  25.98600000  21.87800000  26.45000000  26.88500000  26.82700000  26.97100000  27.26200000  27.35000000  27.20100000  27.18300000  27.23500000
 27.83300000  27.83300000  27.83300000  27.83300000  27.83300000  27.83300000  27.83300000  27.83300000  27.83300000  27.83300000  27.83300000  27.83300000  27.83300000  27.83300000  27.83300000  27.83300000  27.83300000  27.83300000  27.83300000  25.90600000  23.42900000  26.42100000  26.94900000  26.84100000  27.14900000  27.31800000  27.09600000  27.25600000  27.25600000  27.23300000
 27.83300000  27.83300000  27.83300000  27.83300000  27.83300000  27.83300000  27.83300000  27.83300000  27.83300000  27.83300000  27.83300000  27.83300000  27.83300000  27.83300000  27.83300000  27.83300000  27.83300000  27.83300000  27.83300000  25.59600000  23.63600000  26.34200000  27.16000000  27.04200000  27.31400000  27.10600000  27.08400000  27.27300000  27.28000000  27.30800000
 27.83300000  27.83300000  27.83300000  27.83300000  27.83300000  27.83300000  27.83300000  27.83300000  27.83300000  27.83300000  27.83300000  27.83300000  27.83300000  27.83300000  27.83300000  27.83300000  27.83300000  27.83300000  27.83300000  27.83300000  25.84700000  25.28700000  27.03400000  27.23200000  27.15000000  27.07200000  27.26100000  27.21900000  27.34400000  27.36800000
 27.83300000  27.83300000  27.83300000  27.83300000  27.83300000  27.83300000  27.83300000  27.83300000  27.83300000  27.83300000  27.83300000  27.83300000  27.83300000  27.83300000  27.83300000  27.83300000  27.83300000  27.83300000  27.83300000  27.83300000  27.83300000  24.58900000  26.25900000  27.06500000  27.08800000  27.05200000  27.18600000  27.07400000  27.09900000  27.33800000
 27.83300000  27.83300000  27.83300000  27.83300000  27.83300000  27.83300000  27.83300000  27.83300000  27.83300000  27.83300000  27.83300000  27.83300000  27.83300000  27.83300000  27.83300000  27.83300000  27.83300000  27.83300000  27.83300000  27.83300000  27.83300000  25.92700000  26.29300000  26.82700000  26.98400000  27.01200000  26.95000000  26.89500000  26.89600000  27.04300000
 27.83300000  27.83300000  27.83300000  27.83300000  27.83300000  27.83300000  27.83300000  27.83300000  27.83300000  27.83300000  27.83300000  27.83300000  27.83300000  27.83300000  27.83300000  27.83300000  27.83300000  27.83300000  27.83300000  27.83300000  27.83300000  27.83300000  26.38700000  26.84100000  26.64400000  26.75700000  26.73900000  26.83900000  26.83100000  27.14300000
 27.83300000  27.83300000  27.83300000  27.83300000  27.83300000  27.83300000  27.83300000  27.83300000  27.83300000  27.83300000  27.83300000  27.83300000  27.83300000  27.83300000  27.83300000  27.83300000  27.83300000  27.83300000  27.83300000  27.83300000  27.83300000  27.83300000  27.83300000  26.26600000  26.92800000  26.80300000  26.89800000  27.00400000  27.11700000  27.34300000
 25.73800000  25.37000000  25.61300000  25.72400000  25.18800000  24.93100000  25.40600000  25.64700000  25.60100000  25.54800000  25.45700000  25.33500000  25.28300000  24.32300000  24.27300000  25.46300000  25.73400000  25.82300000  25.47500000  25.48000000  25.46200000  25.43400000  25.29800000  24.96900000  24.12200000  23.89100000  24.29900000  24.75200000  24.68800000  24.68100000
 25.42700000  25.31300000  25.50800000  25.36800000  24.64600000  25.30800000  25.53700000  25.54400000  25.48000000  25.40000000  25.26900000  25.10600000  24.13600000  24.20400000  24.92400000  25.31500000  25.73800000  25.48000000  25.45500000  25.40600000  25.43600000  25.32700000  25.13900000  24.58400000  23.78800000  24.39500000  24.56400000  24.55700000  24.90400000  25.29300000
 25.37700000  25.45300000  25.53200000  25.46100000  24.65200000  25.08700000  25.36700000  25.36200000  25.22800000  24.88600000  24.21200000  23.99800000  24.22700000  24.68100000  24.84900000  25.53400000  25.72000000  25.43700000  25.41500000  25.31000000  25.22800000  25.14400000  24.64800000  24.42700000  25.02300000  25.69300000  25.63300000  25.61300000  25.22900000  25.14400000
 24.79400000  25.37200000  25.49200000  25.58100000  25.13500000  24.49700000  24.47300000  24.21500000  24.08000000  24.29100000  24.65900000  24.88100000  24.93600000  24.89700000  24.93700000  25.66200000  25.72500000  25.40300000  25.30800000  25.22300000  24.97800000  24.83100000  25.55800000  25.90200000  25.99100000  25.75700000  25.58800000  25.42600000  25.35100000  25.49200000
 24.61700000  24.55900000  25.33900000  25.46900000  25.59300000  25.17500000  24.76200000  24.44900000  24.66600000  24.97100000  25.02400000  25.26900000  25.46000000  25.49100000  25.56900000  25.75600000  25.78000000  25.36000000  25.03500000  24.96100000  25.65700000  25.93500000  25.80800000  25.76500000  25.80400000  25.98800000  25.75800000  25.47900000  25.40900000  25.33700000
 24.10200000  24.13200000  25.04900000  25.47600000  25.50200000  25.58400000  25.68400000  25.55800000  25.57300000  25.69000000  25.66700000  25.70000000  25.88400000  25.96600000  25.99400000  25.84600000  25.75500000  25.60300000  25.32200000  25.75300000  25.81200000  25.65800000  25.55700000  25.45900000  25.63100000  25.91900000  25.96200000  26.09000000  25.40400000  25.18500000
 24.01300000  24.23600000  24.85800000  25.15300000  25.55300000  25.60200000  25.55000000  25.53800000  25.54900000  25.61000000  25.79000000  25.86800000  25.86100000  25.93600000  26.01200000  25.84700000  25.86600000  25.87400000  25.72600000  25.74800000  25.60500000  25.42400000  25.14400000  25.04200000  25.36900000  25.78700000  26.17700000  26.08800000  26.13400000  25.62400000
 23.72400000  23.63300000  25.12400000  24.55000000  25.11600000  25.70000000  25.83200000  25.73000000  25.73900000  25.80600000  25.96300000  25.92900000  25.91400000  25.98000000  26.02000000  25.85100000  25.95500000  25.97000000  25.81600000  25.69600000  25.62100000  25.47000000  25.32400000  25.40300000  25.64700000  26.08800000  26.52400000  26.45400000  25.99400000  26.17700000
 21.19000000  22.19900000  24.59800000  24.49600000  24.33100000  24.67400000  25.22400000  26.02600000  25.81700000  25.80800000  25.92000000  25.93200000  25.91700000  25.91300000  25.88300000  25.88400000  25.92000000  26.05900000  26.12100000  26.14400000  25.97100000  25.83500000  25.84600000  26.06900000  26.45500000  26.93500000  26.82600000  26.55300000  26.01400000  26.24600000
 20.14400000  20.40100000  23.75100000  24.08900000  24.15500000  24.28000000  24.38800000  24.92400000  26.28300000  26.26800000  26.07100000  25.95200000  25.80500000  25.74700000  25.79700000  25.86300000  25.83600000  25.91800000  26.02600000  26.94900000  27.02300000  27.00300000  27.01800000  26.97600000  26.74100000  26.58400000  26.72600000  26.28700000  26.06400000  26.24700000
 22.12400000  27.83300000  21.52200000  22.26600000  23.17300000  23.61400000  24.15800000  24.54900000  24.68100000  25.78200000  26.47900000  26.70700000  26.75100000  26.72600000  26.02700000  25.77000000  26.00300000  26.84300000  26.37000000  26.32000000  26.43900000  26.40100000  26.36300000  26.44900000  26.53800000  26.62600000  26.47400000  26.04400000  26.39600000  26.32100000
 27.83300000  27.83300000  27.83300000  27.83300000  21.24400000  21.17200000  22.41300000  23.17600000  23.62800000  24.37100000  24.90100000  26.18300000  26.12200000  26.38900000  26.58300000  26.44700000  26.18600000  25.84600000  26.13900000  26.88600000  26.20400000  26.40000000  26.52400000  26.26800000  26.25300000  26.44700000  26.59200000  26.34100000  26.53000000  26.41600000
 27.83300000  27.83300000  27.83300000  27.83300000  27.83300000  20.98100000  20.11700000  21.23400000  21.61400000  23.04700000  24.42100000  25.12400000  25.63200000  24.84900000  24.57800000  25.11700000  25.07000000  24.80200000  26.52700000  26.86900000  26.12600000  26.25700000  26.18000000  26.42200000  26.58800000  26.76600000  26.59400000  26.28900000  26.54200000  26.42000000
 27.83300000  27.83300000  27.83300000  27.83300000  27.83300000  27.83300000  27.83300000  23.72700000  21.74700000  21.32900000  22.78000000  23.74300000  24.25600000  23.78600000  23.12100000  23.69100000  24.54600000  24.63500000  26.27600000  26.88700000  26.51900000  26.06600000  26.23500000  26.32000000  26.35700000  26.76600000  26.99400000  26.77500000  26.28400000  26.42300000
 27.83300000  27.83300000  27.83300000  27.83300000  27.83300000  27.83300000  27.83300000  27.83300000  27.83300000  27.83300000  27.83300000  27.83300000  27.83300000  27.83300000  27.83300000  20.15800000  24.18500000  24.51900000  25.70800000  26.46300000  26.98600000  26.92900000  26.43100000  26.24500000  26.35100000  26.88900000  27.02500000  27.10300000  26.85000000  26.39600000
 27.83300000  27.83300000  27.83300000  27.83300000  27.83300000  27.83300000  27.83300000  27.83300000  27.83300000  27.83300000  27.83300000  27.83300000  27.83300000  27.83300000  27.83300000  27.83300000  22.91000000  23.42500000  25.23200000  25.88900000  26.53200000  27.00200000  26.91300000  27.02200000  26.46300000  26.96500000  27.06200000  27.02700000  27.11600000  27.20300000
 27.83300000  27.83300000  27.83300000  27.83300000  27.83300000  27.83300000  27.83300000  27.83300000  27.83300000  27.83300000  27.83300000  27.83300000  27.83300000  27.83300000  27.83300000  27.83300000  27.83300000  21.30700000  24.39700000  25.51100000  25.35700000  26.83800000  26.91900000  27.02900000  26.64600000  27.00500000  27.17400000  27.01900000  27.01700000  27.21900000
 27.83300000  27.83300000  27.83300000  27.83300000  27.83300000  27.83300000  27.83300000  27.83300000  27.83300000  27.83300000  27.83300000  27.83300000  27.83300000  27.83300000  27.83300000  27.83300000  27.83300000  27.83300000  27.83300000  25.48300000  25.79200000  25.31700000  26.93100000  27.00100000  26.75800000  27.08600000  27.24400000  27.21300000  27.08200000  27.06500000
 27.83300000  27.83300000  27.83300000  27.83300000  27.83300000  27.83300000  27.83300000  27.83300000  27.83300000  27.83300000  27.83300000  27.83300000  27.83300000  27.83300000  27.83300000  27.83300000  27.83300000  27.83300000  27.83300000  27.83300000  25.34700000  26.43700000  26.92000000  26.99100000  26.80900000  27.13600000  27.20200000  27.19100000  27.20700000  27.15500000
 27.83300000  27.83300000  27.83300000  27.83300000  27.83300000  27.83300000  27.83300000  27.83300000  27.83300000  27.83300000  27.83300000  27.83300000  27.83300000  27.83300000  27.83300000  27.83300000  27.83300000  27.83300000  27.83300000  27.83300000  21.27800000  26.59600000  26.89700000  26.83400000  26.97700000  27.27200000  27.36200000  27.21400000  27.19500000  27.24500000
 27.83300000  27.83300000  27.83300000  27.83300000  27.83300000  27.83300000  27.83300000  27.83300000  27.83300000  27.83300000  27.83300000  27.83300000  27.83300000  27.83300000  27.83300000  27.83300000  27.83300000  27.83300000  27.83300000  27.83300000  18.99100000  26.65800000  26.96100000  26.86700000  27.15900000  27.33100000  27.10900000  27.27000000  27.26600000  27.24300000
 27.83300000  27.83300000  27.83300000  27.83300000  27.83300000  27.83300000  27.83300000  27.83300000  27.83300000  27.83300000  27.83300000  27.83300000  27.83300000  27.83300000  27.83300000  27.83300000  27.83300000  27.83300000  27.83300000  27.83300000  19.81700000  26.48100000  27.17500000  27.05300000  27.32400000  27.11800000  27.09600000  27.28700000  27.29100000  27.33400000
 27.83300000  27.83300000  27.83300000  27.83300000  27.83300000  27.83300000  27.83300000  27.83300000  27.83300000  27.83300000  27.83300000  27.83300000  27.83300000  27.83300000  27.83300000  27.83300000  27.83300000  27.83300000  27.83300000  27.83300000  27.83300000  24.19700000  27.04700000  27.24500000  27.16200000  27.08300000  27.27300000  27.23100000  27.35500000  27.37900000
 27.83300000  27.83300000  27.83300000  27.83300000  27.83300000  27.83300000  27.83300000  27.83300000  27.83300000  27.83300000  27.83300000  27.83300000  27.83300000  27.83300000  27.83300000  27.83300000  27.83300000  27.83300000  27.83300000  27.83300000  27.83300000  22.44500000  26.42200000  27.07700000  27.10000000  27.06100000  27.19900000  27.08600000  27.11500000  27.35100000
 27.83300000  27.83300000  27.83300000  27.83300000  27.83300000  27.83300000  27.83300000  27.83300000  27.83300000  27.83300000  27.83300000  27.83300000  27.83300000  27.83300000  27.83300000  27.83300000  27.83300000  27.83300000  27.83300000  27.83300000  27.83300000  27.83300000  25.95900000  26.83900000  26.99600000  27.02400000  26.96000000  26.90800000  26.91000000  27.05700000
 27.83300000  27.83300000  27.83300000  27.83300000  27.83300000  27.83300000  27.83300000  27.83300000  27.83300000  27.83300000  27.83300000  27.83300000  27.83300000  27.83300000  27.83300000  27.83300000  27.83300000  27.83300000  27.83300000  27.83300000  27.83300000  27.83300000  22.99900000  26.82300000  26.65100000  26.76900000  26.75000000  26.85100000  26.84800000  27.15100000
 27.83300000  27.83300000  27.83300000  27.83300000  27.83300000  27.83300000  27.83300000  27.83300000  27.83300000  27.83300000  27.83300000  27.83300000  27.83300000  27.83300000  27.83300000  27.83300000  27.83300000  27.83300000  27.83300000  27.83300000  27.83300000  27.83300000  27.83300000  26.51800000  26.94400000  26.81200000  26.90900000  27.01800000  27.14800000  27.35600000
