36.99400000 36.98400000 36.93100000 36.93100000 37.14400000 37.22700000 37.24100000 37.24100000 37.19600000 37.18500000 37.11300000 36.99700000 36.87500000 36.67500000 36.75500000 36.87700000 37.01600000 37.00100000 37.07000000 37.05000000 37.00400000 36.98100000 36.85300000 36.55800000 36.54900000 36.29200000 36.56100000 36.55100000 36.52800000 36.54500000
37.00100000 36.85600000 36.95100000 37.15100000 37.19000000 37.18100000 37.18900000 37.18300000 37.15500000 37.08200000 36.98300000 36.87000000 36.50400000 36.83900000 36.85500000 37.03700000 37.02200000 37.08500000 37.05700000 37.03200000 36.98600000 36.90200000 36.79100000 36.65800000 36.58700000 37.06600000 37.07700000 37.07100000 37.05000000 37.03700000
36.97600000 36.87000000 36.92400000 37.04800000 37.14000000 37.12200000 37.07400000 37.03100000 36.97200000 36.90400000 36.72800000 36.45700000 36.81700000 36.89900000 36.91100000 37.12100000 36.97000000 37.05900000 37.03000000 36.94400000 36.87000000 36.77700000 36.94200000 37.23800000 37.05300000 37.05200000 37.02800000 36.95600000 36.90400000 36.85600000
36.51000000 36.99900000 36.92300000 36.91800000 37.03500000 37.02900000 36.96700000 36.60900000 36.60800000 36.72100000 36.84000000 36.92800000 36.89600000 36.90400000 36.96800000 37.07600000 36.95300000 36.99700000 36.91600000 36.77100000 36.94700000 37.25500000 37.26500000 37.26500000 37.26700000 37.05200000 37.02600000 36.96500000 36.95200000 36.85700000
35.81200000 36.96700000 37.05000000 37.11600000 36.83900000 36.98400000 36.69100000 36.54000000 36.64300000 36.95200000 36.93100000 36.92000000 36.92900000 36.94300000 37.02000000 37.06200000 36.91000000 36.91100000 36.79300000 37.23800000 37.24500000 37.21100000 37.17500000 37.17400000 37.20500000 37.26100000 37.26600000 36.81500000 36.65400000 36.63700000
35.51600000 36.42100000 36.82500000 36.98800000 37.22500000 37.04400000 36.87200000 36.82500000 36.82700000 36.82300000 36.83100000 36.84900000 36.87200000 36.93100000 37.04400000 37.11300000 36.79300000 36.94600000 37.19800000 37.22300000 37.18900000 37.09400000 37.01100000 37.05500000 37.16000000 37.22200000 37.31300000 37.26700000 36.66200000 36.61600000
35.52600000 36.23900000 36.63700000 36.71500000 37.02000000 37.29700000 36.95100000 36.91800000 36.93600000 36.92800000 37.03500000 37.01100000 36.99500000 37.02000000 37.03900000 37.13800000 36.90900000 37.14900000 37.21300000 37.21100000 37.12000000 37.01200000 36.97500000 37.08000000 37.16900000 37.24900000 37.40300000 37.36800000 37.26100000 36.66900000
35.64700000 36.16300000 36.58500000 36.38700000 36.55400000 37.09400000 37.35600000 37.18900000 36.91600000 36.91400000 36.96000000 36.97500000 37.01900000 37.04200000 37.03200000 37.10500000 37.11300000 37.12600000 37.16800000 37.18800000 37.16800000 37.14300000 37.16100000 37.18900000 37.36400000 37.45400000 37.47200000 37.44900000 37.28100000 37.29000000
35.35400000 35.36100000 35.71500000 36.16500000 36.61100000 36.34200000 36.79800000 37.30700000 37.37100000 37.38800000 36.98200000 36.94600000 36.96300000 37.07400000 37.07200000 37.16800000 37.22400000 37.20200000 37.20900000 37.24700000 37.20100000 37.18200000 37.38500000 37.36700000 37.37300000 37.39300000 37.44800000 37.46200000 37.28900000 37.26500000
35.18900000 35.57300000 35.53100000 35.90500000 36.18200000 36.23200000 36.18100000 37.13800000 37.30100000 37.41000000 37.37400000 37.02600000 36.97700000 36.94900000 36.99300000 37.13800000 37.23800000 37.21700000 37.03000000 37.33700000 37.37500000 37.31300000 37.33700000 37.41100000 37.43300000 37.43000000 37.46400000 37.34400000 37.28000000 37.23800000
34.80800000 35.19600000 35.54800000 35.46800000 35.66200000 36.03300000 35.87300000 36.24100000 37.10200000 37.11700000 37.21600000 37.35500000 37.08900000 37.00800000 36.98800000 37.02500000 37.05400000 37.33400000 37.35700000 37.38600000 37.31900000 37.28600000 37.40400000 37.29100000 37.35100000 37.36400000 37.32400000 37.28100000 37.27900000 37.20100000
37.59700000 37.59700000 37.59700000 35.20600000 35.35100000 35.64300000 35.68500000 35.69000000 36.22200000 37.15500000 36.89300000 37.03000000 37.11000000 37.22500000 37.29200000 37.29800000 37.31900000 37.24300000 37.27600000 37.36700000 37.22500000 37.34900000 37.26800000 37.27400000 37.34700000 37.33800000 37.29400000 37.32500000 37.22800000 37.17000000
37.59700000 37.59700000 37.59700000 37.59700000 35.20800000 35.38500000 35.45800000 35.54900000 35.59900000 36.38100000 36.94800000 36.59800000 36.38800000 36.69600000 36.56700000 36.38500000 37.04800000 37.13900000 37.28100000 37.36400000 37.20000000 37.27700000 37.25100000 37.23400000 37.32700000 37.39000000 37.36200000 37.34200000 37.28500000 37.20700000
37.59700000 37.59700000 37.59700000 37.59700000 37.59700000 37.59700000 35.36700000 35.47800000 35.58200000 35.66200000 36.07300000 36.16100000 36.20100000 36.18300000 36.21700000 36.28000000 36.37900000 37.01900000 37.18000000 37.40800000 37.37600000 37.20900000 37.21700000 37.19300000 37.29500000 37.38100000 37.46300000 37.33900000 37.39200000 37.22200000
37.59700000 37.59700000 37.59700000 37.59700000 37.59700000 37.59700000 37.59700000 37.59700000 37.59700000 37.59700000 37.59700000 37.59700000 35.85300000 36.15300000 36.18100000 36.04100000 36.18600000 36.95900000 36.96400000 37.33200000 37.42900000 37.42100000 37.37700000 37.38300000 37.34500000 37.38300000 37.41700000 37.48700000 37.33600000 37.37100000
37.59700000 37.59700000 37.59700000 37.59700000 37.59700000 37.59700000 37.59700000 37.59700000 37.59700000 37.59700000 37.59700000 37.59700000 37.59700000 37.59700000 37.59700000 36.00000000 36.20400000 36.76200000 36.94400000 37.01000000 37.32300000 37.43200000 37.41000000 37.39800000 37.33000000 37.36100000 37.42200000 37.48700000 37.52400000 37.54500000
37.59700000 37.59700000 37.59700000 37.59700000 37.59700000 37.59700000 37.59700000 37.59700000 37.59700000 37.59700000 37.59700000 37.59700000 37.59700000 37.59700000 37.59700000 37.59700000 35.95200000 36.18700000 36.78900000 36.99600000 36.96900000 37.35200000 37.42300000 37.38800000 37.31600000 37.36700000 37.39100000 37.37000000 37.46000000 37.56100000
37.59700000 37.59700000 37.59700000 37.59700000 37.59700000 37.59700000 37.59700000 37.59700000 37.59700000 37.59700000 37.59700000 37.59700000 37.59700000 37.59700000 37.59700000 37.59700000 37.59700000 37.59700000 36.19900000 36.95000000 36.75200000 37.34500000 37.43100000 37.37300000 37.33600000 37.35300000 37.38900000 37.34100000 37.35400000 37.47500000
37.59700000 37.59700000 37.59700000 37.59700000 37.59700000 37.59700000 37.59700000 37.59700000 37.59700000 37.59700000 37.59700000 37.59700000 37.59700000 37.59700000 37.59700000 37.59700000 37.59700000 37.59700000 37.59700000 36.89800000 36.75900000 37.35300000 37.42800000 37.32300000 37.39000000 37.39700000 37.35900000 37.35900000 37.34000000 37.39300000
37.59700000 37.59700000 37.59700000 37.59700000 37.59700000 37.59700000 37.59700000 37.59700000 37.59700000 37.59700000 37.59700000 37.59700000 37.59700000 37.59700000 37.59700000 37.59700000 37.59700000 37.59700000 37.59700000 36.96100000 36.97300000 37.35600000 37.38500000 37.33900000 37.42000000 37.40300000 37.43300000 37.35800000 37.35100000 37.39900000
37.59700000 37.59700000 37.59700000 37.59700000 37.59700000 37.59700000 37.59700000 37.59700000 37.59700000 37.59700000 37.59700000 37.59700000 37.59700000 37.59700000 37.59700000 37.59700000 37.59700000 37.59700000 37.59700000 36.90100000 36.83200000 37.37900000 37.31800000 37.39300000 37.39000000 37.40100000 37.41300000 37.41400000 37.37300000 37.34900000
37.59700000 37.59700000 37.59700000 37.59700000 37.59700000 37.59700000 37.59700000 37.59700000 37.59700000 37.59700000 37.59700000 37.59700000 37.59700000 37.59700000 37.59700000 37.59700000 37.59700000 37.59700000 37.59700000 36.47700000 36.73400000 37.32100000 37.37800000 37.41400000 37.39200000 37.38700000 37.37400000 37.33600000 37.33400000 37.37900000
37.59700000 37.59700000 37.59700000 37.59700000 37.59700000 37.59700000 37.59700000 37.59700000 37.59700000 37.59700000 37.59700000 37.59700000 37.59700000 37.59700000 37.59700000 37.59700000 37.59700000 37.59700000 37.59700000 37.59700000 36.66800000 37.09800000 37.35900000 37.37100000 37.38400000 37.35300000 37.32200000 37.30800000 37.28200000 37.33300000
37.59700000 37.59700000 37.59700000 37.59700000 37.59700000 37.59700000 37.59700000 37.59700000 37.59700000 37.59700000 37.59700000 37.59700000 37.59700000 37.59700000 37.59700000 37.59700000 37.59700000 37.59700000 37.59700000 37.59700000 37.59700000 36.73600000 37.29000000 37.35400000 37.35900000 37.33800000 37.32600000 37.29400000 37.25100000 37.28900000
37.59700000 37.59700000 37.59700000 37.59700000 37.59700000 37.59700000 37.59700000 37.59700000 37.59700000 37.59700000 37.59700000 37.59700000 37.59700000 37.59700000 37.59700000 37.59700000 37.59700000 37.59700000 37.59700000 37.59700000 37.59700000 36.53500000 37.18100000 37.31200000 37.33100000 37.31400000 37.27900000 37.23500000 37.29400000 37.32200000
37.59700000 37.59700000 37.59700000 37.59700000 37.59700000 37.59700000 37.59700000 37.59700000 37.59700000 37.59700000 37.59700000 37.59700000 37.59700000 37.59700000 37.59700000 37.59700000 37.59700000 37.59700000 37.59700000 37.59700000 37.59700000 37.59700000 36.89700000 37.11800000 37.21600000 37.18200000 37.21800000 37.28700000 37.28600000 37.31300000
37.59700000 37.59700000 37.59700000 37.59700000 37.59700000 37.59700000 37.59700000 37.59700000 37.59700000 37.59700000 37.59700000 37.59700000 37.59700000 37.59700000 37.59700000 37.59700000 37.59700000 37.59700000 37.59700000 37.59700000 37.59700000 37.59700000 37.59700000 36.75300000 37.18700000 37.22800000 37.23600000 37.24800000 37.25900000 37.29300000
36.99200000 36.98300000 36.92900000 36.92900000 37.14200000 37.22700000 37.24100000 37.24100000 37.19600000 37.18400000 37.11700000 36.99800000 36.87700000 36.68000000 36.75400000 36.87600000 37.01400000 37.00000000 37.06800000 37.04900000 37.00300000 36.98100000 36.84300000 36.55500000 36.54900000 36.29000000 36.56100000 36.55000000 36.52800000 36.54100000
37.00000000 36.85500000 36.95000000 37.15100000 37.18900000 37.18000000 37.18800000 37.18200000 37.15400000 37.08200000 36.98300000 36.87000000 36.50200000 36.83700000 36.85400000 37.03500000 37.02200000 37.08300000 37.05600000 37.03100000 36.98600000 36.90100000 36.79000000 36.65800000 36.58600000 37.06600000 37.07600000 37.07000000 37.04900000 37.03600000
36.97600000 36.86900000 36.92300000 37.04700000 37.13900000 37.12100000 37.07300000 37.03100000 36.97200000 36.90300000 36.72900000 36.45600000 36.81600000 36.89800000 36.91000000 37.12100000 36.97000000 37.05800000 37.02900000 36.94400000 36.86900000 36.77600000 36.94000000 37.23800000 37.05200000 37.05200000 37.02800000 36.95600000 36.90400000 36.85400000
36.63200000 36.99800000 36.92200000 36.91900000 37.03500000 37.02800000 36.96600000 36.61600000 36.60700000 36.72000000 36.83900000 36.92700000 36.89500000 36.90400000 36.96700000 37.07500000 36.95200000 36.99600000 36.91500000 36.77100000 36.94600000 37.25400000 37.26500000 37.26400000 37.26700000 37.05100000 37.02600000 36.96500000 36.95100000 36.85700000
36.18000000 36.96600000 37.04900000 37.11400000 36.83800000 36.95400000 36.69100000 36.53900000 36.64200000 36.95100000 36.93000000 36.91900000 36.92800000 36.94200000 37.01900000 37.06100000 36.90900000 36.91000000 36.79200000 37.23600000 37.24400000 37.21000000 37.17400000 37.17300000 37.20400000 37.26000000 37.26600000 36.81500000 36.65400000 36.63700000
35.67900000 36.72400000 36.82800000 36.98800000 37.22400000 37.04300000 36.87100000 36.82400000 36.82600000 36.82300000 36.83100000 36.84900000 36.87100000 36.93000000 37.04300000 37.11300000 36.79200000 36.94500000 37.19700000 37.22200000 37.18800000 37.09300000 37.01000000 37.05400000 37.15900000 37.22100000 37.31200000 37.26600000 36.66200000 36.61600000
35.64100000 36.23800000 36.63700000 36.71500000 37.01900000 37.29500000 36.95000000 36.91700000 36.93500000 36.92700000 37.03400000 37.01000000 36.99500000 37.01900000 37.03800000 37.13700000 36.90800000 37.14800000 37.21200000 37.21000000 37.11900000 37.01100000 36.97400000 37.07800000 37.16800000 37.24800000 37.40200000 37.36700000 37.26000000 36.68300000
35.68600000 36.16300000 36.59200000 36.39200000 36.55500000 37.09400000 37.35500000 37.18800000 36.91500000 36.91400000 36.96000000 36.97400000 37.01800000 37.04100000 37.03100000 37.10400000 37.11300000 37.12500000 37.16800000 37.18700000 37.16700000 37.14200000 37.16000000 37.18800000 37.36200000 37.45300000 37.47100000 37.44800000 37.28000000 37.29100000
35.93400000 35.52500000 35.92200000 36.18400000 36.61100000 36.34300000 36.80900000 37.30600000 37.37000000 37.38600000 36.98200000 36.94500000 36.96200000 37.07300000 37.07200000 37.16700000 37.22400000 37.20100000 37.20800000 37.24600000 37.20300000 37.18000000 37.38400000 37.36600000 37.37200000 37.39200000 37.44700000 37.46100000 37.28800000 37.26500000
36.07900000 36.12000000 35.95600000 36.16000000 36.23500000 36.24800000 36.21300000 37.13600000 37.30000000 37.40900000 37.37300000 37.02500000 36.97600000 36.94800000 36.99200000 37.13800000 37.23800000 37.21700000 37.03000000 37.33700000 37.37400000 37.31200000 37.33600000 37.41000000 37.43200000 37.42900000 37.46300000 37.34400000 37.27900000 37.23800000
35.69100000 37.59700000 35.85500000 35.81500000 36.29400000 36.18000000 35.99600000 36.30700000 37.10100000 37.11600000 37.21500000 37.35400000 37.08800000 37.00700000 36.98700000 37.02400000 37.05300000 37.33300000 37.35700000 37.38500000 37.31900000 37.28500000 37.40300000 37.29000000 37.35000000 37.36300000 37.32300000 37.28000000 37.27900000 37.20000000
37.59700000 37.59700000 37.59700000 37.59700000 35.76300000 36.19600000 36.43400000 35.77500000 36.32100000 37.15300000 36.89300000 37.02900000 37.10900000 37.22400000 37.29100000 37.29700000 37.32000000 37.24200000 37.27500000 37.36600000 37.22500000 37.34800000 37.26700000 37.27300000 37.34600000 37.33700000 37.29300000 37.32400000 37.22700000 37.16900000
37.59700000 37.59700000 37.59700000 37.59700000 37.59700000 35.76300000 35.78000000 36.05800000 35.98200000 36.40900000 36.95200000 36.59900000 36.45700000 36.74200000 36.57300000 36.39600000 37.04600000 37.13800000 37.28000000 37.36300000 37.20000000 37.27700000 37.25000000 37.23300000 37.32600000 37.38900000 37.36100000 37.34100000 37.28500000 37.20600000
37.59700000 37.59700000 37.59700000 37.59700000 37.59700000 37.59700000 37.59700000 35.75800000 35.77900000 35.85200000 36.37600000 36.23400000 36.35700000 36.10800000 36.41700000 36.30900000 36.39300000 37.01900000 37.17900000 37.40700000 37.37500000 37.21000000 37.21700000 37.19300000 37.29400000 37.38000000 37.46200000 37.33800000 37.39100000 37.22100000
37.59700000 37.59700000 37.59700000 37.59700000 37.59700000 37.59700000 37.59700000 37.59700000 37.59700000 37.59700000 37.59700000 37.59700000 37.59700000 37.59700000 37.59700000 36.22400000 36.17800000 36.96000000 36.94100000 37.33100000 37.42800000 37.42100000 37.37600000 37.38100000 37.34400000 37.38200000 37.41600000 37.48600000 37.33500000 37.37000000
37.59700000 37.59700000 37.59700000 37.59700000 37.59700000 37.59700000 37.59700000 37.59700000 37.59700000 37.59700000 37.59700000 37.59700000 37.59700000 37.59700000 37.59700000 37.59700000 36.24700000 36.75600000 36.92800000 37.00700000 37.32100000 37.43100000 37.40900000 37.39800000 37.33000000 37.36100000 37.42200000 37.48700000 37.52400000 37.54400000
37.59700000 37.59700000 37.59700000 37.59700000 37.59700000 37.59700000 37.59700000 37.59700000 37.59700000 37.59700000 37.59700000 37.59700000 37.59700000 37.59700000 37.59700000 37.59700000 37.59700000 36.30600000 36.81700000 36.94300000 36.94800000 37.35000000 37.42200000 37.38800000 37.31600000 37.36600000 37.39000000 37.37000000 37.45900000 37.56100000
37.59700000 37.59700000 37.59700000 37.59700000 37.59700000 37.59700000 37.59700000 37.59700000 37.59700000 37.59700000 37.59700000 37.59700000 37.59700000 37.59700000 37.59700000 37.59700000 37.59700000 37.59700000 37.59700000 36.88200000 36.68400000 37.34400000 37.43000000 37.37300000 37.33600000 37.35300000 37.38900000 37.34100000 37.35400000 37.47500000
37.59700000 37.59700000 37.59700000 37.59700000 37.59700000 37.59700000 37.59700000 37.59700000 37.59700000 37.59700000 37.59700000 37.59700000 37.59700000 37.59700000 37.59700000 37.59700000 37.59700000 37.59700000 37.59700000 37.59700000 36.75500000 37.35200000 37.42700000 37.32200000 37.38900000 37.39700000 37.35800000 37.35800000 37.34000000 37.39100000
37.59700000 37.59700000 37.59700000 37.59700000 37.59700000 37.59700000 37.59700000 37.59700000 37.59700000 37.59700000 37.59700000 37.59700000 37.59700000 37.59700000 37.59700000 37.59700000 37.59700000 37.59700000 37.59700000 37.59700000 36.88800000 37.35400000 37.38400000 37.33800000 37.41900000 37.40200000 37.43200000 37.35700000 37.35100000 37.39800000
37.59700000 37.59700000 37.59700000 37.59700000 37.59700000 37.59700000 37.59700000 37.59700000 37.59700000 37.59700000 37.59700000 37.59700000 37.59700000 37.59700000 37.59700000 37.59700000 37.59700000 37.59700000 37.59700000 37.59700000 36.53800000 37.37800000 37.31700000 37.39200000 37.38900000 37.40000000 37.41300000 37.41400000 37.37300000 37.34800000
37.59700000 37.59700000 37.59700000 37.59700000 37.59700000 37.59700000 37.59700000 37.59700000 37.59700000 37.59700000 37.59700000 37.59700000 37.59700000 37.59700000 37.59700000 37.59700000 37.59700000 37.59700000 37.59700000 37.59700000 36.53900000 37.31900000 37.37700000 37.41300000 37.39100000 37.38700000 37.37300000 37.33500000 37.33300000 37.37800000
37.59700000 37.59700000 37.59700000 37.59700000 37.59700000 37.59700000 37.59700000 37.59700000 37.59700000 37.59700000 37.59700000 37.59700000 37.59700000 37.59700000 37.59700000 37.59700000 37.59700000 37.59700000 37.59700000 37.59700000 37.59700000 37.07200000 37.35800000 37.37000000 37.38300000 37.35200000 37.32100000 37.30700000 37.28200000 37.33100000
37.59700000 37.59700000 37.59700000 37.59700000 37.59700000 37.59700000 37.59700000 37.59700000 37.59700000 37.59700000 37.59700000 37.59700000 37.59700000 37.59700000 37.59700000 37.59700000 37.59700000 37.59700000 37.59700000 37.59700000 37.59700000 36.71900000 37.28900000 37.35300000 37.35900000 37.33700000 37.32500000 37.29300000 37.25000000 37.28800000
37.59700000 37.59700000 37.59700000 37.59700000 37.59700000 37.59700000 37.59700000 37.59700000 37.59700000 37.59700000 37.59700000 37.59700000 37.59700000 37.59700000 37.59700000 37.59700000 37.59700000 37.59700000 37.59700000 37.59700000 37.59700000 37.59700000 37.17900000 37.31100000 37.33100000 37.31400000 37.27900000 37.23500000 37.29300000 37.32200000
37.59700000 37.59700000 37.59700000 37.59700000 37.59700000 37.59700000 37.59700000 37.59700000 37.59700000 37.59700000 37.59700000 37.59700000 37.59700000 37.59700000 37.59700000 37.59700000 37.59700000 37.59700000 37.59700000 37.59700000 37.59700000 37.59700000 36.89400000 37.11800000 37.21500000 37.18200000 37.21700000 37.28600000 37.26400000 37.31200000
37.59700000 37.59700000 37.59700000 37.59700000 37.59700000 37.59700000 37.59700000 37.59700000 37.59700000 37.59700000 37.59700000 37.59700000 37.59700000 37.59700000 37.59700000 37.59700000 37.59700000 37.59700000 37.59700000 37.59700000 37.59700000 37.59700000 37.59700000 36.75100000 37.18600000 37.22700000 37.23600000 37.24800000 37.25800000 37.29200000
