25.23000000 25.11500000 25.20900000 24.64200000 25.21700000 25.19300000 25.27100000 25.29400000 25.18900000 25.06800000 25.16000000 25.17200000 24.90500000 24.17800000 24.32500000 24.97500000 25.33300000 25.14300000 25.09400000 25.10000000 25.11200000 24.94200000 24.74800000 24.13100000 24.05000000 23.58400000 23.96100000 24.11100000 24.25800000 24.50300000
25.06400000 25.07800000 25.00300000 25.06900000 25.16600000 25.14800000 25.06600000 25.02900000 25.07400000 25.12600000 25.11500000 24.82200000 23.84700000 24.47500000 24.61400000 25.28500000 25.03800000 25.02300000 25.03900000 25.04500000 24.95500000 24.84800000 24.54700000 24.11600000 23.94700000 25.10500000 25.15000000 25.15100000 24.94200000 24.82800000
25.12700000 25.07500000 25.20000000 24.85900000 25.05900000 25.08600000 25.07300000 25.07300000 25.02400000 24.86500000 24.21200000 23.77300000 24.39500000 24.68500000 25.05600000 25.34300000 25.00200000 25.02500000 24.99800000 24.83000000 24.71600000 24.40200000 24.97600000 25.53500000 25.19400000 25.12200000 25.00500000 24.81900000 24.77300000 24.85700000
24.33100000 25.01500000 25.15000000 25.15400000 24.82500000 24.87100000 24.74900000 23.99800000 23.99100000 24.13100000 24.35000000 24.61200000 24.71700000 24.98700000 25.34000000 25.26600000 24.97100000 24.91200000 24.74100000 24.38500000 24.94800000 25.48500000 25.49900000 25.55000000 25.55100000 25.19500000 25.08700000 25.01100000 25.04500000 25.09700000
23.76700000 24.65500000 25.01800000 25.32800000 25.12800000 25.07200000 24.13500000 23.86700000 23.99900000 24.69900000 24.84000000 24.92100000 25.09100000 25.31000000 25.51900000 25.26200000 24.87200000 24.74700000 24.58300000 25.49500000 25.38100000 25.33100000 25.18800000 25.20400000 25.42900000 25.74600000 25.50300000 24.89100000 24.81500000 24.99500000
23.53900000 23.93500000 24.34600000 24.82600000 25.55300000 25.43700000 25.21500000 25.16700000 25.17500000 25.17900000 25.19800000 25.20500000 25.22300000 25.33000000 25.57100000 25.35000000 24.60900000 24.92700000 25.41000000 25.30900000 25.20400000 24.95500000 24.81500000 24.92000000 25.13800000 25.61300000 26.00100000 25.58800000 24.74700000 24.97900000
23.46900000 24.04300000 24.10000000 24.18200000 24.90500000 25.84300000 25.38900000 25.35500000 25.40600000 25.37800000 25.51000000 25.48600000 25.39900000 25.41100000 25.53800000 25.44900000 24.82200000 25.35500000 25.34100000 25.29900000 25.01800000 24.78400000 24.66700000 24.97700000 25.28300000 25.88200000 26.31600000 26.07900000 25.69000000 25.05200000
23.06900000 23.53400000 24.03400000 23.60200000 24.09400000 25.00400000 25.89500000 25.77200000 25.38100000 25.40800000 25.50000000 25.48200000 25.48500000 25.49300000 25.50600000 25.46900000 25.24500000 25.26400000 25.37100000 25.23300000 25.20700000 25.14700000 25.17200000 25.56900000 26.15100000 26.32500000 26.44000000 26.33900000 25.66100000 25.73900000
22.48100000 23.04300000 23.26700000 23.17600000 23.80800000 23.86700000 24.28700000 25.78000000 26.09000000 26.16400000 25.43000000 25.41900000 25.45600000 25.60500000 25.61300000 25.54000000 25.53600000 25.46900000 25.50800000 25.61800000 25.64600000 25.85000000 26.08200000 25.98400000 25.99900000 26.04200000 26.25800000 26.32200000 25.75500000 25.91300000
22.78500000 22.24700000 22.56700000 23.02000000 23.17900000 23.46700000 23.71300000 25.11100000 25.75600000 26.21600000 26.21000000 25.49300000 25.38000000 25.51400000 25.46900000 25.52800000 25.65400000 25.63400000 25.52800000 26.16900000 26.40500000 26.00800000 25.93000000 26.15100000 26.25400000 26.17500000 26.31100000 26.01300000 25.72600000 25.91500000
23.50300000 22.25600000 21.03900000 22.83900000 22.81000000 23.10300000 23.14500000 23.63100000 24.93100000 25.09300000 25.52000000 26.04600000 25.63500000 25.42300000 25.44600000 25.44300000 25.47700000 26.10200000 26.28200000 26.45600000 26.09100000 25.81100000 26.17400000 26.05600000 26.11200000 26.09300000 25.84100000 25.73300000 25.93500000 25.97900000
27.83300000 27.83300000 27.83300000 23.49900000 23.07700000 22.88700000 22.86600000 22.94800000 23.50100000 24.98200000 24.43200000 24.79500000 25.15500000 25.65300000 25.89800000 25.94600000 26.01700000 25.82400000 26.11500000 26.46600000 25.72100000 26.06000000 25.96300000 26.17100000 26.34300000 26.11900000 25.83700000 25.99400000 25.93200000 25.98800000
27.83300000 27.83300000 27.83300000 27.83300000 23.44600000 23.29400000 23.22900000 22.83900000 22.97700000 23.48500000 24.44700000 23.84800000 23.56600000 24.04900000 23.98800000 24.21300000 25.04300000 25.35200000 26.20800000 26.44200000 25.74400000 25.91500000 26.04200000 25.98000000 26.13800000 26.52300000 26.23400000 26.08500000 25.99600000 26.07400000
27.83300000 27.83300000 27.83300000 27.83300000 27.83300000 27.83300000 23.88700000 23.09400000 22.89300000 22.88200000 23.05500000 22.74900000 22.97700000 23.02300000 23.48500000 23.78900000 24.39500000 24.89900000 25.94400000 26.43000000 26.47600000 25.83500000 25.96000000 25.93200000 26.08200000 26.58300000 26.63400000 26.09300000 26.21400000 26.01400000
27.83300000 27.83300000 27.83300000 27.83300000 27.83300000 27.83300000 27.83300000 27.83300000 27.83300000 27.83300000 27.83300000 27.83300000 22.90500000 22.64200000 22.05100000 23.48400000 24.41100000 24.90500000 24.78900000 26.40400000 26.47200000 26.49800000 26.50200000 26.51800000 26.26600000 26.70100000 26.63200000 26.66600000 26.11000000 26.08700000
27.83300000 27.83300000 27.83300000 27.83300000 27.83300000 27.83300000 27.83300000 27.83300000 27.83300000 27.83300000 27.83300000 27.83300000 27.83300000 27.83300000 27.83300000 23.44700000 24.12500000 24.70900000 24.42300000 24.94400000 26.45000000 26.50800000 26.60500000 26.48900000 26.60500000 26.78500000 26.64400000 26.69000000 26.72400000 26.74000000
27.83300000 27.83300000 27.83300000 27.83300000 27.83300000 27.83300000 27.83300000 27.83300000 27.83300000 27.83300000 27.83300000 27.83300000 27.83300000 27.83300000 27.83300000 27.83300000 23.62300000 22.83900000 24.65500000 24.95500000 25.43500000 26.46000000 26.59300000 26.39300000 26.75200000 26.85400000 26.77200000 26.71400000 26.77300000 26.90000000
27.83300000 27.83300000 27.83300000 27.83300000 27.83300000 27.83300000 27.83300000 27.83300000 27.83300000 27.83300000 27.83300000 27.83300000 27.83300000 27.83300000 27.83300000 27.83300000 27.83300000 27.83300000 24.28700000 24.89600000 24.07100000 26.56800000 26.48300000 26.50600000 26.79000000 26.81000000 26.86200000 26.75000000 26.80600000 26.89800000
27.83300000 27.83300000 27.83300000 27.83300000 27.83300000 27.83300000 27.83300000 27.83300000 27.83300000 27.83300000 27.83300000 27.83300000 27.83300000 27.83300000 27.83300000 27.83300000 27.83300000 27.83300000 27.83300000 25.30700000 24.54000000 26.62500000 26.47300000 26.64700000 26.87500000 26.83200000 26.78700000 26.81200000 26.83500000 26.94300000
27.83300000 27.83300000 27.83300000 27.83300000 27.83300000 27.83300000 27.83300000 27.83300000 27.83300000 27.83300000 27.83300000 27.83300000 27.83300000 27.83300000 27.83300000 27.83300000 27.83300000 27.83300000 27.83300000 25.22200000 25.08100000 26.69100000 26.52700000 26.76100000 26.92100000 26.80400000 26.93700000 26.82600000 26.88500000 27.00500000
27.83300000 27.83300000 27.83300000 27.83300000 27.83300000 27.83300000 27.83300000 27.83300000 27.83300000 27.83300000 27.83300000 27.83300000 27.83300000 27.83300000 27.83300000 27.83300000 27.83300000 27.83300000 27.83300000 25.13400000 24.82900000 26.76300000 26.60700000 26.89300000 26.78200000 26.79900000 26.91600000 26.94200000 26.98200000 26.97900000
27.83300000 27.83300000 27.83300000 27.83300000 27.83300000 27.83300000 27.83300000 27.83300000 27.83300000 27.83300000 27.83300000 27.83300000 27.83300000 27.83300000 27.83300000 27.83300000 27.83300000 27.83300000 27.83300000 24.79800000 24.46500000 26.58700000 26.83000000 26.93900000 26.73300000 26.87300000 26.86100000 26.80900000 26.90200000 27.14100000
27.83300000 27.83300000 27.83300000 27.83300000 27.83300000 27.83300000 27.83300000 27.83300000 27.83300000 27.83300000 27.83300000 27.83300000 27.83300000 27.83300000 27.83300000 27.83300000 27.83300000 27.83300000 27.83300000 27.83300000 25.09100000 25.92600000 26.72300000 26.80000000 26.74600000 26.83400000 26.74900000 26.55900000 26.56200000 27.05400000
27.83300000 27.83300000 27.83300000 27.83300000 27.83300000 27.83300000 27.83300000 27.83300000 27.83300000 27.83300000 27.83300000 27.83300000 27.83300000 27.83300000 27.83300000 27.83300000 27.83300000 27.83300000 27.83300000 27.83300000 27.83300000 25.06700000 26.54800000 26.70200000 26.72900000 26.75500000 26.66700000 26.48700000 26.38100000 26.99200000
27.83300000 27.83300000 27.83300000 27.83300000 27.83300000 27.83300000 27.83300000 27.83300000 27.83300000 27.83300000 27.83300000 27.83300000 27.83300000 27.83300000 27.83300000 27.83300000 27.83300000 27.83300000 27.83300000 27.83300000 27.83300000 24.90900000 26.24300000 26.62000000 26.64100000 26.55900000 26.49500000 26.43400000 26.79800000 27.13500000
27.83300000 27.83300000 27.83300000 27.83300000 27.83300000 27.83300000 27.83300000 27.83300000 27.83300000 27.83300000 27.83300000 27.83300000 27.83300000 27.83300000 27.83300000 27.83300000 27.83300000 27.83300000 27.83300000 27.83300000 27.83300000 27.83300000 25.82400000 26.15600000 26.35600000 26.28600000 26.50600000 26.65700000 26.97600000 27.21100000
27.83300000 27.83300000 27.83300000 27.83300000 27.83300000 27.83300000 27.83300000 27.83300000 27.83300000 27.83300000 27.83300000 27.83300000 27.83300000 27.83300000 27.83300000 27.83300000 27.83300000 27.83300000 27.83300000 27.83300000 27.83300000 27.83300000 27.83300000 25.80200000 26.33500000 26.53100000 26.48100000 26.64500000 26.73200000 27.18200000
25.24600000 25.11900000 25.22700000 24.65600000 25.23300000 25.20800000 25.27900000 25.31000000 25.19000000 25.12000000 25.18000000 25.18800000 24.92300000 24.19600000 24.34100000 24.98900000 25.34800000 25.18000000 25.12800000 25.11000000 25.12800000 24.99600000 24.80800000 24.13800000 24.06400000 23.60300000 23.97300000 24.12300000 24.26800000 24.50700000
25.06800000 25.09500000 25.02300000 25.08600000 25.18200000 25.16500000 25.08000000 25.04100000 25.08500000 25.13700000 25.13100000 24.84200000 23.85300000 24.48700000 24.62600000 25.30300000 25.05400000 25.04200000 25.05800000 25.06500000 24.97300000 24.86500000 24.56300000 24.13200000 23.96000000 25.12300000 25.16800000 25.16800000 24.96100000 24.84600000
25.14800000 25.09200000 25.21600000 24.87500000 25.07600000 25.10200000 25.08900000 25.08700000 25.03700000 24.88300000 24.22300000 23.78300000 24.40200000 24.69600000 25.06600000 25.36200000 25.01700000 25.03800000 25.01500000 24.84400000 24.73300000 24.41900000 24.99300000 25.55500000 25.20700000 25.14000000 25.02300000 24.83600000 24.79000000 24.87000000
24.44200000 25.02800000 25.16600000 25.17200000 24.84200000 24.88800000 24.76600000 24.02200000 24.00200000 24.14400000 24.36300000 24.62700000 24.72900000 25.00000000 25.35700000 25.28300000 24.98600000 24.92800000 24.75700000 24.39900000 24.96300000 25.50400000 25.51800000 25.56900000 25.57000000 25.21200000 25.10500000 25.02700000 25.06000000 25.11400000
24.14400000 24.66900000 25.03800000 25.34300000 25.14300000 24.96200000 24.15100000 23.87700000 24.01400000 24.70600000 24.85100000 24.93100000 25.10400000 25.32500000 25.53500000 25.28300000 24.88800000 24.76300000 24.59700000 25.51200000 25.39700000 25.34800000 25.20500000 25.22100000 25.44500000 25.76500000 25.52000000 24.90500000 24.82700000 25.01500000
23.61200000 24.21400000 24.36600000 24.84800000 25.56700000 25.45400000 25.23300000 25.18100000 25.19000000 25.19400000 25.21300000 25.22400000 25.24100000 25.34800000 25.58700000 25.36400000 24.62300000 24.94100000 25.42800000 25.32400000 25.22200000 24.97300000 24.83100000 24.93500000 25.15400000 25.62900000 26.01900000 25.60300000 24.76000000 24.99800000
23.45000000 24.07400000 24.11500000 24.19600000 24.92200000 25.86000000 25.40600000 25.37300000 25.42100000 25.39400000 25.52600000 25.50400000 25.41900000 25.42900000 25.55500000 25.46800000 24.83800000 25.36900000 25.35700000 25.31300000 25.03400000 24.80200000 24.68500000 24.99300000 25.29600000 25.89900000 26.33600000 26.10200000 25.70800000 25.08100000
22.97700000 23.55000000 24.05800000 23.62300000 24.11300000 25.01900000 25.91200000 25.79100000 25.39800000 25.42600000 25.51700000 25.50000000 25.50400000 25.51100000 25.52100000 25.48600000 25.26000000 25.28000000 25.38800000 25.24600000 25.22200000 25.16300000 25.19100000 25.58500000 26.16500000 26.34300000 26.46000000 26.35900000 25.67900000 25.76200000
21.26500000 23.06300000 23.40100000 23.20300000 23.82300000 23.88400000 24.31900000 25.79800000 26.11000000 26.18200000 25.44700000 25.43400000 25.47300000 25.62100000 25.62800000 25.55800000 25.55300000 25.48500000 25.52500000 25.63300000 25.66400000 25.86400000 26.10200000 26.00400000 26.01700000 26.05900000 26.27600000 26.34200000 25.77700000 25.93200000
20.14700000 20.63200000 18.20300000 21.93000000 23.22000000 23.49500000 23.76400000 25.12500000 25.77400000 26.23500000 26.23000000 25.50900000 25.39200000 25.53100000 25.48600000 25.54500000 25.67000000 25.64700000 25.54200000 26.18600000 26.42400000 26.02900000 25.94900000 26.17000000 26.27300000 26.19100000 26.32900000 26.03200000 25.74100000 25.93100000
20.15700000 27.83300000 18.09600000 17.73200000 21.30100000 23.08000000 23.26700000 23.73100000 24.94700000 25.11200000 25.54000000 26.06600000 25.65200000 25.43700000 25.46400000 25.46000000 25.49300000 26.11600000 26.29900000 26.47500000 26.11100000 25.82600000 26.18900000 26.06700000 26.13100000 26.11100000 25.85900000 25.75000000 25.95400000 25.99600000
27.83300000 27.83300000 27.83300000 27.83300000 19.26400000 20.78100000 21.69900000 22.48100000 23.62200000 25.00000000 24.44900000 24.81200000 25.17200000 25.67000000 25.91800000 25.96600000 26.04200000 25.84000000 26.12900000 26.48600000 25.74000000 26.07500000 25.97600000 26.19000000 26.36100000 26.13800000 25.85500000 26.01100000 25.94800000 26.00200000
27.83300000 27.83300000 27.83300000 27.83300000 27.83300000 18.12500000 20.11800000 19.94700000 20.83000000 23.51800000 24.47000000 23.86600000 23.72100000 24.14300000 24.00800000 24.25000000 25.06400000 25.36800000 26.22400000 26.45900000 25.76300000 25.93200000 26.05500000 25.99900000 26.15300000 26.54100000 26.25500000 26.10200000 26.01300000 26.09200000
27.83300000 27.83300000 27.83300000 27.83300000 27.83300000 27.83300000 27.83300000 18.58100000 18.08700000 19.05500000 22.27700000 22.76100000 21.96300000 21.73000000 22.67800000 23.82800000 24.42600000 24.92000000 25.95800000 26.44800000 26.49100000 25.84900000 25.97400000 25.94800000 26.09900000 26.60000000 26.65200000 26.11200000 26.23000000 26.02800000
27.83300000 27.83300000 27.83300000 27.83300000 27.83300000 27.83300000 27.83300000 27.83300000 27.83300000 27.83300000 27.83300000 27.83300000 27.83300000 27.83300000 27.83300000 20.36400000 24.38900000 24.93400000 24.71300000 26.42500000 26.49000000 26.51600000 26.51400000 26.53000000 26.27600000 26.71900000 26.65000000 26.68300000 26.12700000 26.10300000
27.83300000 27.83300000 27.83300000 27.83300000 27.83300000 27.83300000 27.83300000 27.83300000 27.83300000 27.83300000 27.83300000 27.83300000 27.83300000 27.83300000 27.83300000 27.83300000 23.56400000 24.72300000 24.40300000 24.94900000 26.46800000 26.52400000 26.62100000 26.50800000 26.61600000 26.80400000 26.66200000 26.70600000 26.73900000 26.76200000
27.83300000 27.83300000 27.83300000 27.83300000 27.83300000 27.83300000 27.83300000 27.83300000 27.83300000 27.83300000 27.83300000 27.83300000 27.83300000 27.83300000 27.83300000 27.83300000 27.83300000 20.59200000 24.53300000 24.49100000 25.40300000 26.48500000 26.61000000 26.41100000 26.76400000 26.87200000 26.79200000 26.73400000 26.78600000 26.91900000
27.83300000 27.83300000 27.83300000 27.83300000 27.83300000 27.83300000 27.83300000 27.83300000 27.83300000 27.83300000 27.83300000 27.83300000 27.83300000 27.83300000 27.83300000 27.83300000 27.83300000 27.83300000 27.83300000 24.58100000 23.79000000 26.59800000 26.49500000 26.51600000 26.80700000 26.82700000 26.88100000 26.76900000 26.82400000 26.91900000
27.83300000 27.83300000 27.83300000 27.83300000 27.83300000 27.83300000 27.83300000 27.83300000 27.83300000 27.83300000 27.83300000 27.83300000 27.83300000 27.83300000 27.83300000 27.83300000 27.83300000 27.83300000 27.83300000 27.83300000 24.56300000 26.65500000 26.48600000 26.66000000 26.89400000 26.85000000 26.80500000 26.82900000 26.85200000 26.95700000
27.83300000 27.83300000 27.83300000 27.83300000 27.83300000 27.83300000 27.83300000 27.83300000 27.83300000 27.83300000 27.83300000 27.83300000 27.83300000 27.83300000 27.83300000 27.83300000 27.83300000 27.83300000 27.83300000 27.83300000 24.68300000 26.71200000 26.54200000 26.77900000 26.94100000 26.82000000 26.95300000 26.84300000 26.90100000 27.01200000
27.83300000 27.83300000 27.83300000 27.83300000 27.83300000 27.83300000 27.83300000 27.83300000 27.83300000 27.83300000 27.83300000 27.83300000 27.83300000 27.83300000 27.83300000 27.83300000 27.83300000 27.83300000 27.83300000 27.83300000 22.01100000 26.77700000 26.62100000 26.91200000 26.80200000 26.81300000 26.93400000 26.96000000 26.99500000 26.99300000
27.83300000 27.83300000 27.83300000 27.83300000 27.83300000 27.83300000 27.83300000 27.83300000 27.83300000 27.83300000 27.83300000 27.83300000 27.83300000 27.83300000 27.83300000 27.83300000 27.83300000 27.83300000 27.83300000 27.83300000 23.05700000 26.60500000 26.84400000 26.95700000 26.75200000 26.89000000 26.87800000 26.82400000 26.91100000 27.15200000
27.83300000 27.83300000 27.83300000 27.83300000 27.83300000 27.83300000 27.83300000 27.83300000 27.83300000 27.83300000 27.83300000 27.83300000 27.83300000 27.83300000 27.83300000 27.83300000 27.83300000 27.83300000 27.83300000 27.83300000 27.83300000 25.91500000 26.73800000 26.81300000 26.76300000 26.85200000 26.76600000 26.57600000 26.57200000 27.06900000
27.83300000 27.83300000 27.83300000 27.83300000 27.83300000 27.83300000 27.83300000 27.83300000 27.83300000 27.83300000 27.83300000 27.83300000 27.83300000 27.83300000 27.83300000 27.83300000 27.83300000 27.83300000 27.83300000 27.83300000 27.83300000 25.02400000 26.56800000 26.71700000 26.74200000 26.77200000 26.68300000 26.50000000 26.39700000 27.00800000
27.83300000 27.83300000 27.83300000 27.83300000 27.83300000 27.83300000 27.83300000 27.83300000 27.83300000 27.83300000 27.83300000 27.83300000 27.83300000 27.83300000 27.83300000 27.83300000 27.83300000 27.83300000 27.83300000 27.83300000 27.83300000 27.83300000 26.26500000 26.63800000 26.65700000 26.57600000 26.51200000 26.44900000 26.81200000 27.15500000
27.83300000 27.83300000 27.83300000 27.83300000 27.83300000 27.83300000 27.83300000 27.83300000 27.83300000 27.83300000 27.83300000 27.83300000 27.83300000 27.83300000 27.83300000 27.83300000 27.83300000 27.83300000 27.83300000 27.83300000 27.83300000 27.83300000 25.85600000 26.17000000 26.36900000 26.30100000 26.52300000 26.67300000 26.94500000 27.23600000
27.83300000 27.83300000 27.83300000 27.83300000 27.83300000 27.83300000 27.83300000 27.83300000 27.83300000 27.83300000 27.83300000 27.83300000 27.83300000 27.83300000 27.83300000 27.83300000 27.83300000 27.83300000 27.83300000 27.83300000 27.83300000 27.83300000 27.83300000 25.83900000 26.35200000 26.54300000 26.49600000 26.66000000 26.78500000 27.20300000
