36.99400000 36.98300000 36.93200000 36.95300000 37.14800000 37.22400000 37.24100000 37.23900000 37.19500000 37.18300000 37.11200000 36.99400000 36.87500000 36.67100000 36.76500000 36.87900000 37.01800000 37.00400000 37.07000000 37.05000000 37.00300000 36.98000000 36.85200000 36.55200000 36.55000000 36.29200000 36.56400000 36.56200000 36.53600000 36.56800000
36.99700000 36.85400000 36.95600000 37.15100000 37.18900000 37.18000000 37.18800000 37.18400000 37.15400000 37.08100000 36.98000000 36.86600000 36.51100000 36.84600000 36.85900000 37.04800000 37.01600000 37.08600000 37.05500000 37.03000000 36.98300000 36.89900000 36.79100000 36.65600000 36.61700000 37.08100000 37.07700000 37.07500000 37.04000000 37.02600000
36.97000000 36.87300000 36.92600000 37.07900000 37.13700000 37.11300000 37.06900000 37.03200000 36.97600000 36.90000000 36.70800000 36.45700000 36.83000000 36.89800000 36.91700000 37.11700000 36.97300000 37.05900000 37.02700000 36.93700000 36.86700000 36.76500000 37.02000000 37.23200000 37.04400000 37.05600000 37.02000000 36.96000000 36.90400000 36.85500000
36.50300000 37.00000000 36.93500000 36.91900000 37.03800000 37.03000000 36.96600000 36.61400000 36.61600000 36.72200000 36.84200000 36.92900000 36.89600000 36.90700000 36.97200000 37.06700000 36.96000000 36.99600000 36.91300000 36.76100000 37.02100000 37.25100000 37.26500000 37.26300000 37.27100000 37.06200000 37.02000000 36.95300000 36.94000000 36.85400000
35.83900000 36.97800000 37.04700000 37.13100000 36.84400000 36.98000000 36.69700000 36.53900000 36.64300000 36.94900000 36.93200000 36.91900000 36.92900000 36.94300000 37.02300000 37.05000000 36.91700000 36.90700000 36.81600000 37.24100000 37.24600000 37.20400000 37.17100000 37.17200000 37.20300000 37.26100000 37.27000000 36.81200000 36.64300000 36.63800000
35.54300000 36.46300000 36.82400000 36.97200000 37.23800000 37.05300000 36.87900000 36.82500000 36.82500000 36.82300000 36.83100000 36.84900000 36.87200000 36.93000000 37.04500000 37.10000000 36.79100000 36.96700000 37.20300000 37.22800000 37.18300000 37.09100000 37.00900000 37.05500000 37.15900000 37.22100000 37.31500000 37.26900000 36.65900000 36.61900000
35.56600000 36.27800000 36.62900000 36.71300000 37.01800000 37.30100000 36.95000000 36.91900000 36.93800000 36.92900000 37.03500000 37.01200000 36.99700000 37.02100000 37.04000000 37.14700000 36.90000000 37.15500000 37.21400000 37.21000000 37.12100000 37.00900000 36.98200000 37.08700000 37.17300000 37.25700000 37.41000000 37.36900000 37.26000000 36.67800000
35.64200000 36.15900000 36.56900000 36.37000000 36.54600000 37.07900000 37.36000000 37.19900000 36.91900000 36.91300000 36.96100000 36.97500000 37.01900000 37.04000000 37.03100000 37.11600000 37.10000000 37.12700000 37.17200000 37.18900000 37.16900000 37.14600000 37.16300000 37.19200000 37.38100000 37.44800000 37.47000000 37.45000000 37.28100000 37.29800000
35.36400000 35.34700000 35.71600000 36.14400000 36.60500000 36.33300000 36.84400000 37.30900000 37.37400000 37.38600000 36.97600000 36.94800000 36.96900000 37.07600000 37.07300000 37.17400000 37.22100000 37.20000000 37.20800000 37.25100000 37.18700000 37.19900000 37.37100000 37.36400000 37.36900000 37.39000000 37.44600000 37.46300000 37.28900000 37.26700000
35.17400000 35.57200000 35.57300000 35.88300000 36.14900000 36.22700000 36.22600000 37.17800000 37.30900000 37.40800000 37.36300000 37.01100000 36.97500000 36.94800000 37.00100000 37.15400000 37.24300000 37.22200000 37.03200000 37.33600000 37.37900000 37.31900000 37.34000000 37.41300000 37.43400000 37.43200000 37.46400000 37.34400000 37.28000000 37.23800000
34.82700000 35.23900000 35.59200000 35.51000000 35.64100000 36.01900000 35.84900000 36.29900000 37.12700000 37.11500000 37.19500000 37.36000000 37.06000000 37.00600000 36.98700000 37.02800000 37.05900000 37.33100000 37.35300000 37.38400000 37.31800000 37.28400000 37.40100000 37.29400000 37.35000000 37.36000000 37.32400000 37.28100000 37.27700000 37.20000000
37.59700000 37.59700000 37.59700000 35.22600000 35.33300000 35.65600000 35.68700000 35.67700000 36.30100000 37.15800000 36.85500000 37.01400000 37.07000000 37.22300000 37.29900000 37.30300000 37.31700000 37.23900000 37.27000000 37.36700000 37.22400000 37.34800000 37.26800000 37.27600000 37.35000000 37.33900000 37.29100000 37.33000000 37.22700000 37.16800000
37.59700000 37.59700000 37.59700000 37.59700000 35.21900000 35.43300000 35.48300000 35.55400000 35.63900000 36.39400000 36.92400000 36.54200000 36.36900000 36.72000000 36.52400000 36.40100000 37.11600000 37.12800000 37.28600000 37.36500000 37.20000000 37.27500000 37.25100000 37.23400000 37.32700000 37.39200000 37.35900000 37.33800000 37.27600000 37.20500000
37.59700000 37.59700000 37.59700000 37.59700000 37.59700000 37.59700000 35.38800000 35.49900000 35.61200000 35.71300000 36.07900000 36.16600000 36.19200000 36.21900000 36.20800000 36.25100000 36.40200000 36.98200000 37.16300000 37.41300000 37.37600000 37.20800000 37.21700000 37.19400000 37.29700000 37.38300000 37.46400000 37.33300000 37.39400000 37.22200000
37.59700000 37.59700000 37.59700000 37.59700000 37.59700000 37.59700000 37.59700000 37.59700000 37.59700000 37.59700000 37.59700000 37.59700000 35.88200000 36.16700000 36.17400000 36.04700000 36.22300000 36.96300000 36.97500000 37.33100000 37.42900000 37.42200000 37.37500000 37.38200000 37.34700000 37.38300000 37.41900000 37.48800000 37.33200000 37.37700000
37.59700000 37.59700000 37.59700000 37.59700000 37.59700000 37.59700000 37.59700000 37.59700000 37.59700000 37.59700000 37.59700000 37.59700000 37.59700000 37.59700000 37.59700000 36.00200000 36.23700000 36.78500000 36.97800000 36.98500000 37.33500000 37.43000000 37.41000000 37.39400000 37.32600000 37.36300000 37.42300000 37.48800000 37.52400000 37.54000000
37.59700000 37.59700000 37.59700000 37.59700000 37.59700000 37.59700000 37.59700000 37.59700000 37.59700000 37.59700000 37.59700000 37.59700000 37.59700000 37.59700000 37.59700000 37.59700000 35.95300000 36.18700000 36.73900000 37.00700000 37.04800000 37.35700000 37.42100000 37.38600000 37.31800000 37.36700000 37.39000000 37.37800000 37.45400000 37.56100000
37.59700000 37.59700000 37.59700000 37.59700000 37.59700000 37.59700000 37.59700000 37.59700000 37.59700000 37.59700000 37.59700000 37.59700000 37.59700000 37.59700000 37.59700000 37.59700000 37.59700000 37.59700000 36.19100000 36.98200000 36.74100000 37.34800000 37.43000000 37.36700000 37.33600000 37.35200000 37.38900000 37.33800000 37.35500000 37.47600000
37.59700000 37.59700000 37.59700000 37.59700000 37.59700000 37.59700000 37.59700000 37.59700000 37.59700000 37.59700000 37.59700000 37.59700000 37.59700000 37.59700000 37.59700000 37.59700000 37.59700000 37.59700000 37.59700000 36.90000000 36.75900000 37.35600000 37.42500000 37.32100000 37.39500000 37.39500000 37.36000000 37.35500000 37.34100000 37.39200000
37.59700000 37.59700000 37.59700000 37.59700000 37.59700000 37.59700000 37.59700000 37.59700000 37.59700000 37.59700000 37.59700000 37.59700000 37.59700000 37.59700000 37.59700000 37.59700000 37.59700000 37.59700000 37.59700000 36.95800000 36.92300000 37.36300000 37.38100000 37.34400000 37.41600000 37.40500000 37.43300000 37.35900000 37.35000000 37.39700000
37.59700000 37.59700000 37.59700000 37.59700000 37.59700000 37.59700000 37.59700000 37.59700000 37.59700000 37.59700000 37.59700000 37.59700000 37.59700000 37.59700000 37.59700000 37.59700000 37.59700000 37.59700000 37.59700000 36.89100000 36.78700000 37.37900000 37.31500000 37.39900000 37.39100000 37.40200000 37.41500000 37.41300000 37.37500000 37.34700000
37.59700000 37.59700000 37.59700000 37.59700000 37.59700000 37.59700000 37.59700000 37.59700000 37.59700000 37.59700000 37.59700000 37.59700000 37.59700000 37.59700000 37.59700000 37.59700000 37.59700000 37.59700000 37.59700000 36.48600000 36.73500000 37.32300000 37.38400000 37.41400000 37.39300000 37.38900000 37.37600000 37.33400000 37.33400000 37.37900000
37.59700000 37.59700000 37.59700000 37.59700000 37.59700000 37.59700000 37.59700000 37.59700000 37.59700000 37.59700000 37.59700000 37.59700000 37.59700000 37.59700000 37.59700000 37.59700000 37.59700000 37.59700000 37.59700000 37.59700000 36.67600000 37.08400000 37.35800000 37.37200000 37.38500000 37.35400000 37.32300000 37.30800000 37.28000000 37.33000000
37.59700000 37.59700000 37.59700000 37.59700000 37.59700000 37.59700000 37.59700000 37.59700000 37.59700000 37.59700000 37.59700000 37.59700000 37.59700000 37.59700000 37.59700000 37.59700000 37.59700000 37.59700000 37.59700000 37.59700000 37.59700000 36.73300000 37.28700000 37.35400000 37.36000000 37.33900000 37.32700000 37.29400000 37.24700000 37.29400000
37.59700000 37.59700000 37.59700000 37.59700000 37.59700000 37.59700000 37.59700000 37.59700000 37.59700000 37.59700000 37.59700000 37.59700000 37.59700000 37.59700000 37.59700000 37.59700000 37.59700000 37.59700000 37.59700000 37.59700000 37.59700000 36.53200000 37.17000000 37.31100000 37.33000000 37.31500000 37.28500000 37.23600000 37.29300000 37.32500000
37.59700000 37.59700000 37.59700000 37.59700000 37.59700000 37.59700000 37.59700000 37.59700000 37.59700000 37.59700000 37.59700000 37.59700000 37.59700000 37.59700000 37.59700000 37.59700000 37.59700000 37.59700000 37.59700000 37.59700000 37.59700000 37.59700000 36.87400000 37.11700000 37.22200000 37.18300000 37.21900000 37.28600000 37.28400000 37.31300000
37.59700000 37.59700000 37.59700000 37.59700000 37.59700000 37.59700000 37.59700000 37.59700000 37.59700000 37.59700000 37.59700000 37.59700000 37.59700000 37.59700000 37.59700000 37.59700000 37.59700000 37.59700000 37.59700000 37.59700000 37.59700000 37.59700000 37.59700000 36.72800000 37.19200000 37.22800000 37.23800000 37.24800000 37.25100000 37.29200000
36.99200000 36.98300000 36.93100000 36.95100000 37.14600000 37.22300000 37.24000000 37.23800000 37.19500000 37.18200000 37.11600000 36.99600000 36.87700000 36.67500000 36.76400000 36.87700000 37.01600000 37.00300000 37.06900000 37.04800000 37.00200000 36.98000000 36.84200000 36.54900000 36.54900000 36.29100000 36.56400000 36.56100000 36.53500000 36.56200000
36.99700000 36.85300000 36.95500000 37.15000000 37.18800000 37.17900000 37.18800000 37.18300000 37.15300000 37.08100000 36.97900000 36.86500000 36.51100000 36.84500000 36.85800000 37.04700000 37.01500000 37.08400000 37.05400000 37.03000000 36.98200000 36.89900000 36.79000000 36.65600000 36.61600000 37.08000000 37.07700000 37.07400000 37.04000000 37.02500000
36.97000000 36.87200000 36.92600000 37.07800000 37.13600000 37.11200000 37.06900000 37.03100000 36.97600000 36.89900000 36.70800000 36.45700000 36.82900000 36.89700000 36.91600000 37.11600000 36.97200000 37.05800000 37.02600000 36.93700000 36.86600000 36.76500000 37.01800000 37.23100000 37.04300000 37.05500000 37.02000000 36.95900000 36.90300000 36.85500000
36.62500000 36.99900000 36.93300000 36.92000000 37.03800000 37.03000000 36.96500000 36.61900000 36.61400000 36.72100000 36.84100000 36.92800000 36.89500000 36.90600000 36.97100000 37.06700000 36.95900000 36.99500000 36.91200000 36.76000000 37.01700000 37.25000000 37.26500000 37.26200000 37.27100000 37.06100000 37.01900000 36.95300000 36.94000000 36.85300000
36.25200000 36.97700000 37.04600000 37.13000000 36.84300000 36.94900000 36.69700000 36.53800000 36.64100000 36.94800000 36.93200000 36.91800000 36.92800000 36.94200000 37.02200000 37.05000000 36.91700000 36.90700000 36.81500000 37.23800000 37.24500000 37.20400000 37.17000000 37.17200000 37.20200000 37.26000000 37.27000000 36.81200000 36.64300000 36.63700000
35.70900000 36.73700000 36.82400000 36.97100000 37.23700000 37.05200000 36.87800000 36.82500000 36.82400000 36.82200000 36.83100000 36.84800000 36.87100000 36.92900000 37.04400000 37.10000000 36.79000000 36.96500000 37.20200000 37.22700000 37.18200000 37.09000000 37.00800000 37.05400000 37.15900000 37.22000000 37.31500000 37.26900000 36.65900000 36.61800000
35.64400000 36.28200000 36.62900000 36.71200000 37.01700000 37.30000000 36.94900000 36.91800000 36.93700000 36.92800000 37.03400000 37.01100000 36.99600000 37.02000000 37.03900000 37.14600000 36.89900000 37.15300000 37.21300000 37.20900000 37.12000000 37.00900000 36.98100000 37.08600000 37.17200000 37.25600000 37.41000000 37.36800000 37.26000000 36.69000000
35.68800000 36.15900000 36.57000000 36.37100000 36.54700000 37.07900000 37.35800000 37.19800000 36.91800000 36.91200000 36.96000000 36.97400000 37.01800000 37.03900000 37.03000000 37.11500000 37.10000000 37.12600000 37.17100000 37.18800000 37.16800000 37.14500000 37.16200000 37.19200000 37.37900000 37.44700000 37.46900000 37.45000000 37.28000000 37.29900000
35.93100000 35.57100000 35.91600000 36.15700000 36.60400000 36.33400000 36.84500000 37.30700000 37.37300000 37.38500000 36.97500000 36.94700000 36.96800000 37.07600000 37.07200000 37.17300000 37.22100000 37.19900000 37.20700000 37.25000000 37.18900000 37.19800000 37.37000000 37.36300000 37.36800000 37.38900000 37.44600000 37.46200000 37.28900000 37.26700000
36.06400000 36.09100000 35.93200000 36.19900000 36.20700000 36.23500000 36.24700000 37.17700000 37.30800000 37.40700000 37.36200000 37.01000000 36.97500000 36.94800000 37.00000000 37.15400000 37.24300000 37.22100000 37.03300000 37.33600000 37.37800000 37.31800000 37.33900000 37.41200000 37.43300000 37.43100000 37.46300000 37.34300000 37.27900000 37.23800000
35.69800000 37.59700000 35.85300000 35.81300000 36.28700000 36.23200000 35.91900000 36.36700000 37.12500000 37.11400000 37.19400000 37.35900000 37.05900000 37.00600000 36.98700000 37.02700000 37.05900000 37.33100000 37.35300000 37.38300000 37.31700000 37.28300000 37.40000000 37.29300000 37.34900000 37.36000000 37.32300000 37.28100000 37.27700000 37.19900000
37.59700000 37.59700000 37.59700000 37.59700000 35.76000000 36.22300000 36.39900000 35.77900000 36.35600000 37.15600000 36.85500000 37.01300000 37.06900000 37.22200000 37.29800000 37.30300000 37.31800000 37.23900000 37.27000000 37.36700000 37.22300000 37.34700000 37.26700000 37.27500000 37.34900000 37.33800000 37.29000000 37.32900000 37.22700000 37.16800000
37.59700000 37.59700000 37.59700000 37.59700000 37.59700000 35.76100000 35.77900000 36.04400000 36.04700000 36.41600000 36.92400000 36.54200000 36.42800000 36.74200000 36.52600000 36.40700000 37.11300000 37.12700000 37.28500000 37.36400000 37.20100000 37.27500000 37.25100000 37.23300000 37.32600000 37.39100000 37.35800000 37.33700000 37.27500000 37.20500000
37.59700000 37.59700000 37.59700000 37.59700000 37.59700000 37.59700000 37.59700000 35.76000000 35.77100000 35.87700000 36.34200000 36.23300000 36.35600000 36.14200000 36.42000000 36.26400000 36.41400000 36.98300000 37.16200000 37.41200000 37.37500000 37.20800000 37.21700000 37.19300000 37.29600000 37.38200000 37.46300000 37.33200000 37.39300000 37.22100000
37.59700000 37.59700000 37.59700000 37.59700000 37.59700000 37.59700000 37.59700000 37.59700000 37.59700000 37.59700000 37.59700000 37.59700000 37.59700000 37.59700000 37.59700000 36.24400000 36.22400000 36.96400000 36.94700000 37.33000000 37.42800000 37.42200000 37.37400000 37.38100000 37.34600000 37.38200000 37.41800000 37.48700000 37.33200000 37.37600000
37.59700000 37.59700000 37.59700000 37.59700000 37.59700000 37.59700000 37.59700000 37.59700000 37.59700000 37.59700000 37.59700000 37.59700000 37.59700000 37.59700000 37.59700000 37.59700000 36.26600000 36.78400000 36.97300000 36.98500000 37.33400000 37.43000000 37.41000000 37.39400000 37.32600000 37.36200000 37.42200000 37.48700000 37.52300000 37.54000000
37.59700000 37.59700000 37.59700000 37.59700000 37.59700000 37.59700000 37.59700000 37.59700000 37.59700000 37.59700000 37.59700000 37.59700000 37.59700000 37.59700000 37.59700000 37.59700000 37.59700000 36.30300000 36.78300000 36.83600000 37.03900000 37.35700000 37.42100000 37.38700000 37.31800000 37.36700000 37.39000000 37.37700000 37.45400000 37.56100000
37.59700000 37.59700000 37.59700000 37.59700000 37.59700000 37.59700000 37.59700000 37.59700000 37.59700000 37.59700000 37.59700000 37.59700000 37.59700000 37.59700000 37.59700000 37.59700000 37.59700000 37.59700000 37.59700000 36.81600000 36.69700000 37.34800000 37.42900000 37.36800000 37.33700000 37.35300000 37.38900000 37.33800000 37.35600000 37.47600000
37.59700000 37.59700000 37.59700000 37.59700000 37.59700000 37.59700000 37.59700000 37.59700000 37.59700000 37.59700000 37.59700000 37.59700000 37.59700000 37.59700000 37.59700000 37.59700000 37.59700000 37.59700000 37.59700000 37.59700000 36.75700000 37.35500000 37.42400000 37.32100000 37.39500000 37.39500000 37.36000000 37.35500000 37.34200000 37.39200000
37.59700000 37.59700000 37.59700000 37.59700000 37.59700000 37.59700000 37.59700000 37.59700000 37.59700000 37.59700000 37.59700000 37.59700000 37.59700000 37.59700000 37.59700000 37.59700000 37.59700000 37.59700000 37.59700000 37.59700000 36.86700000 37.36200000 37.38000000 37.34300000 37.41500000 37.40400000 37.43200000 37.35800000 37.35000000 37.39700000
37.59700000 37.59700000 37.59700000 37.59700000 37.59700000 37.59700000 37.59700000 37.59700000 37.59700000 37.59700000 37.59700000 37.59700000 37.59700000 37.59700000 37.59700000 37.59700000 37.59700000 37.59700000 37.59700000 37.59700000 36.53000000 37.37800000 37.31400000 37.39800000 37.39000000 37.40100000 37.41400000 37.41200000 37.37400000 37.34700000
37.59700000 37.59700000 37.59700000 37.59700000 37.59700000 37.59700000 37.59700000 37.59700000 37.59700000 37.59700000 37.59700000 37.59700000 37.59700000 37.59700000 37.59700000 37.59700000 37.59700000 37.59700000 37.59700000 37.59700000 36.55400000 37.32100000 37.38300000 37.41300000 37.39200000 37.38800000 37.37500000 37.33300000 37.33300000 37.37800000
37.59700000 37.59700000 37.59700000 37.59700000 37.59700000 37.59700000 37.59700000 37.59700000 37.59700000 37.59700000 37.59700000 37.59700000 37.59700000 37.59700000 37.59700000 37.59700000 37.59700000 37.59700000 37.59700000 37.59700000 37.59700000 37.07600000 37.35700000 37.37100000 37.38500000 37.35300000 37.32200000 37.30800000 37.27900000 37.32900000
37.59700000 37.59700000 37.59700000 37.59700000 37.59700000 37.59700000 37.59700000 37.59700000 37.59700000 37.59700000 37.59700000 37.59700000 37.59700000 37.59700000 37.59700000 37.59700000 37.59700000 37.59700000 37.59700000 37.59700000 37.59700000 36.72200000 37.28600000 37.35300000 37.35900000 37.33800000 37.32600000 37.29300000 37.24600000 37.29300000
37.59700000 37.59700000 37.59700000 37.59700000 37.59700000 37.59700000 37.59700000 37.59700000 37.59700000 37.59700000 37.59700000 37.59700000 37.59700000 37.59700000 37.59700000 37.59700000 37.59700000 37.59700000 37.59700000 37.59700000 37.59700000 37.59700000 37.16900000 37.31100000 37.33000000 37.31500000 37.28400000 37.23500000 37.29200000 37.32500000
37.59700000 37.59700000 37.59700000 37.59700000 37.59700000 37.59700000 37.59700000 37.59700000 37.59700000 37.59700000 37.59700000 37.59700000 37.59700000 37.59700000 37.59700000 37.59700000 37.59700000 37.59700000 37.59700000 37.59700000 37.59700000 37.59700000 36.87200000 37.11700000 37.22100000 37.18200000 37.21800000 37.28500000 37.28200000 37.31200000
37.59700000 37.59700000 37.59700000 37.59700000 37.59700000 37.59700000 37.59700000 37.59700000 37.59700000 37.59700000 37.59700000 37.59700000 37.59700000 37.59700000 37.59700000 37.59700000 37.59700000 37.59700000 37.59700000 37.59700000 37.59700000 37.59700000 37.59700000 36.72800000 37.19200000 37.22700000 37.23700000 37.24700000 37.25000000 37.29000000
