 25.22600000  25.12800000  25.20300000  24.66000000  25.20800000  25.17000000  25.27100000  25.28400000  25.18300000  25.06100000  25.15800000  25.16600000  24.89600000  24.15900000  24.32800000  24.97700000  25.32600000  25.13600000  25.08900000  25.09600000  25.10700000  24.93000000  24.72400000  24.11400000  24.04900000  23.58100000  23.96100000  24.11200000  24.25800000  24.49800000
 25.07800000  25.07000000  24.95900000  25.06000000  25.15700000  25.13700000  25.05000000  25.01900000  25.05300000  25.11500000  25.10100000  24.80000000  23.85600000  24.47500000  24.62100000  25.28200000  25.02100000  25.01300000  25.02900000  25.03800000  24.94200000  24.83800000  24.54000000  24.10700000  23.98800000  25.11500000  25.14300000  25.14600000  24.91200000  24.79800000
 25.12700000  25.06400000  25.17900000  24.89500000  25.04700000  25.07200000  25.06400000  25.06500000  25.01600000  24.84800000  24.16600000  23.76900000  24.40100000  24.67800000  25.06600000  25.32100000  24.99200000  25.01500000  24.97900000  24.80900000  24.69600000  24.36600000  25.08000000  25.51200000  25.17100000  25.11300000  24.98300000  24.81600000  24.76900000  24.85200000
 24.33600000  25.01400000  25.14800000  25.13100000  24.82100000  24.86600000  24.74200000  24.00000000  23.98300000  24.12700000  24.34200000  24.60500000  24.70900000  24.98700000  25.34200000  25.23800000  24.96700000  24.89900000  24.72400000  24.36000000  25.04600000  25.46700000  25.49600000  25.55000000  25.55200000  25.19700000  25.07300000  24.99500000  25.02900000  25.09200000
 23.77100000  24.67500000  24.99600000  25.32100000  25.11800000  25.05000000  24.13400000  23.85900000  23.99100000  24.68200000  24.83100000  24.90500000  25.07700000  25.29800000  25.51100000  25.23400000  24.86800000  24.72800000  24.61000000  25.47100000  25.38000000  25.30500000  25.16300000  25.18400000  25.41000000  25.74000000  25.49700000  24.88100000  24.79600000  24.98600000
 23.55700000  23.93800000  24.33300000  24.79900000  25.56000000  25.43500000  25.20900000  25.15800000  25.16300000  25.16400000  25.18400000  25.19400000  25.21300000  25.32000000  25.56300000  25.32700000  24.59400000  24.94900000  25.39900000  25.30500000  25.18000000  24.94000000  24.80100000  24.90600000  25.13500000  25.61300000  26.00100000  25.58400000  24.73100000  24.97000000
 23.47700000  24.04200000  24.07600000  24.15700000  24.89000000  25.83400000  25.37400000  25.35000000  25.39700000  25.36800000  25.49600000  25.47600000  25.39400000  25.40000000  25.53000000  25.44100000  24.80000000  25.35200000  25.32500000  25.28300000  25.00600000  24.77400000  24.66900000  24.98100000  25.29900000  25.89400000  26.31800000  26.07800000  25.68300000  25.04300000
 23.06900000  23.50800000  24.00800000  23.56500000  24.07800000  24.95200000  25.89000000  25.77000000  25.37100000  25.39400000  25.48900000  25.47100000  25.47400000  25.47800000  25.49600000  25.46700000  25.21900000  25.25500000  25.35900000  25.22200000  25.19600000  25.13900000  25.17400000  25.59800000  26.15200000  26.30100000  26.42700000  26.33100000  25.65300000  25.73500000
 22.49900000  23.04100000  23.24600000  23.13400000  23.78100000  23.86300000  24.32400000  25.77800000  26.08300000  26.14900000  25.40700000  25.41500000  25.45000000  25.59400000  25.60200000  25.53700000  25.52200000  25.45500000  25.49500000  25.61100000  25.62200000  25.86000000  26.03900000  25.97000000  25.98100000  26.02600000  26.24200000  26.31300000  25.74900000  25.91300000
 22.81700000  22.12700000  22.48300000  22.97900000  23.14300000  23.45000000  23.72200000  25.18300000  25.75800000  26.20200000  26.17800000  25.45900000  25.37000000  25.49600000  25.45800000  25.53000000  25.64700000  25.62600000  25.51700000  26.16300000  26.40100000  26.02000000  25.92400000  26.15100000  26.24700000  26.16900000  26.30100000  25.99900000  25.71800000  25.90800000
 23.46900000  22.05000000  20.85200000  22.70700000  22.79400000  23.07900000  23.11400000  23.64700000  24.96500000  25.08000000  25.47800000  26.04800000  25.57600000  25.41100000  25.44100000  25.43300000  25.46900000  26.09200000  26.26800000  26.44400000  26.07800000  25.79800000  26.16000000  26.06700000  26.10100000  26.07300000  25.83000000  25.72600000  25.92600000  25.96800000
 27.83300000  27.83300000  27.83300000  23.42700000  23.04900000  22.84500000  22.84000000  22.92100000  23.53600000  24.96700000  24.37600000  24.75200000  25.06700000  25.64500000  25.90600000  25.94600000  25.98700000  25.80600000  26.11200000  26.45600000  25.71400000  26.05000000  25.95700000  26.15900000  26.33700000  26.10500000  25.81500000  25.99100000  25.92500000  25.96300000
 27.83300000  27.83300000  27.83300000  27.83300000  23.39200000  23.06500000  23.10900000  22.80400000  22.96400000  23.47800000  24.39500000  23.75700000  23.53600000  24.04700000  23.97300000  24.22600000  25.08000000  25.31700000  26.20500000  26.42500000  25.74300000  25.90600000  26.03000000  25.96800000  26.12200000  26.51300000  26.20500000  26.06400000  25.97600000  26.06500000
 27.83300000  27.83300000  27.83300000  27.83300000  27.83300000  27.83300000  23.77100000  22.94500000  22.76900000  22.86200000  22.98700000  22.71100000  22.86700000  23.20300000  23.48400000  23.79300000  24.40400000  24.83200000  25.90900000  26.42200000  26.46400000  25.82400000  25.95000000  25.92200000  26.07500000  26.57400000  26.62200000  26.06300000  26.20500000  26.00800000
 27.83300000  27.83300000  27.83300000  27.83300000  27.83300000  27.83300000  27.83300000  27.83300000  27.83300000  27.83300000  27.83300000  27.83300000  22.82400000  22.50600000  21.85000000  23.46400000  24.41800000  24.87600000  24.73900000  26.39500000  26.46200000  26.49000000  26.48900000  26.50800000  26.27100000  26.69300000  26.62300000  26.65700000  26.08700000  26.08400000
 27.83300000  27.83300000  27.83300000  27.83300000  27.83300000  27.83300000  27.83300000  27.83300000  27.83300000  27.83300000  27.83300000  27.83300000  27.83300000  27.83300000  27.83300000  23.42300000  24.10900000  24.69300000  24.49800000  24.94100000  26.45600000  26.50000000  26.59800000  26.46500000  26.60100000  26.77400000  26.63600000  26.68000000  26.71200000  26.72500000
 27.83300000  27.83300000  27.83300000  27.83300000  27.83300000  27.83300000  27.83300000  27.83300000  27.83300000  27.83300000  27.83300000  27.83300000  27.83300000  27.83300000  27.83300000  27.83300000  23.59800000  22.82600000  24.56800000  24.94500000  25.57300000  26.45200000  26.58000000  26.38100000  26.74500000  26.84300000  26.76200000  26.70800000  26.76400000  26.89400000
 27.83300000  27.83300000  27.83300000  27.83300000  27.83300000  27.83300000  27.83300000  27.83300000  27.83300000  27.83300000  27.83300000  27.83300000  27.83300000  27.83300000  27.83300000  27.83300000  27.83300000  27.83300000  24.28900000  24.92300000  24.03800000  26.57200000  26.47000000  26.50300000  26.78000000  26.80200000  26.85100000  26.74000000  26.80300000  26.88800000
 27.83300000  27.83300000  27.83300000  27.83300000  27.83300000  27.83300000  27.83300000  27.83300000  27.83300000  27.83300000  27.83300000  27.83300000  27.83300000  27.83300000  27.83300000  27.83300000  27.83300000  27.83300000  27.83300000  25.29200000  24.53900000  26.62000000  26.46400000  26.64500000  26.87100000  26.81900000  26.78200000  26.80500000  26.83200000  26.93800000
 27.83300000  27.83300000  27.83300000  27.83300000  27.83300000  27.83300000  27.83300000  27.83300000  27.83300000  27.83300000  27.83300000  27.83300000  27.83300000  27.83300000  27.83300000  27.83300000  27.83300000  27.83300000  27.83300000  25.15900000  24.89100000  26.69100000  26.51400000  26.75900000  26.89700000  26.80100000  26.92900000  26.81700000  26.87400000  26.98500000
 27.83300000  27.83300000  27.83300000  27.83300000  27.83300000  27.83300000  27.83300000  27.83300000  27.83300000  27.83300000  27.83300000  27.83300000  27.83300000  27.83300000  27.83300000  27.83300000  27.83300000  27.83300000  27.83300000  25.11300000  24.66000000  26.74700000  26.60100000  26.88800000  26.76900000  26.79400000  26.90800000  26.93300000  26.97900000  26.97100000
 27.83300000  27.83300000  27.83300000  27.83300000  27.83300000  27.83300000  27.83300000  27.83300000  27.83300000  27.83300000  27.83300000  27.83300000  27.83300000  27.83300000  27.83300000  27.83300000  27.83300000  27.83300000  27.83300000  24.76400000  24.45500000  26.57900000  26.82300000  26.92600000  26.72300000  26.86200000  26.85100000  26.79700000  26.89900000  27.13100000
 27.83300000  27.83300000  27.83300000  27.83300000  27.83300000  27.83300000  27.83300000  27.83300000  27.83300000  27.83300000  27.83300000  27.83300000  27.83300000  27.83300000  27.83300000  27.83300000  27.83300000  27.83300000  27.83300000  27.83300000  25.05200000  25.88200000  26.70400000  26.78200000  26.73800000  26.82400000  26.74200000  26.55000000  26.52900000  27.04300000
 27.83300000  27.83300000  27.83300000  27.83300000  27.83300000  27.83300000  27.83300000  27.83300000  27.83300000  27.83300000  27.83300000  27.83300000  27.83300000  27.83300000  27.83300000  27.83300000  27.83300000  27.83300000  27.83300000  27.83300000  27.83300000  25.02500000  26.52300000  26.69000000  26.71900000  26.74900000  26.65800000  26.48300000  26.36200000  26.99000000
 27.83300000  27.83300000  27.83300000  27.83300000  27.83300000  27.83300000  27.83300000  27.83300000  27.83300000  27.83300000  27.83300000  27.83300000  27.83300000  27.83300000  27.83300000  27.83300000  27.83300000  27.83300000  27.83300000  27.83300000  27.83300000  24.87500000  26.21000000  26.60700000  26.62700000  26.54700000  26.48700000  26.42000000  26.78200000  27.13600000
 27.83300000  27.83300000  27.83300000  27.83300000  27.83300000  27.83300000  27.83300000  27.83300000  27.83300000  27.83300000  27.83300000  27.83300000  27.83300000  27.83300000  27.83300000  27.83300000  27.83300000  27.83300000  27.83300000  27.83300000  27.83300000  27.83300000  25.78700000  26.14000000  26.35300000  26.27500000  26.49000000  26.64000000  26.93400000  27.22100000
 27.83300000  27.83300000  27.83300000  27.83300000  27.83300000  27.83300000  27.83300000  27.83300000  27.83300000  27.83300000  27.83300000  27.83300000  27.83300000  27.83300000  27.83300000  27.83300000  27.83300000  27.83300000  27.83300000  27.83300000  27.83300000  27.83300000  27.83300000  25.78000000  26.33400000  26.50600000  26.46700000  26.63400000  26.69000000  27.16500000
 25.24200000  25.13200000  25.22200000  24.67400000  25.22300000  25.18700000  25.27900000  25.30100000  25.18500000  25.11200000  25.17800000  25.18200000  24.91600000  24.17800000  24.34400000  24.98900000  25.34000000  25.17100000  25.12100000  25.10800000  25.12200000  24.99300000  24.78000000  24.12200000  24.06200000  23.59900000  23.97300000  24.12300000  24.26800000  24.50100000
 25.08300000  25.08800000  24.97900000  25.07800000  25.17500000  25.15300000  25.06600000  25.03300000  25.06600000  25.13000000  25.11900000  24.81900000  23.86700000  24.48900000  24.63400000  25.30100000  25.03800000  25.03200000  25.04800000  25.05700000  24.96000000  24.85500000  24.56000000  24.12500000  24.00000000  25.13100000  25.16000000  25.16200000  24.92900000  24.81600000
 25.14800000  25.08100000  25.19500000  24.91300000  25.06400000  25.08900000  25.08100000  25.08200000  25.03200000  24.86800000  24.18200000  23.78300000  24.41000000  24.69100000  25.07900000  25.33900000  25.00800000  25.02800000  24.99500000  24.82600000  24.71300000  24.38400000  25.09800000  25.53200000  25.18900000  25.13100000  25.00100000  24.83200000  24.78500000  24.86900000
 24.44400000  25.03000000  25.16200000  25.14900000  24.84000000  24.88300000  24.75900000  24.02400000  23.99700000  24.14300000  24.35600000  24.62000000  24.72400000  25.00100000  25.35900000  25.25500000  24.98300000  24.91500000  24.74300000  24.37400000  25.05900000  25.48600000  25.51500000  25.56900000  25.57200000  25.21600000  25.09000000  25.01100000  25.04400000  25.10800000
 24.21900000  24.69400000  25.01800000  25.33800000  25.13300000  24.94800000  24.15100000  23.87300000  24.00600000  24.69200000  24.84400000  24.91800000  25.09200000  25.31400000  25.52700000  25.25400000  24.88500000  24.74400000  24.62400000  25.48700000  25.39600000  25.32300000  25.18000000  25.20100000  25.42500000  25.75900000  25.51600000  24.89600000  24.81100000  25.00600000
 23.64600000  24.21800000  24.35500000  24.82000000  25.57600000  25.45300000  25.22900000  25.17100000  25.17800000  25.18200000  25.20300000  25.21100000  25.23000000  25.33600000  25.58000000  25.34500000  24.61100000  24.96300000  25.41700000  25.32100000  25.19800000  24.95700000  24.81900000  24.92500000  25.15200000  25.62700000  26.01800000  25.60000000  24.74700000  24.98900000
 23.46200000  24.07700000  24.09500000  24.17500000  24.90900000  25.85100000  25.39100000  25.36800000  25.41400000  25.38600000  25.51500000  25.49400000  25.41200000  25.41700000  25.54700000  25.46200000  24.81600000  25.36800000  25.34200000  25.30000000  25.02300000  24.79400000  24.68500000  24.99700000  25.31300000  25.91200000  26.33900000  26.10000000  25.70200000  25.07000000
 22.97500000  23.52600000  24.03100000  23.58500000  24.09900000  24.96800000  25.90700000  25.78800000  25.38900000  25.41300000  25.50700000  25.49000000  25.49200000  25.49400000  25.51200000  25.48600000  25.23400000  25.27100000  25.37600000  25.23700000  25.21300000  25.15600000  25.19200000  25.61200000  26.16600000  26.32000000  26.44800000  26.35100000  25.67400000  25.76100000
 21.62500000  23.12200000  23.40200000  23.16500000  23.79800000  23.88100000  24.34400000  25.79700000  26.10300000  26.17000000  25.42600000  25.43200000  25.46500000  25.60800000  25.61900000  25.55600000  25.53900000  25.47200000  25.51200000  25.62700000  25.64000000  25.87400000  26.05900000  25.98700000  25.99800000  26.04400000  26.26000000  26.33300000  25.77100000  25.93100000
 20.12600000  20.49500000  18.07700000  21.73000000  23.19200000  23.47600000  23.77800000  25.19900000  25.77700000  26.22100000  26.20000000  25.47700000  25.38100000  25.51300000  25.47600000  25.54800000  25.66300000  25.64200000  25.53200000  26.18100000  26.42000000  26.04000000  25.94200000  26.16800000  26.26500000  26.18800000  26.32000000  26.01900000  25.73500000  25.92500000
 20.12900000  27.83300000  18.05000000  17.72700000  21.15700000  23.01800000  23.20900000  23.76400000  24.98400000  25.10100000  25.49700000  26.06900000  25.59400000  25.42800000  25.46000000  25.45200000  25.48600000  26.10500000  26.28500000  26.46400000  26.09700000  25.81400000  26.17700000  26.07600000  26.11700000  26.09200000  25.84900000  25.74300000  25.94600000  25.98600000
 27.83300000  27.83300000  27.83300000  27.83300000  19.24500000  20.87800000  21.78000000  22.35700000  23.63800000  24.98800000  24.39800000  24.77300000  25.08400000  25.66000000  25.92200000  25.96700000  26.03700000  25.82400000  26.12700000  26.47500000  25.73400000  26.06400000  25.96800000  26.17800000  26.35400000  26.12500000  25.83400000  26.00900000  25.94200000  25.97700000
 27.83300000  27.83300000  27.83300000  27.83300000  27.83300000  18.16200000  20.17900000  19.97500000  21.23900000  23.52700000  24.41600000  23.77600000  23.67700000  24.12700000  23.99300000  24.26200000  25.10000000  25.33200000  26.22300000  26.44500000  25.76300000  25.92200000  26.04400000  25.98600000  26.13800000  26.53100000  26.22700000  26.08200000  25.99400000  26.08400000
 27.83300000  27.83300000  27.83300000  27.83300000  27.83300000  27.83300000  27.83300000  18.51700000  17.78200000  19.08400000  22.38000000  22.71700000  21.65200000  21.77000000  22.61800000  23.83000000  24.44600000  24.85100000  25.92300000  26.44300000  26.48300000  25.84100000  25.96500000  25.93900000  26.09400000  26.59100000  26.64000000  26.08200000  26.22200000  26.02300000
 27.83300000  27.83300000  27.83300000  27.83300000  27.83300000  27.83300000  27.83300000  27.83300000  27.83300000  27.83300000  27.83300000  27.83300000  27.83300000  27.83300000  27.83300000  20.42600000  24.40200000  24.90600000  24.66400000  26.41700000  26.48300000  26.51000000  26.50200000  26.52200000  26.28200000  26.71100000  26.64100000  26.67500000  26.10600000  26.10300000
 27.83300000  27.83300000  27.83300000  27.83300000  27.83300000  27.83300000  27.83300000  27.83300000  27.83300000  27.83300000  27.83300000  27.83300000  27.83300000  27.83300000  27.83300000  27.83300000  23.57500000  24.71500000  24.50800000  24.95300000  26.47800000  26.51800000  26.61600000  26.48500000  26.61300000  26.79300000  26.65400000  26.69700000  26.73000000  26.74800000
 27.83300000  27.83300000  27.83300000  27.83300000  27.83300000  27.83300000  27.83300000  27.83300000  27.83300000  27.83300000  27.83300000  27.83300000  27.83300000  27.83300000  27.83300000  27.83300000  27.83300000  20.59000000  24.18300000  23.93900000  25.56500000  26.47700000  26.59900000  26.40000000  26.76200000  26.86200000  26.78100000  26.72800000  26.77800000  26.91200000
 27.83300000  27.83300000  27.83300000  27.83300000  27.83300000  27.83300000  27.83300000  27.83300000  27.83300000  27.83300000  27.83300000  27.83300000  27.83300000  27.83300000  27.83300000  27.83300000  27.83300000  27.83300000  27.83300000  24.34200000  23.85700000  26.59800000  26.48400000  26.51400000  26.79700000  26.82100000  26.87000000  26.76000000  26.82400000  26.91000000
 27.83300000  27.83300000  27.83300000  27.83300000  27.83300000  27.83300000  27.83300000  27.83300000  27.83300000  27.83300000  27.83300000  27.83300000  27.83300000  27.83300000  27.83300000  27.83300000  27.83300000  27.83300000  27.83300000  27.83300000  24.56500000  26.64700000  26.47700000  26.65800000  26.89000000  26.83900000  26.79900000  26.82500000  26.85000000  26.95400000
 27.83300000  27.83300000  27.83300000  27.83300000  27.83300000  27.83300000  27.83300000  27.83300000  27.83300000  27.83300000  27.83300000  27.83300000  27.83300000  27.83300000  27.83300000  27.83300000  27.83300000  27.83300000  27.83300000  27.83300000  24.57900000  26.71000000  26.53400000  26.77800000  26.91900000  26.81900000  26.94700000  26.83600000  26.89000000  26.99600000
 27.83300000  27.83300000  27.83300000  27.83300000  27.83300000  27.83300000  27.83300000  27.83300000  27.83300000  27.83300000  27.83300000  27.83300000  27.83300000  27.83300000  27.83300000  27.83300000  27.83300000  27.83300000  27.83300000  27.83300000  21.99300000  26.75900000  26.61900000  26.90800000  26.79100000  26.80900000  26.92600000  26.95200000  26.99500000  26.98500000
 27.83300000  27.83300000  27.83300000  27.83300000  27.83300000  27.83300000  27.83300000  27.83300000  27.83300000  27.83300000  27.83300000  27.83300000  27.83300000  27.83300000  27.83300000  27.83300000  27.83300000  27.83300000  27.83300000  27.83300000  23.10600000  26.59700000  26.84100000  26.94600000  26.74200000  26.87900000  26.87300000  26.81400000  26.91100000  27.14300000
 27.83300000  27.83300000  27.83300000  27.83300000  27.83300000  27.83300000  27.83300000  27.83300000  27.83300000  27.83300000  27.83300000  27.83300000  27.83300000  27.83300000  27.83300000  27.83300000  27.83300000  27.83300000  27.83300000  27.83300000  27.83300000  25.89500000  26.72100000  26.79700000  26.75500000  26.84000000  26.75800000  26.56100000  26.54100000  27.05300000
 27.83300000  27.83300000  27.83300000  27.83300000  27.83300000  27.83300000  27.83300000  27.83300000  27.83300000  27.83300000  27.83300000  27.83300000  27.83300000  27.83300000  27.83300000  27.83300000  27.83300000  27.83300000  27.83300000  27.83300000  27.83300000  25.01900000  26.54300000  26.70600000  26.73200000  26.76800000  26.67600000  26.49900000  26.37600000  27.00300000
 27.83300000  27.83300000  27.83300000  27.83300000  27.83300000  27.83300000  27.83300000  27.83300000  27.83300000  27.83300000  27.83300000  27.83300000  27.83300000  27.83300000  27.83300000  27.83300000  27.83300000  27.83300000  27.83300000  27.83300000  27.83300000  27.83300000  26.23400000  26.62400000  26.64500000  26.56600000  26.50500000  26.43700000  26.79600000  27.15500000
 27.83300000  27.83300000  27.83300000  27.83300000  27.83300000  27.83300000  27.83300000  27.83300000  27.83300000  27.83300000  27.83300000  27.83300000  27.83300000  27.83300000  27.83300000  27.83300000  27.83300000  27.83300000  27.83300000  27.83300000  27.83300000  27.83300000  25.82000000  26.15600000  26.36800000  26.29300000  26.50700000  26.65700000  26.96600000  27.24100000
 27.83300000  27.83300000  27.83300000  27.83300000  27.83300000  27.83300000  27.83300000  27.83300000  27.83300000  27.83300000  27.83300000  27.83300000  27.83300000  27.83300000  27.83300000  27.83300000  27.83300000  27.83300000  27.83300000  27.83300000  27.83300000  27.83300000  27.83300000  25.81800000  26.35400000  26.52100000  26.48500000  26.65200000  26.74100000  27.18800000
