36.99300000 36.98100000 36.93100000 36.96000000 37.14900000 37.22200000 37.24000000 37.23800000 37.19500000 37.18200000 37.11200000 36.99400000 36.87400000 36.67200000 36.76800000 36.87900000 37.01800000 37.00400000 37.07000000 37.05000000 37.00200000 36.98000000 36.85100000 36.55100000 36.55000000 36.29200000 36.56600000 36.56500000 36.53800000 36.57300000
36.99300000 36.85300000 36.95700000 37.15100000 37.18900000 37.18000000 37.18800000 37.18400000 37.15300000 37.08100000 36.97900000 36.86500000 36.51500000 36.84900000 36.86000000 37.05100000 37.01400000 37.08600000 37.05500000 37.03000000 36.98200000 36.89900000 36.79200000 36.65700000 36.62500000 37.08500000 37.07800000 37.07600000 37.03700000 37.02200000
36.96800000 36.87400000 36.92700000 37.08700000 37.13600000 37.11000000 37.06800000 37.03100000 36.97600000 36.89800000 36.70200000 36.45800000 36.83500000 36.89700000 36.91900000 37.11500000 36.97400000 37.05800000 37.02600000 36.93500000 36.86600000 36.76200000 37.03700000 37.23000000 37.04100000 37.05700000 37.01800000 36.96100000 36.90400000 36.85600000
36.49700000 37.00100000 36.93800000 36.92000000 37.03800000 37.03100000 36.96500000 36.62200000 36.61800000 36.72200000 36.84200000 36.92900000 36.89600000 36.90800000 36.97400000 37.06500000 36.96200000 36.99500000 36.91100000 36.75800000 37.03800000 37.25100000 37.26500000 37.26200000 37.27200000 37.06500000 37.01800000 36.94900000 36.93700000 36.85300000
35.84600000 36.98400000 37.04700000 37.13500000 36.84600000 36.97800000 36.69900000 36.53900000 36.64200000 36.94800000 36.93300000 36.91900000 36.92900000 36.94200000 37.02300000 37.04700000 36.91900000 36.90600000 36.82400000 37.23800000 37.24600000 37.20300000 37.17000000 37.17200000 37.20200000 37.26000000 37.27200000 36.81200000 36.64100000 36.63800000
35.55100000 36.51300000 36.82600000 36.96800000 37.24200000 37.05600000 36.88200000 36.82600000 36.82500000 36.82300000 36.83100000 36.84900000 36.87100000 36.92800000 37.04500000 37.09600000 36.79000000 36.97200000 37.20400000 37.22900000 37.18000000 37.09000000 37.00900000 37.05400000 37.15900000 37.22000000 37.31600000 37.27000000 36.65900000 36.62000000
35.58400000 36.29700000 36.62400000 36.71100000 37.01900000 37.30100000 36.94900000 36.92000000 36.93800000 36.93000000 37.03500000 37.01200000 36.99700000 37.02100000 37.03900000 37.14900000 36.89700000 37.15600000 37.21400000 37.20900000 37.12100000 37.01000000 36.98400000 37.09000000 37.17300000 37.25900000 37.41200000 37.36900000 37.26000000 36.68200000
35.64100000 36.15800000 36.56600000 36.36500000 36.54300000 37.07400000 37.36100000 37.20100000 36.92000000 36.91300000 36.96100000 36.97500000 37.01900000 37.03900000 37.03100000 37.11900000 37.09700000 37.12700000 37.17300000 37.18900000 37.17000000 37.14700000 37.16300000 37.19300000 37.38600000 37.44500000 37.46900000 37.45000000 37.28100000 37.30100000
35.36600000 35.35000000 35.72100000 36.13900000 36.60500000 36.33100000 36.86600000 37.31000000 37.37500000 37.38600000 36.97200000 36.94900000 36.97200000 37.07700000 37.07200000 37.17500000 37.22000000 37.20000000 37.20800000 37.25100000 37.18500000 37.20400000 37.36600000 37.36300000 37.36800000 37.38900000 37.44600000 37.46300000 37.29000000 37.26800000
35.17200000 35.57400000 35.58000000 35.87800000 36.14700000 36.22500000 36.24900000 37.18900000 37.31100000 37.40900000 37.35800000 37.00500000 36.97500000 36.94800000 37.00300000 37.15900000 37.24400000 37.22300000 37.03400000 37.33700000 37.38000000 37.32100000 37.34100000 37.41300000 37.43400000 37.43300000 37.46400000 37.34400000 37.28000000 37.23900000
34.83200000 35.25100000 35.60900000 35.51900000 35.63700000 36.01900000 35.83700000 36.32400000 37.14000000 37.11600000 37.18800000 37.36100000 37.04900000 37.00600000 36.98700000 37.02900000 37.06000000 37.33100000 37.35300000 37.38300000 37.31700000 37.28400000 37.39900000 37.29500000 37.34900000 37.36000000 37.32400000 37.28200000 37.27700000 37.20000000
37.59700000 37.59700000 37.59700000 35.23300000 35.33300000 35.66200000 35.69000000 35.67200000 36.33600000 37.15700000 36.84200000 37.01200000 37.05500000 37.22600000 37.30200000 37.30500000 37.31700000 37.23900000 37.26900000 37.36700000 37.22400000 37.34800000 37.26800000 37.27700000 37.35100000 37.33900000 37.29000000 37.33200000 37.22700000 37.16800000
37.59700000 37.59700000 37.59700000 37.59700000 35.22300000 35.45100000 35.49400000 35.55700000 35.66200000 36.40200000 36.91500000 36.52600000 36.36600000 36.73200000 36.50600000 36.41300000 37.12700000 37.12300000 37.28600000 37.36500000 37.20200000 37.27600000 37.25200000 37.23500000 37.32700000 37.39200000 37.35700000 37.33600000 37.27100000 37.20500000
37.59700000 37.59700000 37.59700000 37.59700000 37.59700000 37.59700000 35.39300000 35.50700000 35.62000000 35.73100000 36.07300000 36.16700000 36.18500000 36.22700000 36.20900000 36.24200000 36.40900000 36.97100000 37.15900000 37.41400000 37.37600000 37.20900000 37.21800000 37.19400000 37.29800000 37.38300000 37.46400000 37.33100000 37.39400000 37.22100000
37.59700000 37.59700000 37.59700000 37.59700000 37.59700000 37.59700000 37.59700000 37.59700000 37.59700000 37.59700000 37.59700000 37.59700000 35.88800000 36.17000000 36.17100000 36.04900000 36.23400000 36.96500000 36.98000000 37.33100000 37.42900000 37.42200000 37.37500000 37.38200000 37.34700000 37.38300000 37.41900000 37.48800000 37.33100000 37.38000000
37.59700000 37.59700000 37.59700000 37.59700000 37.59700000 37.59700000 37.59700000 37.59700000 37.59700000 37.59700000 37.59700000 37.59700000 37.59700000 37.59700000 37.59700000 36.00200000 36.25000000 36.79100000 36.98500000 36.97600000 37.33800000 37.42800000 37.41000000 37.39200000 37.32500000 37.36300000 37.42300000 37.48800000 37.52300000 37.53900000
37.59700000 37.59700000 37.59700000 37.59700000 37.59700000 37.59700000 37.59700000 37.59700000 37.59700000 37.59700000 37.59700000 37.59700000 37.59700000 37.59700000 37.59700000 37.59700000 35.95400000 36.18800000 36.72500000 37.00900000 37.07100000 37.35900000 37.42000000 37.38500000 37.31800000 37.36800000 37.38900000 37.38100000 37.45100000 37.56100000
37.59700000 37.59700000 37.59700000 37.59700000 37.59700000 37.59700000 37.59700000 37.59700000 37.59700000 37.59700000 37.59700000 37.59700000 37.59700000 37.59700000 37.59700000 37.59700000 37.59700000 37.59700000 36.18800000 36.98900000 36.73700000 37.34800000 37.42900000 37.36500000 37.33600000 37.35300000 37.38800000 37.33700000 37.35600000 37.47700000
37.59700000 37.59700000 37.59700000 37.59700000 37.59700000 37.59700000 37.59700000 37.59700000 37.59700000 37.59700000 37.59700000 37.59700000 37.59700000 37.59700000 37.59700000 37.59700000 37.59700000 37.59700000 37.59700000 36.90200000 36.75900000 37.35700000 37.42400000 37.32000000 37.39700000 37.39500000 37.36000000 37.35400000 37.34100000 37.39200000
37.59700000 37.59700000 37.59700000 37.59700000 37.59700000 37.59700000 37.59700000 37.59700000 37.59700000 37.59700000 37.59700000 37.59700000 37.59700000 37.59700000 37.59700000 37.59700000 37.59700000 37.59700000 37.59700000 36.95600000 36.91200000 37.36500000 37.38000000 37.34700000 37.41500000 37.40500000 37.43200000 37.35900000 37.34900000 37.39800000
37.59700000 37.59700000 37.59700000 37.59700000 37.59700000 37.59700000 37.59700000 37.59700000 37.59700000 37.59700000 37.59700000 37.59700000 37.59700000 37.59700000 37.59700000 37.59700000 37.59700000 37.59700000 37.59700000 36.89000000 36.78000000 37.37900000 37.31500000 37.40200000 37.39100000 37.40300000 37.41500000 37.41200000 37.37500000 37.34700000
37.59700000 37.59700000 37.59700000 37.59700000 37.59700000 37.59700000 37.59700000 37.59700000 37.59700000 37.59700000 37.59700000 37.59700000 37.59700000 37.59700000 37.59700000 37.59700000 37.59700000 37.59700000 37.59700000 36.49200000 36.73800000 37.32300000 37.38600000 37.41400000 37.39400000 37.38900000 37.37700000 37.33300000 37.33400000 37.37800000
37.59700000 37.59700000 37.59700000 37.59700000 37.59700000 37.59700000 37.59700000 37.59700000 37.59700000 37.59700000 37.59700000 37.59700000 37.59700000 37.59700000 37.59700000 37.59700000 37.59700000 37.59700000 37.59700000 37.59700000 36.67900000 37.09000000 37.35700000 37.37100000 37.38600000 37.35400000 37.32300000 37.30800000 37.27900000 37.32900000
37.59700000 37.59700000 37.59700000 37.59700000 37.59700000 37.59700000 37.59700000 37.59700000 37.59700000 37.59700000 37.59700000 37.59700000 37.59700000 37.59700000 37.59700000 37.59700000 37.59700000 37.59700000 37.59700000 37.59700000 37.59700000 36.73300000 37.28600000 37.35500000 37.36000000 37.33900000 37.32700000 37.29500000 37.24500000 37.29800000
37.59700000 37.59700000 37.59700000 37.59700000 37.59700000 37.59700000 37.59700000 37.59700000 37.59700000 37.59700000 37.59700000 37.59700000 37.59700000 37.59700000 37.59700000 37.59700000 37.59700000 37.59700000 37.59700000 37.59700000 37.59700000 36.53100000 37.16700000 37.31200000 37.33000000 37.31600000 37.28700000 37.23700000 37.29200000 37.32600000
37.59700000 37.59700000 37.59700000 37.59700000 37.59700000 37.59700000 37.59700000 37.59700000 37.59700000 37.59700000 37.59700000 37.59700000 37.59700000 37.59700000 37.59700000 37.59700000 37.59700000 37.59700000 37.59700000 37.59700000 37.59700000 37.59700000 36.86900000 37.11700000 37.22400000 37.18500000 37.21900000 37.28600000 37.28500000 37.31000000
37.59700000 37.59700000 37.59700000 37.59700000 37.59700000 37.59700000 37.59700000 37.59700000 37.59700000 37.59700000 37.59700000 37.59700000 37.59700000 37.59700000 37.59700000 37.59700000 37.59700000 37.59700000 37.59700000 37.59700000 37.59700000 37.59700000 37.59700000 36.73200000 37.19300000 37.22700000 37.23900000 37.24900000 37.25100000 37.29200000
36.99200000 36.98100000 36.93000000 36.95900000 37.14700000 37.22200000 37.24000000 37.23800000 37.19500000 37.18100000 37.11600000 36.99500000 36.87600000 36.67600000 36.76800000 36.87800000 37.01600000 37.00300000 37.06900000 37.04800000 37.00100000 36.98000000 36.84000000 36.54700000 36.54900000 36.29100000 36.56500000 36.56500000 36.53700000 36.56800000
36.99300000 36.85200000 36.95600000 37.15000000 37.18800000 37.17900000 37.18800000 37.18400000 37.15300000 37.08000000 36.97800000 36.86500000 36.51500000 36.84800000 36.85900000 37.04900000 37.01300000 37.08500000 37.05400000 37.02900000 36.98200000 36.89800000 36.79100000 36.65700000 36.62400000 37.08400000 37.07700000 37.07500000 37.03700000 37.02100000
36.96800000 36.87300000 36.92600000 37.08600000 37.13500000 37.11000000 37.06700000 37.03100000 36.97600000 36.89800000 36.70300000 36.45800000 36.83400000 36.89700000 36.91800000 37.11500000 36.97300000 37.05700000 37.02500000 36.93500000 36.86500000 36.76200000 37.03600000 37.22900000 37.04100000 37.05600000 37.01700000 36.96100000 36.90400000 36.85500000
36.62200000 37.00000000 36.93600000 36.92100000 37.03800000 37.03000000 36.96500000 36.62700000 36.61700000 36.72100000 36.84100000 36.92900000 36.89600000 36.90700000 36.97300000 37.06500000 36.96100000 36.99400000 36.91000000 36.75700000 37.03400000 37.25000000 37.26500000 37.26100000 37.27200000 37.06400000 37.01800000 36.94900000 36.93600000 36.85200000
36.25900000 36.98300000 37.04600000 37.13400000 36.84500000 36.94700000 36.69900000 36.53800000 36.64100000 36.94700000 36.93200000 36.91800000 36.92800000 36.94200000 37.02300000 37.04700000 36.91800000 36.90600000 36.82300000 37.23400000 37.24500000 37.20200000 37.16900000 37.17100000 37.20100000 37.25900000 37.27200000 36.81200000 36.64100000 36.63700000
35.71500000 36.74800000 36.82500000 36.96700000 37.24100000 37.05500000 36.88000000 36.82500000 36.82400000 36.82200000 36.83100000 36.84800000 36.87000000 36.92800000 37.04400000 37.09600000 36.78900000 36.97000000 37.20300000 37.22800000 37.17900000 37.08900000 37.00800000 37.05400000 37.15900000 37.22000000 37.31600000 37.27000000 36.65900000 36.61900000
35.64900000 36.29900000 36.62400000 36.71000000 37.01800000 37.30000000 36.94800000 36.91900000 36.93700000 36.92800000 37.03400000 37.01200000 36.99700000 37.02100000 37.03900000 37.14800000 36.89600000 37.15500000 37.21300000 37.20800000 37.12100000 37.00900000 36.98300000 37.08900000 37.17200000 37.25900000 37.41200000 37.36900000 37.26000000 36.69300000
35.68800000 36.15700000 36.56700000 36.36600000 36.54300000 37.07300000 37.35900000 37.20000000 36.91900000 36.91200000 36.96000000 36.97400000 37.01800000 37.03800000 37.03000000 37.11800000 37.09600000 37.12600000 37.17200000 37.18800000 37.16900000 37.14700000 37.16200000 37.19300000 37.38500000 37.44500000 37.46900000 37.45000000 37.28100000 37.30200000
35.93200000 35.68800000 35.91900000 36.15100000 36.60400000 36.33200000 36.86600000 37.30900000 37.37400000 37.38500000 36.97100000 36.94800000 36.97100000 37.07600000 37.07200000 37.17400000 37.22000000 37.19900000 37.20700000 37.25000000 37.18600000 37.20300000 37.36500000 37.36200000 37.36700000 37.38900000 37.44500000 37.46200000 37.28900000 37.26800000
36.06500000 36.08500000 35.92500000 36.20100000 36.20000000 36.23000000 36.27500000 37.18800000 37.31000000 37.40700000 37.35700000 37.00500000 36.97500000 36.94800000 37.00300000 37.15800000 37.24400000 37.22300000 37.03400000 37.33600000 37.37900000 37.32000000 37.34000000 37.41200000 37.43300000 37.43200000 37.46300000 37.34300000 37.27900000 37.23800000
35.70000000 37.59700000 35.85100000 35.81300000 36.28700000 36.26400000 35.88900000 36.38900000 37.13800000 37.11400000 37.18700000 37.36000000 37.04800000 37.00500000 36.98700000 37.02900000 37.06100000 37.33100000 37.35200000 37.38200000 37.31600000 37.28300000 37.39900000 37.29400000 37.34800000 37.35900000 37.32300000 37.28100000 37.27600000 37.19900000
37.59700000 37.59700000 37.59700000 37.59700000 35.76000000 36.23800000 36.35800000 35.78800000 36.37400000 37.15500000 36.84200000 37.01100000 37.05500000 37.22500000 37.30100000 37.30400000 37.31800000 37.23900000 37.26900000 37.36700000 37.22300000 37.34700000 37.26800000 37.27600000 37.35000000 37.33800000 37.28900000 37.33100000 37.22600000 37.16800000
37.59700000 37.59700000 37.59700000 37.59700000 37.59700000 35.76100000 35.77900000 36.03900000 36.07400000 36.42300000 36.91600000 36.52600000 36.41700000 36.74200000 36.50700000 36.41700000 37.12500000 37.12300000 37.28600000 37.36500000 37.20200000 37.27500000 37.25100000 37.23400000 37.32600000 37.39100000 37.35600000 37.33500000 37.27100000 37.20400000
37.59700000 37.59700000 37.59700000 37.59700000 37.59700000 37.59700000 37.59700000 35.76100000 35.76900000 35.87800000 36.33400000 36.23100000 36.35500000 36.17100000 36.42300000 36.25200000 36.42000000 36.97100000 37.15800000 37.41400000 37.37600000 37.20800000 37.21700000 37.19300000 37.29700000 37.38200000 37.46300000 37.33000000 37.39300000 37.22100000
37.59700000 37.59700000 37.59700000 37.59700000 37.59700000 37.59700000 37.59700000 37.59700000 37.59700000 37.59700000 37.59700000 37.59700000 37.59700000 37.59700000 37.59700000 36.24900000 36.23400000 36.96500000 36.95500000 37.33000000 37.42800000 37.42200000 37.37400000 37.38100000 37.34600000 37.38200000 37.41800000 37.48700000 37.33000000 37.37900000
37.59700000 37.59700000 37.59700000 37.59700000 37.59700000 37.59700000 37.59700000 37.59700000 37.59700000 37.59700000 37.59700000 37.59700000 37.59700000 37.59700000 37.59700000 37.59700000 36.27400000 36.79000000 36.98100000 36.97600000 37.33800000 37.42900000 37.41000000 37.39200000 37.32500000 37.36300000 37.42200000 37.48700000 37.52300000 37.53800000
37.59700000 37.59700000 37.59700000 37.59700000 37.59700000 37.59700000 37.59700000 37.59700000 37.59700000 37.59700000 37.59700000 37.59700000 37.59700000 37.59700000 37.59700000 37.59700000 37.59700000 36.30100000 36.77000000 36.80700000 37.06300000 37.36000000 37.42100000 37.38700000 37.31900000 37.36800000 37.38900000 37.38100000 37.45100000 37.56100000
37.59700000 37.59700000 37.59700000 37.59700000 37.59700000 37.59700000 37.59700000 37.59700000 37.59700000 37.59700000 37.59700000 37.59700000 37.59700000 37.59700000 37.59700000 37.59700000 37.59700000 37.59700000 37.59700000 36.81100000 36.70100000 37.34800000 37.42900000 37.36600000 37.33700000 37.35400000 37.38900000 37.33700000 37.35600000 37.47700000
37.59700000 37.59700000 37.59700000 37.59700000 37.59700000 37.59700000 37.59700000 37.59700000 37.59700000 37.59700000 37.59700000 37.59700000 37.59700000 37.59700000 37.59700000 37.59700000 37.59700000 37.59700000 37.59700000 37.59700000 36.75800000 37.35600000 37.42300000 37.32000000 37.39700000 37.39500000 37.36000000 37.35400000 37.34200000 37.39300000
37.59700000 37.59700000 37.59700000 37.59700000 37.59700000 37.59700000 37.59700000 37.59700000 37.59700000 37.59700000 37.59700000 37.59700000 37.59700000 37.59700000 37.59700000 37.59700000 37.59700000 37.59700000 37.59700000 37.59700000 36.85800000 37.36400000 37.37900000 37.34600000 37.41400000 37.40500000 37.43100000 37.35800000 37.34900000 37.40000000
37.59700000 37.59700000 37.59700000 37.59700000 37.59700000 37.59700000 37.59700000 37.59700000 37.59700000 37.59700000 37.59700000 37.59700000 37.59700000 37.59700000 37.59700000 37.59700000 37.59700000 37.59700000 37.59700000 37.59700000 36.52200000 37.37800000 37.31400000 37.40100000 37.39000000 37.40200000 37.41500000 37.41100000 37.37500000 37.34700000
37.59700000 37.59700000 37.59700000 37.59700000 37.59700000 37.59700000 37.59700000 37.59700000 37.59700000 37.59700000 37.59700000 37.59700000 37.59700000 37.59700000 37.59700000 37.59700000 37.59700000 37.59700000 37.59700000 37.59700000 36.55300000 37.32200000 37.38500000 37.41300000 37.39300000 37.38800000 37.37700000 37.33200000 37.33300000 37.37800000
37.59700000 37.59700000 37.59700000 37.59700000 37.59700000 37.59700000 37.59700000 37.59700000 37.59700000 37.59700000 37.59700000 37.59700000 37.59700000 37.59700000 37.59700000 37.59700000 37.59700000 37.59700000 37.59700000 37.59700000 37.59700000 37.08500000 37.35600000 37.37000000 37.38500000 37.35300000 37.32200000 37.30800000 37.27900000 37.32800000
37.59700000 37.59700000 37.59700000 37.59700000 37.59700000 37.59700000 37.59700000 37.59700000 37.59700000 37.59700000 37.59700000 37.59700000 37.59700000 37.59700000 37.59700000 37.59700000 37.59700000 37.59700000 37.59700000 37.59700000 37.59700000 36.72200000 37.28500000 37.35400000 37.35900000 37.33900000 37.32600000 37.29400000 37.24500000 37.29700000
37.59700000 37.59700000 37.59700000 37.59700000 37.59700000 37.59700000 37.59700000 37.59700000 37.59700000 37.59700000 37.59700000 37.59700000 37.59700000 37.59700000 37.59700000 37.59700000 37.59700000 37.59700000 37.59700000 37.59700000 37.59700000 37.59700000 37.16500000 37.31100000 37.33000000 37.31500000 37.28600000 37.23600000 37.29200000 37.32600000
37.59700000 37.59700000 37.59700000 37.59700000 37.59700000 37.59700000 37.59700000 37.59700000 37.59700000 37.59700000 37.59700000 37.59700000 37.59700000 37.59700000 37.59700000 37.59700000 37.59700000 37.59700000 37.59700000 37.59700000 37.59700000 37.59700000 36.86900000 37.11700000 37.22300000 37.18400000 37.21800000 37.28500000 37.28300000 37.30900000
37.59700000 37.59700000 37.59700000 37.59700000 37.59700000 37.59700000 37.59700000 37.59700000 37.59700000 37.59700000 37.59700000 37.59700000 37.59700000 37.59700000 37.59700000 37.59700000 37.59700000 37.59700000 37.59700000 37.59700000 37.59700000 37.59700000 37.59700000 36.73200000 37.19300000 37.22600000 37.23800000 37.24800000 37.24900000 37.29000000
