36.99300000 36.97900000 36.93100000 36.96800000 37.15200000 37.22100000 37.24000000 37.23800000 37.19500000 37.18200000 37.11200000 36.99300000 36.87400000 36.67400000 36.77200000 36.88000000 37.01900000 37.00500000 37.07000000 37.04900000 37.00100000 36.97900000 36.85100000 36.54900000 36.55000000 36.29300000 36.56600000 36.56800000 36.53900000 36.57800000
36.98800000 36.85100000 36.95800000 37.15000000 37.18900000 37.17900000 37.18800000 37.18400000 37.15200000 37.08000000 36.97800000 36.86500000 36.51900000 36.85300000 36.86100000 37.05300000 37.01300000 37.08600000 37.05400000 37.02900000 36.98200000 36.89800000 36.79300000 36.65900000 36.63000000 37.08800000 37.07700000 37.07700000 37.03400000 37.01800000
36.96600000 36.87600000 36.92800000 37.09300000 37.13400000 37.10800000 37.06700000 37.03100000 36.97600000 36.89700000 36.69800000 36.45900000 36.84100000 36.89700000 36.92000000 37.11400000 36.97500000 37.05800000 37.02400000 36.93400000 36.86500000 36.75900000 37.05100000 37.22800000 37.03900000 37.05800000 37.01600000 36.96300000 36.90500000 36.85700000
36.49000000 37.00300000 36.94100000 36.92000000 37.03800000 37.03200000 36.96500000 36.62800000 36.62000000 36.72200000 36.84200000 36.93000000 36.89600000 36.90900000 36.97500000 37.06400000 36.96400000 36.99400000 36.90900000 36.75600000 37.05000000 37.25100000 37.26400000 37.26100000 37.27300000 37.06900000 37.01700000 36.94600000 36.93400000 36.85200000
35.85300000 36.98800000 37.04800000 37.13900000 36.84900000 36.97500000 36.70100000 36.53800000 36.64100000 36.94700000 36.93300000 36.92000000 36.92900000 36.94200000 37.02400000 37.04400000 36.92100000 36.90600000 36.83200000 37.23300000 37.24600000 37.20100000 37.16900000 37.17100000 37.20100000 37.25900000 37.27400000 36.81200000 36.63900000 36.63800000
35.55900000 36.56900000 36.82800000 36.96300000 37.24700000 37.05800000 36.88500000 36.82600000 36.82500000 36.82200000 36.83100000 36.84900000 36.87000000 36.92700000 37.04500000 37.09300000 36.78900000 36.97600000 37.20500000 37.23100000 37.17800000 37.08800000 37.00800000 37.05400000 37.15800000 37.22000000 37.31700000 37.27100000 36.65800000 36.62000000
35.60300000 36.31900000 36.61900000 36.70800000 37.02100000 37.30100000 36.94700000 36.92000000 36.93800000 36.93000000 37.03600000 37.01300000 36.99700000 37.02100000 37.04000000 37.15000000 36.89500000 37.15700000 37.21400000 37.20900000 37.12200000 37.01000000 36.98600000 37.09100000 37.17300000 37.26200000 37.41400000 37.37100000 37.26000000 36.68500000
35.64000000 36.15700000 36.56400000 36.36100000 36.53800000 37.06900000 37.36200000 37.20400000 36.92100000 36.91200000 36.96100000 36.97500000 37.01900000 37.03800000 37.03000000 37.12200000 37.09300000 37.12700000 37.17400000 37.18900000 37.17000000 37.14900000 37.16300000 37.19400000 37.39000000 37.44400000 37.46900000 37.45100000 37.28200000 37.30400000
35.36700000 35.35600000 35.72900000 36.13300000 36.60600000 36.33000000 36.89000000 37.31200000 37.37600000 37.38500000 36.96900000 36.95000000 36.97500000 37.07700000 37.07200000 37.17500000 37.22000000 37.19900000 37.20800000 37.25200000 37.18300000 37.20900000 37.36100000 37.36200000 37.36700000 37.38900000 37.44500000 37.46300000 37.29000000 37.26900000
35.17200000 35.57900000 35.58300000 35.87500000 36.15000000 36.22200000 36.27400000 37.19800000 37.31300000 37.40900000 37.35300000 37.00000000 36.97500000 36.94900000 37.00600000 37.16300000 37.24500000 37.22400000 37.03500000 37.33800000 37.38100000 37.32200000 37.34200000 37.41300000 37.43400000 37.43400000 37.46400000 37.34400000 37.28000000 37.23800000
34.83700000 35.26100000 35.62500000 35.52500000 35.63400000 36.02100000 35.82400000 36.35200000 37.15200000 37.11600000 37.18200000 37.36200000 37.03800000 37.00500000 36.98700000 37.03000000 37.06200000 37.33100000 37.35200000 37.38200000 37.31700000 37.28400000 37.39800000 37.29700000 37.34800000 37.35900000 37.32400000 37.28200000 37.27600000 37.19900000
37.59700000 37.59700000 37.59700000 35.24000000 35.33800000 35.66800000 35.69400000 35.66700000 36.37100000 37.15500000 36.82900000 37.01200000 37.04100000 37.23200000 37.30500000 37.30600000 37.31600000 37.23900000 37.26800000 37.36700000 37.22400000 37.34800000 37.26800000 37.27700000 37.35200000 37.33900000 37.28800000 37.33400000 37.22700000 37.16800000
37.59700000 37.59700000 37.59700000 37.59700000 35.22800000 35.46800000 35.50400000 35.56000000 35.69000000 36.41300000 36.90800000 36.51200000 36.36400000 36.74300000 36.48900000 36.42900000 37.13500000 37.11900000 37.28600000 37.36500000 37.20300000 37.27700000 37.25200000 37.23500000 37.32700000 37.39300000 37.35400000 37.33400000 37.26700000 37.20300000
37.59700000 37.59700000 37.59700000 37.59700000 37.59700000 37.59700000 35.39700000 35.51400000 35.62600000 35.74600000 36.06500000 36.16700000 36.17700000 36.23300000 36.21300000 36.23300000 36.41600000 36.96000000 37.15600000 37.41600000 37.37700000 37.20900000 37.21800000 37.19400000 37.30000000 37.38400000 37.46400000 37.32900000 37.39500000 37.22100000
37.59700000 37.59700000 37.59700000 37.59700000 37.59700000 37.59700000 37.59700000 37.59700000 37.59700000 37.59700000 37.59700000 37.59700000 35.89400000 36.17400000 36.16900000 36.05200000 36.24400000 36.96600000 36.98300000 37.33100000 37.42900000 37.42300000 37.37500000 37.38100000 37.34700000 37.38300000 37.41900000 37.48800000 37.33000000 37.38300000
37.59700000 37.59700000 37.59700000 37.59700000 37.59700000 37.59700000 37.59700000 37.59700000 37.59700000 37.59700000 37.59700000 37.59700000 37.59700000 37.59700000 37.59700000 36.00300000 36.26300000 36.79600000 36.99100000 36.96800000 37.34300000 37.42700000 37.41000000 37.39100000 37.32500000 37.36400000 37.42300000 37.48800000 37.52300000 37.53900000
37.59700000 37.59700000 37.59700000 37.59700000 37.59700000 37.59700000 37.59700000 37.59700000 37.59700000 37.59700000 37.59700000 37.59700000 37.59700000 37.59700000 37.59700000 37.59700000 35.95700000 36.18900000 36.71200000 37.01000000 37.09400000 37.36300000 37.41900000 37.38500000 37.31900000 37.36800000 37.38900000 37.38500000 37.44900000 37.56200000
37.59700000 37.59700000 37.59700000 37.59700000 37.59700000 37.59700000 37.59700000 37.59700000 37.59700000 37.59700000 37.59700000 37.59700000 37.59700000 37.59700000 37.59700000 37.59700000 37.59700000 37.59700000 36.18700000 36.99400000 36.73300000 37.34700000 37.42800000 37.36300000 37.33700000 37.35300000 37.38800000 37.33600000 37.35700000 37.47800000
37.59700000 37.59700000 37.59700000 37.59700000 37.59700000 37.59700000 37.59700000 37.59700000 37.59700000 37.59700000 37.59700000 37.59700000 37.59700000 37.59700000 37.59700000 37.59700000 37.59700000 37.59700000 37.59700000 36.90600000 36.76000000 37.35800000 37.42300000 37.31900000 37.39800000 37.39400000 37.36100000 37.35300000 37.34200000 37.39300000
37.59700000 37.59700000 37.59700000 37.59700000 37.59700000 37.59700000 37.59700000 37.59700000 37.59700000 37.59700000 37.59700000 37.59700000 37.59700000 37.59700000 37.59700000 37.59700000 37.59700000 37.59700000 37.59700000 36.95200000 36.90300000 37.36600000 37.37800000 37.35000000 37.41300000 37.40600000 37.43000000 37.35800000 37.34800000 37.40000000
37.59700000 37.59700000 37.59700000 37.59700000 37.59700000 37.59700000 37.59700000 37.59700000 37.59700000 37.59700000 37.59700000 37.59700000 37.59700000 37.59700000 37.59700000 37.59700000 37.59700000 37.59700000 37.59700000 36.89100000 36.77800000 37.37900000 37.31400000 37.40400000 37.39200000 37.40300000 37.41600000 37.41000000 37.37500000 37.34700000
37.59700000 37.59700000 37.59700000 37.59700000 37.59700000 37.59700000 37.59700000 37.59700000 37.59700000 37.59700000 37.59700000 37.59700000 37.59700000 37.59700000 37.59700000 37.59700000 37.59700000 37.59700000 37.59700000 36.49800000 36.74200000 37.32400000 37.38700000 37.41300000 37.39500000 37.39000000 37.37900000 37.33100000 37.33400000 37.37800000
37.59700000 37.59700000 37.59700000 37.59700000 37.59700000 37.59700000 37.59700000 37.59700000 37.59700000 37.59700000 37.59700000 37.59700000 37.59700000 37.59700000 37.59700000 37.59700000 37.59700000 37.59700000 37.59700000 37.59700000 36.68200000 37.10100000 37.35700000 37.37100000 37.38600000 37.35500000 37.32300000 37.30800000 37.27900000 37.32800000
37.59700000 37.59700000 37.59700000 37.59700000 37.59700000 37.59700000 37.59700000 37.59700000 37.59700000 37.59700000 37.59700000 37.59700000 37.59700000 37.59700000 37.59700000 37.59700000 37.59700000 37.59700000 37.59700000 37.59700000 37.59700000 36.73400000 37.28700000 37.35500000 37.36100000 37.34000000 37.32800000 37.29600000 37.24500000 37.30200000
37.59700000 37.59700000 37.59700000 37.59700000 37.59700000 37.59700000 37.59700000 37.59700000 37.59700000 37.59700000 37.59700000 37.59700000 37.59700000 37.59700000 37.59700000 37.59700000 37.59700000 37.59700000 37.59700000 37.59700000 37.59700000 36.53000000 37.16400000 37.31300000 37.33000000 37.31600000 37.28800000 37.23800000 37.29200000 37.32800000
37.59700000 37.59700000 37.59700000 37.59700000 37.59700000 37.59700000 37.59700000 37.59700000 37.59700000 37.59700000 37.59700000 37.59700000 37.59700000 37.59700000 37.59700000 37.59700000 37.59700000 37.59700000 37.59700000 37.59700000 37.59700000 37.59700000 36.86900000 37.11700000 37.22500000 37.18600000 37.21900000 37.28500000 37.28500000 37.30700000
37.59700000 37.59700000 37.59700000 37.59700000 37.59700000 37.59700000 37.59700000 37.59700000 37.59700000 37.59700000 37.59700000 37.59700000 37.59700000 37.59700000 37.59700000 37.59700000 37.59700000 37.59700000 37.59700000 37.59700000 37.59700000 37.59700000 37.59700000 36.73900000 37.19300000 37.22600000 37.23900000 37.24900000 37.25200000 37.29100000
36.99200000 36.97900000 36.93000000 36.96600000 37.15000000 37.22100000 37.24000000 37.23700000 37.19400000 37.18100000 37.11500000 36.99500000 36.87600000 36.67700000 36.77100000 36.87800000 37.01700000 37.00400000 37.06900000 37.04800000 37.00000000 36.98000000 36.83600000 36.54600000 36.55000000 36.29100000 36.56500000 36.56800000 36.53800000 36.57300000
36.98800000 36.85000000 36.95700000 37.14900000 37.18800000 37.17800000 37.18800000 37.18400000 37.15200000 37.08000000 36.97800000 36.86400000 36.51800000 36.85200000 36.86100000 37.05200000 37.01200000 37.08500000 37.05400000 37.02800000 36.98100000 36.89800000 36.79300000 36.65900000 36.62700000 37.08700000 37.07600000 37.07600000 37.03300000 37.01700000
36.96600000 36.87500000 36.92700000 37.09200000 37.13400000 37.10700000 37.06600000 37.03100000 36.97600000 36.89600000 36.69900000 36.45800000 36.83900000 36.89600000 36.91900000 37.11400000 36.97400000 37.05800000 37.02400000 36.93300000 36.86400000 36.75900000 37.04900000 37.22700000 37.03800000 37.05600000 37.01500000 36.96200000 36.90400000 36.85600000
36.61500000 37.00200000 36.94000000 36.92100000 37.03800000 37.03100000 36.96500000 36.63000000 36.61800000 36.72100000 36.84100000 36.92900000 36.89600000 36.90800000 36.97400000 37.06300000 36.96300000 36.99400000 36.90800000 36.75500000 37.04700000 37.25000000 37.26400000 37.26000000 37.27300000 37.06800000 37.01600000 36.94500000 36.93400000 36.85100000
36.26300000 36.98700000 37.04700000 37.13800000 36.84800000 36.94400000 36.70000000 36.53800000 36.63900000 36.94500000 36.93300000 36.91900000 36.92800000 36.94100000 37.02300000 37.04400000 36.92000000 36.90500000 36.83000000 37.23000000 37.24500000 37.20100000 37.16800000 37.17000000 37.20000000 37.25900000 37.27400000 36.81200000 36.63900000 36.63700000
35.72200000 36.76000000 36.82700000 36.96200000 37.24500000 37.05800000 36.88400000 36.82500000 36.82400000 36.82200000 36.83100000 36.84800000 36.87000000 36.92600000 37.04400000 37.09300000 36.78900000 36.97400000 37.20400000 37.22900000 37.17700000 37.08700000 37.00800000 37.05400000 37.15800000 37.21900000 37.31600000 37.27100000 36.65800000 36.61900000
35.65500000 36.32100000 36.61900000 36.70800000 37.02000000 37.30000000 36.94600000 36.91900000 36.93800000 36.92900000 37.03500000 37.01200000 36.99700000 37.02100000 37.03900000 37.14900000 36.89400000 37.15600000 37.21300000 37.20800000 37.12200000 37.00900000 36.98500000 37.09100000 37.17200000 37.26200000 37.41400000 37.37000000 37.25900000 36.69400000
35.68900000 36.15700000 36.56500000 36.36100000 36.53800000 37.06800000 37.36000000 37.20300000 36.92000000 36.91200000 36.96000000 36.97400000 37.01800000 37.03800000 37.03000000 37.12000000 37.09200000 37.12500000 37.17300000 37.18800000 37.16900000 37.14900000 37.16300000 37.19400000 37.38900000 37.44300000 37.46800000 37.45000000 37.28100000 37.30500000
35.93300000 35.82400000 35.91800000 36.14400000 36.60500000 36.33000000 36.88900000 37.31100000 37.37500000 37.38400000 36.96800000 36.94900000 36.97400000 37.07600000 37.07200000 37.17400000 37.21900000 37.19900000 37.20700000 37.25100000 37.18300000 37.20800000 37.36000000 37.36100000 37.36700000 37.38800000 37.44500000 37.46300000 37.28900000 37.26800000
36.06700000 36.07900000 35.91700000 36.19600000 36.19600000 36.22200000 36.30600000 37.19700000 37.31200000 37.40800000 37.35200000 36.99900000 36.97400000 36.94800000 37.00500000 37.16300000 37.24500000 37.22400000 37.03500000 37.33700000 37.38000000 37.32100000 37.34100000 37.41200000 37.43300000 37.43300000 37.46300000 37.34400000 37.27900000 37.23800000
35.70200000 37.59700000 35.84900000 35.81200000 36.29300000 36.28900000 35.86500000 36.41000000 37.15100000 37.11500000 37.18100000 37.36100000 37.03700000 37.00400000 36.98700000 37.03000000 37.06200000 37.33100000 37.35100000 37.38100000 37.31700000 37.28300000 37.39700000 37.29700000 37.34700000 37.35800000 37.32300000 37.28100000 37.27600000 37.19900000
37.59700000 37.59700000 37.59700000 37.59700000 35.76000000 36.24700000 36.27700000 35.79400000 36.39400000 37.15300000 36.82900000 37.01100000 37.04100000 37.23100000 37.30400000 37.30600000 37.31700000 37.23900000 37.26800000 37.36700000 37.22300000 37.34700000 37.26800000 37.27700000 37.35100000 37.33800000 37.28800000 37.33300000 37.22600000 37.16800000
37.59700000 37.59700000 37.59700000 37.59700000 37.59700000 35.76000000 35.77900000 36.03600000 36.10500000 36.43100000 36.90800000 36.51100000 36.41200000 36.74600000 36.49000000 36.43200000 37.13300000 37.11800000 37.28600000 37.36500000 37.20200000 37.27600000 37.25100000 37.23400000 37.32500000 37.39200000 37.35400000 37.33400000 37.26700000 37.20300000
37.59700000 37.59700000 37.59700000 37.59700000 37.59700000 37.59700000 37.59700000 35.76200000 35.76800000 35.87600000 36.33300000 36.23100000 36.35300000 36.20500000 36.42600000 36.24000000 36.42700000 36.96000000 37.15500000 37.41500000 37.37600000 37.20900000 37.21800000 37.19300000 37.29900000 37.38300000 37.46300000 37.32800000 37.39400000 37.22000000
37.59700000 37.59700000 37.59700000 37.59700000 37.59700000 37.59700000 37.59700000 37.59700000 37.59700000 37.59700000 37.59700000 37.59700000 37.59700000 37.59700000 37.59700000 36.25100000 36.24400000 36.96600000 36.96400000 37.33000000 37.42800000 37.42200000 37.37400000 37.38000000 37.34700000 37.38200000 37.41800000 37.48700000 37.32900000 37.38200000
37.59700000 37.59700000 37.59700000 37.59700000 37.59700000 37.59700000 37.59700000 37.59700000 37.59700000 37.59700000 37.59700000 37.59700000 37.59700000 37.59700000 37.59700000 37.59700000 36.28300000 36.79400000 36.98700000 36.96800000 37.34200000 37.42800000 37.41000000 37.39100000 37.32500000 37.36300000 37.42300000 37.48700000 37.52300000 37.53800000
37.59700000 37.59700000 37.59700000 37.59700000 37.59700000 37.59700000 37.59700000 37.59700000 37.59700000 37.59700000 37.59700000 37.59700000 37.59700000 37.59700000 37.59700000 37.59700000 37.59700000 36.29800000 36.75700000 36.80600000 37.08900000 37.36400000 37.42100000 37.38600000 37.32000000 37.36900000 37.38900000 37.38400000 37.44900000 37.56100000
37.59700000 37.59700000 37.59700000 37.59700000 37.59700000 37.59700000 37.59700000 37.59700000 37.59700000 37.59700000 37.59700000 37.59700000 37.59700000 37.59700000 37.59700000 37.59700000 37.59700000 37.59700000 37.59700000 36.81900000 36.70400000 37.34700000 37.42900000 37.36400000 37.33800000 37.35400000 37.38900000 37.33600000 37.35700000 37.47800000
37.59700000 37.59700000 37.59700000 37.59700000 37.59700000 37.59700000 37.59700000 37.59700000 37.59700000 37.59700000 37.59700000 37.59700000 37.59700000 37.59700000 37.59700000 37.59700000 37.59700000 37.59700000 37.59700000 37.59700000 36.75900000 37.35700000 37.42300000 37.32000000 37.39900000 37.39500000 37.36100000 37.35300000 37.34200000 37.39300000
37.59700000 37.59700000 37.59700000 37.59700000 37.59700000 37.59700000 37.59700000 37.59700000 37.59700000 37.59700000 37.59700000 37.59700000 37.59700000 37.59700000 37.59700000 37.59700000 37.59700000 37.59700000 37.59700000 37.59700000 36.84800000 37.36500000 37.37700000 37.34900000 37.41200000 37.40500000 37.43000000 37.35800000 37.34800000 37.40100000
37.59700000 37.59700000 37.59700000 37.59700000 37.59700000 37.59700000 37.59700000 37.59700000 37.59700000 37.59700000 37.59700000 37.59700000 37.59700000 37.59700000 37.59700000 37.59700000 37.59700000 37.59700000 37.59700000 37.59700000 36.51200000 37.37800000 37.31300000 37.40300000 37.39100000 37.40200000 37.41500000 37.41100000 37.37500000 37.34700000
37.59700000 37.59700000 37.59700000 37.59700000 37.59700000 37.59700000 37.59700000 37.59700000 37.59700000 37.59700000 37.59700000 37.59700000 37.59700000 37.59700000 37.59700000 37.59700000 37.59700000 37.59700000 37.59700000 37.59700000 36.54900000 37.32300000 37.38600000 37.41200000 37.39400000 37.38900000 37.37800000 37.33100000 37.33300000 37.37800000
37.59700000 37.59700000 37.59700000 37.59700000 37.59700000 37.59700000 37.59700000 37.59700000 37.59700000 37.59700000 37.59700000 37.59700000 37.59700000 37.59700000 37.59700000 37.59700000 37.59700000 37.59700000 37.59700000 37.59700000 37.59700000 37.09800000 37.35600000 37.37000000 37.38500000 37.35400000 37.32200000 37.30800000 37.27900000 37.32800000
37.59700000 37.59700000 37.59700000 37.59700000 37.59700000 37.59700000 37.59700000 37.59700000 37.59700000 37.59700000 37.59700000 37.59700000 37.59700000 37.59700000 37.59700000 37.59700000 37.59700000 37.59700000 37.59700000 37.59700000 37.59700000 36.72200000 37.28500000 37.35400000 37.36000000 37.33900000 37.32700000 37.29500000 37.24400000 37.30100000
37.59700000 37.59700000 37.59700000 37.59700000 37.59700000 37.59700000 37.59700000 37.59700000 37.59700000 37.59700000 37.59700000 37.59700000 37.59700000 37.59700000 37.59700000 37.59700000 37.59700000 37.59700000 37.59700000 37.59700000 37.59700000 37.59700000 37.16300000 37.31200000 37.33000000 37.31600000 37.28800000 37.23700000 37.29100000 37.32700000
37.59700000 37.59700000 37.59700000 37.59700000 37.59700000 37.59700000 37.59700000 37.59700000 37.59700000 37.59700000 37.59700000 37.59700000 37.59700000 37.59700000 37.59700000 37.59700000 37.59700000 37.59700000 37.59700000 37.59700000 37.59700000 37.59700000 36.86900000 37.11700000 37.22400000 37.18500000 37.21800000 37.28500000 37.28300000 37.30600000
37.59700000 37.59700000 37.59700000 37.59700000 37.59700000 37.59700000 37.59700000 37.59700000 37.59700000 37.59700000 37.59700000 37.59700000 37.59700000 37.59700000 37.59700000 37.59700000 37.59700000 37.59700000 37.59700000 37.59700000 37.59700000 37.59700000 37.59700000 36.73900000 37.19300000 37.22400000 37.23800000 37.24800000 37.25000000 37.29000000
