 25.22100000  25.13900000  25.19500000  24.68900000  25.19600000  25.14800000  25.27000000  25.27400000  25.17700000  25.05500000  25.15700000  25.16000000  24.88600000  24.14800000  24.33300000  24.98100000  25.31900000  25.12900000  25.08400000  25.08500000  25.09500000  24.92400000  24.70000000  24.09800000  24.04900000  23.57800000  23.96200000  24.11800000  24.25900000  24.49100000
 25.09100000  25.06300000  24.91500000  25.05000000  25.15000000  25.12400000  25.03400000  25.00700000  25.03800000  25.10600000  25.09100000  24.78500000  23.86300000  24.47800000  24.62800000  25.27400000  25.00400000  25.00200000  25.02300000  25.02700000  24.93100000  24.82700000  24.54400000  24.11000000  24.00500000  25.11800000  25.13200000  25.13900000  24.88000000  24.76400000
 25.12700000  25.05200000  25.15700000  24.92000000  25.03500000  25.06000000  25.05700000  25.05700000  25.00700000  24.82800000  24.13100000  23.76500000  24.41000000  24.67300000  25.07200000  25.29900000  24.98200000  25.00400000  24.95800000  24.79100000  24.68100000  24.33700000  25.14100000  25.49200000  25.15300000  25.10300000  24.96200000  24.81000000  24.76800000  24.84900000
 24.33700000  25.01400000  25.14400000  25.10800000  24.81500000  24.86200000  24.73400000  24.02500000  23.97600000  24.12100000  24.33200000  24.59800000  24.70400000  24.98900000  25.34100000  25.21300000  24.95900000  24.88400000  24.71400000  24.34000000  25.10700000  25.45000000  25.49200000  25.55000000  25.55200000  25.20400000  25.05700000  24.97800000  25.01700000  25.07900000
 23.76200000  24.70100000  24.98400000  25.31600000  25.10900000  25.02900000  24.13200000  23.85200000  23.98100000  24.66500000  24.82500000  24.89700000  25.06500000  25.28800000  25.50200000  25.20800000  24.86000000  24.71000000  24.63100000  25.44000000  25.37800000  25.28200000  25.13900000  25.16300000  25.39000000  25.73800000  25.50000000  24.87400000  24.78100000  24.97700000
 23.57300000  23.99000000  24.32400000  24.77300000  25.56600000  25.43100000  25.21200000  25.14700000  25.15000000  25.15100000  25.17300000  25.18500000  25.20200000  25.30400000  25.55400000  25.30900000  24.58600000  24.96100000  25.38700000  25.30000000  25.15300000  24.92300000  24.79100000  24.90200000  25.12800000  25.60700000  25.99700000  25.57500000  24.71700000  24.96100000
 23.47800000  24.05700000  24.04900000  24.13300000  24.88300000  25.82000000  25.35900000  25.34600000  25.38900000  25.35800000  25.48400000  25.46600000  25.38600000  25.38900000  25.52300000  25.43300000  24.77900000  25.35500000  25.31300000  25.26700000  24.99400000  24.76900000  24.67100000  24.98100000  25.31000000  25.90700000  26.31700000  26.07800000  25.67500000  25.03200000
 23.06800000  23.48400000  23.99000000  23.53100000  24.07400000  24.90300000  25.88400000  25.76300000  25.36100000  25.38000000  25.47700000  25.46200000  25.46800000  25.46300000  25.48800000  25.46500000  25.19400000  25.24500000  25.34500000  25.21100000  25.18600000  25.13400000  25.17700000  25.62000000  26.14900000  26.27600000  26.41300000  26.32300000  25.65100000  25.73000000
 22.48100000  23.04700000  23.22900000  23.10100000  23.76300000  23.86100000  24.39400000  25.77900000  26.07700000  26.13600000  25.38400000  25.41500000  25.44300000  25.58100000  25.59200000  25.53100000  25.50800000  25.44400000  25.48500000  25.60400000  25.60400000  25.86600000  25.99600000  25.95200000  25.96100000  26.00800000  26.22900000  26.30100000  25.74300000  25.90800000
 22.82200000  21.96000000  22.41600000  22.92500000  23.12300000  23.44200000  23.73700000  25.23600000  25.75800000  26.19100000  26.14600000  25.42600000  25.35900000  25.47700000  25.44600000  25.53100000  25.63500000  25.61800000  25.51100000  26.16300000  26.39500000  26.03200000  25.92200000  26.15200000  26.24200000  26.16600000  26.29200000  25.98600000  25.70900000  25.89900000
 23.42300000  21.83000000  20.62900000  22.56200000  22.77800000  23.05900000  23.08400000  23.67400000  25.01900000  25.06900000  25.43900000  26.04200000  25.51500000  25.39700000  25.43800000  25.42500000  25.46100000  26.08000000  26.25500000  26.43400000  26.07300000  25.78900000  26.14700000  26.07700000  26.08300000  26.05500000  25.82000000  25.71700000  25.91500000  25.95800000
 27.83300000  27.83300000  27.83300000  23.34200000  22.97700000  22.79500000  22.81400000  22.89500000  23.58500000  24.94600000  24.32100000  24.72800000  24.99400000  25.65900000  25.91100000  25.94300000  25.99300000  25.79500000  26.10900000  26.44600000  25.71200000  26.04100000  25.95900000  26.14900000  26.33000000  26.08700000  25.79300000  25.98900000  25.91800000  25.94000000
 27.83300000  27.83300000  27.83300000  27.83300000  23.32700000  22.80500000  22.93300000  22.75700000  22.97300000  23.49600000  24.34500000  23.67500000  23.52000000  24.06600000  23.98900000  24.25300000  25.09800000  25.27500000  26.19700000  26.41400000  25.74300000  25.90100000  26.02300000  25.96000000  26.10800000  26.50100000  26.16400000  26.04200000  25.95600000  26.05600000
 27.83300000  27.83300000  27.83300000  27.83300000  27.83300000  27.83300000  23.67600000  22.78900000  22.65700000  22.83200000  22.91800000  22.67900000  22.70700000  23.29900000  23.49000000  23.79600000  24.40900000  24.76700000  25.88100000  26.41100000  26.45300000  25.81500000  25.94100000  25.91300000  26.07300000  26.56500000  26.61300000  26.03300000  26.19400000  26.00200000
 27.83300000  27.83300000  27.83300000  27.83300000  27.83300000  27.83300000  27.83300000  27.83300000  27.83300000  27.83300000  27.83300000  27.83300000  22.75500000  22.37100000  21.65300000  23.44600000  24.41500000  24.85000000  24.73100000  26.38500000  26.45300000  26.48300000  26.47400000  26.49800000  26.27700000  26.68500000  26.61400000  26.64700000  26.06300000  26.08300000
 27.83300000  27.83300000  27.83300000  27.83300000  27.83300000  27.83300000  27.83300000  27.83300000  27.83300000  27.83300000  27.83300000  27.83300000  27.83300000  27.83300000  27.83300000  23.39500000  24.09800000  24.67600000  24.55500000  24.93000000  26.46900000  26.49400000  26.59500000  26.44600000  26.59600000  26.76400000  26.62900000  26.67000000  26.70000000  26.71000000
 27.83300000  27.83300000  27.83300000  27.83300000  27.83300000  27.83300000  27.83300000  27.83300000  27.83300000  27.83300000  27.83300000  27.83300000  27.83300000  27.83300000  27.83300000  27.83300000  23.56700000  22.80500000  24.48800000  24.91700000  25.68300000  26.44000000  26.56900000  26.37100000  26.73700000  26.83200000  26.75100000  26.70200000  26.75600000  26.88600000
 27.83300000  27.83300000  27.83300000  27.83300000  27.83300000  27.83300000  27.83300000  27.83300000  27.83300000  27.83300000  27.83300000  27.83300000  27.83300000  27.83300000  27.83300000  27.83300000  27.83300000  27.83300000  24.29500000  24.92500000  24.01900000  26.56400000  26.45600000  26.49800000  26.76600000  26.79200000  26.84000000  26.72900000  26.80300000  26.88300000
 27.83300000  27.83300000  27.83300000  27.83300000  27.83300000  27.83300000  27.83300000  27.83300000  27.83300000  27.83300000  27.83300000  27.83300000  27.83300000  27.83300000  27.83300000  27.83300000  27.83300000  27.83300000  27.83300000  25.27800000  24.53800000  26.61100000  26.45800000  26.64600000  26.86500000  26.80900000  26.77500000  26.79700000  26.82400000  26.92900000
 27.83300000  27.83300000  27.83300000  27.83300000  27.83300000  27.83300000  27.83300000  27.83300000  27.83300000  27.83300000  27.83300000  27.83300000  27.83300000  27.83300000  27.83300000  27.83300000  27.83300000  27.83300000  27.83300000  25.06300000  24.76100000  26.68700000  26.49800000  26.76100000  26.87300000  26.80200000  26.91700000  26.80700000  26.86600000  26.99700000
 27.83300000  27.83300000  27.83300000  27.83300000  27.83300000  27.83300000  27.83300000  27.83300000  27.83300000  27.83300000  27.83300000  27.83300000  27.83300000  27.83300000  27.83300000  27.83300000  27.83300000  27.83300000  27.83300000  25.08600000  24.59700000  26.72700000  26.59800000  26.87900000  26.75800000  26.78800000  26.89700000  26.92400000  26.98000000  26.97300000
 27.83300000  27.83300000  27.83300000  27.83300000  27.83300000  27.83300000  27.83300000  27.83300000  27.83300000  27.83300000  27.83300000  27.83300000  27.83300000  27.83300000  27.83300000  27.83300000  27.83300000  27.83300000  27.83300000  24.73700000  24.48800000  26.56700000  26.81200000  26.91000000  26.71100000  26.85100000  26.84400000  26.78700000  26.89700000  27.12400000
 27.83300000  27.83300000  27.83300000  27.83300000  27.83300000  27.83300000  27.83300000  27.83300000  27.83300000  27.83300000  27.83300000  27.83300000  27.83300000  27.83300000  27.83300000  27.83300000  27.83300000  27.83300000  27.83300000  27.83300000  25.01800000  25.89700000  26.68800000  26.76600000  26.72700000  26.81200000  26.73100000  26.52300000  26.49900000  27.02600000
 27.83300000  27.83300000  27.83300000  27.83300000  27.83300000  27.83300000  27.83300000  27.83300000  27.83300000  27.83300000  27.83300000  27.83300000  27.83300000  27.83300000  27.83300000  27.83300000  27.83300000  27.83300000  27.83300000  27.83300000  27.83300000  24.99900000  26.50600000  26.68100000  26.70800000  26.74600000  26.64900000  26.48500000  26.34300000  26.98600000
 27.83300000  27.83300000  27.83300000  27.83300000  27.83300000  27.83300000  27.83300000  27.83300000  27.83300000  27.83300000  27.83300000  27.83300000  27.83300000  27.83300000  27.83300000  27.83300000  27.83300000  27.83300000  27.83300000  27.83300000  27.83300000  24.83200000  26.18100000  26.59600000  26.61200000  26.53700000  26.47700000  26.40600000  26.76100000  27.13800000
 27.83300000  27.83300000  27.83300000  27.83300000  27.83300000  27.83300000  27.83300000  27.83300000  27.83300000  27.83300000  27.83300000  27.83300000  27.83300000  27.83300000  27.83300000  27.83300000  27.83300000  27.83300000  27.83300000  27.83300000  27.83300000  27.83300000  25.76500000  26.12400000  26.34400000  26.26800000  26.47100000  26.61900000  26.89900000  27.18000000
 27.83300000  27.83300000  27.83300000  27.83300000  27.83300000  27.83300000  27.83300000  27.83300000  27.83300000  27.83300000  27.83300000  27.83300000  27.83300000  27.83300000  27.83300000  27.83300000  27.83300000  27.83300000  27.83300000  27.83300000  27.83300000  27.83300000  27.83300000  25.77200000  26.32000000  26.47200000  26.45200000  26.61400000  26.65800000  27.15300000
 25.23700000  25.14400000  25.21400000  24.70200000  25.21100000  25.16600000  25.27800000  25.29100000  25.18000000  25.10400000  25.17600000  25.17600000  24.90700000  24.16800000  24.34800000  24.99200000  25.33300000  25.16200000  25.11500000  25.09900000  25.11300000  24.98900000  24.75300000  24.10500000  24.06100000  23.59500000  23.97300000  24.12900000  24.27400000  24.49400000
 25.09600000  25.07800000  24.93500000  25.06800000  25.16800000  25.14100000  25.05100000  25.02300000  25.05200000  25.12200000  25.10800000  24.80400000  23.87700000  24.49400000  24.64300000  25.29400000  25.02200000  25.02000000  25.04100000  25.04700000  24.94900000  24.84500000  24.56500000  24.12600000  24.01500000  25.13500000  25.14800000  25.15500000  24.89800000  24.78200000
 25.14600000  25.06900000  25.17400000  24.93800000  25.05300000  25.07700000  25.07400000  25.07400000  25.02500000  24.84800000  24.15000000  23.77900000  24.42000000  24.68800000  25.08600000  25.31800000  25.00000000  25.01700000  24.97900000  24.80800000  24.70200000  24.35700000  25.16100000  25.51200000  25.16800000  25.12100000  24.98000000  24.82500000  24.78300000  24.86600000
 24.43900000  25.03100000  25.15700000  25.12500000  24.83400000  24.87900000  24.75200000  24.04200000  23.99200000  24.13700000  24.34600000  24.61200000  24.71900000  25.00400000  25.35700000  25.23100000  24.97600000  24.90200000  24.73400000  24.35500000  25.12000000  25.46900000  25.51100000  25.56900000  25.57200000  25.21900000  25.07400000  24.99400000  25.03300000  25.09500000
 24.25700000  24.72100000  25.00600000  25.33300000  25.12400000  24.93100000  24.14900000  23.86700000  23.99700000  24.67600000  24.83900000  24.91100000  25.07900000  25.30500000  25.52000000  25.22800000  24.87800000  24.72700000  24.64500000  25.45500000  25.39400000  25.30100000  25.15600000  25.17900000  25.40700000  25.75600000  25.51800000  24.89000000  24.79700000  24.99600000
 23.66700000  24.23300000  24.34500000  24.79500000  25.58400000  25.44900000  25.22500000  25.16100000  25.16700000  25.16900000  25.19200000  25.20100000  25.21700000  25.32000000  25.57100000  25.32500000  24.60300000  24.97500000  25.40600000  25.31700000  25.17000000  24.93900000  24.80800000  24.91900000  25.14200000  25.62200000  26.01400000  25.59100000  24.73300000  24.97900000
 23.47100000  24.08600000  24.07000000  24.15300000  24.90100000  25.83700000  25.37500000  25.36400000  25.40700000  25.37500000  25.50300000  25.48300000  25.40400000  25.40600000  25.54000000  25.45400000  24.79500000  25.37200000  25.33200000  25.28500000  25.01100000  24.78600000  24.68700000  24.99800000  25.32400000  25.92400000  26.33700000  26.09900000  25.69200000  25.05600000
 22.97200000  23.50500000  24.01300000  23.55100000  24.09300000  24.91900000  25.90200000  25.78200000  25.38000000  25.39800000  25.49400000  25.47900000  25.48500000  25.48000000  25.50400000  25.48500000  25.20900000  25.25900000  25.36100000  25.22800000  25.20300000  25.15100000  25.19400000  25.63400000  26.16400000  26.29500000  26.43300000  26.34400000  25.67100000  25.75600000
 22.02500000  23.26400000  23.39800000  23.13100000  23.78200000  23.88000000  24.41000000  25.79900000  26.09700000  26.15600000  25.40200000  25.43200000  25.45900000  25.59800000  25.60900000  25.55000000  25.52500000  25.46000000  25.50100000  25.61900000  25.62000000  25.88000000  26.01600000  25.97000000  25.98000000  26.02800000  26.24900000  26.32000000  25.76400000  25.92600000
 20.10100000  20.44100000  17.96600000  21.72400000  23.17600000  23.46100000  23.81400000  25.25400000  25.77900000  26.21200000  26.16600000  25.44200000  25.37300000  25.49700000  25.46500000  25.54800000  25.65200000  25.63600000  25.52600000  26.18000000  26.41300000  26.05200000  25.93900000  26.16900000  26.26400000  26.18800000  26.31300000  26.00700000  25.72500000  25.91500000
 20.09900000  27.83300000  18.00600000  17.70800000  21.18100000  22.93500000  23.16400000  23.79000000  25.04100000  25.09100000  25.45800000  26.06300000  25.53500000  25.41500000  25.45800000  25.44400000  25.48100000  26.09700000  26.27200000  26.45200000  26.09100000  25.80400000  26.16400000  26.08800000  26.10100000  26.07500000  25.84000000  25.73500000  25.93400000  25.97600000
 27.83300000  27.83300000  27.83300000  27.83300000  19.16700000  21.08400000  22.12000000  22.22900000  23.65200000  24.96900000  24.34500000  24.74900000  25.01300000  25.67600000  25.93100000  25.96500000  26.02000000  25.81300000  26.12600000  26.46500000  25.73000000  26.05400000  25.96900000  26.16700000  26.34800000  26.11000000  25.81400000  26.00800000  25.93600000  25.95400000
 27.83300000  27.83300000  27.83300000  27.83300000  27.83300000  18.18900000  20.22900000  20.00400000  21.58900000  23.54900000  24.36700000  23.69500000  23.64300000  24.09600000  24.00800000  24.28100000  25.12300000  25.29400000  26.21500000  26.43200000  25.76000000  25.91600000  26.03600000  25.97900000  26.12400000  26.52000000  26.18800000  26.06000000  25.97400000  26.07500000
 27.83300000  27.83300000  27.83300000  27.83300000  27.83300000  27.83300000  27.83300000  18.42000000  17.58600000  18.87700000  22.34800000  22.67800000  21.38500000  21.99600000  22.52300000  23.82300000  24.45300000  24.78700000  25.89800000  26.43500000  26.47300000  25.83100000  25.95600000  25.93000000  26.09100000  26.58300000  26.63200000  26.05200000  26.21100000  26.01600000
 27.83300000  27.83300000  27.83300000  27.83300000  27.83300000  27.83300000  27.83300000  27.83300000  27.83300000  27.83300000  27.83300000  27.83300000  27.83300000  27.83300000  27.83300000  20.44000000  24.41200000  24.87900000  24.69600000  26.41000000  26.47600000  26.50200000  26.48900000  26.51300000  26.28900000  26.70200000  26.63200000  26.66600000  26.08300000  26.10300000
 27.83300000  27.83300000  27.83300000  27.83300000  27.83300000  27.83300000  27.83300000  27.83300000  27.83300000  27.83300000  27.83300000  27.83300000  27.83300000  27.83300000  27.83300000  27.83300000  23.55600000  24.70400000  24.57100000  24.94500000  26.49400000  26.51200000  26.61200000  26.46600000  26.60900000  26.78200000  26.64600000  26.68800000  26.71800000  26.73300000
 27.83300000  27.83300000  27.83300000  27.83300000  27.83300000  27.83300000  27.83300000  27.83300000  27.83300000  27.83300000  27.83300000  27.83300000  27.83300000  27.83300000  27.83300000  27.83300000  27.83300000  20.55800000  23.80600000  23.71200000  25.68700000  26.46700000  26.58800000  26.38900000  26.75700000  26.85100000  26.77000000  26.72100000  26.77100000  26.90500000
 27.83300000  27.83300000  27.83300000  27.83300000  27.83300000  27.83300000  27.83300000  27.83300000  27.83300000  27.83300000  27.83300000  27.83300000  27.83300000  27.83300000  27.83300000  27.83300000  27.83300000  27.83300000  27.83300000  24.25300000  23.91300000  26.59000000  26.47200000  26.51100000  26.78500000  26.81100000  26.85900000  26.74900000  26.82400000  26.90600000
 27.83300000  27.83300000  27.83300000  27.83300000  27.83300000  27.83300000  27.83300000  27.83300000  27.83300000  27.83300000  27.83300000  27.83300000  27.83300000  27.83300000  27.83300000  27.83300000  27.83300000  27.83300000  27.83300000  27.83300000  24.56400000  26.63900000  26.47100000  26.66000000  26.88500000  26.82900000  26.79300000  26.81700000  26.84400000  26.94700000
 27.83300000  27.83300000  27.83300000  27.83300000  27.83300000  27.83300000  27.83300000  27.83300000  27.83300000  27.83300000  27.83300000  27.83300000  27.83300000  27.83300000  27.83300000  27.83300000  27.83300000  27.83300000  27.83300000  27.83300000  24.42600000  26.71000000  26.52300000  26.78200000  26.89800000  26.82200000  26.93600000  26.82900000  26.88500000  27.01400000
 27.83300000  27.83300000  27.83300000  27.83300000  27.83300000  27.83300000  27.83300000  27.83300000  27.83300000  27.83300000  27.83300000  27.83300000  27.83300000  27.83300000  27.83300000  27.83300000  27.83300000  27.83300000  27.83300000  27.83300000  21.81400000  26.73900000  26.61800000  26.90100000  26.78100000  26.80500000  26.91700000  26.94700000  26.99700000  26.99100000
 27.83300000  27.83300000  27.83300000  27.83300000  27.83300000  27.83300000  27.83300000  27.83300000  27.83300000  27.83300000  27.83300000  27.83300000  27.83300000  27.83300000  27.83300000  27.83300000  27.83300000  27.83300000  27.83300000  27.83300000  23.04900000  26.58900000  26.83400000  26.93100000  26.73100000  26.86900000  26.86700000  26.80600000  26.91300000  27.13700000
 27.83300000  27.83300000  27.83300000  27.83300000  27.83300000  27.83300000  27.83300000  27.83300000  27.83300000  27.83300000  27.83300000  27.83300000  27.83300000  27.83300000  27.83300000  27.83300000  27.83300000  27.83300000  27.83300000  27.83300000  27.83300000  25.92800000  26.70600000  26.78600000  26.74400000  26.82900000  26.74700000  26.53800000  26.51400000  27.03500000
 27.83300000  27.83300000  27.83300000  27.83300000  27.83300000  27.83300000  27.83300000  27.83300000  27.83300000  27.83300000  27.83300000  27.83300000  27.83300000  27.83300000  27.83300000  27.83300000  27.83300000  27.83300000  27.83300000  27.83300000  27.83300000  24.98100000  26.52600000  26.69700000  26.72100000  26.76500000  26.66800000  26.50500000  26.35500000  27.00100000
 27.83300000  27.83300000  27.83300000  27.83300000  27.83300000  27.83300000  27.83300000  27.83300000  27.83300000  27.83300000  27.83300000  27.83300000  27.83300000  27.83300000  27.83300000  27.83300000  27.83300000  27.83300000  27.83300000  27.83300000  27.83300000  27.83300000  26.20400000  26.61200000  26.63000000  26.55400000  26.49400000  26.42400000  26.77300000  27.15800000
 27.83300000  27.83300000  27.83300000  27.83300000  27.83300000  27.83300000  27.83300000  27.83300000  27.83300000  27.83300000  27.83300000  27.83300000  27.83300000  27.83300000  27.83300000  27.83300000  27.83300000  27.83300000  27.83300000  27.83300000  27.83300000  27.83300000  25.80000000  26.14100000  26.36100000  26.28600000  26.48900000  26.63500000  26.92900000  27.20100000
 27.83300000  27.83300000  27.83300000  27.83300000  27.83300000  27.83300000  27.83300000  27.83300000  27.83300000  27.83300000  27.83300000  27.83300000  27.83300000  27.83300000  27.83300000  27.83300000  27.83300000  27.83300000  27.83300000  27.83300000  27.83300000  27.83300000  27.83300000  25.81000000  26.34200000  26.48900000  26.47100000  26.63300000  26.69400000  27.17600000
