36.99300000 36.97600000 36.93000000 36.97400000 37.15700000 37.22000000 37.23900000 37.23800000 37.19400000 37.18100000 37.11200000 36.99300000 36.87400000 36.67600000 36.77400000 36.88000000 37.02100000 37.00500000 37.07000000 37.04900000 37.00000000 36.97900000 36.85100000 36.54700000 36.55100000 36.29300000 36.56600000 36.57100000 36.54100000 36.58300000
36.98200000 36.85000000 36.95900000 37.15000000 37.18900000 37.17900000 37.18900000 37.18400000 37.15100000 37.08000000 36.97700000 36.86400000 36.52200000 36.85700000 36.86300000 37.05600000 37.01100000 37.08700000 37.05400000 37.02900000 36.98200000 36.89700000 36.79500000 36.66100000 36.62800000 37.09200000 37.07600000 37.07800000 37.03100000 37.01300000
36.96400000 36.87700000 36.92900000 37.09700000 37.13300000 37.10500000 37.06600000 37.03100000 36.97600000 36.89500000 36.69400000 36.45900000 36.84600000 36.89700000 36.92200000 37.11400000 36.97600000 37.05900000 37.02300000 36.93200000 36.86400000 36.75600000 37.06100000 37.22600000 37.03600000 37.05800000 37.01400000 36.96500000 36.90500000 36.85700000
36.48300000 37.00500000 36.94500000 36.91900000 37.03700000 37.03200000 36.96500000 36.62800000 36.62100000 36.72200000 36.84100000 36.93000000 36.89700000 36.91000000 36.97600000 37.06300000 36.96600000 36.99400000 36.90700000 36.75400000 37.05900000 37.25100000 37.26300000 37.26000000 37.27400000 37.07300000 37.01500000 36.94200000 36.93200000 36.85100000
35.85600000 36.99200000 37.05000000 37.14200000 36.85300000 36.97300000 36.70200000 36.53800000 36.63900000 36.94500000 36.93400000 36.92000000 36.92900000 36.94100000 37.02400000 37.04200000 36.92200000 36.90500000 36.83800000 37.23000000 37.24600000 37.19900000 37.16600000 37.16900000 37.20000000 37.25900000 37.27600000 36.81200000 36.63800000 36.63800000
35.56600000 36.62200000 36.82900000 36.95900000 37.25100000 37.06100000 36.88800000 36.82600000 36.82500000 36.82200000 36.83100000 36.84800000 36.87000000 36.92500000 37.04500000 37.08900000 36.78900000 36.97900000 37.20600000 37.23100000 37.17600000 37.08500000 37.00700000 37.05400000 37.15800000 37.21900000 37.31800000 37.27200000 36.65900000 36.62100000
35.62300000 36.34500000 36.61200000 36.70500000 37.02300000 37.30100000 36.94600000 36.92100000 36.93900000 36.93000000 37.03600000 37.01300000 36.99800000 37.02200000 37.04000000 37.15100000 36.89200000 37.15800000 37.21400000 37.20900000 37.12300000 37.01000000 36.98800000 37.09300000 37.17300000 37.26600000 37.41700000 37.37200000 37.26000000 36.68700000
35.63900000 36.15800000 36.56200000 36.35700000 36.53400000 37.06500000 37.36300000 37.20700000 36.92200000 36.91200000 36.96100000 36.97400000 37.01900000 37.03700000 37.03100000 37.12400000 37.08900000 37.12600000 37.17400000 37.18900000 37.17100000 37.15100000 37.16300000 37.19500000 37.39500000 37.44200000 37.46800000 37.45100000 37.28200000 37.30600000
35.36800000 35.36300000 35.73800000 36.12700000 36.60800000 36.32900000 36.91400000 37.31400000 37.37700000 37.38500000 36.96600000 36.95100000 36.97900000 37.07700000 37.07200000 37.17600000 37.21900000 37.19900000 37.20800000 37.25200000 37.18000000 37.21500000 37.35600000 37.36000000 37.36700000 37.38800000 37.44500000 37.46400000 37.29000000 37.26900000
35.17500000 35.58500000 35.58000000 35.87100000 36.15700000 36.21800000 36.30000000 37.20500000 37.31500000 37.40900000 37.34700000 36.99400000 36.97500000 36.94900000 37.00800000 37.16700000 37.24600000 37.22500000 37.03600000 37.33800000 37.38100000 37.32300000 37.34300000 37.41300000 37.43500000 37.43500000 37.46400000 37.34500000 37.28000000 37.23800000
34.84100000 35.26900000 35.64000000 35.52800000 35.63200000 36.02400000 35.81000000 36.38200000 37.16300000 37.11700000 37.17600000 37.36300000 37.02700000 37.00400000 36.98700000 37.03100000 37.06300000 37.33100000 37.35100000 37.38100000 37.31800000 37.28400000 37.39600000 37.30000000 37.34700000 37.35900000 37.32400000 37.28300000 37.27600000 37.19900000
37.59700000 37.59700000 37.59700000 35.24600000 35.34600000 35.67100000 35.69600000 35.66100000 36.40300000 37.15100000 36.81600000 37.01300000 37.02800000 37.23800000 37.30800000 37.30700000 37.31500000 37.24000000 37.26800000 37.36800000 37.22400000 37.34800000 37.26800000 37.27800000 37.35300000 37.33900000 37.28700000 37.33600000 37.22700000 37.16800000
37.59700000 37.59700000 37.59700000 37.59700000 35.23300000 35.48100000 35.51200000 35.56300000 35.72100000 36.42600000 36.90000000 36.49900000 36.36500000 36.75100000 36.47400000 36.45000000 37.14100000 37.11400000 37.28700000 37.36600000 37.20400000 37.27800000 37.25200000 37.23600000 37.32700000 37.39400000 37.35200000 37.33300000 37.26200000 37.20200000
37.59700000 37.59700000 37.59700000 37.59700000 37.59700000 37.59700000 35.40100000 35.52000000 35.62900000 35.75700000 36.05400000 36.16600000 36.16700000 36.23700000 36.21700000 36.22400000 36.42300000 36.94900000 37.15300000 37.41700000 37.37700000 37.21000000 37.21900000 37.19400000 37.30100000 37.38500000 37.46400000 37.32700000 37.39500000 37.22000000
37.59700000 37.59700000 37.59700000 37.59700000 37.59700000 37.59700000 37.59700000 37.59700000 37.59700000 37.59700000 37.59700000 37.59700000 35.90000000 36.17700000 36.16600000 36.05500000 36.25400000 36.96900000 36.98600000 37.33100000 37.42900000 37.42300000 37.37500000 37.38200000 37.34800000 37.38300000 37.42000000 37.48800000 37.32800000 37.38600000
37.59700000 37.59700000 37.59700000 37.59700000 37.59700000 37.59700000 37.59700000 37.59700000 37.59700000 37.59700000 37.59700000 37.59700000 37.59700000 37.59700000 37.59700000 36.00400000 36.27800000 36.79900000 36.99600000 36.96100000 37.34700000 37.42700000 37.41000000 37.39000000 37.32500000 37.36400000 37.42400000 37.48800000 37.52300000 37.53900000
37.59700000 37.59700000 37.59700000 37.59700000 37.59700000 37.59700000 37.59700000 37.59700000 37.59700000 37.59700000 37.59700000 37.59700000 37.59700000 37.59700000 37.59700000 37.59700000 35.96000000 36.19100000 36.70200000 37.00900000 37.11900000 37.36700000 37.42000000 37.38500000 37.32000000 37.36900000 37.38900000 37.38900000 37.44700000 37.56200000
37.59700000 37.59700000 37.59700000 37.59700000 37.59700000 37.59700000 37.59700000 37.59700000 37.59700000 37.59700000 37.59700000 37.59700000 37.59700000 37.59700000 37.59700000 37.59700000 37.59700000 37.59700000 36.18700000 37.00000000 36.72900000 37.34600000 37.42800000 37.36100000 37.33700000 37.35400000 37.38900000 37.33600000 37.35900000 37.47900000
37.59700000 37.59700000 37.59700000 37.59700000 37.59700000 37.59700000 37.59700000 37.59700000 37.59700000 37.59700000 37.59700000 37.59700000 37.59700000 37.59700000 37.59700000 37.59700000 37.59700000 37.59700000 37.59700000 36.91100000 36.76200000 37.35900000 37.42300000 37.31900000 37.40000000 37.39300000 37.36100000 37.35200000 37.34300000 37.39300000
37.59700000 37.59700000 37.59700000 37.59700000 37.59700000 37.59700000 37.59700000 37.59700000 37.59700000 37.59700000 37.59700000 37.59700000 37.59700000 37.59700000 37.59700000 37.59700000 37.59700000 37.59700000 37.59700000 36.94600000 36.89500000 37.36800000 37.37600000 37.35300000 37.41200000 37.40600000 37.42800000 37.35800000 37.34700000 37.40100000
37.59700000 37.59700000 37.59700000 37.59700000 37.59700000 37.59700000 37.59700000 37.59700000 37.59700000 37.59700000 37.59700000 37.59700000 37.59700000 37.59700000 37.59700000 37.59700000 37.59700000 37.59700000 37.59700000 36.89100000 36.78000000 37.37900000 37.31400000 37.40600000 37.39200000 37.40300000 37.41600000 37.40800000 37.37400000 37.34700000
37.59700000 37.59700000 37.59700000 37.59700000 37.59700000 37.59700000 37.59700000 37.59700000 37.59700000 37.59700000 37.59700000 37.59700000 37.59700000 37.59700000 37.59700000 37.59700000 37.59700000 37.59700000 37.59700000 36.50400000 36.74700000 37.32400000 37.38800000 37.41200000 37.39600000 37.39000000 37.38000000 37.33000000 37.33400000 37.37700000
37.59700000 37.59700000 37.59700000 37.59700000 37.59700000 37.59700000 37.59700000 37.59700000 37.59700000 37.59700000 37.59700000 37.59700000 37.59700000 37.59700000 37.59700000 37.59700000 37.59700000 37.59700000 37.59700000 37.59700000 36.68600000 37.11400000 37.35800000 37.37100000 37.38600000 37.35500000 37.32300000 37.30800000 37.27900000 37.32800000
37.59700000 37.59700000 37.59700000 37.59700000 37.59700000 37.59700000 37.59700000 37.59700000 37.59700000 37.59700000 37.59700000 37.59700000 37.59700000 37.59700000 37.59700000 37.59700000 37.59700000 37.59700000 37.59700000 37.59700000 37.59700000 36.73500000 37.28800000 37.35600000 37.36100000 37.34100000 37.32800000 37.29700000 37.24400000 37.30600000
37.59700000 37.59700000 37.59700000 37.59700000 37.59700000 37.59700000 37.59700000 37.59700000 37.59700000 37.59700000 37.59700000 37.59700000 37.59700000 37.59700000 37.59700000 37.59700000 37.59700000 37.59700000 37.59700000 37.59700000 37.59700000 36.52800000 37.16200000 37.31400000 37.33000000 37.31700000 37.29000000 37.23800000 37.29200000 37.32900000
37.59700000 37.59700000 37.59700000 37.59700000 37.59700000 37.59700000 37.59700000 37.59700000 37.59700000 37.59700000 37.59700000 37.59700000 37.59700000 37.59700000 37.59700000 37.59700000 37.59700000 37.59700000 37.59700000 37.59700000 37.59700000 37.59700000 36.87000000 37.11700000 37.22500000 37.18800000 37.21800000 37.28500000 37.28500000 37.30400000
37.59700000 37.59700000 37.59700000 37.59700000 37.59700000 37.59700000 37.59700000 37.59700000 37.59700000 37.59700000 37.59700000 37.59700000 37.59700000 37.59700000 37.59700000 37.59700000 37.59700000 37.59700000 37.59700000 37.59700000 37.59700000 37.59700000 37.59700000 36.74700000 37.19400000 37.22400000 37.24000000 37.25000000 37.25300000 37.29100000
36.99100000 36.97600000 36.92900000 36.97200000 37.15400000 37.22000000 37.23900000 37.23700000 37.19400000 37.18000000 37.11500000 36.99400000 36.87600000 36.67900000 36.77300000 36.87800000 37.01900000 37.00400000 37.06900000 37.04800000 37.00000000 36.97900000 36.83500000 36.54400000 36.55000000 36.29200000 36.56600000 36.57100000 36.54000000 36.57800000
36.98200000 36.84900000 36.95800000 37.14900000 37.18800000 37.17800000 37.18800000 37.18300000 37.15000000 37.07900000 36.97700000 36.86400000 36.52100000 36.85600000 36.86200000 37.05400000 37.01100000 37.08600000 37.05300000 37.02800000 36.98100000 36.89700000 36.79500000 36.66100000 36.62200000 37.09100000 37.07500000 37.07700000 37.03000000 37.01200000
36.96400000 36.87600000 36.92800000 37.09700000 37.13300000 37.10500000 37.06500000 37.03100000 36.97500000 36.89500000 36.69500000 36.45900000 36.84500000 36.89600000 36.92100000 37.11300000 36.97500000 37.05800000 37.02200000 36.93100000 36.86300000 36.75600000 37.05800000 37.22500000 37.03600000 37.05600000 37.01300000 36.96300000 36.90500000 36.85600000
36.60900000 37.00400000 36.94400000 36.92000000 37.03700000 37.03100000 36.96500000 36.63000000 36.62000000 36.72100000 36.84000000 36.93000000 36.89600000 36.90900000 36.97500000 37.06200000 36.96500000 36.99300000 36.90600000 36.75400000 37.05600000 37.25000000 37.26300000 37.25900000 37.27400000 37.07200000 37.01500000 36.94200000 36.93200000 36.85000000
36.26100000 36.99100000 37.04900000 37.14100000 36.85200000 36.94300000 36.70200000 36.53800000 36.63800000 36.94400000 36.93300000 36.91900000 36.92800000 36.94000000 37.02300000 37.04200000 36.92100000 36.90400000 36.83600000 37.22700000 37.24500000 37.19900000 37.16500000 37.16900000 37.19900000 37.25800000 37.27600000 36.81200000 36.63800000 36.63700000
35.72800000 36.77100000 36.82900000 36.95800000 37.25000000 37.06000000 36.88700000 36.82600000 36.82400000 36.82100000 36.83100000 36.84800000 36.86900000 36.92400000 37.04500000 37.08900000 36.78800000 36.97700000 37.20500000 37.23000000 37.17500000 37.08500000 37.00700000 37.05400000 37.15800000 37.21900000 37.31700000 37.27100000 36.65900000 36.62000000
35.66200000 36.34600000 36.61200000 36.70400000 37.02100000 37.30000000 36.94500000 36.92000000 36.93800000 36.93000000 37.03500000 37.01200000 36.99700000 37.02100000 37.04000000 37.15100000 36.89100000 37.15800000 37.21400000 37.20800000 37.12300000 37.00900000 36.98700000 37.09200000 37.17200000 37.26600000 37.41600000 37.37200000 37.25900000 36.69600000
35.68900000 36.15900000 36.56300000 36.35700000 36.53400000 37.06400000 37.36100000 37.20600000 36.92100000 36.91100000 36.96000000 36.97400000 37.01900000 37.03700000 37.03000000 37.12200000 37.08900000 37.12500000 37.17400000 37.18800000 37.17000000 37.15000000 37.16300000 37.19500000 37.39400000 37.44100000 37.46700000 37.45000000 37.28100000 37.30700000
35.93400000 35.89700000 35.91200000 36.13800000 36.60700000 36.32900000 36.91300000 37.31300000 37.37500000 37.38400000 36.96500000 36.95000000 36.97800000 37.07700000 37.07200000 37.17400000 37.21800000 37.19900000 37.20700000 37.25100000 37.18100000 37.21300000 37.35500000 37.36000000 37.36600000 37.38700000 37.44400000 37.46300000 37.28900000 37.26900000
36.06200000 36.07300000 35.90600000 36.18400000 36.19600000 36.21900000 36.33700000 37.20300000 37.31400000 37.40800000 37.34600000 36.99400000 36.97400000 36.94900000 37.00700000 37.16700000 37.24500000 37.22500000 37.03600000 37.33800000 37.38000000 37.32300000 37.34200000 37.41200000 37.43400000 37.43400000 37.46300000 37.34500000 37.28000000 37.23800000
35.70500000 37.59700000 35.84700000 35.81200000 36.30300000 36.29600000 35.84900000 36.42800000 37.16200000 37.11600000 37.17500000 37.36200000 37.02600000 37.00300000 36.98700000 37.03100000 37.06300000 37.33000000 37.35100000 37.38000000 37.31700000 37.28300000 37.39600000 37.29900000 37.34600000 37.35800000 37.32300000 37.28200000 37.27500000 37.19800000
37.59700000 37.59700000 37.59700000 37.59700000 35.76100000 36.25000000 36.15500000 35.79100000 36.41500000 37.14900000 36.81600000 37.01200000 37.02800000 37.23700000 37.30700000 37.30700000 37.31600000 37.24000000 37.26800000 37.36700000 37.22300000 37.34700000 37.26800000 37.27700000 37.35200000 37.33800000 37.28600000 37.33500000 37.22600000 37.16800000
37.59700000 37.59700000 37.59700000 37.59700000 37.59700000 35.76000000 35.78000000 36.03300000 36.13900000 36.44200000 36.90000000 36.49800000 36.41500000 36.75100000 36.47500000 36.45200000 37.14000000 37.11400000 37.28600000 37.36600000 37.20400000 37.27700000 37.25200000 37.23500000 37.32600000 37.39300000 37.35100000 37.33200000 37.26200000 37.20100000
37.59700000 37.59700000 37.59700000 37.59700000 37.59700000 37.59700000 37.59700000 35.76300000 35.76700000 35.87200000 36.34000000 36.23100000 36.34700000 36.24100000 36.43000000 36.22900000 36.43400000 36.94900000 37.15200000 37.41600000 37.37700000 37.20900000 37.21800000 37.19400000 37.30000000 37.38400000 37.46300000 37.32700000 37.39400000 37.21900000
37.59700000 37.59700000 37.59700000 37.59700000 37.59700000 37.59700000 37.59700000 37.59700000 37.59700000 37.59700000 37.59700000 37.59700000 37.59700000 37.59700000 37.59700000 36.25000000 36.25400000 36.96800000 36.97200000 37.33000000 37.42800000 37.42200000 37.37400000 37.38100000 37.34700000 37.38200000 37.41800000 37.48700000 37.32800000 37.38400000
37.59700000 37.59700000 37.59700000 37.59700000 37.59700000 37.59700000 37.59700000 37.59700000 37.59700000 37.59700000 37.59700000 37.59700000 37.59700000 37.59700000 37.59700000 37.59700000 36.29300000 36.79800000 36.99200000 36.96100000 37.34700000 37.42700000 37.41100000 37.39000000 37.32500000 37.36400000 37.42300000 37.48700000 37.52200000 37.53800000
37.59700000 37.59700000 37.59700000 37.59700000 37.59700000 37.59700000 37.59700000 37.59700000 37.59700000 37.59700000 37.59700000 37.59700000 37.59700000 37.59700000 37.59700000 37.59700000 37.59700000 36.29500000 36.74700000 36.84300000 37.11500000 37.36800000 37.42000000 37.38600000 37.32100000 37.36900000 37.38900000 37.38800000 37.44600000 37.56100000
37.59700000 37.59700000 37.59700000 37.59700000 37.59700000 37.59700000 37.59700000 37.59700000 37.59700000 37.59700000 37.59700000 37.59700000 37.59700000 37.59700000 37.59700000 37.59700000 37.59700000 37.59700000 37.59700000 36.83400000 36.70600000 37.34600000 37.42800000 37.36200000 37.33800000 37.35400000 37.38900000 37.33600000 37.35800000 37.47900000
37.59700000 37.59700000 37.59700000 37.59700000 37.59700000 37.59700000 37.59700000 37.59700000 37.59700000 37.59700000 37.59700000 37.59700000 37.59700000 37.59700000 37.59700000 37.59700000 37.59700000 37.59700000 37.59700000 37.59700000 36.76100000 37.35800000 37.42300000 37.31900000 37.40000000 37.39400000 37.36100000 37.35200000 37.34300000 37.39300000
37.59700000 37.59700000 37.59700000 37.59700000 37.59700000 37.59700000 37.59700000 37.59700000 37.59700000 37.59700000 37.59700000 37.59700000 37.59700000 37.59700000 37.59700000 37.59700000 37.59700000 37.59700000 37.59700000 37.59700000 36.83600000 37.36700000 37.37400000 37.35200000 37.41100000 37.40600000 37.42800000 37.35800000 37.34700000 37.40100000
37.59700000 37.59700000 37.59700000 37.59700000 37.59700000 37.59700000 37.59700000 37.59700000 37.59700000 37.59700000 37.59700000 37.59700000 37.59700000 37.59700000 37.59700000 37.59700000 37.59700000 37.59700000 37.59700000 37.59700000 36.50000000 37.37800000 37.31300000 37.40400000 37.39100000 37.40300000 37.41600000 37.40900000 37.37500000 37.34700000
37.59700000 37.59700000 37.59700000 37.59700000 37.59700000 37.59700000 37.59700000 37.59700000 37.59700000 37.59700000 37.59700000 37.59700000 37.59700000 37.59700000 37.59700000 37.59700000 37.59700000 37.59700000 37.59700000 37.59700000 36.54500000 37.32300000 37.38700000 37.41100000 37.39500000 37.38900000 37.37900000 37.32900000 37.33300000 37.37700000
37.59700000 37.59700000 37.59700000 37.59700000 37.59700000 37.59700000 37.59700000 37.59700000 37.59700000 37.59700000 37.59700000 37.59700000 37.59700000 37.59700000 37.59700000 37.59700000 37.59700000 37.59700000 37.59700000 37.59700000 37.59700000 37.11300000 37.35700000 37.37000000 37.38600000 37.35400000 37.32200000 37.30700000 37.27900000 37.32700000
37.59700000 37.59700000 37.59700000 37.59700000 37.59700000 37.59700000 37.59700000 37.59700000 37.59700000 37.59700000 37.59700000 37.59700000 37.59700000 37.59700000 37.59700000 37.59700000 37.59700000 37.59700000 37.59700000 37.59700000 37.59700000 36.72100000 37.28700000 37.35500000 37.36000000 37.34000000 37.32700000 37.29600000 37.24300000 37.30500000
37.59700000 37.59700000 37.59700000 37.59700000 37.59700000 37.59700000 37.59700000 37.59700000 37.59700000 37.59700000 37.59700000 37.59700000 37.59700000 37.59700000 37.59700000 37.59700000 37.59700000 37.59700000 37.59700000 37.59700000 37.59700000 37.59700000 37.16100000 37.31300000 37.33000000 37.31600000 37.28900000 37.23700000 37.29100000 37.32800000
37.59700000 37.59700000 37.59700000 37.59700000 37.59700000 37.59700000 37.59700000 37.59700000 37.59700000 37.59700000 37.59700000 37.59700000 37.59700000 37.59700000 37.59700000 37.59700000 37.59700000 37.59700000 37.59700000 37.59700000 37.59700000 37.59700000 36.86900000 37.11700000 37.22400000 37.18700000 37.21700000 37.28500000 37.28300000 37.30300000
37.59700000 37.59700000 37.59700000 37.59700000 37.59700000 37.59700000 37.59700000 37.59700000 37.59700000 37.59700000 37.59700000 37.59700000 37.59700000 37.59700000 37.59700000 37.59700000 37.59700000 37.59700000 37.59700000 37.59700000 37.59700000 37.59700000 37.59700000 36.74500000 37.19300000 37.22300000 37.23800000 37.24900000 37.25100000 37.28900000
