25.21700000 25.14400000 25.19100000 24.70700000 25.19100000 25.13900000 25.27000000 25.26900000 25.17500000 25.05200000 25.15600000 25.15800000 24.88100000 24.14400000 24.33600000 24.98200000 25.31500000 25.12500000 25.08200000 25.07800000 25.09300000 24.92300000 24.68900000 24.09000000 24.04800000 23.57700000 23.96200000 24.12100000 24.26200000 24.48700000
25.09700000 25.05900000 24.89400000 25.04600000 25.14800000 25.11800000 25.02700000 25.00200000 25.03300000 25.10300000 25.08700000 24.77900000 23.86500000 24.48100000 24.63100000 25.27000000 24.99800000 24.99600000 25.01900000 25.02100000 24.92500000 24.82100000 24.54800000 24.11200000 24.00300000 25.12200000 25.12800000 25.13400000 24.86600000 24.74600000
25.12600000 25.04700000 25.14700000 24.92900000 25.03100000 25.05500000 25.05400000 25.05300000 25.00400000 24.81900000 24.12000000 23.76300000 24.41500000 24.67300000 25.07300000 25.28900000 24.97900000 24.99900000 24.95500000 24.78300000 24.67800000 24.32600000 25.15800000 25.48300000 25.14400000 25.10000000 24.95300000 24.80900000 24.76800000 24.84600000
24.33200000 25.01300000 25.14200000 25.09800000 24.81200000 24.86000000 24.72900000 24.02100000 23.97500000 24.11800000 24.32600000 24.59400000 24.70200000 24.99200000 25.33900000 25.20300000 24.95500000 24.87800000 24.70800000 24.33400000 25.12600000 25.44200000 25.48900000 25.54900000 25.55300000 25.20700000 25.05200000 24.97000000 25.01400000 25.07100000
23.75600000 24.71000000 24.98100000 25.31400000 25.10700000 25.02000000 24.12900000 23.84800000 23.97600000 24.65900000 24.82400000 24.89600000 25.05900000 25.28500000 25.49900000 25.19800000 24.85600000 24.70300000 24.63900000 25.42800000 25.37800000 25.27200000 25.12900000 25.15200000 25.38300000 25.73600000 25.50300000 24.87200000 24.77600000 24.97200000
23.58100000 24.02200000 24.31800000 24.76000000 25.57100000 25.42900000 25.21100000 25.14200000 25.14300000 25.14600000 25.17000000 25.18100000 25.19600000 25.29400000 25.54900000 25.30000000 24.58200000 24.96600000 25.38100000 25.29800000 25.14100000 24.91600000 24.78400000 24.89800000 25.12200000 25.60400000 25.99500000 25.56900000 24.71200000 24.95600000
23.47900000 24.07000000 24.03500000 24.12300000 24.88000000 25.81200000 25.35000000 25.34200000 25.38600000 25.35400000 25.48200000 25.46200000 25.38200000 25.38400000 25.52000000 25.43000000 24.76900000 25.35600000 25.30800000 25.25900000 24.98900000 24.76500000 24.67200000 24.97900000 25.31400000 25.91400000 26.31800000 26.08000000 25.67000000 25.02700000
23.06700000 23.47400000 23.98300000 23.51400000 24.07200000 24.88100000 25.88100000 25.76100000 25.35700000 25.37400000 25.47300000 25.45700000 25.46300000 25.45600000 25.48300000 25.46300000 25.18100000 25.24000000 25.33900000 25.20700000 25.18200000 25.13200000 25.17900000 25.63100000 26.14500000 26.26400000 26.40700000 26.32300000 25.65000000 25.72900000
22.46700000 23.05600000 23.22300000 23.08600000 23.75700000 23.85900000 24.43700000 25.78000000 26.07500000 26.13100000 25.37600000 25.41500000 25.44100000 25.57600000 25.58700000 25.52700000 25.50000000 25.43900000 25.48100000 25.59900000 25.59500000 25.87200000 25.97700000 25.94300000 25.95000000 25.99800000 26.22500000 26.29500000 25.73900000 25.90600000
22.81500000 21.85600000 22.39000000 22.89400000 23.12000000 23.44400000 23.74500000 25.25500000 25.75900000 26.18900000 26.13000000 25.40900000 25.35600000 25.47000000 25.44100000 25.52900000 25.62900000 25.61600000 25.51000000 26.16500000 26.39100000 26.03700000 25.92100000 26.15200000 26.24000000 26.16400000 26.28800000 25.98200000 25.70400000 25.89400000
23.39500000 21.72800000 20.51800000 22.49800000 22.77000000 23.04700000 23.07100000 23.69100000 25.04400000 25.06500000 25.42200000 26.03800000 25.48900000 25.39100000 25.43700000 25.42200000 25.46100000 26.07700000 26.25000000 26.42900000 26.07000000 25.78400000 26.14100000 26.08100000 26.07500000 26.04600000 25.81400000 25.71200000 25.90900000 25.95500000
27.83300000 27.83300000 27.83300000 23.29900000 22.92300000 22.77100000 22.80200000 22.88400000 23.60700000 24.93300000 24.29500000 24.72100000 24.97000000 25.67100000 25.91600000 25.94000000 25.99000000 25.79200000 26.11300000 26.44600000 25.71100000 26.03600000 25.95900000 26.14200000 26.32600000 26.07900000 25.78400000 25.98800000 25.91400000 25.93000000
27.83300000 27.83300000 27.83300000 27.83300000 23.29400000 22.69800000 22.85100000 22.72700000 22.98600000 23.51400000 24.32200000 23.63900000 23.51800000 24.07300000 24.00700000 24.27200000 25.10600000 25.25400000 26.19400000 26.41000000 25.74300000 25.89900000 26.02000000 25.95600000 26.10300000 26.49500000 26.14400000 26.03100000 25.94700000 26.05100000
27.83300000 27.83300000 27.83300000 27.83300000 27.83300000 27.83300000 23.63300000 22.71400000 22.61800000 22.81100000 22.88500000 22.66400000 22.61600000 23.32100000 23.49300000 23.79600000 24.41100000 24.73500000 25.87100000 26.40600000 26.44700000 25.81100000 25.93700000 25.90800000 26.07200000 26.56100000 26.60800000 26.02100000 26.18800000 25.99800000
27.83300000 27.83300000 27.83300000 27.83300000 27.83300000 27.83300000 27.83300000 27.83300000 27.83300000 27.83300000 27.83300000 27.83300000 22.72300000 22.30100000 21.55700000 23.43900000 24.41400000 24.83600000 24.74700000 26.38000000 26.44900000 26.47900000 26.46800000 26.49500000 26.27800000 26.67900000 26.60900000 26.64200000 26.05200000 26.08300000
27.83300000 27.83300000 27.83300000 27.83300000 27.83300000 27.83300000 27.83300000 27.83300000 27.83300000 27.83300000 27.83300000 27.83300000 27.83300000 27.83300000 27.83300000 23.38100000 24.09600000 24.66900000 24.58000000 24.91900000 26.47900000 26.49200000 26.59500000 26.44000000 26.59400000 26.75800000 26.62400000 26.66500000 26.69400000 26.70300000
27.83300000 27.83300000 27.83300000 27.83300000 27.83300000 27.83300000 27.83300000 27.83300000 27.83300000 27.83300000 27.83300000 27.83300000 27.83300000 27.83300000 27.83300000 27.83300000 23.55000000 22.79300000 24.45300000 24.89400000 25.74300000 26.43400000 26.56400000 26.36500000 26.73400000 26.82600000 26.74500000 26.69900000 26.75100000 26.88200000
27.83300000 27.83300000 27.83300000 27.83300000 27.83300000 27.83300000 27.83300000 27.83300000 27.83300000 27.83300000 27.83300000 27.83300000 27.83300000 27.83300000 27.83300000 27.83300000 27.83300000 27.83300000 24.30800000 24.92000000 24.01500000 26.55800000 26.45000000 26.49600000 26.76200000 26.78600000 26.83500000 26.72400000 26.80200000 26.88400000
27.83300000 27.83300000 27.83300000 27.83300000 27.83300000 27.83300000 27.83300000 27.83300000 27.83300000 27.83300000 27.83300000 27.83300000 27.83300000 27.83300000 27.83300000 27.83300000 27.83300000 27.83300000 27.83300000 25.27300000 24.53800000 26.60600000 26.45600000 26.65000000 26.86300000 26.80400000 26.77200000 26.79200000 26.82000000 26.92500000
27.83300000 27.83300000 27.83300000 27.83300000 27.83300000 27.83300000 27.83300000 27.83300000 27.83300000 27.83300000 27.83300000 27.83300000 27.83300000 27.83300000 27.83300000 27.83300000 27.83300000 27.83300000 27.83300000 25.00300000 24.71600000 26.68500000 26.48900000 26.76300000 26.86400000 26.80400000 26.90900000 26.80400000 26.86400000 26.99300000
27.83300000 27.83300000 27.83300000 27.83300000 27.83300000 27.83300000 27.83300000 27.83300000 27.83300000 27.83300000 27.83300000 27.83300000 27.83300000 27.83300000 27.83300000 27.83300000 27.83300000 27.83300000 27.83300000 25.07300000 24.60900000 26.71800000 26.59400000 26.87600000 26.75100000 26.78700000 26.89100000 26.92100000 26.98100000 26.97200000
27.83300000 27.83300000 27.83300000 27.83300000 27.83300000 27.83300000 27.83300000 27.83300000 27.83300000 27.83300000 27.83300000 27.83300000 27.83300000 27.83300000 27.83300000 27.83300000 27.83300000 27.83300000 27.83300000 24.73500000 24.52100000 26.56100000 26.80700000 26.90200000 26.70500000 26.84600000 26.83800000 26.78400000 26.89800000 27.12100000
27.83300000 27.83300000 27.83300000 27.83300000 27.83300000 27.83300000 27.83300000 27.83300000 27.83300000 27.83300000 27.83300000 27.83300000 27.83300000 27.83300000 27.83300000 27.83300000 27.83300000 27.83300000 27.83300000 27.83300000 25.00100000 25.92200000 26.68100000 26.76300000 26.72100000 26.80800000 26.72400000 26.51100000 26.48700000 27.01900000
27.83300000 27.83300000 27.83300000 27.83300000 27.83300000 27.83300000 27.83300000 27.83300000 27.83300000 27.83300000 27.83300000 27.83300000 27.83300000 27.83300000 27.83300000 27.83300000 27.83300000 27.83300000 27.83300000 27.83300000 27.83300000 24.99100000 26.50300000 26.67600000 26.70200000 26.74400000 26.64500000 26.48700000 26.33400000 26.98600000
27.83300000 27.83300000 27.83300000 27.83300000 27.83300000 27.83300000 27.83300000 27.83300000 27.83300000 27.83300000 27.83300000 27.83300000 27.83300000 27.83300000 27.83300000 27.83300000 27.83300000 27.83300000 27.83300000 27.83300000 27.83300000 24.81300000 26.17000000 26.59200000 26.60500000 26.53300000 26.47300000 26.40000000 26.75000000 27.13800000
27.83300000 27.83300000 27.83300000 27.83300000 27.83300000 27.83300000 27.83300000 27.83300000 27.83300000 27.83300000 27.83300000 27.83300000 27.83300000 27.83300000 27.83300000 27.83300000 27.83300000 27.83300000 27.83300000 27.83300000 27.83300000 27.83300000 25.76000000 26.11700000 26.33700000 26.26700000 26.46400000 26.61000000 26.88500000 27.15800000
27.83300000 27.83300000 27.83300000 27.83300000 27.83300000 27.83300000 27.83300000 27.83300000 27.83300000 27.83300000 27.83300000 27.83300000 27.83300000 27.83300000 27.83300000 27.83300000 27.83300000 27.83300000 27.83300000 27.83300000 27.83300000 27.83300000 27.83300000 25.76700000 26.31000000 26.45700000 26.44300000 26.60200000 26.64500000 27.14900000
25.23400000 25.14900000 25.20900000 24.71900000 25.20600000 25.15700000 25.27800000 25.28600000 25.17800000 25.10000000 25.17500000 25.17400000 24.90300000 24.16200000 24.34900000 24.99400000 25.32900000 25.15800000 25.11100000 25.09300000 25.11100000 24.98600000 24.74100000 24.09800000 24.06000000 23.59300000 23.97300000 24.13300000 24.27700000 24.49000000
25.10300000 25.07300000 24.91400000 25.06300000 25.16400000 25.13500000 25.04300000 25.01800000 25.04700000 25.11800000 25.10300000 24.79900000 23.87900000 24.49600000 24.64700000 25.29000000 25.01500000 25.01400000 25.03700000 25.04100000 24.94400000 24.83900000 24.57000000 24.12800000 24.01100000 25.13800000 25.14400000 25.15000000 24.88500000 24.76500000
25.14500000 25.06400000 25.16300000 24.94700000 25.04700000 25.07100000 25.07100000 25.07000000 25.02100000 24.83800000 24.13900000 23.77700000 24.42600000 24.68800000 25.08800000 25.30900000 24.99900000 25.01300000 24.97500000 24.80000000 24.69900000 24.34700000 25.17900000 25.50400000 25.15800000 25.11800000 24.97000000 24.82500000 24.78300000 24.86200000
24.43700000 25.03100000 25.15500000 25.11400000 24.83000000 24.87800000 24.74700000 24.03700000 23.98900000 24.13400000 24.34100000 24.60800000 24.71700000 25.00700000 25.35500000 25.22200000 24.97200000 24.89600000 24.72800000 24.34900000 25.14000000 25.46100000 25.50800000 25.56900000 25.57100000 25.22000000 25.06900000 24.98500000 25.03100000 25.08700000
24.26300000 24.73000000 25.00300000 25.33000000 25.12100000 24.92500000 24.14700000 23.86300000 23.99200000 24.66900000 24.83800000 24.91000000 25.07400000 25.30200000 25.51600000 25.21800000 24.87300000 24.72000000 24.65300000 25.44300000 25.39300000 25.29000000 25.14700000 25.16900000 25.40000000 25.75300000 25.52000000 24.88700000 24.79400000 24.99000000
23.67500000 24.23900000 24.33900000 24.78100000 25.58900000 25.44700000 25.22300000 25.15600000 25.16100000 25.16400000 25.18700000 25.19700000 25.21100000 25.31100000 25.56600000 25.31400000 24.59800000 24.98000000 25.40000000 25.31400000 25.15700000 24.93200000 24.80100000 24.91400000 25.13600000 25.61900000 26.01100000 25.58300000 24.72800000 24.97200000
23.47400000 24.09600000 24.05600000 24.14200000 24.89800000 25.83000000 25.36800000 25.36000000 25.40300000 25.37100000 25.49900000 25.47800000 25.39900000 25.40200000 25.53600000 25.44900000 24.78500000 25.37300000 25.32700000 25.27800000 25.00600000 24.78100000 24.68800000 24.99700000 25.32700000 25.93100000 26.33700000 26.10000000 25.68600000 25.04900000
22.97100000 23.49700000 24.00600000 23.53400000 24.09100000 24.89700000 25.89900000 25.78100000 25.37500000 25.39100000 25.48800000 25.47400000 25.48000000 25.47400000 25.50000000 25.48300000 25.19700000 25.25400000 25.35700000 25.22400000 25.19900000 25.14800000 25.19500000 25.64500000 26.16200000 26.28200000 26.42500000 26.34300000 25.66900000 25.75300000
22.13300000 23.29300000 23.38900000 23.11600000 23.77500000 23.87800000 24.45200000 25.80000000 26.09500000 26.15100000 25.39200000 25.43100000 25.45700000 25.59300000 25.60400000 25.54600000 25.51700000 25.45500000 25.49600000 25.61500000 25.61100000 25.88400000 25.99700000 25.96100000 25.96900000 26.01900000 26.24400000 26.31400000 25.76000000 25.92300000
20.10800000 20.39000000 17.92300000 21.79600000 23.17200000 23.46300000 23.83000000 25.27300000 25.77900000 26.20900000 26.14900000 25.42500000 25.37100000 25.49000000 25.45900000 25.54800000 25.64600000 25.63300000 25.52300000 26.18000000 26.41000000 26.05800000 25.93800000 26.16900000 26.26200000 26.18600000 26.30900000 26.00300000 25.72000000 25.91100000
20.08400000 27.83300000 17.98700000 17.69500000 21.26000000 22.92100000 23.15000000 23.79500000 25.06700000 25.08700000 25.44000000 26.05900000 25.51000000 25.40900000 25.45700000 25.44100000 25.48000000 26.09400000 26.26600000 26.44600000 26.08800000 25.79900000 26.15800000 26.09500000 26.09300000 26.06700000 25.83500000 25.73000000 25.92900000 25.97300000
27.83300000 27.83300000 27.83300000 27.83300000 19.11100000 21.19300000 22.35600000 22.25700000 23.65600000 24.95500000 24.31800000 24.74400000 24.98700000 25.68900000 25.93700000 25.96200000 26.01400000 25.80900000 26.12800000 26.46400000 25.72700000 26.05000000 25.96800000 26.16100000 26.34500000 26.10200000 25.80500000 26.00700000 25.93200000 25.94500000
27.83300000 27.83300000 27.83300000 27.83300000 27.83300000 18.18500000 20.23000000 20.02700000 21.76500000 23.56500000 24.34400000 23.65900000 23.64800000 24.09000000 24.02600000 24.29800000 25.13100000 25.27400000 26.21100000 26.42700000 25.76000000 25.91400000 26.03400000 25.97600000 26.12000000 26.51400000 26.16700000 26.05000000 25.96500000 26.07000000
27.83300000 27.83300000 27.83300000 27.83300000 27.83300000 27.83300000 27.83300000 18.37000000 17.53800000 18.73700000 22.26500000 22.65900000 21.30600000 22.09800000 22.50900000 23.82100000 24.45500000 24.75700000 25.88900000 26.43000000 26.46700000 25.82700000 25.95200000 25.92500000 26.09100000 26.57900000 26.62700000 26.04300000 26.20600000 26.01200000
27.83300000 27.83300000 27.83300000 27.83300000 27.83300000 27.83300000 27.83300000 27.83300000 27.83300000 27.83300000 27.83300000 27.83300000 27.83300000 27.83300000 27.83300000 20.41300000 24.41100000 24.86500000 24.72800000 26.40600000 26.47200000 26.49800000 26.48300000 26.51100000 26.29000000 26.69700000 26.62700000 26.66100000 26.07100000 26.10200000
27.83300000 27.83300000 27.83300000 27.83300000 27.83300000 27.83300000 27.83300000 27.83300000 27.83300000 27.83300000 27.83300000 27.83300000 27.83300000 27.83300000 27.83300000 27.83300000 23.52500000 24.69800000 24.59800000 24.93400000 26.50200000 26.50900000 26.61100000 26.45900000 26.60700000 26.77700000 26.64200000 26.68400000 26.71300000 26.72500000
27.83300000 27.83300000 27.83300000 27.83300000 27.83300000 27.83300000 27.83300000 27.83300000 27.83300000 27.83300000 27.83300000 27.83300000 27.83300000 27.83300000 27.83300000 27.83300000 27.83300000 20.53200000 23.75100000 23.95400000 25.75300000 26.46200000 26.58300000 26.38300000 26.75500000 26.84600000 26.76400000 26.71800000 26.76600000 26.90100000
27.83300000 27.83300000 27.83300000 27.83300000 27.83300000 27.83300000 27.83300000 27.83300000 27.83300000 27.83300000 27.83300000 27.83300000 27.83300000 27.83300000 27.83300000 27.83300000 27.83300000 27.83300000 27.83300000 24.28400000 23.93700000 26.58400000 26.46600000 26.51100000 26.78100000 26.80500000 26.85500000 26.74400000 26.82300000 26.90600000
27.83300000 27.83300000 27.83300000 27.83300000 27.83300000 27.83300000 27.83300000 27.83300000 27.83300000 27.83300000 27.83300000 27.83300000 27.83300000 27.83300000 27.83300000 27.83300000 27.83300000 27.83300000 27.83300000 27.83300000 24.56500000 26.63500000 26.46900000 26.66200000 26.88400000 26.82400000 26.79000000 26.81200000 26.84000000 26.94300000
27.83300000 27.83300000 27.83300000 27.83300000 27.83300000 27.83300000 27.83300000 27.83300000 27.83300000 27.83300000 27.83300000 27.83300000 27.83300000 27.83300000 27.83300000 27.83300000 27.83300000 27.83300000 27.83300000 27.83300000 24.32700000 26.70900000 26.52100000 26.78500000 26.88900000 26.82400000 26.92900000 26.82600000 26.88400000 27.01200000
27.83300000 27.83300000 27.83300000 27.83300000 27.83300000 27.83300000 27.83300000 27.83300000 27.83300000 27.83300000 27.83300000 27.83300000 27.83300000 27.83300000 27.83300000 27.83300000 27.83300000 27.83300000 27.83300000 27.83300000 21.68900000 26.73000000 26.61500000 26.90100000 26.77500000 26.80500000 26.91200000 26.94300000 26.99700000 26.98900000
27.83300000 27.83300000 27.83300000 27.83300000 27.83300000 27.83300000 27.83300000 27.83300000 27.83300000 27.83300000 27.83300000 27.83300000 27.83300000 27.83300000 27.83300000 27.83300000 27.83300000 27.83300000 27.83300000 27.83300000 22.99800000 26.58400000 26.82900000 26.92300000 26.72600000 26.86500000 26.86100000 26.80300000 26.91600000 27.13300000
27.83300000 27.83300000 27.83300000 27.83300000 27.83300000 27.83300000 27.83300000 27.83300000 27.83300000 27.83300000 27.83300000 27.83300000 27.83300000 27.83300000 27.83300000 27.83300000 27.83300000 27.83300000 27.83300000 27.83300000 27.83300000 25.95400000 26.70100000 26.78400000 26.73900000 26.82700000 26.74100000 26.52800000 26.50200000 27.02700000
27.83300000 27.83300000 27.83300000 27.83300000 27.83300000 27.83300000 27.83300000 27.83300000 27.83300000 27.83300000 27.83300000 27.83300000 27.83300000 27.83300000 27.83300000 27.83300000 27.83300000 27.83300000 27.83300000 27.83300000 27.83300000 24.94600000 26.52300000 26.69300000 26.71600000 26.76200000 26.66300000 26.50800000 26.34900000 27.00000000
27.83300000 27.83300000 27.83300000 27.83300000 27.83300000 27.83300000 27.83300000 27.83300000 27.83300000 27.83300000 27.83300000 27.83300000 27.83300000 27.83300000 27.83300000 27.83300000 27.83300000 27.83300000 27.83300000 27.83300000 27.83300000 27.83300000 26.19300000 26.60700000 26.62200000 26.54900000 26.49100000 26.41700000 26.76200000 27.16000000
27.83300000 27.83300000 27.83300000 27.83300000 27.83300000 27.83300000 27.83300000 27.83300000 27.83300000 27.83300000 27.83300000 27.83300000 27.83300000 27.83300000 27.83300000 27.83300000 27.83300000 27.83300000 27.83300000 27.83300000 27.83300000 27.83300000 25.79500000 26.13300000 26.35300000 26.28400000 26.48000000 26.62600000 26.91300000 27.17800000
27.83300000 27.83300000 27.83300000 27.83300000 27.83300000 27.83300000 27.83300000 27.83300000 27.83300000 27.83300000 27.83300000 27.83300000 27.83300000 27.83300000 27.83300000 27.83300000 27.83300000 27.83300000 27.83300000 27.83300000 27.83300000 27.83300000 27.83300000 25.80600000 26.33200000 26.47400000 26.46200000 26.62100000 26.68100000 27.17100000
