36.99300000 36.97400000 36.92900000 36.97800000 37.16200000 37.21900000 37.23900000 37.23700000 37.19400000 37.18000000 37.11100000 36.99300000 36.87400000 36.67800000 36.77700000 36.88000000 37.02200000 37.00600000 37.07000000 37.04900000 37.00000000 36.97800000 36.85100000 36.54500000 36.55100000 36.29300000 36.56600000 36.57400000 36.54200000 36.58800000
36.97600000 36.84900000 36.95900000 37.15000000 37.18900000 37.17800000 37.18900000 37.18300000 37.14900000 37.07900000 36.97600000 36.86400000 36.52600000 36.86000000 36.86400000 37.05900000 37.01000000 37.08700000 37.05300000 37.02800000 36.98100000 36.89600000 36.79700000 36.66300000 36.62300000 37.09600000 37.07500000 37.07900000 37.02700000 37.00900000
36.96200000 36.87900000 36.92900000 37.10100000 37.13200000 37.10300000 37.06500000 37.03100000 36.97400000 36.89400000 36.69200000 36.46000000 36.85100000 36.89600000 36.92300000 37.11200000 36.97700000 37.05900000 37.02100000 36.93000000 36.86300000 36.75500000 37.06900000 37.22400000 37.03400000 37.05800000 37.01200000 36.96600000 36.90600000 36.85700000
36.48000000 37.00700000 36.94800000 36.91800000 37.03600000 37.03200000 36.96400000 36.62700000 36.62300000 36.72100000 36.84000000 36.93100000 36.89700000 36.91100000 36.97700000 37.06200000 36.96700000 36.99300000 36.90500000 36.75300000 37.06600000 37.25100000 37.26200000 37.25900000 37.27500000 37.07800000 37.01400000 36.93800000 36.93000000 36.85000000
35.85500000 36.99500000 37.05200000 37.14600000 36.85700000 36.97000000 36.70400000 36.53900000 36.63800000 36.94400000 36.93400000 36.92100000 36.92900000 36.94100000 37.02500000 37.04100000 36.92300000 36.90400000 36.84400000 37.22800000 37.24600000 37.19800000 37.16400000 37.16700000 37.19900000 37.25900000 37.27800000 36.81200000 36.63700000 36.63800000
35.57300000 36.66700000 36.83000000 36.95300000 37.25500000 37.06300000 36.89200000 36.82700000 36.82500000 36.82100000 36.83100000 36.84800000 36.86900000 36.92400000 37.04600000 37.08600000 36.78800000 36.98300000 37.20600000 37.23100000 37.17400000 37.08300000 37.00600000 37.05300000 37.15800000 37.21900000 37.31800000 37.27200000 36.65900000 36.62100000
35.64300000 36.37300000 36.60600000 36.70100000 37.02400000 37.30100000 36.94500000 36.92200000 36.93900000 36.93100000 37.03700000 37.01200000 36.99800000 37.02200000 37.04100000 37.15300000 36.89000000 37.16000000 37.21400000 37.21000000 37.12400000 37.01000000 36.98900000 37.09400000 37.17300000 37.27100000 37.42000000 37.37400000 37.26000000 36.69000000
35.63800000 36.16000000 36.56000000 36.35200000 36.52900000 37.06100000 37.36300000 37.21100000 36.92400000 36.91100000 36.96100000 36.97300000 37.01900000 37.03700000 37.03100000 37.12500000 37.08600000 37.12600000 37.17500000 37.18900000 37.17100000 37.15200000 37.16300000 37.19700000 37.40000000 37.44000000 37.46800000 37.45200000 37.28200000 37.30700000
35.36800000 35.37100000 35.74900000 36.12100000 36.61000000 36.32800000 36.93600000 37.31500000 37.37700000 37.38600000 36.96400000 36.95100000 36.98200000 37.07600000 37.07200000 37.17600000 37.21800000 37.19900000 37.20800000 37.25300000 37.17700000 37.22200000 37.35000000 37.35900000 37.36600000 37.38700000 37.44500000 37.46400000 37.29000000 37.27000000
35.18000000 35.59300000 35.57300000 35.86700000 36.16600000 36.21300000 36.32500000 37.21000000 37.31700000 37.41000000 37.34100000 36.98900000 36.97400000 36.94900000 37.00900000 37.17000000 37.24600000 37.22600000 37.03700000 37.33900000 37.38200000 37.32500000 37.34400000 37.41200000 37.43500000 37.43500000 37.46400000 37.34700000 37.28100000 37.23800000
34.84000000 35.27200000 35.65300000 35.52600000 35.63200000 36.02700000 35.79800000 36.41200000 37.17000000 37.11800000 37.17000000 37.36300000 37.01800000 37.00300000 36.98700000 37.03200000 37.06300000 37.33100000 37.35000000 37.38000000 37.31800000 37.28400000 37.39500000 37.30200000 37.34700000 37.35800000 37.32400000 37.28300000 37.27600000 37.19800000
37.59700000 37.59700000 37.59700000 35.25200000 35.35800000 35.67200000 35.69800000 35.65600000 36.43000000 37.14500000 36.80200000 37.01500000 37.01600000 37.24400000 37.31200000 37.30800000 37.31400000 37.24000000 37.27000000 37.36800000 37.22400000 37.34700000 37.26800000 37.27900000 37.35400000 37.33900000 37.28600000 37.33800000 37.22600000 37.16800000
37.59700000 37.59700000 37.59700000 37.59700000 35.23600000 35.49000000 35.51600000 35.56700000 35.75400000 36.44000000 36.89100000 36.48700000 36.36600000 36.75200000 36.46200000 36.47600000 37.14600000 37.10900000 37.28700000 37.36800000 37.20600000 37.27800000 37.25300000 37.23700000 37.32700000 37.39400000 37.35000000 37.33200000 37.25800000 37.20100000
37.59700000 37.59700000 37.59700000 37.59700000 37.59700000 37.59700000 35.40400000 35.52600000 35.63100000 35.76400000 36.04300000 36.16600000 36.15700000 36.23900000 36.22000000 36.21500000 36.43000000 36.93900000 37.15100000 37.41800000 37.37800000 37.21000000 37.21900000 37.19500000 37.30200000 37.38500000 37.46500000 37.32600000 37.39600000 37.22000000
37.59700000 37.59700000 37.59700000 37.59700000 37.59700000 37.59700000 37.59700000 37.59700000 37.59700000 37.59700000 37.59700000 37.59700000 35.90500000 36.18000000 36.16300000 36.05800000 36.26300000 36.97100000 36.98800000 37.33100000 37.42900000 37.42300000 37.37500000 37.38300000 37.34800000 37.38400000 37.42000000 37.48800000 37.32700000 37.38800000
37.59700000 37.59700000 37.59700000 37.59700000 37.59700000 37.59700000 37.59700000 37.59700000 37.59700000 37.59700000 37.59700000 37.59700000 37.59700000 37.59700000 37.59700000 36.00500000 36.29200000 36.80300000 37.00100000 36.95600000 37.35100000 37.42600000 37.41100000 37.38900000 37.32400000 37.36500000 37.42400000 37.48900000 37.52300000 37.53800000
37.59700000 37.59700000 37.59700000 37.59700000 37.59700000 37.59700000 37.59700000 37.59700000 37.59700000 37.59700000 37.59700000 37.59700000 37.59700000 37.59700000 37.59700000 37.59700000 35.96400000 36.19300000 36.69400000 37.00700000 37.14600000 37.37200000 37.42000000 37.38500000 37.32200000 37.36900000 37.38900000 37.39400000 37.44400000 37.56200000
37.59700000 37.59700000 37.59700000 37.59700000 37.59700000 37.59700000 37.59700000 37.59700000 37.59700000 37.59700000 37.59700000 37.59700000 37.59700000 37.59700000 37.59700000 37.59700000 37.59700000 37.59700000 36.18800000 37.00500000 36.72500000 37.34400000 37.42700000 37.35800000 37.33700000 37.35400000 37.38900000 37.33600000 37.36100000 37.48100000
37.59700000 37.59700000 37.59700000 37.59700000 37.59700000 37.59700000 37.59700000 37.59700000 37.59700000 37.59700000 37.59700000 37.59700000 37.59700000 37.59700000 37.59700000 37.59700000 37.59700000 37.59700000 37.59700000 36.91600000 36.76400000 37.35900000 37.42200000 37.31800000 37.40100000 37.39200000 37.36200000 37.35100000 37.34400000 37.39400000
37.59700000 37.59700000 37.59700000 37.59700000 37.59700000 37.59700000 37.59700000 37.59700000 37.59700000 37.59700000 37.59700000 37.59700000 37.59700000 37.59700000 37.59700000 37.59700000 37.59700000 37.59700000 37.59700000 36.93900000 36.88600000 37.36900000 37.37200000 37.35500000 37.41100000 37.40600000 37.42500000 37.35700000 37.34600000 37.40100000
37.59700000 37.59700000 37.59700000 37.59700000 37.59700000 37.59700000 37.59700000 37.59700000 37.59700000 37.59700000 37.59700000 37.59700000 37.59700000 37.59700000 37.59700000 37.59700000 37.59700000 37.59700000 37.59700000 36.89100000 36.78500000 37.37900000 37.31400000 37.40700000 37.39200000 37.40300000 37.41600000 37.40600000 37.37400000 37.34600000
37.59700000 37.59700000 37.59700000 37.59700000 37.59700000 37.59700000 37.59700000 37.59700000 37.59700000 37.59700000 37.59700000 37.59700000 37.59700000 37.59700000 37.59700000 37.59700000 37.59700000 37.59700000 37.59700000 36.51000000 36.75300000 37.32500000 37.38900000 37.41200000 37.39600000 37.39000000 37.38100000 37.32800000 37.33300000 37.37600000
37.59700000 37.59700000 37.59700000 37.59700000 37.59700000 37.59700000 37.59700000 37.59700000 37.59700000 37.59700000 37.59700000 37.59700000 37.59700000 37.59700000 37.59700000 37.59700000 37.59700000 37.59700000 37.59700000 37.59700000 36.69000000 37.12800000 37.35800000 37.37100000 37.38700000 37.35500000 37.32300000 37.30700000 37.27900000 37.32800000
37.59700000 37.59700000 37.59700000 37.59700000 37.59700000 37.59700000 37.59700000 37.59700000 37.59700000 37.59700000 37.59700000 37.59700000 37.59700000 37.59700000 37.59700000 37.59700000 37.59700000 37.59700000 37.59700000 37.59700000 37.59700000 36.73600000 37.28900000 37.35600000 37.36100000 37.34100000 37.32800000 37.29700000 37.24400000 37.30900000
37.59700000 37.59700000 37.59700000 37.59700000 37.59700000 37.59700000 37.59700000 37.59700000 37.59700000 37.59700000 37.59700000 37.59700000 37.59700000 37.59700000 37.59700000 37.59700000 37.59700000 37.59700000 37.59700000 37.59700000 37.59700000 36.52700000 37.16200000 37.31500000 37.33000000 37.31700000 37.29200000 37.23900000 37.29100000 37.32900000
37.59700000 37.59700000 37.59700000 37.59700000 37.59700000 37.59700000 37.59700000 37.59700000 37.59700000 37.59700000 37.59700000 37.59700000 37.59700000 37.59700000 37.59700000 37.59700000 37.59700000 37.59700000 37.59700000 37.59700000 37.59700000 37.59700000 36.87100000 37.11800000 37.22400000 37.19000000 37.21800000 37.28600000 37.28500000 37.30100000
37.59700000 37.59700000 37.59700000 37.59700000 37.59700000 37.59700000 37.59700000 37.59700000 37.59700000 37.59700000 37.59700000 37.59700000 37.59700000 37.59700000 37.59700000 37.59700000 37.59700000 37.59700000 37.59700000 37.59700000 37.59700000 37.59700000 37.59700000 36.75200000 37.19400000 37.22400000 37.23900000 37.25000000 37.25400000 37.29000000
36.99100000 36.97400000 36.92800000 36.97700000 37.16000000 37.21900000 37.23900000 37.23700000 37.19400000 37.17900000 37.11500000 36.99400000 36.87600000 36.68100000 36.77600000 36.87900000 37.02100000 37.00400000 37.06900000 37.04700000 37.00000000 36.97900000 36.83500000 36.54200000 36.55000000 36.29200000 36.56600000 36.57400000 36.54100000 36.58300000
36.97600000 36.84800000 36.95800000 37.14900000 37.18800000 37.17800000 37.18800000 37.18300000 37.14900000 37.07800000 36.97600000 36.86300000 36.52400000 36.85900000 36.86300000 37.05700000 37.00900000 37.08700000 37.05300000 37.02700000 36.98100000 36.89600000 36.79700000 36.66300000 36.61700000 37.09500000 37.07300000 37.07900000 37.02700000 37.00800000
36.96200000 36.87900000 36.92800000 37.10000000 37.13200000 37.10200000 37.06500000 37.03000000 36.97400000 36.89300000 36.69300000 36.45900000 36.85000000 36.89600000 36.92200000 37.11200000 36.97600000 37.05800000 37.02100000 36.92900000 36.86200000 36.75500000 37.06600000 37.22300000 37.03400000 37.05600000 37.01200000 36.96500000 36.90500000 36.85700000
36.61100000 37.00700000 36.94700000 36.91900000 37.03600000 37.03100000 36.96400000 36.62800000 36.62200000 36.72100000 36.83900000 36.93000000 36.89600000 36.91000000 36.97600000 37.06100000 36.96600000 36.99200000 36.90500000 36.75300000 37.06400000 37.25000000 37.26100000 37.25800000 37.27400000 37.07700000 37.01300000 36.93800000 36.93000000 36.84900000
36.26300000 36.99400000 37.05100000 37.14500000 36.85600000 36.94100000 36.70400000 36.53800000 36.63600000 36.94300000 36.93400000 36.92000000 36.92800000 36.94000000 37.02400000 37.04000000 36.92200000 36.90400000 36.84200000 37.22500000 37.24500000 37.19700000 37.16300000 37.16600000 37.19900000 37.25800000 37.27700000 36.81200000 36.63600000 36.63800000
35.73400000 36.77700000 36.82900000 36.95200000 37.25400000 37.06200000 36.89200000 36.82600000 36.82400000 36.82100000 36.83000000 36.84800000 36.86800000 36.92300000 37.04500000 37.08600000 36.78700000 36.98100000 37.20500000 37.23000000 37.17300000 37.08300000 37.00600000 37.05300000 37.15800000 37.21800000 37.31700000 37.27200000 36.65900000 36.62000000
35.67200000 36.37500000 36.60600000 36.70000000 37.02300000 37.30000000 36.94500000 36.92100000 36.93800000 36.93100000 37.03600000 37.01200000 36.99700000 37.02200000 37.04000000 37.15200000 36.88900000 37.15900000 37.21400000 37.20900000 37.12300000 37.00900000 36.98900000 37.09400000 37.17200000 37.27000000 37.41900000 37.37300000 37.25900000 36.69700000
35.69000000 36.16200000 36.56100000 36.35300000 36.53000000 37.06000000 37.36200000 37.21000000 36.92300000 36.91100000 36.96000000 36.97300000 37.01900000 37.03600000 37.03000000 37.12400000 37.08500000 37.12500000 37.17400000 37.18800000 37.17000000 37.15200000 37.16300000 37.19600000 37.39900000 37.43900000 37.46700000 37.45100000 37.28200000 37.30800000
35.93500000 35.87700000 35.90200000 36.13300000 36.60900000 36.32800000 36.93600000 37.31400000 37.37600000 37.38500000 36.96300000 36.95100000 36.98200000 37.07600000 37.07200000 37.17500000 37.21700000 37.19800000 37.20700000 37.25200000 37.17800000 37.22100000 37.34900000 37.35800000 37.36500000 37.38600000 37.44400000 37.46300000 37.29000000 37.27000000
36.05800000 36.06700000 35.89100000 36.16400000 36.19800000 36.21300000 36.36200000 37.20800000 37.31600000 37.40900000 37.34000000 36.98800000 36.97300000 36.94900000 37.00900000 37.17000000 37.24500000 37.22600000 37.03700000 37.33800000 37.38100000 37.32400000 37.34300000 37.41200000 37.43400000 37.43400000 37.46300000 37.34600000 37.28000000 37.23700000
35.70700000 37.59700000 35.84500000 35.81100000 36.31300000 36.27900000 35.84400000 36.44500000 37.16900000 37.11700000 37.17000000 37.36200000 37.01700000 37.00300000 36.98700000 37.03200000 37.06400000 37.33000000 37.35000000 37.37900000 37.31800000 37.28300000 37.39400000 37.30100000 37.34600000 37.35700000 37.32400000 37.28200000 37.27500000 37.19800000
37.59700000 37.59700000 37.59700000 37.59700000 35.76100000 36.24800000 36.02900000 35.77200000 36.43400000 37.14400000 36.80200000 37.01400000 37.01600000 37.24300000 37.31100000 37.30800000 37.31500000 37.24000000 37.26900000 37.36800000 37.22300000 37.34600000 37.26800000 37.27800000 37.35300000 37.33800000 37.28500000 37.33700000 37.22600000 37.16800000
37.59700000 37.59700000 37.59700000 37.59700000 37.59700000 35.76100000 35.78200000 36.03100000 36.17200000 36.45600000 36.89100000 36.48700000 36.42400000 36.75200000 36.46500000 36.47800000 37.14500000 37.10900000 37.28600000 37.36700000 37.20500000 37.27800000 37.25200000 37.23600000 37.32600000 37.39300000 37.34900000 37.33100000 37.25800000 37.20000000
37.59700000 37.59700000 37.59700000 37.59700000 37.59700000 37.59700000 37.59700000 35.76400000 35.76600000 35.86900000 36.34900000 36.23200000 36.33700000 36.27500000 36.43200000 36.21800000 36.44100000 36.93900000 37.15000000 37.41700000 37.37700000 37.20900000 37.21800000 37.19400000 37.30100000 37.38400000 37.46400000 37.32600000 37.39400000 37.21900000
37.59700000 37.59700000 37.59700000 37.59700000 37.59700000 37.59700000 37.59700000 37.59700000 37.59700000 37.59700000 37.59700000 37.59700000 37.59700000 37.59700000 37.59700000 36.24700000 36.26400000 36.97100000 36.97700000 37.33000000 37.42900000 37.42200000 37.37400000 37.38200000 37.34700000 37.38300000 37.41900000 37.48700000 37.32700000 37.38700000
37.59700000 37.59700000 37.59700000 37.59700000 37.59700000 37.59700000 37.59700000 37.59700000 37.59700000 37.59700000 37.59700000 37.59700000 37.59700000 37.59700000 37.59700000 37.59700000 36.30200000 36.80200000 36.99600000 36.95700000 37.35100000 37.42600000 37.41100000 37.38900000 37.32400000 37.36400000 37.42300000 37.48800000 37.52200000 37.53700000
37.59700000 37.59700000 37.59700000 37.59700000 37.59700000 37.59700000 37.59700000 37.59700000 37.59700000 37.59700000 37.59700000 37.59700000 37.59700000 37.59700000 37.59700000 37.59700000 37.59700000 36.29200000 36.74000000 36.90800000 37.14500000 37.37300000 37.42000000 37.38500000 37.32200000 37.36900000 37.38900000 37.39200000 37.44300000 37.56000000
37.59700000 37.59700000 37.59700000 37.59700000 37.59700000 37.59700000 37.59700000 37.59700000 37.59700000 37.59700000 37.59700000 37.59700000 37.59700000 37.59700000 37.59700000 37.59700000 37.59700000 37.59700000 37.59700000 36.85500000 36.70800000 37.34600000 37.42800000 37.35900000 37.33800000 37.35500000 37.38900000 37.33500000 37.36000000 37.48000000
37.59700000 37.59700000 37.59700000 37.59700000 37.59700000 37.59700000 37.59700000 37.59700000 37.59700000 37.59700000 37.59700000 37.59700000 37.59700000 37.59700000 37.59700000 37.59700000 37.59700000 37.59700000 37.59700000 37.59700000 36.76300000 37.35900000 37.42300000 37.31900000 37.40100000 37.39300000 37.36200000 37.35100000 37.34300000 37.39300000
37.59700000 37.59700000 37.59700000 37.59700000 37.59700000 37.59700000 37.59700000 37.59700000 37.59700000 37.59700000 37.59700000 37.59700000 37.59700000 37.59700000 37.59700000 37.59700000 37.59700000 37.59700000 37.59700000 37.59700000 36.82300000 37.36800000 37.37100000 37.35500000 37.41100000 37.40600000 37.42600000 37.35700000 37.34700000 37.40200000
37.59700000 37.59700000 37.59700000 37.59700000 37.59700000 37.59700000 37.59700000 37.59700000 37.59700000 37.59700000 37.59700000 37.59700000 37.59700000 37.59700000 37.59700000 37.59700000 37.59700000 37.59700000 37.59700000 37.59700000 36.48900000 37.37800000 37.31300000 37.40500000 37.39100000 37.40300000 37.41600000 37.40700000 37.37500000 37.34700000
37.59700000 37.59700000 37.59700000 37.59700000 37.59700000 37.59700000 37.59700000 37.59700000 37.59700000 37.59700000 37.59700000 37.59700000 37.59700000 37.59700000 37.59700000 37.59700000 37.59700000 37.59700000 37.59700000 37.59700000 36.54100000 37.32400000 37.38700000 37.41100000 37.39500000 37.38900000 37.38000000 37.32800000 37.33300000 37.37700000
37.59700000 37.59700000 37.59700000 37.59700000 37.59700000 37.59700000 37.59700000 37.59700000 37.59700000 37.59700000 37.59700000 37.59700000 37.59700000 37.59700000 37.59700000 37.59700000 37.59700000 37.59700000 37.59700000 37.59700000 37.59700000 37.12700000 37.35700000 37.37000000 37.38600000 37.35400000 37.32200000 37.30700000 37.27800000 37.32700000
37.59700000 37.59700000 37.59700000 37.59700000 37.59700000 37.59700000 37.59700000 37.59700000 37.59700000 37.59700000 37.59700000 37.59700000 37.59700000 37.59700000 37.59700000 37.59700000 37.59700000 37.59700000 37.59700000 37.59700000 37.59700000 36.71900000 37.28800000 37.35500000 37.36100000 37.34100000 37.32800000 37.29700000 37.24500000 37.30900000
37.59700000 37.59700000 37.59700000 37.59700000 37.59700000 37.59700000 37.59700000 37.59700000 37.59700000 37.59700000 37.59700000 37.59700000 37.59700000 37.59700000 37.59700000 37.59700000 37.59700000 37.59700000 37.59700000 37.59700000 37.59700000 37.59700000 37.16000000 37.31400000 37.32900000 37.31600000 37.29200000 37.23800000 37.29100000 37.32900000
37.59700000 37.59700000 37.59700000 37.59700000 37.59700000 37.59700000 37.59700000 37.59700000 37.59700000 37.59700000 37.59700000 37.59700000 37.59700000 37.59700000 37.59700000 37.59700000 37.59700000 37.59700000 37.59700000 37.59700000 37.59700000 37.59700000 36.87000000 37.11700000 37.22300000 37.18900000 37.21700000 37.28500000 37.28400000 37.30000000
37.59700000 37.59700000 37.59700000 37.59700000 37.59700000 37.59700000 37.59700000 37.59700000 37.59700000 37.59700000 37.59700000 37.59700000 37.59700000 37.59700000 37.59700000 37.59700000 37.59700000 37.59700000 37.59700000 37.59700000 37.59700000 37.59700000 37.59700000 36.74900000 37.19300000 37.22200000 37.23800000 37.24900000 37.25200000 37.28900000
