36.99200000 36.97100000 36.92900000 36.97900000 37.16900000 37.21800000 37.23800000 37.23800000 37.19400000 37.17900000 37.11100000 36.99200000 36.87400000 36.67800000 36.77900000 36.88100000 37.02500000 37.00600000 37.07000000 37.04900000 37.00000000 36.97800000 36.85000000 36.54400000 36.55100000 36.29400000 36.56600000 36.57700000 36.54400000 36.59300000
36.97000000 36.84900000 36.95900000 37.15000000 37.18800000 37.17700000 37.18900000 37.18300000 37.14800000 37.07800000 36.97500000 36.86300000 36.52900000 36.86300000 36.86500000 37.06200000 37.00800000 37.08800000 37.05300000 37.02800000 36.98100000 36.89500000 36.79800000 36.66400000 36.62200000 37.10000000 37.07300000 37.08100000 37.02400000 37.00400000
36.96000000 36.88200000 36.92900000 37.10300000 37.13100000 37.10000000 37.06400000 37.03000000 36.97200000 36.89300000 36.68900000 36.46000000 36.85700000 36.89600000 36.92400000 37.11100000 36.97800000 37.06000000 37.02000000 36.92800000 36.86200000 36.75300000 37.07700000 37.22100000 37.03300000 37.05800000 37.01100000 36.96800000 36.90700000 36.85700000
36.47800000 37.01000000 36.95100000 36.91600000 37.03500000 37.03200000 36.96200000 36.62400000 36.62600000 36.72100000 36.83900000 36.93100000 36.89700000 36.91100000 36.97800000 37.06000000 36.96900000 36.99300000 36.90400000 36.75300000 37.07300000 37.25100000 37.26000000 37.25800000 37.27500000 37.08400000 37.01200000 36.93400000 36.92800000 36.84900000
35.85200000 36.99700000 37.05400000 37.14900000 36.86200000 36.96700000 36.70500000 36.53900000 36.63700000 36.94400000 36.93400000 36.92100000 36.92900000 36.94000000 37.02500000 37.03900000 36.92400000 36.90400000 36.84900000 37.22600000 37.24600000 37.19600000 37.16300000 37.16600000 37.19900000 37.25900000 37.27900000 36.81200000 36.63500000 36.63800000
35.57900000 36.69900000 36.82900000 36.94700000 37.26000000 37.06500000 36.89700000 36.82800000 36.82400000 36.82000000 36.83100000 36.84800000 36.86800000 36.92300000 37.04600000 37.08300000 36.78800000 36.98700000 37.20700000 37.23100000 37.17200000 37.08100000 37.00500000 37.05300000 37.15800000 37.21900000 37.31800000 37.27300000 36.66100000 36.62200000
35.66200000 36.40200000 36.59900000 36.69700000 37.02500000 37.30200000 36.94500000 36.92300000 36.94000000 36.93300000 37.03700000 37.01200000 36.99800000 37.02300000 37.04100000 37.15400000 36.88700000 37.16100000 37.21500000 37.21000000 37.12400000 37.01000000 36.99100000 37.09500000 37.17300000 37.27600000 37.42300000 37.37600000 37.26000000 36.69200000
35.63700000 36.16200000 36.55700000 36.34700000 36.52500000 37.05500000 37.36400000 37.21600000 36.92600000 36.91000000 36.96000000 36.97200000 37.02000000 37.03700000 37.03100000 37.12700000 37.08200000 37.12600000 37.17600000 37.18900000 37.17100000 37.15400000 37.16300000 37.19800000 37.40500000 37.43800000 37.46700000 37.45300000 37.28300000 37.30800000
35.36900000 35.37900000 35.75900000 36.11300000 36.61000000 36.32500000 36.95500000 37.31700000 37.37800000 37.38800000 36.96200000 36.95200000 36.98600000 37.07600000 37.07200000 37.17700000 37.21700000 37.19900000 37.20800000 37.25300000 37.17300000 37.23100000 37.34300000 37.35800000 37.36600000 37.38600000 37.44500000 37.46500000 37.29100000 37.27000000
35.18500000 35.60300000 35.56300000 35.86200000 36.17400000 36.20700000 36.34700000 37.21300000 37.31700000 37.41000000 37.33400000 36.98400000 36.97300000 36.95000000 37.01100000 37.17400000 37.24600000 37.22700000 37.03700000 37.33900000 37.38200000 37.32600000 37.34500000 37.41200000 37.43600000 37.43600000 37.46500000 37.34800000 37.28100000 37.23700000
34.84000000 35.26200000 35.66400000 35.52000000 35.63000000 36.02900000 35.78700000 36.44000000 37.17400000 37.12000000 37.16500000 37.36400000 37.00900000 37.00200000 36.98700000 37.03400000 37.06400000 37.33100000 37.34900000 37.37900000 37.31800000 37.28400000 37.39300000 37.30400000 37.34600000 37.35700000 37.32500000 37.28300000 37.27500000 37.19800000
37.59700000 37.59700000 37.59700000 35.25600000 35.37100000 35.67000000 35.69800000 35.65200000 36.45000000 37.13800000 36.78900000 37.01600000 37.00300000 37.24900000 37.31500000 37.30900000 37.31300000 37.24000000 37.27200000 37.36900000 37.22400000 37.34700000 37.26900000 37.27900000 37.35500000 37.33900000 37.28400000 37.34000000 37.22600000 37.16800000
37.59700000 37.59700000 37.59700000 37.59700000 35.23700000 35.49500000 35.51800000 35.57000000 35.78500000 36.45200000 36.87900000 36.47700000 36.36700000 36.74700000 36.45200000 36.50800000 37.14900000 37.10400000 37.28800000 37.36900000 37.20800000 37.27900000 37.25300000 37.23700000 37.32700000 37.39400000 37.34900000 37.33100000 37.25500000 37.19900000
37.59700000 37.59700000 37.59700000 37.59700000 37.59700000 37.59700000 35.40800000 35.53100000 35.63100000 35.76700000 36.03100000 36.16600000 36.14700000 36.23900000 36.22400000 36.20600000 36.43700000 36.92900000 37.14900000 37.41900000 37.37800000 37.21000000 37.21900000 37.19500000 37.30400000 37.38600000 37.46500000 37.32600000 37.39600000 37.21900000
37.59700000 37.59700000 37.59700000 37.59700000 37.59700000 37.59700000 37.59700000 37.59700000 37.59700000 37.59700000 37.59700000 37.59700000 35.90900000 36.18200000 36.16000000 36.06000000 36.27200000 36.97200000 36.98900000 37.33100000 37.42900000 37.42300000 37.37500000 37.38400000 37.34800000 37.38400000 37.42000000 37.48900000 37.32600000 37.38900000
37.59700000 37.59700000 37.59700000 37.59700000 37.59700000 37.59700000 37.59700000 37.59700000 37.59700000 37.59700000 37.59700000 37.59700000 37.59700000 37.59700000 37.59700000 36.00700000 36.30500000 36.80500000 37.00400000 36.95300000 37.35300000 37.42500000 37.41200000 37.38900000 37.32400000 37.36600000 37.42500000 37.48900000 37.52300000 37.53800000
37.59700000 37.59700000 37.59700000 37.59700000 37.59700000 37.59700000 37.59700000 37.59700000 37.59700000 37.59700000 37.59700000 37.59700000 37.59700000 37.59700000 37.59700000 37.59700000 35.96600000 36.19300000 36.68600000 37.00000000 37.17800000 37.37600000 37.42000000 37.38400000 37.32400000 37.36900000 37.38900000 37.39800000 37.44100000 37.56100000
37.59700000 37.59700000 37.59700000 37.59700000 37.59700000 37.59700000 37.59700000 37.59700000 37.59700000 37.59700000 37.59700000 37.59700000 37.59700000 37.59700000 37.59700000 37.59700000 37.59700000 37.59700000 36.18700000 37.00900000 36.72200000 37.34300000 37.42700000 37.35600000 37.33800000 37.35500000 37.38900000 37.33600000 37.36200000 37.48200000
37.59700000 37.59700000 37.59700000 37.59700000 37.59700000 37.59700000 37.59700000 37.59700000 37.59700000 37.59700000 37.59700000 37.59700000 37.59700000 37.59700000 37.59700000 37.59700000 37.59700000 37.59700000 37.59700000 36.92000000 36.76500000 37.35900000 37.42200000 37.31700000 37.40200000 37.39100000 37.36300000 37.35000000 37.34500000 37.39400000
37.59700000 37.59700000 37.59700000 37.59700000 37.59700000 37.59700000 37.59700000 37.59700000 37.59700000 37.59700000 37.59700000 37.59700000 37.59700000 37.59700000 37.59700000 37.59700000 37.59700000 37.59700000 37.59700000 36.93100000 36.87300000 37.36900000 37.36800000 37.35700000 37.41000000 37.40600000 37.42200000 37.35700000 37.34600000 37.40200000
37.59700000 37.59700000 37.59700000 37.59700000 37.59700000 37.59700000 37.59700000 37.59700000 37.59700000 37.59700000 37.59700000 37.59700000 37.59700000 37.59700000 37.59700000 37.59700000 37.59700000 37.59700000 37.59700000 36.89000000 36.79400000 37.37900000 37.31400000 37.40700000 37.39200000 37.40300000 37.41600000 37.40400000 37.37400000 37.34600000
37.59700000 37.59700000 37.59700000 37.59700000 37.59700000 37.59700000 37.59700000 37.59700000 37.59700000 37.59700000 37.59700000 37.59700000 37.59700000 37.59700000 37.59700000 37.59700000 37.59700000 37.59700000 37.59700000 36.51600000 36.75600000 37.32500000 37.38900000 37.41100000 37.39700000 37.38900000 37.38100000 37.32600000 37.33200000 37.37600000
37.59700000 37.59700000 37.59700000 37.59700000 37.59700000 37.59700000 37.59700000 37.59700000 37.59700000 37.59700000 37.59700000 37.59700000 37.59700000 37.59700000 37.59700000 37.59700000 37.59700000 37.59700000 37.59700000 37.59700000 36.69300000 37.13800000 37.35900000 37.37100000 37.38700000 37.35500000 37.32200000 37.30800000 37.27900000 37.32700000
37.59700000 37.59700000 37.59700000 37.59700000 37.59700000 37.59700000 37.59700000 37.59700000 37.59700000 37.59700000 37.59700000 37.59700000 37.59700000 37.59700000 37.59700000 37.59700000 37.59700000 37.59700000 37.59700000 37.59700000 37.59700000 36.73700000 37.29100000 37.35700000 37.36200000 37.34200000 37.32900000 37.29800000 37.24500000 37.31100000
37.59700000 37.59700000 37.59700000 37.59700000 37.59700000 37.59700000 37.59700000 37.59700000 37.59700000 37.59700000 37.59700000 37.59700000 37.59700000 37.59700000 37.59700000 37.59700000 37.59700000 37.59700000 37.59700000 37.59700000 37.59700000 36.52600000 37.16200000 37.31600000 37.33000000 37.31800000 37.29400000 37.23900000 37.29100000 37.33000000
37.59700000 37.59700000 37.59700000 37.59700000 37.59700000 37.59700000 37.59700000 37.59700000 37.59700000 37.59700000 37.59700000 37.59700000 37.59700000 37.59700000 37.59700000 37.59700000 37.59700000 37.59700000 37.59700000 37.59700000 37.59700000 37.59700000 36.87000000 37.11800000 37.22400000 37.19200000 37.21800000 37.28600000 37.28500000 37.29900000
37.59700000 37.59700000 37.59700000 37.59700000 37.59700000 37.59700000 37.59700000 37.59700000 37.59700000 37.59700000 37.59700000 37.59700000 37.59700000 37.59700000 37.59700000 37.59700000 37.59700000 37.59700000 37.59700000 37.59700000 37.59700000 37.59700000 37.59700000 36.75200000 37.19300000 37.22300000 37.23900000 37.25000000 37.25400000 37.29000000
36.99100000 36.97100000 36.92800000 36.97900000 37.16700000 37.21800000 37.23800000 37.23800000 37.19400000 37.17900000 37.11500000 36.99400000 36.87600000 36.68100000 36.77800000 36.87900000 37.02300000 37.00500000 37.06900000 37.04700000 36.99900000 36.97800000 36.83500000 36.54100000 36.55000000 36.29200000 36.56600000 36.57700000 36.54300000 36.58800000
36.97000000 36.84800000 36.95800000 37.14900000 37.18800000 37.17700000 37.18800000 37.18200000 37.14800000 37.07800000 36.97500000 36.86200000 36.52700000 36.86200000 36.86400000 37.06100000 37.00800000 37.08700000 37.05200000 37.02700000 36.98000000 36.89500000 36.79800000 36.66400000 36.61800000 37.09700000 37.07200000 37.08000000 37.02300000 37.00400000
36.96000000 36.88100000 36.92800000 37.10200000 37.13100000 37.10000000 37.06400000 37.02900000 36.97200000 36.89200000 36.69000000 36.46000000 36.85600000 36.89500000 36.92300000 37.11000000 36.97700000 37.05900000 37.01900000 36.92800000 36.86100000 36.75300000 37.07400000 37.22100000 37.03200000 37.05700000 37.01000000 36.96600000 36.90600000 36.85700000
36.61800000 37.00900000 36.95000000 36.91600000 37.03500000 37.03100000 36.96300000 36.62500000 36.62500000 36.72000000 36.83800000 36.93000000 36.89600000 36.91000000 36.97700000 37.06000000 36.96800000 36.99200000 36.90400000 36.75200000 37.07100000 37.25000000 37.26000000 37.25700000 37.27500000 37.08300000 37.01200000 36.93400000 36.92800000 36.84800000
36.25400000 36.99600000 37.05300000 37.14800000 36.86100000 36.94000000 36.70500000 36.53800000 36.63500000 36.94300000 36.93400000 36.92100000 36.92900000 36.93900000 37.02400000 37.03900000 36.92300000 36.90300000 36.84700000 37.22400000 37.24500000 37.19600000 37.16200000 37.16500000 37.19800000 37.25800000 37.27900000 36.81200000 36.63400000 36.63800000
35.74000000 36.77800000 36.82900000 36.94600000 37.25900000 37.06400000 36.89600000 36.82700000 36.82400000 36.82000000 36.83000000 36.84800000 36.86800000 36.92200000 37.04500000 37.08300000 36.78700000 36.98500000 37.20500000 37.22900000 37.17200000 37.08100000 37.00500000 37.05300000 37.15800000 37.21800000 37.31700000 37.27200000 36.66100000 36.62100000
35.68400000 36.40400000 36.60000000 36.69700000 37.02300000 37.30100000 36.94400000 36.92200000 36.93900000 36.93200000 37.03700000 37.01200000 36.99700000 37.02200000 37.04000000 37.15300000 36.88600000 37.16000000 37.21400000 37.21000000 37.12400000 37.00900000 36.99000000 37.09500000 37.17200000 37.27400000 37.42200000 37.37500000 37.25900000 36.69800000
35.69000000 36.16500000 36.55700000 36.34800000 36.52500000 37.05400000 37.36300000 37.21500000 36.92500000 36.91000000 36.96000000 36.97200000 37.02000000 37.03600000 37.03000000 37.12500000 37.08100000 37.12500000 37.17500000 37.18800000 37.17100000 37.15300000 37.16300000 37.19800000 37.40500000 37.43700000 37.46600000 37.45200000 37.28200000 37.30900000
35.93700000 35.78000000 35.88800000 36.12700000 36.60900000 36.32600000 36.95500000 37.31600000 37.37700000 37.38700000 36.96200000 36.95200000 36.98600000 37.07600000 37.07100000 37.17600000 37.21600000 37.19800000 37.20700000 37.25200000 37.17300000 37.23000000 37.34300000 37.35700000 37.36500000 37.38500000 37.44400000 37.46400000 37.29000000 37.27000000
36.05400000 36.06500000 35.87700000 36.13200000 36.20200000 36.20700000 36.38100000 37.21100000 37.31600000 37.40900000 37.33300000 36.98300000 36.97300000 36.95000000 37.01100000 37.17400000 37.24600000 37.22700000 37.03700000 37.33900000 37.38100000 37.32500000 37.34400000 37.41100000 37.43500000 37.43500000 37.46400000 37.34700000 37.28100000 37.23700000
35.71000000 37.59700000 35.84300000 35.81000000 36.31500000 36.23400000 35.84800000 36.46100000 37.17300000 37.11900000 37.16500000 37.36300000 37.00900000 37.00200000 36.98700000 37.03400000 37.06400000 37.33000000 37.34900000 37.37800000 37.31800000 37.28300000 37.39200000 37.30300000 37.34500000 37.35600000 37.32400000 37.28300000 37.27500000 37.19700000
37.59700000 37.59700000 37.59700000 37.59700000 35.76100000 36.24400000 35.92700000 35.74000000 36.45100000 37.13700000 36.78900000 37.01500000 37.00300000 37.24800000 37.31300000 37.30900000 37.31400000 37.24000000 37.27100000 37.36800000 37.22300000 37.34600000 37.26800000 37.27800000 37.35400000 37.33800000 37.28400000 37.33800000 37.22500000 37.16700000
37.59700000 37.59700000 37.59700000 37.59700000 37.59700000 35.76200000 35.78600000 36.02800000 36.19700000 36.47200000 36.87900000 36.47600000 36.43400000 36.74700000 36.45900000 36.51000000 37.14800000 37.10300000 37.28700000 37.36800000 37.20700000 37.27900000 37.25200000 37.23700000 37.32600000 37.39300000 37.34800000 37.33000000 37.25400000 37.19900000
37.59700000 37.59700000 37.59700000 37.59700000 37.59700000 37.59700000 37.59700000 35.76500000 35.76600000 35.86700000 36.35600000 36.23500000 36.32200000 36.30500000 36.43100000 36.20700000 36.44700000 36.92900000 37.14800000 37.41800000 37.37700000 37.20900000 37.21800000 37.19400000 37.30300000 37.38500000 37.46400000 37.32500000 37.39500000 37.21800000
37.59700000 37.59700000 37.59700000 37.59700000 37.59700000 37.59700000 37.59700000 37.59700000 37.59700000 37.59700000 37.59700000 37.59700000 37.59700000 37.59700000 37.59700000 36.24000000 36.27400000 36.97200000 36.97900000 37.33100000 37.42900000 37.42200000 37.37400000 37.38300000 37.34700000 37.38300000 37.41900000 37.48800000 37.32600000 37.38800000
37.59700000 37.59700000 37.59700000 37.59700000 37.59700000 37.59700000 37.59700000 37.59700000 37.59700000 37.59700000 37.59700000 37.59700000 37.59700000 37.59700000 37.59700000 37.59700000 36.31100000 36.80400000 36.99900000 36.95400000 37.35300000 37.42500000 37.41200000 37.38900000 37.32300000 37.36500000 37.42400000 37.48800000 37.52200000 37.53700000
37.59700000 37.59700000 37.59700000 37.59700000 37.59700000 37.59700000 37.59700000 37.59700000 37.59700000 37.59700000 37.59700000 37.59700000 37.59700000 37.59700000 37.59700000 37.59700000 37.59700000 36.29000000 36.73300000 36.96000000 37.17700000 37.37700000 37.42000000 37.38400000 37.32400000 37.36900000 37.38800000 37.39600000 37.44100000 37.56000000
37.59700000 37.59700000 37.59700000 37.59700000 37.59700000 37.59700000 37.59700000 37.59700000 37.59700000 37.59700000 37.59700000 37.59700000 37.59700000 37.59700000 37.59700000 37.59700000 37.59700000 37.59700000 37.59700000 36.87700000 36.71100000 37.34500000 37.42700000 37.35700000 37.33800000 37.35500000 37.38800000 37.33500000 37.36100000 37.48100000
37.59700000 37.59700000 37.59700000 37.59700000 37.59700000 37.59700000 37.59700000 37.59700000 37.59700000 37.59700000 37.59700000 37.59700000 37.59700000 37.59700000 37.59700000 37.59700000 37.59700000 37.59700000 37.59700000 37.59700000 36.76500000 37.35900000 37.42200000 37.31800000 37.40300000 37.39100000 37.36300000 37.35000000 37.34400000 37.39300000
37.59700000 37.59700000 37.59700000 37.59700000 37.59700000 37.59700000 37.59700000 37.59700000 37.59700000 37.59700000 37.59700000 37.59700000 37.59700000 37.59700000 37.59700000 37.59700000 37.59700000 37.59700000 37.59700000 37.59700000 36.80700000 37.36900000 37.36800000 37.35700000 37.41000000 37.40700000 37.42300000 37.35700000 37.34600000 37.40200000
37.59700000 37.59700000 37.59700000 37.59700000 37.59700000 37.59700000 37.59700000 37.59700000 37.59700000 37.59700000 37.59700000 37.59700000 37.59700000 37.59700000 37.59700000 37.59700000 37.59700000 37.59700000 37.59700000 37.59700000 36.48200000 37.37900000 37.31300000 37.40600000 37.39200000 37.40300000 37.41600000 37.40500000 37.37500000 37.34700000
37.59700000 37.59700000 37.59700000 37.59700000 37.59700000 37.59700000 37.59700000 37.59700000 37.59700000 37.59700000 37.59700000 37.59700000 37.59700000 37.59700000 37.59700000 37.59700000 37.59700000 37.59700000 37.59700000 37.59700000 36.53900000 37.32400000 37.38800000 37.41000000 37.39600000 37.38900000 37.38000000 37.32700000 37.33200000 37.37600000
37.59700000 37.59700000 37.59700000 37.59700000 37.59700000 37.59700000 37.59700000 37.59700000 37.59700000 37.59700000 37.59700000 37.59700000 37.59700000 37.59700000 37.59700000 37.59700000 37.59700000 37.59700000 37.59700000 37.59700000 37.59700000 37.13700000 37.35800000 37.37000000 37.38600000 37.35400000 37.32200000 37.30800000 37.27800000 37.32700000
37.59700000 37.59700000 37.59700000 37.59700000 37.59700000 37.59700000 37.59700000 37.59700000 37.59700000 37.59700000 37.59700000 37.59700000 37.59700000 37.59700000 37.59700000 37.59700000 37.59700000 37.59700000 37.59700000 37.59700000 37.59700000 36.71700000 37.29000000 37.35600000 37.36100000 37.34100000 37.32800000 37.29800000 37.24500000 37.31100000
37.59700000 37.59700000 37.59700000 37.59700000 37.59700000 37.59700000 37.59700000 37.59700000 37.59700000 37.59700000 37.59700000 37.59700000 37.59700000 37.59700000 37.59700000 37.59700000 37.59700000 37.59700000 37.59700000 37.59700000 37.59700000 37.59700000 37.16000000 37.31500000 37.32900000 37.31700000 37.29400000 37.23800000 37.29100000 37.32900000
37.59700000 37.59700000 37.59700000 37.59700000 37.59700000 37.59700000 37.59700000 37.59700000 37.59700000 37.59700000 37.59700000 37.59700000 37.59700000 37.59700000 37.59700000 37.59700000 37.59700000 37.59700000 37.59700000 37.59700000 37.59700000 37.59700000 36.86800000 37.11700000 37.22300000 37.19100000 37.21700000 37.28500000 37.28400000 37.29800000
37.59700000 37.59700000 37.59700000 37.59700000 37.59700000 37.59700000 37.59700000 37.59700000 37.59700000 37.59700000 37.59700000 37.59700000 37.59700000 37.59700000 37.59700000 37.59700000 37.59700000 37.59700000 37.59700000 37.59700000 37.59700000 37.59700000 37.59700000 36.74900000 37.19200000 37.22200000 37.23800000 37.24900000 37.25300000 37.28900000
