36.99200000 36.96800000 36.92800000 36.98000000 37.17700000 37.21800000 37.23800000 37.23900000 37.19400000 37.17900000 37.11100000 36.99200000 36.87400000 36.67600000 36.78200000 36.88100000 37.02700000 37.00600000 37.07000000 37.04800000 37.00000000 36.97800000 36.85000000 36.54200000 36.55100000 36.29500000 36.56700000 36.58000000 36.54700000 36.59900000
36.96400000 36.84800000 36.95900000 37.15000000 37.18800000 37.17700000 37.18900000 37.18200000 37.14700000 37.07700000 36.97300000 36.86100000 36.53200000 36.86600000 36.86600000 37.06600000 37.00700000 37.08800000 37.05200000 37.02800000 36.98000000 36.89400000 36.79900000 36.66400000 36.62500000 37.10100000 37.07200000 37.08100000 37.02000000 37.00000000
36.95800000 36.88500000 36.92800000 37.10400000 37.13000000 37.09800000 37.06400000 37.02800000 36.97000000 36.89200000 36.68400000 36.46100000 36.86200000 36.89500000 36.92500000 37.11000000 36.97900000 37.06000000 37.01800000 36.92700000 36.86100000 36.75200000 37.08700000 37.21900000 37.03100000 37.05800000 37.00900000 36.96900000 36.90800000 36.85700000
36.47800000 37.01300000 36.95500000 36.91300000 37.03400000 37.03100000 36.96000000 36.62000000 36.62800000 36.71900000 36.83900000 36.93200000 36.89700000 36.91200000 36.97900000 37.05900000 36.97000000 36.99200000 36.90300000 36.75200000 37.08100000 37.25200000 37.25800000 37.25600000 37.27500000 37.09100000 37.01000000 36.93000000 36.92400000 36.84800000
35.84900000 36.99800000 37.05500000 37.15300000 36.86700000 36.96400000 36.70700000 36.54000000 36.63600000 36.94400000 36.93500000 36.92200000 36.93000000 36.94000000 37.02600000 37.03800000 36.92400000 36.90300000 36.85400000 37.22500000 37.24500000 37.19400000 37.16200000 37.16400000 37.19800000 37.25900000 37.28000000 36.81200000 36.63300000 36.63800000
35.57800000 36.71800000 36.82700000 36.93900000 37.26400000 37.06800000 36.90200000 36.82900000 36.82400000 36.81900000 36.83000000 36.84800000 36.86800000 36.92200000 37.04600000 37.08000000 36.78700000 36.99100000 37.20700000 37.23100000 37.17100000 37.07900000 37.00500000 37.05200000 37.15800000 37.21800000 37.31900000 37.27300000 36.66300000 36.62300000
35.68200000 36.43100000 36.59400000 36.69400000 37.02400000 37.30400000 36.94600000 36.92300000 36.94100000 36.93500000 37.03800000 37.01200000 36.99800000 37.02300000 37.04100000 37.15500000 36.88500000 37.16300000 37.21500000 37.21100000 37.12500000 37.01000000 36.99200000 37.09700000 37.17200000 37.28100000 37.42600000 37.37700000 37.26000000 36.69600000
35.63600000 36.16400000 36.55300000 36.34100000 36.52000000 37.04700000 37.36400000 37.22300000 36.92900000 36.90900000 36.95900000 36.97100000 37.02100000 37.03600000 37.03100000 37.12900000 37.07800000 37.12600000 37.17600000 37.18900000 37.17200000 37.15600000 37.16300000 37.20100000 37.41100000 37.43600000 37.46600000 37.45400000 37.28300000 37.30900000
35.36900000 35.38700000 35.76700000 36.10500000 36.60900000 36.32200000 36.96900000 37.31900000 37.37900000 37.39000000 36.96100000 36.95300000 36.98900000 37.07600000 37.07100000 37.17800000 37.21600000 37.19900000 37.20700000 37.25400000 37.16600000 37.24300000 37.33600000 37.35600000 37.36500000 37.38500000 37.44500000 37.46500000 37.29200000 37.27000000
35.18800000 35.61300000 35.55300000 35.85500000 36.17800000 36.20000000 36.36400000 37.21500000 37.31700000 37.41100000 37.32700000 36.97900000 36.97300000 36.95100000 37.01300000 37.17800000 37.24600000 37.22800000 37.03700000 37.33900000 37.38200000 37.32700000 37.34700000 37.41000000 37.43600000 37.43700000 37.46500000 37.34900000 37.28200000 37.23700000
34.83900000 35.23300000 35.67400000 35.51000000 35.62800000 36.03100000 35.77900000 36.46500000 37.17500000 37.12100000 37.16000000 37.36500000 37.00200000 37.00200000 36.98700000 37.03600000 37.06400000 37.33100000 37.34800000 37.37800000 37.31800000 37.28400000 37.39100000 37.30700000 37.34600000 37.35600000 37.32400000 37.28400000 37.27400000 37.19700000
37.59700000 37.59700000 37.59700000 35.26000000 35.38400000 35.66400000 35.69500000 35.65000000 36.46400000 37.13200000 36.77500000 37.01500000 36.98900000 37.25300000 37.31700000 37.31000000 37.31300000 37.24000000 37.27500000 37.36900000 37.22400000 37.34700000 37.26900000 37.28000000 37.35600000 37.34000000 37.28300000 37.34100000 37.22500000 37.16700000
37.59700000 37.59700000 37.59700000 37.59700000 35.23800000 35.49700000 35.51800000 35.57200000 35.81200000 36.46100000 36.86300000 36.46700000 36.36900000 36.73600000 36.44500000 36.54800000 37.14900000 37.09700000 37.29000000 37.37000000 37.20900000 37.28000000 37.25300000 37.23800000 37.32800000 37.39400000 37.34800000 37.33000000 37.25100000 37.19800000
37.59700000 37.59700000 37.59700000 37.59700000 37.59700000 37.59700000 35.41200000 35.53500000 35.63100000 35.76700000 36.01900000 36.16600000 36.13900000 36.23700000 36.22800000 36.19600000 36.44400000 36.91900000 37.14800000 37.41900000 37.37800000 37.21100000 37.21900000 37.19500000 37.30500000 37.38700000 37.46500000 37.32500000 37.39600000 37.21800000
37.59700000 37.59700000 37.59700000 37.59700000 37.59700000 37.59700000 37.59700000 37.59700000 37.59700000 37.59700000 37.59700000 37.59700000 35.91400000 36.18500000 36.15700000 36.06100000 36.28100000 36.97300000 36.99100000 37.33300000 37.42900000 37.42300000 37.37400000 37.38500000 37.34800000 37.38400000 37.42000000 37.49000000 37.32600000 37.39000000
37.59700000 37.59700000 37.59700000 37.59700000 37.59700000 37.59700000 37.59700000 37.59700000 37.59700000 37.59700000 37.59700000 37.59700000 37.59700000 37.59700000 37.59700000 36.00800000 36.31700000 36.80600000 37.00600000 36.95000000 37.35400000 37.42400000 37.41200000 37.38800000 37.32300000 37.36700000 37.42500000 37.48900000 37.52300000 37.53700000
37.59700000 37.59700000 37.59700000 37.59700000 37.59700000 37.59700000 37.59700000 37.59700000 37.59700000 37.59700000 37.59700000 37.59700000 37.59700000 37.59700000 37.59700000 37.59700000 35.96800000 36.19300000 36.67800000 36.98600000 37.21300000 37.38000000 37.42000000 37.38400000 37.32600000 37.37000000 37.38900000 37.40200000 37.43900000 37.56100000
37.59700000 37.59700000 37.59700000 37.59700000 37.59700000 37.59700000 37.59700000 37.59700000 37.59700000 37.59700000 37.59700000 37.59700000 37.59700000 37.59700000 37.59700000 37.59700000 37.59700000 37.59700000 36.18300000 37.01200000 36.71900000 37.34300000 37.42600000 37.35300000 37.33900000 37.35600000 37.38900000 37.33600000 37.36400000 37.48300000
37.59700000 37.59700000 37.59700000 37.59700000 37.59700000 37.59700000 37.59700000 37.59700000 37.59700000 37.59700000 37.59700000 37.59700000 37.59700000 37.59700000 37.59700000 37.59700000 37.59700000 37.59700000 37.59700000 36.92300000 36.76500000 37.35900000 37.42100000 37.31700000 37.40400000 37.38900000 37.36400000 37.35000000 37.34600000 37.39400000
37.59700000 37.59700000 37.59700000 37.59700000 37.59700000 37.59700000 37.59700000 37.59700000 37.59700000 37.59700000 37.59700000 37.59700000 37.59700000 37.59700000 37.59700000 37.59700000 37.59700000 37.59700000 37.59700000 36.92300000 36.85500000 37.37000000 37.36500000 37.35900000 37.40900000 37.40800000 37.42000000 37.35600000 37.34600000 37.40300000
37.59700000 37.59700000 37.59700000 37.59700000 37.59700000 37.59700000 37.59700000 37.59700000 37.59700000 37.59700000 37.59700000 37.59700000 37.59700000 37.59700000 37.59700000 37.59700000 37.59700000 37.59700000 37.59700000 36.88800000 36.80300000 37.38000000 37.31300000 37.40700000 37.39100000 37.40300000 37.41600000 37.40200000 37.37400000 37.34700000
37.59700000 37.59700000 37.59700000 37.59700000 37.59700000 37.59700000 37.59700000 37.59700000 37.59700000 37.59700000 37.59700000 37.59700000 37.59700000 37.59700000 37.59700000 37.59700000 37.59700000 37.59700000 37.59700000 36.52000000 36.75700000 37.32500000 37.38900000 37.41000000 37.39700000 37.38800000 37.38000000 37.32400000 37.33200000 37.37500000
37.59700000 37.59700000 37.59700000 37.59700000 37.59700000 37.59700000 37.59700000 37.59700000 37.59700000 37.59700000 37.59700000 37.59700000 37.59700000 37.59700000 37.59700000 37.59700000 37.59700000 37.59700000 37.59700000 37.59700000 36.69600000 37.14400000 37.36000000 37.37100000 37.38700000 37.35400000 37.32200000 37.30800000 37.27800000 37.32600000
37.59700000 37.59700000 37.59700000 37.59700000 37.59700000 37.59700000 37.59700000 37.59700000 37.59700000 37.59700000 37.59700000 37.59700000 37.59700000 37.59700000 37.59700000 37.59700000 37.59700000 37.59700000 37.59700000 37.59700000 37.59700000 36.73800000 37.29300000 37.35700000 37.36300000 37.34200000 37.32900000 37.29900000 37.24500000 37.31300000
37.59700000 37.59700000 37.59700000 37.59700000 37.59700000 37.59700000 37.59700000 37.59700000 37.59700000 37.59700000 37.59700000 37.59700000 37.59700000 37.59700000 37.59700000 37.59700000 37.59700000 37.59700000 37.59700000 37.59700000 37.59700000 36.52800000 37.16200000 37.31700000 37.33000000 37.31800000 37.29600000 37.24000000 37.29100000 37.33100000
37.59700000 37.59700000 37.59700000 37.59700000 37.59700000 37.59700000 37.59700000 37.59700000 37.59700000 37.59700000 37.59700000 37.59700000 37.59700000 37.59700000 37.59700000 37.59700000 37.59700000 37.59700000 37.59700000 37.59700000 37.59700000 37.59700000 36.86600000 37.11800000 37.22300000 37.19400000 37.21700000 37.28600000 37.28500000 37.29700000
37.59700000 37.59700000 37.59700000 37.59700000 37.59700000 37.59700000 37.59700000 37.59700000 37.59700000 37.59700000 37.59700000 37.59700000 37.59700000 37.59700000 37.59700000 37.59700000 37.59700000 37.59700000 37.59700000 37.59700000 37.59700000 37.59700000 37.59700000 36.74400000 37.19300000 37.22300000 37.23800000 37.25000000 37.25400000 37.28900000
36.99100000 36.96800000 36.92700000 36.97900000 37.17400000 37.21800000 37.23800000 37.23900000 37.19400000 37.17800000 37.11500000 36.99300000 36.87500000 36.68000000 36.78200000 36.88000000 37.02500000 37.00500000 37.06900000 37.04700000 36.99900000 36.97800000 36.83500000 36.53900000 36.55000000 36.29400000 36.56600000 36.58000000 36.54600000 36.59400000
36.96400000 36.84800000 36.95800000 37.15000000 37.18700000 37.17600000 37.18800000 37.18200000 37.14700000 37.07700000 36.97300000 36.86000000 36.53100000 36.86500000 36.86600000 37.06400000 37.00600000 37.08700000 37.05100000 37.02700000 36.98000000 36.89400000 36.79900000 36.66400000 36.62300000 37.09700000 37.07100000 37.08000000 37.02000000 36.99900000
36.95900000 36.88400000 36.92800000 37.10300000 37.12900000 37.09800000 37.06300000 37.02800000 36.97000000 36.89100000 36.68500000 36.46000000 36.86100000 36.89500000 36.92400000 37.10900000 36.97800000 37.06000000 37.01800000 36.92600000 36.86100000 36.75200000 37.08400000 37.21800000 37.03000000 37.05700000 37.00900000 36.96800000 36.90700000 36.85700000
36.62600000 37.01200000 36.95400000 36.91300000 37.03300000 37.03100000 36.96000000 36.62100000 36.62800000 36.71900000 36.83800000 36.93100000 36.89600000 36.91100000 36.97800000 37.05800000 36.96900000 36.99100000 36.90300000 36.75200000 37.08100000 37.25100000 37.25800000 37.25600000 37.27400000 37.09000000 37.00900000 36.92900000 36.92400000 36.84700000
36.24400000 36.99700000 37.05400000 37.15200000 36.86600000 36.94000000 36.70700000 36.54000000 36.63500000 36.94300000 36.93400000 36.92100000 36.92900000 36.93900000 37.02500000 37.03800000 36.92300000 36.90300000 36.85200000 37.22400000 37.24400000 37.19400000 37.16200000 37.16400000 37.19800000 37.25800000 37.27900000 36.81200000 36.63300000 36.63700000
35.74300000 36.77400000 36.82600000 36.93800000 37.26200000 37.06700000 36.90100000 36.82800000 36.82300000 36.81900000 36.83000000 36.84800000 36.86700000 36.92100000 37.04400000 37.08000000 36.78700000 36.98800000 37.20600000 37.22900000 37.17100000 37.07900000 37.00400000 37.05200000 37.15700000 37.21800000 37.31800000 37.27200000 36.66200000 36.62200000
35.69700000 36.43200000 36.59400000 36.69400000 37.02200000 37.30200000 36.94500000 36.92200000 36.94000000 36.93400000 37.03700000 37.01200000 36.99700000 37.02200000 37.04100000 37.15400000 36.88400000 37.16200000 37.21400000 37.21000000 37.12400000 37.00900000 36.99100000 37.09600000 37.17200000 37.27900000 37.42500000 37.37700000 37.25800000 36.70100000
35.69000000 36.16600000 36.55300000 36.34100000 36.52000000 37.04700000 37.36300000 37.22300000 36.92800000 36.90800000 36.95900000 36.97200000 37.02100000 37.03600000 37.03000000 37.12700000 37.07800000 37.12500000 37.17600000 37.18800000 37.17100000 37.15500000 37.16200000 37.20000000 37.41000000 37.43500000 37.46400000 37.45300000 37.28200000 37.31000000
35.93600000 35.64900000 35.87100000 36.11900000 36.60800000 36.32300000 36.96800000 37.31800000 37.37800000 37.38900000 36.96100000 36.95300000 36.99000000 37.07600000 37.07100000 37.17700000 37.21600000 37.19800000 37.20600000 37.25300000 37.16700000 37.24200000 37.33600000 37.35600000 37.36400000 37.38400000 37.44400000 37.46500000 37.29100000 37.27000000
36.05800000 36.06500000 35.86500000 36.08700000 36.20500000 36.20000000 36.39400000 37.21300000 37.31600000 37.41000000 37.32600000 36.97800000 36.97300000 36.95100000 37.01300000 37.17700000 37.24600000 37.22800000 37.03600000 37.33900000 37.38100000 37.32600000 37.34500000 37.40900000 37.43500000 37.43600000 37.46400000 37.34800000 37.28200000 37.23700000
35.71200000 37.59700000 35.84100000 35.80900000 36.29800000 36.17400000 35.85500000 36.47700000 37.17300000 37.12000000 37.16000000 37.36500000 37.00200000 37.00100000 36.98700000 37.03600000 37.06400000 37.33100000 37.34800000 37.37700000 37.31700000 37.28300000 37.39000000 37.30600000 37.34400000 37.35500000 37.32400000 37.28300000 37.27400000 37.19600000
37.59700000 37.59700000 37.59700000 37.59700000 35.76100000 36.23600000 35.88500000 35.70800000 36.46400000 37.13000000 36.77500000 37.01500000 36.98900000 37.25300000 37.31600000 37.31000000 37.31300000 37.24000000 37.27400000 37.36800000 37.22300000 37.34600000 37.26800000 37.27900000 37.35500000 37.33900000 37.28300000 37.34000000 37.22500000 37.16700000
37.59700000 37.59700000 37.59700000 37.59700000 37.59700000 35.76300000 35.79100000 36.02200000 36.21300000 36.48500000 36.86300000 36.46600000 36.44400000 36.73600000 36.45800000 36.55000000 37.14800000 37.09700000 37.28900000 37.36900000 37.20900000 37.27900000 37.25200000 37.23800000 37.32700000 37.39300000 37.34700000 37.32900000 37.25100000 37.19700000
37.59700000 37.59700000 37.59700000 37.59700000 37.59700000 37.59700000 37.59700000 35.76600000 35.76600000 35.86900000 36.36000000 36.23900000 36.30200000 36.33000000 36.42800000 36.19700000 36.45300000 36.91900000 37.14700000 37.41900000 37.37700000 37.21000000 37.21900000 37.19400000 37.30400000 37.38600000 37.46400000 37.32500000 37.39500000 37.21700000
37.59700000 37.59700000 37.59700000 37.59700000 37.59700000 37.59700000 37.59700000 37.59700000 37.59700000 37.59700000 37.59700000 37.59700000 37.59700000 37.59700000 37.59700000 36.23100000 36.28400000 36.97300000 36.97800000 37.33200000 37.42900000 37.42300000 37.37100000 37.38400000 37.34800000 37.38300000 37.41900000 37.48900000 37.32500000 37.38900000
37.59700000 37.59700000 37.59700000 37.59700000 37.59700000 37.59700000 37.59700000 37.59700000 37.59700000 37.59700000 37.59700000 37.59700000 37.59700000 37.59700000 37.59700000 37.59700000 36.31900000 36.80600000 37.00200000 36.95100000 37.35400000 37.42400000 37.41200000 37.38800000 37.32200000 37.36600000 37.42400000 37.48800000 37.52200000 37.53600000
37.59700000 37.59700000 37.59700000 37.59700000 37.59700000 37.59700000 37.59700000 37.59700000 37.59700000 37.59700000 37.59700000 37.59700000 37.59700000 37.59700000 37.59700000 37.59700000 37.59700000 36.28900000 36.72100000 36.97500000 37.21300000 37.38100000 37.42000000 37.38300000 37.32500000 37.36900000 37.38800000 37.40100000 37.43800000 37.56000000
37.59700000 37.59700000 37.59700000 37.59700000 37.59700000 37.59700000 37.59700000 37.59700000 37.59700000 37.59700000 37.59700000 37.59700000 37.59700000 37.59700000 37.59700000 37.59700000 37.59700000 37.59700000 37.59700000 36.89900000 36.71400000 37.34500000 37.42700000 37.35300000 37.33900000 37.35500000 37.38800000 37.33500000 37.36300000 37.48200000
37.59700000 37.59700000 37.59700000 37.59700000 37.59700000 37.59700000 37.59700000 37.59700000 37.59700000 37.59700000 37.59700000 37.59700000 37.59700000 37.59700000 37.59700000 37.59700000 37.59700000 37.59700000 37.59700000 37.59700000 36.76700000 37.36000000 37.42200000 37.31800000 37.40400000 37.39000000 37.36300000 37.34900000 37.34500000 37.39300000
37.59700000 37.59700000 37.59700000 37.59700000 37.59700000 37.59700000 37.59700000 37.59700000 37.59700000 37.59700000 37.59700000 37.59700000 37.59700000 37.59700000 37.59700000 37.59700000 37.59700000 37.59700000 37.59700000 37.59700000 36.79100000 37.37000000 37.36500000 37.36000000 37.41000000 37.40800000 37.42100000 37.35600000 37.34600000 37.40300000
37.59700000 37.59700000 37.59700000 37.59700000 37.59700000 37.59700000 37.59700000 37.59700000 37.59700000 37.59700000 37.59700000 37.59700000 37.59700000 37.59700000 37.59700000 37.59700000 37.59700000 37.59700000 37.59700000 37.59700000 36.47800000 37.37900000 37.31200000 37.40700000 37.39200000 37.40400000 37.41700000 37.40300000 37.37500000 37.34700000
37.59700000 37.59700000 37.59700000 37.59700000 37.59700000 37.59700000 37.59700000 37.59700000 37.59700000 37.59700000 37.59700000 37.59700000 37.59700000 37.59700000 37.59700000 37.59700000 37.59700000 37.59700000 37.59700000 37.59700000 36.53900000 37.32400000 37.38800000 37.40900000 37.39700000 37.38800000 37.38000000 37.32500000 37.33200000 37.37500000
37.59700000 37.59700000 37.59700000 37.59700000 37.59700000 37.59700000 37.59700000 37.59700000 37.59700000 37.59700000 37.59700000 37.59700000 37.59700000 37.59700000 37.59700000 37.59700000 37.59700000 37.59700000 37.59700000 37.59700000 37.59700000 37.14200000 37.35900000 37.37000000 37.38600000 37.35400000 37.32200000 37.30800000 37.27800000 37.32700000
37.59700000 37.59700000 37.59700000 37.59700000 37.59700000 37.59700000 37.59700000 37.59700000 37.59700000 37.59700000 37.59700000 37.59700000 37.59700000 37.59700000 37.59700000 37.59700000 37.59700000 37.59700000 37.59700000 37.59700000 37.59700000 36.71500000 37.29200000 37.35700000 37.36200000 37.34200000 37.32800000 37.29800000 37.24400000 37.31300000
37.59700000 37.59700000 37.59700000 37.59700000 37.59700000 37.59700000 37.59700000 37.59700000 37.59700000 37.59700000 37.59700000 37.59700000 37.59700000 37.59700000 37.59700000 37.59700000 37.59700000 37.59700000 37.59700000 37.59700000 37.59700000 37.59700000 37.16100000 37.31600000 37.32900000 37.31700000 37.29600000 37.23900000 37.29100000 37.33000000
37.59700000 37.59700000 37.59700000 37.59700000 37.59700000 37.59700000 37.59700000 37.59700000 37.59700000 37.59700000 37.59700000 37.59700000 37.59700000 37.59700000 37.59700000 37.59700000 37.59700000 37.59700000 37.59700000 37.59700000 37.59700000 37.59700000 36.86400000 37.11700000 37.22200000 37.19400000 37.21700000 37.28500000 37.28400000 37.29600000
37.59700000 37.59700000 37.59700000 37.59700000 37.59700000 37.59700000 37.59700000 37.59700000 37.59700000 37.59700000 37.59700000 37.59700000 37.59700000 37.59700000 37.59700000 37.59700000 37.59700000 37.59700000 37.59700000 37.59700000 37.59700000 37.59700000 37.59700000 36.74200000 37.19200000 37.22100000 37.23700000 37.24900000 37.25300000 37.28800000
