25.20500000 25.15800000 25.17800000 24.76200000 25.17000000 25.11700000 25.26800000 25.25600000 25.16800000 25.04100000 25.15100000 25.14900000 24.86900000 24.12300000 24.34200000 24.98500000 25.30500000 25.11600000 25.07500000 25.06600000 25.08800000 24.91800000 24.65700000 24.06800000 24.04600000 23.57300000 23.96000000 24.13100000 24.27100000 24.47100000
25.11400000 25.05000000 24.83700000 25.03900000 25.13900000 25.10000000 25.00800000 24.98500000 25.02100000 25.09000000 25.06700000 24.75500000 23.87300000 24.48300000 24.63700000 25.26100000 24.98000000 24.97900000 25.00600000 25.00200000 24.91100000 24.80400000 24.55600000 24.10100000 24.00900000 25.13400000 25.11600000 25.11700000 24.82400000 24.70000000
25.12200000 25.03600000 25.12100000 24.93900000 25.01800000 25.04000000 25.04700000 25.04300000 24.98900000 24.79600000 24.09200000 23.75600000 24.42900000 24.67800000 25.07500000 25.26600000 24.97700000 24.98800000 24.94000000 24.76000000 24.66700000 24.30000000 25.20700000 25.45400000 25.11300000 25.09000000 24.92600000 24.81200000 24.76600000 24.82700000
24.32600000 25.01000000 25.13700000 25.07400000 24.79500000 24.85400000 24.70500000 23.99500000 23.97500000 24.10100000 24.31100000 24.58200000 24.69400000 25.00500000 25.33200000 25.18200000 24.95400000 24.86400000 24.69100000 24.31800000 25.16600000 25.42100000 25.47800000 25.54500000 25.55400000 25.22000000 25.03300000 24.93900000 25.00200000 25.04900000
23.75100000 24.71200000 24.97100000 25.30400000 25.10700000 24.99900000 24.12600000 23.84000000 23.96500000 24.65700000 24.82700000 24.89500000 25.05100000 25.27700000 25.49000000 25.17500000 24.84000000 24.68300000 24.66000000 25.39900000 25.37300000 25.24000000 25.11100000 25.12500000 25.35800000 25.72400000 25.50200000 24.85700000 24.76600000 24.95800000
23.60200000 24.08600000 24.29200000 24.70600000 25.59100000 25.42700000 25.20900000 25.13100000 25.12900000 25.13400000 25.15600000 25.16700000 25.17800000 25.27100000 25.53600000 25.27100000 24.56800000 24.97800000 25.36700000 25.29000000 25.11100000 24.89700000 24.75800000 24.87800000 25.10300000 25.59400000 25.98700000 25.54100000 24.70400000 24.94100000
23.48900000 24.10200000 23.99500000 24.09000000 24.86100000 25.79700000 25.33400000 25.33700000 25.38000000 25.34800000 25.47600000 25.44600000 25.36500000 25.37100000 25.50800000 25.41400000 24.74400000 25.35500000 25.29200000 25.24000000 24.97200000 24.75000000 24.67200000 24.97200000 25.32100000 25.94200000 26.31900000 26.08000000 25.64800000 25.01200000
23.06200000 23.44700000 23.95300000 23.46000000 24.04400000 24.80500000 25.87000000 25.77100000 25.35000000 25.35000000 25.45300000 25.43700000 25.44800000 25.44200000 25.46900000 25.45500000 25.14400000 25.22700000 25.32800000 25.19500000 25.16900000 25.12200000 25.18400000 25.67000000 26.13600000 26.22800000 26.38200000 26.31900000 25.64100000 25.71800000
22.44700000 23.09900000 23.20500000 23.03700000 23.72800000 23.83300000 24.54900000 25.77900000 26.07000000 26.12200000 25.35200000 25.41200000 25.43700000 25.56400000 25.57200000 25.51700000 25.48000000 25.42400000 25.46200000 25.58400000 25.56600000 25.90600000 25.91300000 25.91400000 25.92400000 25.97000000 26.20800000 26.28400000 25.73000000 25.89500000
22.77800000 21.45700000 22.29200000 22.80700000 23.11000000 23.46200000 23.75600000 25.27700000 25.74900000 26.18000000 26.07400000 25.36300000 25.36400000 25.45100000 25.42700000 25.52800000 25.61600000 25.60900000 25.49600000 26.17000000 26.37700000 26.04600000 25.91800000 26.14500000 26.23500000 26.15800000 26.27400000 25.98000000 25.69600000 25.88200000
23.30900000 21.61000000 20.23700000 22.37100000 22.75200000 23.00800000 23.02500000 23.74000000 25.06200000 25.06400000 25.37300000 26.03300000 25.42400000 25.37400000 25.43000000 25.41500000 25.45900000 26.07200000 26.23100000 26.40900000 26.05400000 25.76800000 26.12100000 26.09500000 26.05300000 26.02200000 25.79800000 25.70000000 25.89300000 25.94900000
27.83300000 27.83300000 27.83300000 23.18400000 22.72800000 22.71500000 22.75900000 22.84800000 23.63300000 24.86700000 24.21500000 24.70000000 24.90800000 25.69500000 25.93100000 25.93300000 25.97600000 25.77000000 26.13400000 26.43700000 25.70200000 26.02000000 25.95800000 26.12100000 26.31800000 26.06000000 25.75900000 25.98000000 25.90300000 25.89200000
27.83300000 27.83300000 27.83300000 27.83300000 23.21200000 22.54700000 22.72900000 22.62900000 23.02400000 23.55700000 24.23100000 23.54700000 23.51100000 24.02900000 24.05400000 24.36500000 25.12000000 25.18800000 26.19200000 26.39100000 25.74400000 25.88700000 26.01800000 25.94300000 26.09100000 26.48300000 26.09800000 26.00500000 25.92300000 26.03500000
27.83300000 27.83300000 27.83300000 27.83300000 27.83300000 27.83300000 23.51000000 22.52600000 22.55200000 22.74100000 22.79500000 22.61900000 22.36400000 23.31100000 23.49100000 23.80600000 24.41900000 24.64200000 25.84900000 26.39000000 26.43000000 25.80100000 25.92700000 25.89400000 26.06900000 26.55000000 26.59100000 25.99800000 26.17700000 25.98800000
27.83300000 27.83300000 27.83300000 27.83300000 27.83300000 27.83300000 27.83300000 27.83300000 27.83300000 27.83300000 27.83300000 27.83300000 22.62500000 22.07500000 21.28600000 23.41200000 24.40800000 24.79400000 24.80600000 26.37400000 26.44500000 26.46900000 26.44900000 26.49000000 26.28000000 26.66300000 26.59600000 26.62500000 26.02500000 26.07400000
27.83300000 27.83300000 27.83300000 27.83300000 27.83300000 27.83300000 27.83300000 27.83300000 27.83300000 27.83300000 27.83300000 27.83300000 27.83300000 27.83300000 27.83300000 23.34100000 24.09100000 24.64000000 24.66200000 24.86800000 26.49400000 26.48900000 26.59000000 26.41600000 26.59100000 26.74100000 26.61000000 26.65200000 26.67900000 26.67900000
27.83300000 27.83300000 27.83300000 27.83300000 27.83300000 27.83300000 27.83300000 27.83300000 27.83300000 27.83300000 27.83300000 27.83300000 27.83300000 27.83300000 27.83300000 27.83300000 23.50100000 22.76300000 24.36500000 24.74900000 26.00300000 26.42200000 26.54900000 26.34800000 26.73200000 26.81600000 26.73100000 26.69200000 26.73400000 26.86600000
27.83300000 27.83300000 27.83300000 27.83300000 27.83300000 27.83300000 27.83300000 27.83300000 27.83300000 27.83300000 27.83300000 27.83300000 27.83300000 27.83300000 27.83300000 27.83300000 27.83300000 27.83300000 24.36300000 24.91900000 24.03900000 26.53700000 26.43500000 26.50200000 26.75200000 26.77300000 26.82200000 26.70900000 26.80000000 26.88100000
27.83300000 27.83300000 27.83300000 27.83300000 27.83300000 27.83300000 27.83300000 27.83300000 27.83300000 27.83300000 27.83300000 27.83300000 27.83300000 27.83300000 27.83300000 27.83300000 27.83300000 27.83300000 27.83300000 25.27000000 24.53200000 26.59200000 26.45500000 26.65300000 26.86400000 26.78200000 26.76500000 26.77500000 26.81500000 26.91200000
27.83300000 27.83300000 27.83300000 27.83300000 27.83300000 27.83300000 27.83300000 27.83300000 27.83300000 27.83300000 27.83300000 27.83300000 27.83300000 27.83300000 27.83300000 27.83300000 27.83300000 27.83300000 27.83300000 24.84300000 24.54200000 26.68300000 26.50200000 26.76900000 26.84500000 26.80800000 26.88700000 26.80200000 26.85600000 26.98100000
27.83300000 27.83300000 27.83300000 27.83300000 27.83300000 27.83300000 27.83300000 27.83300000 27.83300000 27.83300000 27.83300000 27.83300000 27.83300000 27.83300000 27.83300000 27.83300000 27.83300000 27.83300000 27.83300000 25.03600000 24.74100000 26.70300000 26.58100000 26.87400000 26.72600000 26.79400000 26.87800000 26.90400000 26.97600000 26.95600000
27.83300000 27.83300000 27.83300000 27.83300000 27.83300000 27.83300000 27.83300000 27.83300000 27.83300000 27.83300000 27.83300000 27.83300000 27.83300000 27.83300000 27.83300000 27.83300000 27.83300000 27.83300000 27.83300000 24.67700000 24.57700000 26.54600000 26.80000000 26.88000000 26.69000000 26.83700000 26.81400000 26.77400000 26.91100000 27.10500000
27.83300000 27.83300000 27.83300000 27.83300000 27.83300000 27.83300000 27.83300000 27.83300000 27.83300000 27.83300000 27.83300000 27.83300000 27.83300000 27.83300000 27.83300000 27.83300000 27.83300000 27.83300000 27.83300000 27.83300000 24.93600000 25.98200000 26.67400000 26.75000000 26.70200000 26.80100000 26.71300000 26.50400000 26.45300000 27.00500000
27.83300000 27.83300000 27.83300000 27.83300000 27.83300000 27.83300000 27.83300000 27.83300000 27.83300000 27.83300000 27.83300000 27.83300000 27.83300000 27.83300000 27.83300000 27.83300000 27.83300000 27.83300000 27.83300000 27.83300000 27.83300000 24.96800000 26.50200000 26.65900000 26.68900000 26.73000000 26.63100000 26.48100000 26.33900000 26.98400000
27.83300000 27.83300000 27.83300000 27.83300000 27.83300000 27.83300000 27.83300000 27.83300000 27.83300000 27.83300000 27.83300000 27.83300000 27.83300000 27.83300000 27.83300000 27.83300000 27.83300000 27.83300000 27.83300000 27.83300000 27.83300000 24.76200000 26.15700000 26.57800000 26.58200000 26.51700000 26.47800000 26.38500000 26.73300000 27.14100000
27.83300000 27.83300000 27.83300000 27.83300000 27.83300000 27.83300000 27.83300000 27.83300000 27.83300000 27.83300000 27.83300000 27.83300000 27.83300000 27.83300000 27.83300000 27.83300000 27.83300000 27.83300000 27.83300000 27.83300000 27.83300000 27.83300000 25.73000000 26.09700000 26.31000000 26.26600000 26.43800000 26.58200000 26.87500000 27.11000000
27.83300000 27.83300000 27.83300000 27.83300000 27.83300000 27.83300000 27.83300000 27.83300000 27.83300000 27.83300000 27.83300000 27.83300000 27.83300000 27.83300000 27.83300000 27.83300000 27.83300000 27.83300000 27.83300000 27.83300000 27.83300000 27.83300000 27.83300000 25.73400000 26.28000000 26.42600000 26.41500000 26.56800000 26.61800000 27.14300000
25.22200000 25.16300000 25.19600000 24.77400000 25.18100000 25.13200000 25.27700000 25.27200000 25.17200000 25.08700000 25.17100000 25.16600000 24.89000000 24.13900000 24.35700000 24.99500000 25.31800000 25.14500000 25.10200000 25.08400000 25.10500000 24.97600000 24.70400000 24.07400000 24.05800000 23.58800000 23.96800000 24.14200000 24.28500000 24.47300000
25.12000000 25.06300000 24.85500000 25.05500000 25.15400000 25.11600000 25.02300000 25.00200000 25.03500000 25.10400000 25.08300000 24.77500000 23.88600000 24.49900000 24.65300000 25.28400000 24.99700000 24.99700000 25.02500000 25.02400000 24.93400000 24.82300000 24.57500000 24.11700000 24.01900000 25.14700000 25.13400000 25.13600000 24.84600000 24.72000000
25.14100000 25.05000000 25.13600000 24.95400000 25.03400000 25.05600000 25.06400000 25.05800000 25.00400000 24.81300000 24.10600000 23.77000000 24.44100000 24.69200000 25.09000000 25.28800000 24.99600000 25.00400000 24.95900000 24.77700000 24.68700000 24.32000000 25.22300000 25.47500000 25.12700000 25.10700000 24.94400000 24.83100000 24.78400000 24.84200000
24.42800000 25.02800000 25.14800000 25.08900000 24.81300000 24.87100000 24.72200000 24.01100000 23.99000000 24.11600000 24.32600000 24.59700000 24.70900000 25.02000000 25.34800000 25.20300000 24.97400000 24.88100000 24.70900000 24.33300000 25.18600000 25.43900000 25.49500000 25.56300000 25.56900000 25.23200000 25.05200000 24.95700000 25.02000000 25.06800000
24.23900000 24.73100000 24.99400000 25.32100000 25.12100000 24.92400000 24.14400000 23.85400000 23.97900000 24.66600000 24.84000000 24.90900000 25.06600000 25.29300000 25.50600000 25.19400000 24.85700000 24.70000000 24.67400000 25.41600000 25.38700000 25.25800000 25.12500000 25.14000000 25.37300000 25.74100000 25.51800000 24.87300000 24.77900000 24.97600000
23.69600000 24.22000000 24.31100000 24.72800000 25.60700000 25.44400000 25.22300000 25.14400000 25.14400000 25.14900000 25.17200000 25.18300000 25.19600000 25.28900000 25.55300000 25.28000000 24.58400000 24.99300000 25.38800000 25.30500000 25.12700000 24.91300000 24.77400000 24.89400000 25.11800000 25.60800000 26.00500000 25.55800000 24.71900000 24.95600000
23.49600000 24.12900000 24.01500000 24.10900000 24.87900000 25.81400000 25.35000000 25.35200000 25.39400000 25.36400000 25.49400000 25.46200000 25.38100000 25.38800000 25.52500000 25.43400000 24.75900000 25.37200000 25.31100000 25.25800000 24.98900000 24.76500000 24.68700000 24.98900000 25.33100000 25.95900000 26.33800000 26.10100000 25.66600000 25.02700000
22.96500000 23.47000000 23.97400000 23.47900000 24.06400000 24.82000000 25.89000000 25.78800000 25.36500000 25.36700000 25.47000000 25.45300000 25.46700000 25.46100000 25.48600000 25.47400000 25.15900000 25.24200000 25.34800000 25.21300000 25.18600000 25.13800000 25.19900000 25.68300000 26.15400000 26.24600000 26.40200000 26.34000000 25.66200000 25.73900000
22.23900000 23.22000000 23.33500000 23.06900000 23.74600000 23.85100000 24.56300000 25.79800000 26.08800000 26.14400000 25.36900000 25.42800000 25.45400000 25.58200000 25.58900000 25.53400000 25.49600000 25.43900000 25.47700000 25.60100000 25.58300000 25.91900000 25.93300000 25.93400000 25.94400000 25.99000000 26.22700000 26.30600000 25.75100000 25.90900000
20.13600000 20.03200000 17.77200000 22.18000000 23.15400000 23.47900000 23.83200000 25.29500000 25.76700000 26.19900000 26.09300000 25.38000000 25.38100000 25.46900000 25.44500000 25.54400000 25.63100000 25.62300000 25.50900000 26.18600000 26.39800000 26.06900000 25.93500000 26.16400000 26.25700000 26.17900000 26.29300000 26.00200000 25.71300000 25.89800000
20.03600000 27.83300000 17.95000000 17.66100000 21.73800000 23.03200000 23.13700000 23.79000000 25.08500000 25.08600000 25.39100000 26.05600000 25.44300000 25.39300000 25.44900000 25.43200000 25.47400000 26.08400000 26.24800000 26.42700000 26.07600000 25.78400000 26.13900000 26.11400000 26.07500000 26.04400000 25.81900000 25.71900000 25.91200000 25.96700000
27.83300000 27.83300000 27.83300000 27.83300000 18.98400000 21.41800000 22.64200000 22.70100000 23.65300000 24.89200000 24.23800000 24.72100000 24.92600000 25.71900000 25.95400000 25.95700000 26.00300000 25.78800000 26.14900000 26.45600000 25.72100000 26.03600000 25.96700000 26.14000000 26.33800000 26.08200000 25.78000000 25.99800000 25.92200000 25.90600000
27.83300000 27.83300000 27.83300000 27.83300000 27.83300000 18.07900000 20.05500000 20.21900000 22.39900000 23.62600000 24.25300000 23.56600000 23.69500000 24.04200000 24.10400000 24.39300000 25.14500000 25.20900000 26.21100000 26.40700000 25.76400000 25.90300000 26.03300000 25.96200000 26.10700000 26.50400000 26.12000000 26.02300000 25.94000000 26.05300000
27.83300000 27.83300000 27.83300000 27.83300000 27.83300000 27.83300000 27.83300000 18.26500000 17.50600000 18.46900000 21.92500000 22.58900000 21.26100000 22.12700000 22.75800000 23.82600000 24.46000000 24.66600000 25.86800000 26.41300000 26.44900000 25.81800000 25.94300000 25.91200000 26.08800000 26.56900000 26.61100000 26.01900000 26.19600000 26.00100000
27.83300000 27.83300000 27.83300000 27.83300000 27.83300000 27.83300000 27.83300000 27.83300000 27.83300000 27.83300000 27.83300000 27.83300000 27.83300000 27.83300000 27.83300000 20.20800000 24.36300000 24.82000000 24.78200000 26.39900000 26.46400000 26.48600000 26.46300000 26.50600000 26.29400000 26.68100000 26.61500000 26.64400000 26.04600000 26.09100000
27.83300000 27.83300000 27.83300000 27.83300000 27.83300000 27.83300000 27.83300000 27.83300000 27.83300000 27.83300000 27.83300000 27.83300000 27.83300000 27.83300000 27.83300000 27.83300000 23.39500000 24.66900000 24.67200000 24.88400000 26.51500000 26.50300000 26.60700000 26.43500000 26.60500000 26.76000000 26.62800000 26.67000000 26.69600000 26.70200000
27.83300000 27.83300000 27.83300000 27.83300000 27.83300000 27.83300000 27.83300000 27.83300000 27.83300000 27.83300000 27.83300000 27.83300000 27.83300000 27.83300000 27.83300000 27.83300000 27.83300000 20.49200000 24.04800000 24.73100000 26.01600000 26.44600000 26.56700000 26.36700000 26.75200000 26.83600000 26.74900000 26.71100000 26.75100000 26.88400000
27.83300000 27.83300000 27.83300000 27.83300000 27.83300000 27.83300000 27.83300000 27.83300000 27.83300000 27.83300000 27.83300000 27.83300000 27.83300000 27.83300000 27.83300000 27.83300000 27.83300000 27.83300000 27.83300000 24.48900000 24.02100000 26.56900000 26.45300000 26.52000000 26.77100000 26.79300000 26.84200000 26.72800000 26.81800000 26.90100000
27.83300000 27.83300000 27.83300000 27.83300000 27.83300000 27.83300000 27.83300000 27.83300000 27.83300000 27.83300000 27.83300000 27.83300000 27.83300000 27.83300000 27.83300000 27.83300000 27.83300000 27.83300000 27.83300000 27.83300000 24.55900000 26.62000000 26.47000000 26.66800000 26.88400000 26.80100000 26.78400000 26.79400000 26.83500000 26.93000000
27.83300000 27.83300000 27.83300000 27.83300000 27.83300000 27.83300000 27.83300000 27.83300000 27.83300000 27.83300000 27.83300000 27.83300000 27.83300000 27.83300000 27.83300000 27.83300000 27.83300000 27.83300000 27.83300000 27.83300000 23.96200000 26.70700000 26.51300000 26.79200000 26.86800000 26.82700000 26.90600000 26.82400000 26.87600000 27.00100000
27.83300000 27.83300000 27.83300000 27.83300000 27.83300000 27.83300000 27.83300000 27.83300000 27.83300000 27.83300000 27.83300000 27.83300000 27.83300000 27.83300000 27.83300000 27.83300000 27.83300000 27.83300000 27.83300000 27.83300000 21.51900000 26.71000000 26.60500000 26.90000000 26.75000000 26.81000000 26.89800000 26.92500000 26.99200000 26.97400000
27.83300000 27.83300000 27.83300000 27.83300000 27.83300000 27.83300000 27.83300000 27.83300000 27.83300000 27.83300000 27.83300000 27.83300000 27.83300000 27.83300000 27.83300000 27.83300000 27.83300000 27.83300000 27.83300000 27.83300000 22.89900000 26.57000000 26.82200000 26.90300000 26.71300000 26.85600000 26.83600000 26.79100000 26.92900000 27.12000000
27.83300000 27.83300000 27.83300000 27.83300000 27.83300000 27.83300000 27.83300000 27.83300000 27.83300000 27.83300000 27.83300000 27.83300000 27.83300000 27.83300000 27.83300000 27.83300000 27.83300000 27.83300000 27.83300000 27.83300000 27.83300000 26.02300000 26.69200000 26.77000000 26.72100000 26.82100000 26.73500000 26.52400000 26.46700000 27.01600000
27.83300000 27.83300000 27.83300000 27.83300000 27.83300000 27.83300000 27.83300000 27.83300000 27.83300000 27.83300000 27.83300000 27.83300000 27.83300000 27.83300000 27.83300000 27.83300000 27.83300000 27.83300000 27.83300000 27.83300000 27.83300000 24.82500000 26.52200000 26.67800000 26.70400000 26.74800000 26.65000000 26.49900000 26.35700000 27.00300000
27.83300000 27.83300000 27.83300000 27.83300000 27.83300000 27.83300000 27.83300000 27.83300000 27.83300000 27.83300000 27.83300000 27.83300000 27.83300000 27.83300000 27.83300000 27.83300000 27.83300000 27.83300000 27.83300000 27.83300000 27.83300000 27.83300000 26.17800000 26.59400000 26.60100000 26.53700000 26.49500000 26.40400000 26.74600000 27.16600000
27.83300000 27.83300000 27.83300000 27.83300000 27.83300000 27.83300000 27.83300000 27.83300000 27.83300000 27.83300000 27.83300000 27.83300000 27.83300000 27.83300000 27.83300000 27.83300000 27.83300000 27.83300000 27.83300000 27.83300000 27.83300000 27.83300000 25.76500000 26.11000000 26.32600000 26.28300000 26.45500000 26.59800000 26.89500000 27.12700000
27.83300000 27.83300000 27.83300000 27.83300000 27.83300000 27.83300000 27.83300000 27.83300000 27.83300000 27.83300000 27.83300000 27.83300000 27.83300000 27.83300000 27.83300000 27.83300000 27.83300000 27.83300000 27.83300000 27.83300000 27.83300000 27.83300000 27.83300000 25.77400000 26.29800000 26.44100000 26.43100000 26.58300000 26.65500000 27.16000000
