36.99200000 36.96500000 36.92800000 36.98100000 37.18300000 37.21800000 37.23700000 37.24000000 37.19400000 37.17800000 37.11000000 36.99100000 36.87300000 36.67400000 36.78600000 36.88200000 37.03000000 37.00700000 37.06900000 37.04800000 37.00000000 36.97800000 36.85000000 36.54100000 36.55100000 36.29700000 36.56800000 36.58200000 36.55000000 36.60500000
36.95900000 36.84800000 36.95800000 37.15100000 37.18700000 37.17600000 37.18800000 37.18100000 37.14700000 37.07600000 36.97100000 36.85900000 36.53600000 36.86800000 36.86800000 37.07000000 37.00500000 37.08800000 37.05100000 37.02800000 36.97900000 36.89300000 36.80000000 36.66300000 36.63400000 37.10100000 37.07100000 37.08200000 37.01600000 36.99600000
36.95600000 36.88900000 36.92800000 37.10500000 37.12900000 37.09600000 37.06300000 37.02700000 36.96800000 36.89000000 36.67800000 36.46200000 36.86800000 36.89500000 36.92600000 37.10800000 36.98000000 37.06100000 37.01700000 36.92500000 36.86000000 36.74900000 37.10000000 37.21500000 37.03000000 37.05900000 37.00800000 36.97100000 36.90900000 36.85700000
36.47800000 37.01500000 36.95900000 36.90900000 37.03300000 37.03100000 36.95700000 36.61500000 36.63200000 36.71800000 36.83900000 36.93200000 36.89700000 36.91300000 36.98000000 37.05700000 36.97100000 36.99200000 36.90200000 36.75100000 37.09100000 37.25200000 37.25600000 37.25500000 37.27500000 37.09900000 37.00800000 36.92600000 36.91800000 36.84700000
35.85200000 36.99800000 37.05400000 37.15700000 36.87400000 36.96100000 36.70800000 36.54200000 36.63700000 36.94500000 36.93500000 36.92300000 36.93100000 36.93900000 37.02600000 37.03700000 36.92500000 36.90200000 36.86000000 37.22500000 37.24400000 37.19300000 37.16200000 37.16300000 37.19800000 37.25900000 37.28100000 36.81200000 36.63100000 36.63800000
35.57500000 36.72800000 36.82300000 36.93000000 37.26600000 37.07100000 36.90600000 36.83000000 36.82300000 36.81800000 36.82900000 36.84900000 36.86800000 36.92100000 37.04500000 37.07700000 36.78700000 36.99500000 37.20800000 37.23000000 37.17100000 37.07800000 37.00400000 37.05200000 37.15800000 37.21800000 37.32000000 37.27300000 36.66500000 36.62400000
35.70000000 36.45500000 36.58900000 36.69300000 37.02100000 37.30500000 36.94700000 36.92400000 36.94200000 36.93700000 37.03900000 37.01200000 36.99800000 37.02300000 37.04200000 37.15500000 36.88400000 37.16400000 37.21500000 37.21100000 37.12500000 37.01000000 36.99400000 37.09800000 37.17300000 37.28600000 37.42900000 37.37900000 37.25900000 36.70000000
35.63600000 36.16400000 36.54900000 36.33400000 36.51600000 37.03600000 37.36300000 37.23300000 36.93400000 36.90700000 36.95800000 36.97000000 37.02200000 37.03600000 37.03100000 37.13100000 37.07500000 37.12600000 37.17700000 37.18900000 37.17300000 37.15800000 37.16300000 37.20400000 37.41600000 37.43400000 37.46400000 37.45500000 37.28300000 37.30900000
35.36900000 35.39500000 35.77100000 36.09700000 36.60600000 36.31800000 36.97800000 37.32000000 37.37900000 37.39200000 36.96100000 36.95300000 36.99200000 37.07500000 37.07100000 37.18000000 37.21500000 37.19800000 37.20700000 37.25500000 37.15900000 37.25600000 37.32900000 37.35500000 37.36500000 37.38500000 37.44400000 37.46600000 37.29200000 37.26900000
35.18900000 35.62300000 35.54600000 35.84600000 36.17900000 36.19300000 36.37700000 37.21500000 37.31500000 37.41000000 37.31900000 36.97500000 36.97300000 36.95200000 37.01500000 37.18100000 37.24700000 37.22900000 37.03600000 37.34000000 37.38100000 37.32800000 37.34800000 37.40900000 37.43700000 37.43800000 37.46500000 37.35000000 37.28300000 37.23600000
34.84000000 35.18200000 35.68300000 35.49700000 35.62400000 36.03100000 35.77300000 36.48500000 37.17400000 37.12200000 37.15600000 37.36800000 36.99700000 37.00100000 36.98800000 37.03800000 37.06400000 37.33200000 37.34700000 37.37700000 37.31800000 37.28400000 37.38900000 37.30900000 37.34500000 37.35500000 37.32400000 37.28400000 37.27300000 37.19600000
37.59700000 37.59700000 37.59700000 35.26200000 35.39600000 35.65600000 35.69000000 35.64900000 36.47400000 37.12500000 36.76100000 37.01400000 36.97400000 37.25700000 37.32000000 37.31200000 37.31200000 37.23900000 37.27900000 37.36900000 37.22400000 37.34700000 37.26900000 37.28000000 37.35700000 37.34000000 37.28200000 37.34200000 37.22500000 37.16600000
37.59700000 37.59700000 37.59700000 37.59700000 35.23700000 35.49600000 35.51800000 35.57300000 35.83500000 36.46800000 36.84200000 36.45700000 36.37000000 36.72100000 36.44000000 36.59600000 37.14700000 37.08900000 37.29200000 37.37100000 37.21000000 37.28100000 37.25200000 37.23900000 37.32800000 37.39500000 37.34800000 37.33000000 37.24900000 37.19700000
37.59700000 37.59700000 37.59700000 37.59700000 37.59700000 37.59700000 35.41600000 35.53700000 35.63100000 35.76500000 36.00800000 36.16600000 36.13400000 36.23400000 36.23300000 36.18600000 36.45200000 36.90800000 37.14700000 37.42000000 37.37800000 37.21200000 37.21900000 37.19400000 37.30600000 37.38800000 37.46500000 37.32500000 37.39600000 37.21700000
37.59700000 37.59700000 37.59700000 37.59700000 37.59700000 37.59700000 37.59700000 37.59700000 37.59700000 37.59700000 37.59700000 37.59700000 35.91900000 36.18700000 36.15200000 36.06200000 36.29000000 36.97300000 36.99300000 37.33500000 37.42900000 37.42300000 37.37100000 37.38600000 37.34900000 37.38300000 37.42100000 37.49100000 37.32600000 37.39000000
37.59700000 37.59700000 37.59700000 37.59700000 37.59700000 37.59700000 37.59700000 37.59700000 37.59700000 37.59700000 37.59700000 37.59700000 37.59700000 37.59700000 37.59700000 36.00900000 36.32900000 36.80500000 37.00700000 36.94800000 37.35300000 37.42400000 37.41300000 37.38700000 37.32100000 37.36800000 37.42500000 37.48900000 37.52300000 37.53700000
37.59700000 37.59700000 37.59700000 37.59700000 37.59700000 37.59700000 37.59700000 37.59700000 37.59700000 37.59700000 37.59700000 37.59700000 37.59700000 37.59700000 37.59700000 37.59700000 35.96800000 36.19100000 36.67000000 36.96300000 37.25000000 37.38300000 37.42000000 37.38200000 37.32800000 37.37000000 37.38900000 37.40700000 37.43600000 37.56200000
37.59700000 37.59700000 37.59700000 37.59700000 37.59700000 37.59700000 37.59700000 37.59700000 37.59700000 37.59700000 37.59700000 37.59700000 37.59700000 37.59700000 37.59700000 37.59700000 37.59700000 37.59700000 36.17500000 37.01300000 36.71700000 37.34300000 37.42600000 37.35000000 37.34000000 37.35700000 37.38900000 37.33500000 37.36500000 37.48400000
37.59700000 37.59700000 37.59700000 37.59700000 37.59700000 37.59700000 37.59700000 37.59700000 37.59700000 37.59700000 37.59700000 37.59700000 37.59700000 37.59700000 37.59700000 37.59700000 37.59700000 37.59700000 37.59700000 36.92400000 36.76500000 37.35900000 37.42000000 37.31700000 37.40600000 37.38800000 37.36500000 37.34900000 37.34700000 37.39500000
37.59700000 37.59700000 37.59700000 37.59700000 37.59700000 37.59700000 37.59700000 37.59700000 37.59700000 37.59700000 37.59700000 37.59700000 37.59700000 37.59700000 37.59700000 37.59700000 37.59700000 37.59700000 37.59700000 36.91700000 36.83300000 37.37000000 37.36200000 37.36000000 37.40800000 37.40900000 37.41900000 37.35600000 37.34600000 37.40400000
37.59700000 37.59700000 37.59700000 37.59700000 37.59700000 37.59700000 37.59700000 37.59700000 37.59700000 37.59700000 37.59700000 37.59700000 37.59700000 37.59700000 37.59700000 37.59700000 37.59700000 37.59700000 37.59700000 36.88600000 36.81300000 37.37900000 37.31200000 37.40700000 37.39000000 37.40300000 37.41600000 37.40000000 37.37500000 37.34700000
37.59700000 37.59700000 37.59700000 37.59700000 37.59700000 37.59700000 37.59700000 37.59700000 37.59700000 37.59700000 37.59700000 37.59700000 37.59700000 37.59700000 37.59700000 37.59700000 37.59700000 37.59700000 37.59700000 36.52400000 36.75500000 37.32500000 37.39000000 37.40900000 37.39800000 37.38700000 37.37900000 37.32200000 37.33000000 37.37500000
37.59700000 37.59700000 37.59700000 37.59700000 37.59700000 37.59700000 37.59700000 37.59700000 37.59700000 37.59700000 37.59700000 37.59700000 37.59700000 37.59700000 37.59700000 37.59700000 37.59700000 37.59700000 37.59700000 37.59700000 36.69800000 37.14500000 37.36000000 37.37100000 37.38600000 37.35300000 37.32100000 37.30800000 37.27700000 37.32500000
37.59700000 37.59700000 37.59700000 37.59700000 37.59700000 37.59700000 37.59700000 37.59700000 37.59700000 37.59700000 37.59700000 37.59700000 37.59700000 37.59700000 37.59700000 37.59700000 37.59700000 37.59700000 37.59700000 37.59700000 37.59700000 36.73800000 37.29300000 37.35800000 37.36300000 37.34300000 37.32900000 37.29900000 37.24400000 37.31400000
37.59700000 37.59700000 37.59700000 37.59700000 37.59700000 37.59700000 37.59700000 37.59700000 37.59700000 37.59700000 37.59700000 37.59700000 37.59700000 37.59700000 37.59700000 37.59700000 37.59700000 37.59700000 37.59700000 37.59700000 37.59700000 36.52900000 37.16300000 37.31700000 37.32900000 37.31700000 37.29800000 37.24000000 37.29200000 37.33100000
37.59700000 37.59700000 37.59700000 37.59700000 37.59700000 37.59700000 37.59700000 37.59700000 37.59700000 37.59700000 37.59700000 37.59700000 37.59700000 37.59700000 37.59700000 37.59700000 37.59700000 37.59700000 37.59700000 37.59700000 37.59700000 37.59700000 36.86000000 37.11800000 37.22400000 37.19600000 37.21700000 37.28600000 37.28500000 37.29700000
37.59700000 37.59700000 37.59700000 37.59700000 37.59700000 37.59700000 37.59700000 37.59700000 37.59700000 37.59700000 37.59700000 37.59700000 37.59700000 37.59700000 37.59700000 37.59700000 37.59700000 37.59700000 37.59700000 37.59700000 37.59700000 37.59700000 37.59700000 36.73100000 37.19400000 37.22300000 37.23800000 37.24900000 37.25300000 37.28900000
36.99000000 36.96500000 36.92700000 36.98000000 37.18100000 37.21800000 37.23700000 37.23900000 37.19400000 37.17700000 37.11400000 36.99300000 36.87500000 36.67700000 36.78500000 36.88000000 37.02800000 37.00600000 37.06900000 37.04600000 36.99900000 36.97800000 36.83500000 36.53800000 36.55100000 36.29600000 36.56700000 36.58200000 36.54900000 36.60000000
36.95900000 36.84700000 36.95700000 37.15000000 37.18700000 37.17600000 37.18800000 37.18100000 37.14600000 37.07500000 36.97100000 36.85800000 36.53400000 36.86700000 36.86700000 37.06800000 37.00400000 37.08700000 37.05100000 37.02700000 36.97900000 36.89300000 36.79900000 36.66300000 36.63200000 37.09800000 37.07000000 37.08000000 37.01500000 36.99500000
36.95700000 36.88800000 36.92700000 37.10400000 37.12800000 37.09600000 37.06300000 37.02600000 36.96800000 36.89000000 36.67800000 36.46100000 36.86700000 36.89400000 36.92500000 37.10700000 36.97900000 37.06000000 37.01600000 36.92500000 36.86000000 36.75000000 37.09700000 37.21400000 37.02900000 37.05800000 37.00700000 36.97000000 36.90800000 36.85600000
36.63900000 37.01500000 36.95800000 36.91000000 37.03200000 37.03000000 36.95700000 36.61600000 36.63100000 36.71700000 36.83800000 36.93100000 36.89600000 36.91200000 36.97900000 37.05700000 36.97100000 36.99100000 36.90200000 36.75000000 37.09100000 37.25100000 37.25600000 37.25400000 37.27400000 37.09800000 37.00700000 36.92500000 36.91800000 36.84700000
36.25600000 36.99700000 37.05400000 37.15600000 36.87300000 36.93900000 36.70800000 36.54200000 36.63600000 36.94400000 36.93400000 36.92200000 36.93000000 36.93800000 37.02500000 37.03600000 36.92400000 36.90200000 36.85800000 37.22400000 37.24300000 37.19300000 37.16100000 37.16300000 37.19700000 37.25800000 37.28000000 36.81100000 36.63100000 36.63700000
35.74300000 36.76900000 36.82300000 36.92900000 37.26500000 37.07100000 36.90500000 36.82900000 36.82200000 36.81800000 36.82900000 36.84800000 36.86800000 36.92000000 37.04400000 37.07700000 36.78600000 36.99200000 37.20700000 37.22800000 37.17000000 37.07800000 37.00400000 37.05100000 37.15700000 37.21700000 37.31800000 37.27200000 36.66500000 36.62300000
35.71000000 36.45500000 36.58900000 36.69200000 37.01900000 37.30400000 36.94600000 36.92300000 36.94100000 36.93700000 37.03800000 37.01100000 36.99700000 37.02200000 37.04100000 37.15400000 36.88300000 37.16300000 37.21400000 37.21000000 37.12500000 37.01000000 36.99300000 37.09700000 37.17200000 37.28500000 37.42800000 37.37800000 37.25800000 36.70400000
35.69100000 36.16500000 36.54900000 36.33400000 36.51600000 37.03600000 37.36200000 37.23300000 36.93300000 36.90600000 36.95800000 36.97100000 37.02100000 37.03600000 37.03000000 37.12900000 37.07400000 37.12500000 37.17700000 37.18800000 37.17200000 37.15700000 37.16200000 37.20300000 37.41500000 37.43300000 37.46300000 37.45400000 37.28200000 37.31000000
35.93200000 35.54500000 35.85400000 36.11000000 36.60500000 36.31900000 36.97700000 37.31900000 37.37800000 37.39200000 36.96000000 36.95300000 36.99200000 37.07500000 37.07100000 37.17900000 37.21500000 37.19700000 37.20500000 37.25300000 37.15900000 37.25500000 37.32800000 37.35400000 37.36300000 37.38400000 37.44300000 37.46500000 37.29200000 37.26900000
36.08400000 36.06300000 35.85800000 36.03600000 36.20500000 36.19300000 36.40100000 37.21400000 37.31400000 37.40900000 37.31800000 36.97500000 36.97300000 36.95200000 37.01500000 37.18100000 37.24600000 37.22800000 37.03600000 37.33900000 37.38000000 37.32700000 37.34600000 37.40800000 37.43600000 37.43700000 37.46400000 37.34900000 37.28200000 37.23600000
35.71500000 37.59700000 35.84000000 35.80800000 36.25500000 36.12200000 35.85800000 36.49200000 37.17300000 37.12100000 37.15500000 37.36800000 36.99600000 37.00100000 36.98800000 37.03700000 37.06400000 37.33100000 37.34600000 37.37600000 37.31700000 37.28300000 37.38800000 37.30800000 37.34400000 37.35500000 37.32300000 37.28300000 37.27300000 37.19600000
37.59700000 37.59700000 37.59700000 37.59700000 35.76000000 36.22400000 35.87700000 35.68600000 36.47300000 37.12300000 36.76100000 37.01300000 36.97500000 37.25600000 37.31800000 37.31200000 37.31200000 37.23800000 37.27800000 37.36900000 37.22300000 37.34600000 37.26800000 37.27900000 37.35600000 37.33900000 37.28200000 37.34000000 37.22400000 37.16600000
37.59700000 37.59700000 37.59700000 37.59700000 37.59700000 35.76400000 35.79600000 36.01200000 36.22100000 36.49300000 36.84300000 36.45700000 36.45100000 36.72000000 36.45800000 36.59800000 37.14700000 37.08900000 37.29100000 37.37100000 37.21000000 37.28000000 37.25200000 37.23800000 37.32700000 37.39400000 37.34700000 37.32900000 37.24800000 37.19600000
37.59700000 37.59700000 37.59700000 37.59700000 37.59700000 37.59700000 37.59700000 35.76600000 35.76700000 35.87400000 36.36200000 36.24400000 36.27800000 36.35400000 36.42100000 36.18600000 36.46000000 36.90900000 37.14500000 37.41900000 37.37700000 37.21100000 37.21900000 37.19400000 37.30500000 37.38700000 37.46400000 37.32400000 37.39500000 37.21600000
37.59700000 37.59700000 37.59700000 37.59700000 37.59700000 37.59700000 37.59700000 37.59700000 37.59700000 37.59700000 37.59700000 37.59700000 37.59700000 37.59700000 37.59700000 36.22000000 36.29500000 36.97300000 36.97500000 37.33400000 37.42900000 37.42300000 37.37000000 37.38500000 37.34800000 37.38200000 37.42000000 37.49000000 37.32600000 37.38900000
37.59700000 37.59700000 37.59700000 37.59700000 37.59700000 37.59700000 37.59700000 37.59700000 37.59700000 37.59700000 37.59700000 37.59700000 37.59700000 37.59700000 37.59700000 37.59700000 36.32500000 36.80500000 37.00500000 36.94900000 37.35300000 37.42400000 37.41300000 37.38600000 37.32100000 37.36600000 37.42400000 37.48800000 37.52200000 37.53500000
37.59700000 37.59700000 37.59700000 37.59700000 37.59700000 37.59700000 37.59700000 37.59700000 37.59700000 37.59700000 37.59700000 37.59700000 37.59700000 37.59700000 37.59700000 37.59700000 37.59700000 36.29000000 36.70700000 36.96200000 37.25000000 37.38400000 37.42000000 37.38200000 37.32700000 37.36900000 37.38800000 37.40500000 37.43500000 37.56100000
37.59700000 37.59700000 37.59700000 37.59700000 37.59700000 37.59700000 37.59700000 37.59700000 37.59700000 37.59700000 37.59700000 37.59700000 37.59700000 37.59700000 37.59700000 37.59700000 37.59700000 37.59700000 37.59700000 36.91800000 36.71800000 37.34600000 37.42600000 37.35000000 37.34000000 37.35600000 37.38800000 37.33500000 37.36400000 37.48300000
37.59700000 37.59700000 37.59700000 37.59700000 37.59700000 37.59700000 37.59700000 37.59700000 37.59700000 37.59700000 37.59700000 37.59700000 37.59700000 37.59700000 37.59700000 37.59700000 37.59700000 37.59700000 37.59700000 37.59700000 36.76800000 37.36100000 37.42100000 37.31800000 37.40600000 37.38800000 37.36500000 37.34800000 37.34600000 37.39400000
37.59700000 37.59700000 37.59700000 37.59700000 37.59700000 37.59700000 37.59700000 37.59700000 37.59700000 37.59700000 37.59700000 37.59700000 37.59700000 37.59700000 37.59700000 37.59700000 37.59700000 37.59700000 37.59700000 37.59700000 36.77300000 37.37000000 37.36300000 37.36100000 37.40900000 37.41000000 37.41900000 37.35600000 37.34600000 37.40400000
37.59700000 37.59700000 37.59700000 37.59700000 37.59700000 37.59700000 37.59700000 37.59700000 37.59700000 37.59700000 37.59700000 37.59700000 37.59700000 37.59700000 37.59700000 37.59700000 37.59700000 37.59700000 37.59700000 37.59700000 36.47800000 37.37800000 37.31200000 37.40800000 37.39200000 37.40400000 37.41700000 37.40000000 37.37500000 37.34700000
37.59700000 37.59700000 37.59700000 37.59700000 37.59700000 37.59700000 37.59700000 37.59700000 37.59700000 37.59700000 37.59700000 37.59700000 37.59700000 37.59700000 37.59700000 37.59700000 37.59700000 37.59700000 37.59700000 37.59700000 36.54200000 37.32400000 37.39000000 37.40900000 37.39700000 37.38700000 37.38000000 37.32300000 37.33100000 37.37500000
37.59700000 37.59700000 37.59700000 37.59700000 37.59700000 37.59700000 37.59700000 37.59700000 37.59700000 37.59700000 37.59700000 37.59700000 37.59700000 37.59700000 37.59700000 37.59700000 37.59700000 37.59700000 37.59700000 37.59700000 37.59700000 37.13900000 37.35900000 37.37000000 37.38600000 37.35300000 37.32100000 37.30900000 37.27700000 37.32600000
37.59700000 37.59700000 37.59700000 37.59700000 37.59700000 37.59700000 37.59700000 37.59700000 37.59700000 37.59700000 37.59700000 37.59700000 37.59700000 37.59700000 37.59700000 37.59700000 37.59700000 37.59700000 37.59700000 37.59700000 37.59700000 36.71400000 37.29200000 37.35700000 37.36200000 37.34200000 37.32800000 37.29900000 37.24400000 37.31400000
37.59700000 37.59700000 37.59700000 37.59700000 37.59700000 37.59700000 37.59700000 37.59700000 37.59700000 37.59700000 37.59700000 37.59700000 37.59700000 37.59700000 37.59700000 37.59700000 37.59700000 37.59700000 37.59700000 37.59700000 37.59700000 37.59700000 37.16200000 37.31600000 37.32800000 37.31700000 37.29800000 37.23900000 37.29100000 37.33000000
37.59700000 37.59700000 37.59700000 37.59700000 37.59700000 37.59700000 37.59700000 37.59700000 37.59700000 37.59700000 37.59700000 37.59700000 37.59700000 37.59700000 37.59700000 37.59700000 37.59700000 37.59700000 37.59700000 37.59700000 37.59700000 37.59700000 36.85700000 37.11700000 37.22300000 37.19600000 37.21700000 37.28500000 37.28300000 37.29600000
37.59700000 37.59700000 37.59700000 37.59700000 37.59700000 37.59700000 37.59700000 37.59700000 37.59700000 37.59700000 37.59700000 37.59700000 37.59700000 37.59700000 37.59700000 37.59700000 37.59700000 37.59700000 37.59700000 37.59700000 37.59700000 37.59700000 37.59700000 36.72800000 37.19300000 37.22100000 37.23700000 37.24800000 37.25200000 37.28800000
