36.99200000 36.96200000 36.92800000 36.98200000 37.18800000 37.21700000 37.23700000 37.24000000 37.19400000 37.17700000 37.11000000 36.99100000 36.87300000 36.67000000 36.78900000 36.88200000 37.03300000 37.00700000 37.06900000 37.04700000 36.99900000 36.97700000 36.84900000 36.54200000 36.55100000 36.30000000 36.56900000 36.58400000 36.55300000 36.61100000
36.95400000 36.84800000 36.95700000 37.15200000 37.18700000 37.17500000 37.18800000 37.18000000 37.14600000 37.07500000 36.96900000 36.85600000 36.54000000 36.87000000 36.86900000 37.07300000 37.00300000 37.08800000 37.05000000 37.02700000 36.97800000 36.89200000 36.79900000 36.66100000 36.64700000 37.10300000 37.07000000 37.08200000 37.01200000 36.99100000
36.95500000 36.89300000 36.92700000 37.10500000 37.12800000 37.09400000 37.06200000 37.02500000 36.96600000 36.88900000 36.67100000 36.46200000 36.87400000 36.89400000 36.92700000 37.10700000 36.98200000 37.06200000 37.01500000 36.92300000 36.85900000 36.74600000 37.11600000 37.21000000 37.02800000 37.06000000 37.00700000 36.97300000 36.91100000 36.85700000
36.47500000 37.01800000 36.96400000 36.90500000 37.03100000 37.03000000 36.95300000 36.60900000 36.63600000 36.71600000 36.83900000 36.93200000 36.89700000 36.91400000 36.98100000 37.05500000 36.97300000 36.99100000 36.90200000 36.74900000 37.10300000 37.25200000 37.25500000 37.25400000 37.27400000 37.10700000 37.00500000 36.92100000 36.91200000 36.84600000
35.85600000 36.99800000 37.05200000 37.16000000 36.88100000 36.95800000 36.70900000 36.54400000 36.63800000 36.94600000 36.93500000 36.92400000 36.93200000 36.93900000 37.02700000 37.03500000 36.92600000 36.90100000 36.86700000 37.22500000 37.24300000 37.19100000 37.16200000 37.16300000 37.19700000 37.25800000 37.28100000 36.81100000 36.62900000 36.63800000
35.57000000 36.73000000 36.81800000 36.92000000 37.26800000 37.07500000 36.91000000 36.83200000 36.82200000 36.81700000 36.82900000 36.85000000 36.86900000 36.92100000 37.04500000 37.07400000 36.78700000 36.99800000 37.20900000 37.23000000 37.17000000 37.07600000 37.00300000 37.05100000 37.15800000 37.21800000 37.32000000 37.27400000 36.66800000 36.62500000
35.71700000 36.47400000 36.58600000 36.69300000 37.01500000 37.30800000 36.94900000 36.92500000 36.94300000 36.94000000 37.03900000 37.01200000 36.99800000 37.02300000 37.04200000 37.15600000 36.88300000 37.16500000 37.21500000 37.21100000 37.12500000 37.01000000 36.99600000 37.10100000 37.17300000 37.29300000 37.43300000 37.38100000 37.25900000 36.70500000
35.63500000 36.16100000 36.54400000 36.32600000 36.51200000 37.02100000 37.36100000 37.24700000 36.93900000 36.90500000 36.95700000 36.97000000 37.02200000 37.03700000 37.03100000 37.13300000 37.07200000 37.12600000 37.17800000 37.18900000 37.17300000 37.16000000 37.16300000 37.20700000 37.42000000 37.43200000 37.46300000 37.45700000 37.28400000 37.30900000
35.36900000 35.40400000 35.77100000 36.08900000 36.60100000 36.31400000 36.98200000 37.32100000 37.38000000 37.39500000 36.96100000 36.95400000 36.99400000 37.07500000 37.07100000 37.18300000 37.21500000 37.19800000 37.20600000 37.25500000 37.15100000 37.27000000 37.32200000 37.35300000 37.36400000 37.38400000 37.44400000 37.46700000 37.29300000 37.26700000
35.19000000 35.63000000 35.54100000 35.83600000 36.17600000 36.18500000 36.38500000 37.21500000 37.31300000 37.40900000 37.31000000 36.97200000 36.97300000 36.95300000 37.01700000 37.18500000 37.24700000 37.22900000 37.03600000 37.34000000 37.38100000 37.32800000 37.34800000 37.40700000 37.43700000 37.43900000 37.46500000 37.35000000 37.28300000 37.23600000
34.84200000 35.11900000 35.69100000 35.48300000 35.61800000 36.03000000 35.76900000 36.50000000 37.17300000 37.12200000 37.15300000 37.37000000 36.99300000 37.00100000 36.98900000 37.04000000 37.06400000 37.33300000 37.34600000 37.37600000 37.31700000 37.28400000 37.38700000 37.31200000 37.34500000 37.35400000 37.32400000 37.28400000 37.27200000 37.19500000
37.59700000 37.59700000 37.59700000 35.26400000 35.40600000 35.64400000 35.68500000 35.64800000 36.48000000 37.11800000 36.74700000 37.01100000 36.95900000 37.26100000 37.32200000 37.31400000 37.31100000 37.23600000 37.28300000 37.37000000 37.22400000 37.34700000 37.26900000 37.28100000 37.35800000 37.34100000 37.28100000 37.34200000 37.22400000 37.16500000
37.59700000 37.59700000 37.59700000 37.59700000 35.23600000 35.49200000 35.51800000 35.57500000 35.85300000 36.47200000 36.81900000 36.44700000 36.37300000 36.70200000 36.43600000 36.64900000 37.14300000 37.07900000 37.29500000 37.37300000 37.21000000 37.28100000 37.25200000 37.23900000 37.32800000 37.39500000 37.34800000 37.33000000 37.24700000 37.19600000
37.59700000 37.59700000 37.59700000 37.59700000 37.59700000 37.59700000 35.42000000 35.53900000 35.63000000 35.76300000 35.99900000 36.16700000 36.13100000 36.23000000 36.24000000 36.17500000 36.46200000 36.89900000 37.14500000 37.42100000 37.37800000 37.21200000 37.21900000 37.19400000 37.30800000 37.38900000 37.46500000 37.32500000 37.39600000 37.21600000
37.59700000 37.59700000 37.59700000 37.59700000 37.59700000 37.59700000 37.59700000 37.59700000 37.59700000 37.59700000 37.59700000 37.59700000 35.92400000 36.18900000 36.14700000 36.06200000 36.29900000 36.97200000 36.99400000 37.33700000 37.42900000 37.42300000 37.37100000 37.38700000 37.34900000 37.38300000 37.42200000 37.49100000 37.32700000 37.39000000
37.59700000 37.59700000 37.59700000 37.59700000 37.59700000 37.59700000 37.59700000 37.59700000 37.59700000 37.59700000 37.59700000 37.59700000 37.59700000 37.59700000 37.59700000 36.01100000 36.33900000 36.80200000 37.00400000 36.94400000 37.35100000 37.42300000 37.41400000 37.38500000 37.32000000 37.36800000 37.42400000 37.48800000 37.52300000 37.53700000
37.59700000 37.59700000 37.59700000 37.59700000 37.59700000 37.59700000 37.59700000 37.59700000 37.59700000 37.59700000 37.59700000 37.59700000 37.59700000 37.59700000 37.59700000 37.59700000 35.96800000 36.18800000 36.66400000 36.93500000 37.28400000 37.38600000 37.42000000 37.38100000 37.33000000 37.37100000 37.38900000 37.41100000 37.43400000 37.56200000
37.59700000 37.59700000 37.59700000 37.59700000 37.59700000 37.59700000 37.59700000 37.59700000 37.59700000 37.59700000 37.59700000 37.59700000 37.59700000 37.59700000 37.59700000 37.59700000 37.59700000 37.59700000 36.16400000 37.01500000 36.71800000 37.34400000 37.42600000 37.34700000 37.34100000 37.35800000 37.38900000 37.33500000 37.36600000 37.48400000
37.59700000 37.59700000 37.59700000 37.59700000 37.59700000 37.59700000 37.59700000 37.59700000 37.59700000 37.59700000 37.59700000 37.59700000 37.59700000 37.59700000 37.59700000 37.59700000 37.59700000 37.59700000 37.59700000 36.92400000 36.76600000 37.35800000 37.41900000 37.31700000 37.40800000 37.38700000 37.36700000 37.34800000 37.34900000 37.39600000
37.59700000 37.59700000 37.59700000 37.59700000 37.59700000 37.59700000 37.59700000 37.59700000 37.59700000 37.59700000 37.59700000 37.59700000 37.59700000 37.59700000 37.59700000 37.59700000 37.59700000 37.59700000 37.59700000 36.91300000 36.80900000 37.37100000 37.35900000 37.36200000 37.40700000 37.41200000 37.41700000 37.35700000 37.34600000 37.40500000
37.59700000 37.59700000 37.59700000 37.59700000 37.59700000 37.59700000 37.59700000 37.59700000 37.59700000 37.59700000 37.59700000 37.59700000 37.59700000 37.59700000 37.59700000 37.59700000 37.59700000 37.59700000 37.59700000 36.88400000 36.82200000 37.37800000 37.31100000 37.40700000 37.39000000 37.40400000 37.41700000 37.39700000 37.37500000 37.34800000
37.59700000 37.59700000 37.59700000 37.59700000 37.59700000 37.59700000 37.59700000 37.59700000 37.59700000 37.59700000 37.59700000 37.59700000 37.59700000 37.59700000 37.59700000 37.59700000 37.59700000 37.59700000 37.59700000 36.52500000 36.75100000 37.32500000 37.39200000 37.40800000 37.39700000 37.38600000 37.37700000 37.32100000 37.32900000 37.37400000
37.59700000 37.59700000 37.59700000 37.59700000 37.59700000 37.59700000 37.59700000 37.59700000 37.59700000 37.59700000 37.59700000 37.59700000 37.59700000 37.59700000 37.59700000 37.59700000 37.59700000 37.59700000 37.59700000 37.59700000 36.69900000 37.14100000 37.36100000 37.37000000 37.38600000 37.35200000 37.31900000 37.30900000 37.27500000 37.32300000
37.59700000 37.59700000 37.59700000 37.59700000 37.59700000 37.59700000 37.59700000 37.59700000 37.59700000 37.59700000 37.59700000 37.59700000 37.59700000 37.59700000 37.59700000 37.59700000 37.59700000 37.59700000 37.59700000 37.59700000 37.59700000 36.73700000 37.29300000 37.35800000 37.36300000 37.34300000 37.32900000 37.30000000 37.24300000 37.31500000
37.59700000 37.59700000 37.59700000 37.59700000 37.59700000 37.59700000 37.59700000 37.59700000 37.59700000 37.59700000 37.59700000 37.59700000 37.59700000 37.59700000 37.59700000 37.59700000 37.59700000 37.59700000 37.59700000 37.59700000 37.59700000 36.53000000 37.16300000 37.31800000 37.32900000 37.31800000 37.30000000 37.24000000 37.29200000 37.33100000
37.59700000 37.59700000 37.59700000 37.59700000 37.59700000 37.59700000 37.59700000 37.59700000 37.59700000 37.59700000 37.59700000 37.59700000 37.59700000 37.59700000 37.59700000 37.59700000 37.59700000 37.59700000 37.59700000 37.59700000 37.59700000 37.59700000 36.85000000 37.11800000 37.22500000 37.19800000 37.21700000 37.28600000 37.28400000 37.29700000
37.59700000 37.59700000 37.59700000 37.59700000 37.59700000 37.59700000 37.59700000 37.59700000 37.59700000 37.59700000 37.59700000 37.59700000 37.59700000 37.59700000 37.59700000 37.59700000 37.59700000 37.59700000 37.59700000 37.59700000 37.59700000 37.59700000 37.59700000 36.71200000 37.19500000 37.22300000 37.23600000 37.24900000 37.25200000 37.28900000
36.99000000 36.96200000 36.92700000 36.98100000 37.18600000 37.21700000 37.23600000 37.23900000 37.19400000 37.17600000 37.11400000 36.99200000 36.87400000 36.67300000 36.78800000 36.88100000 37.03100000 37.00600000 37.06800000 37.04600000 36.99800000 36.97800000 36.83500000 36.53800000 36.55100000 36.29800000 36.56800000 36.58400000 36.55200000 36.60700000
36.95400000 36.84700000 36.95600000 37.15100000 37.18600000 37.17500000 37.18700000 37.18000000 37.14600000 37.07400000 36.96900000 36.85600000 36.53800000 36.86900000 36.86800000 37.07100000 37.00200000 37.08700000 37.05000000 37.02600000 36.97800000 36.89200000 36.79900000 36.66000000 36.64500000 37.10000000 37.06900000 37.08000000 37.01100000 36.99100000
36.95500000 36.89200000 36.92600000 37.10400000 37.12700000 37.09400000 37.06200000 37.02500000 36.96600000 36.88900000 36.67200000 36.46200000 36.87200000 36.89400000 36.92600000 37.10600000 36.98100000 37.06100000 37.01500000 36.92300000 36.85900000 36.74700000 37.11300000 37.21000000 37.02700000 37.05900000 37.00700000 36.97200000 36.91000000 36.85600000
36.65100000 37.01700000 36.96300000 36.90600000 37.03100000 37.02900000 36.95300000 36.61000000 36.63500000 36.71600000 36.83800000 36.93100000 36.89600000 36.91300000 36.98000000 37.05400000 36.97200000 36.99100000 36.90200000 36.74900000 37.10200000 37.25100000 37.25400000 37.25300000 37.27300000 37.10700000 37.00500000 36.92100000 36.91200000 36.84600000
36.31100000 36.99700000 37.05200000 37.15900000 36.88000000 36.93900000 36.70900000 36.54400000 36.63800000 36.94600000 36.93500000 36.92300000 36.93100000 36.93800000 37.02600000 37.03500000 36.92500000 36.90100000 36.86500000 37.22400000 37.24100000 37.19100000 37.16100000 37.16200000 37.19600000 37.25700000 37.28000000 36.81100000 36.62900000 36.63700000
35.75400000 36.76300000 36.81800000 36.91900000 37.26700000 37.07500000 36.91000000 36.83100000 36.82200000 36.81700000 36.82800000 36.84900000 36.86800000 36.92000000 37.04400000 37.07400000 36.78600000 36.99600000 37.20800000 37.22800000 37.17000000 37.07600000 37.00300000 37.05000000 37.15700000 37.21700000 37.31900000 37.27300000 36.66700000 36.62400000
35.72400000 36.47400000 36.58600000 36.69300000 37.01400000 37.30600000 36.94800000 36.92400000 36.94300000 36.94000000 37.03900000 37.01100000 36.99700000 37.02200000 37.04100000 37.15500000 36.88200000 37.16400000 37.21400000 37.20900000 37.12500000 37.01000000 36.99500000 37.09900000 37.17200000 37.29100000 37.43100000 37.38000000 37.25800000 36.70800000
35.69100000 36.16100000 36.54400000 36.32600000 36.51300000 37.02100000 37.36000000 37.24600000 36.93900000 36.90400000 36.95600000 36.97000000 37.02200000 37.03600000 37.03000000 37.13100000 37.07100000 37.12500000 37.17700000 37.18700000 37.17300000 37.16000000 37.16200000 37.20600000 37.42000000 37.43100000 37.46200000 37.45600000 37.28300000 37.31000000
35.93000000 35.49000000 35.83900000 36.10100000 36.60000000 36.31400000 36.98100000 37.32000000 37.37900000 37.39400000 36.96000000 36.95400000 36.99400000 37.07500000 37.07000000 37.18200000 37.21400000 37.19700000 37.20400000 37.25400000 37.15100000 37.26900000 37.32100000 37.35200000 37.36300000 37.38300000 37.44300000 37.46600000 37.29200000 37.26700000
36.10700000 36.05300000 35.85700000 35.98600000 36.20200000 36.18700000 36.40400000 37.21400000 37.31200000 37.40700000 37.30900000 36.97100000 36.97200000 36.95300000 37.01700000 37.18400000 37.24700000 37.22800000 37.03600000 37.33900000 37.37900000 37.32700000 37.34700000 37.40600000 37.43600000 37.43800000 37.46400000 37.34900000 37.28200000 37.23600000
35.71700000 37.59700000 35.83900000 35.80800000 36.19000000 36.09400000 35.85500000 36.50500000 37.17200000 37.12100000 37.15200000 37.36800000 36.99200000 37.00000000 36.98800000 37.03900000 37.06400000 37.33200000 37.34500000 37.37500000 37.31600000 37.28200000 37.38600000 37.31000000 37.34400000 37.35300000 37.32300000 37.28300000 37.27200000 37.19500000
37.59700000 37.59700000 37.59700000 37.59700000 35.75900000 36.20600000 35.88500000 35.68200000 36.47900000 37.11700000 36.74700000 37.01000000 36.95900000 37.26000000 37.32100000 37.31400000 37.31100000 37.23500000 37.28200000 37.36900000 37.22300000 37.34600000 37.26900000 37.28000000 37.35700000 37.34000000 37.28100000 37.34100000 37.22300000 37.16500000
37.59700000 37.59700000 37.59700000 37.59700000 37.59700000 35.76500000 35.80100000 36.00100000 36.22300000 36.49500000 36.81900000 36.44600000 36.45700000 36.70200000 36.45800000 36.65000000 37.14300000 37.07900000 37.29300000 37.37200000 37.21000000 37.28000000 37.25100000 37.23900000 37.32700000 37.39400000 37.34700000 37.32900000 37.24600000 37.19500000
37.59700000 37.59700000 37.59700000 37.59700000 37.59700000 37.59700000 37.59700000 35.76700000 35.76700000 35.88300000 36.36300000 36.25000000 36.25300000 36.37500000 36.41300000 36.17500000 36.46700000 36.89900000 37.14400000 37.42000000 37.37700000 37.21200000 37.21900000 37.19400000 37.30700000 37.38800000 37.46400000 37.32400000 37.39500000 37.21500000
37.59700000 37.59700000 37.59700000 37.59700000 37.59700000 37.59700000 37.59700000 37.59700000 37.59700000 37.59700000 37.59700000 37.59700000 37.59700000 37.59700000 37.59700000 36.20800000 36.30600000 36.97300000 36.97000000 37.33600000 37.42900000 37.42300000 37.37000000 37.38500000 37.34800000 37.38200000 37.42100000 37.49000000 37.32700000 37.38900000
37.59700000 37.59700000 37.59700000 37.59700000 37.59700000 37.59700000 37.59700000 37.59700000 37.59700000 37.59700000 37.59700000 37.59700000 37.59700000 37.59700000 37.59700000 37.59700000 36.33100000 36.80300000 37.00500000 36.94500000 37.35100000 37.42300000 37.41400000 37.38400000 37.31900000 37.36700000 37.42300000 37.48700000 37.52300000 37.53600000
37.59700000 37.59700000 37.59700000 37.59700000 37.59700000 37.59700000 37.59700000 37.59700000 37.59700000 37.59700000 37.59700000 37.59700000 37.59700000 37.59700000 37.59700000 37.59700000 37.59700000 36.29200000 36.69300000 36.93600000 37.28400000 37.38700000 37.42000000 37.38000000 37.32900000 37.37000000 37.38800000 37.41000000 37.43300000 37.56100000
37.59700000 37.59700000 37.59700000 37.59700000 37.59700000 37.59700000 37.59700000 37.59700000 37.59700000 37.59700000 37.59700000 37.59700000 37.59700000 37.59700000 37.59700000 37.59700000 37.59700000 37.59700000 37.59700000 36.93500000 36.72200000 37.34600000 37.42600000 37.34700000 37.34100000 37.35700000 37.38800000 37.33500000 37.36500000 37.48300000
37.59700000 37.59700000 37.59700000 37.59700000 37.59700000 37.59700000 37.59700000 37.59700000 37.59700000 37.59700000 37.59700000 37.59700000 37.59700000 37.59700000 37.59700000 37.59700000 37.59700000 37.59700000 37.59700000 37.59700000 36.76800000 37.36100000 37.42000000 37.31800000 37.40800000 37.38700000 37.36600000 37.34700000 37.34800000 37.39500000
37.59700000 37.59700000 37.59700000 37.59700000 37.59700000 37.59700000 37.59700000 37.59700000 37.59700000 37.59700000 37.59700000 37.59700000 37.59700000 37.59700000 37.59700000 37.59700000 37.59700000 37.59700000 37.59700000 37.59700000 36.75500000 37.37100000 37.36000000 37.36300000 37.40800000 37.41200000 37.41700000 37.35700000 37.34600000 37.40500000
37.59700000 37.59700000 37.59700000 37.59700000 37.59700000 37.59700000 37.59700000 37.59700000 37.59700000 37.59700000 37.59700000 37.59700000 37.59700000 37.59700000 37.59700000 37.59700000 37.59700000 37.59700000 37.59700000 37.59700000 36.48100000 37.37800000 37.31100000 37.40800000 37.39100000 37.40500000 37.41800000 37.39800000 37.37500000 37.34700000
37.59700000 37.59700000 37.59700000 37.59700000 37.59700000 37.59700000 37.59700000 37.59700000 37.59700000 37.59700000 37.59700000 37.59700000 37.59700000 37.59700000 37.59700000 37.59700000 37.59700000 37.59700000 37.59700000 37.59700000 36.54700000 37.32400000 37.39100000 37.40800000 37.39800000 37.38600000 37.37800000 37.32100000 37.32900000 37.37500000
37.59700000 37.59700000 37.59700000 37.59700000 37.59700000 37.59700000 37.59700000 37.59700000 37.59700000 37.59700000 37.59700000 37.59700000 37.59700000 37.59700000 37.59700000 37.59700000 37.59700000 37.59700000 37.59700000 37.59700000 37.59700000 37.13200000 37.36000000 37.37000000 37.38500000 37.35200000 37.32000000 37.30900000 37.27600000 37.32400000
37.59700000 37.59700000 37.59700000 37.59700000 37.59700000 37.59700000 37.59700000 37.59700000 37.59700000 37.59700000 37.59700000 37.59700000 37.59700000 37.59700000 37.59700000 37.59700000 37.59700000 37.59700000 37.59700000 37.59700000 37.59700000 36.71300000 37.29300000 37.35700000 37.36300000 37.34200000 37.32800000 37.29900000 37.24300000 37.31400000
37.59700000 37.59700000 37.59700000 37.59700000 37.59700000 37.59700000 37.59700000 37.59700000 37.59700000 37.59700000 37.59700000 37.59700000 37.59700000 37.59700000 37.59700000 37.59700000 37.59700000 37.59700000 37.59700000 37.59700000 37.59700000 37.59700000 37.16200000 37.31700000 37.32800000 37.31700000 37.30000000 37.23900000 37.29100000 37.33000000
37.59700000 37.59700000 37.59700000 37.59700000 37.59700000 37.59700000 37.59700000 37.59700000 37.59700000 37.59700000 37.59700000 37.59700000 37.59700000 37.59700000 37.59700000 37.59700000 37.59700000 37.59700000 37.59700000 37.59700000 37.59700000 37.59700000 36.84700000 37.11700000 37.22400000 37.19700000 37.21700000 37.28500000 37.28200000 37.29700000
37.59700000 37.59700000 37.59700000 37.59700000 37.59700000 37.59700000 37.59700000 37.59700000 37.59700000 37.59700000 37.59700000 37.59700000 37.59700000 37.59700000 37.59700000 37.59700000 37.59700000 37.59700000 37.59700000 37.59700000 37.59700000 37.59700000 37.59700000 36.71000000 37.19500000 37.22200000 37.23500000 37.24800000 37.25100000 37.28800000
