25.20100000 25.16600000 25.16900000 24.78000000 25.15800000 25.10300000 25.26800000 25.24600000 25.16400000 25.03400000 25.14600000 25.14100000 24.86000000 24.09900000 24.34900000 24.98400000 25.29800000 25.11000000 25.07100000 25.06400000 25.08200000 24.91400000 24.63700000 24.05300000 24.04300000 23.56500000 23.95500000 24.13300000 24.27400000 24.45500000
25.12400000 25.04500000 24.80100000 25.03800000 25.13200000 25.09000000 24.99800000 24.97600000 25.01500000 25.08100000 25.05200000 24.72700000 23.88500000 24.48100000 24.64100000 25.26200000 24.97000000 24.97100000 24.99800000 24.99100000 24.91100000 24.79500000 24.54400000 24.07500000 24.05600000 25.14200000 25.10600000 25.11100000 24.79100000 24.67500000
25.11900000 25.03300000 25.10900000 24.93600000 25.01200000 25.03300000 25.04700000 25.03600000 24.97500000 24.78000000 24.05800000 23.75500000 24.43900000 24.68100000 25.08100000 25.25100000 24.97400000 24.98300000 24.93000000 24.74500000 24.65800000 24.27800000 25.26200000 25.43100000 25.09400000 25.08100000 24.91300000 24.81400000 24.76800000 24.81100000
24.32100000 25.00700000 25.13600000 25.06100000 24.78300000 24.84700000 24.68700000 23.96900000 23.98100000 24.08500000 24.30600000 24.58100000 24.69000000 25.01300000 25.32900000 25.16600000 24.95400000 24.85700000 24.68200000 24.30500000 25.21100000 25.41400000 25.47300000 25.53900000 25.55300000 25.23700000 25.01800000 24.92000000 24.98600000 25.04600000
23.75700000 24.69900000 24.95300000 25.29200000 25.11300000 24.99400000 24.12900000 23.84200000 23.96500000 24.67300000 24.83200000 24.89700000 25.05200000 25.27200000 25.48500000 25.16000000 24.83400000 24.67100000 24.68100000 25.38200000 25.36700000 25.22000000 25.09400000 25.10700000 25.33800000 25.71100000 25.49500000 24.84300000 24.75600000 24.95100000
23.61500000 24.08900000 24.27000000 24.65900000 25.59800000 25.43400000 25.21000000 25.12700000 25.12200000 25.12700000 25.14500000 25.15800000 25.17000000 25.26500000 25.53100000 25.25000000 24.55700000 24.99100000 25.36100000 25.28300000 25.09400000 24.88400000 24.73600000 24.86100000 25.09400000 25.58800000 25.98600000 25.53100000 24.70000000 24.93300000
23.50300000 24.10800000 23.97400000 24.06900000 24.82900000 25.78900000 25.33000000 25.33200000 25.37700000 25.35200000 25.47400000 25.43500000 25.35200000 25.36000000 25.50100000 25.40300000 24.72900000 25.35100000 25.28100000 25.22800000 24.96200000 24.74100000 24.67300000 24.97100000 25.33100000 25.96500000 26.32100000 26.07900000 25.63400000 25.00600000
23.05800000 23.42300000 23.92700000 23.42000000 24.00300000 24.72300000 25.85600000 25.79900000 25.35200000 25.33100000 25.44000000 25.42200000 25.44000000 25.43500000 25.46100000 25.44900000 25.12100000 25.21900000 25.32300000 25.18700000 25.16100000 25.11800000 25.19200000 25.70600000 26.12300000 26.20200000 26.36600000 26.31500000 25.63500000 25.71200000
22.46900000 23.13000000 23.19000000 23.00200000 23.69200000 23.80400000 24.57100000 25.77600000 26.06900000 26.12300000 25.34100000 25.40700000 25.43800000 25.55800000 25.56600000 25.51500000 25.47100000 25.41500000 25.44900000 25.57900000 25.54700000 25.94100000 25.86600000 25.89700000 25.91600000 25.95500000 26.19300000 26.28200000 25.72700000 25.88300000
22.76900000 21.17200000 22.12700000 22.76200000 23.08700000 23.45400000 23.75000000 25.27100000 25.72900000 26.16400000 26.03300000 25.34000000 25.37200000 25.44100000 25.42400000 25.53100000 25.61200000 25.60200000 25.49000000 26.18100000 26.36600000 26.04600000 25.91400000 26.13700000 26.23100000 26.15700000 26.26500000 25.97600000 25.69400000 25.87700000
23.30500000 21.83700000 20.10300000 22.31900000 22.73900000 22.98400000 22.99000000 23.75600000 25.04300000 25.05600000 25.34000000 26.04500000 25.39000000 25.36300000 25.42300000 25.41000000 25.45400000 26.07100000 26.21600000 26.39400000 26.03900000 25.75800000 26.10700000 26.11000000 26.04600000 26.00500000 25.78600000 25.69700000 25.88500000 25.94800000
27.83300000 27.83300000 27.83300000 23.12000000 22.62500000 22.69600000 22.72200000 22.82600000 23.62200000 24.81800000 24.16100000 24.67200000 24.86400000 25.70600000 25.94100000 25.93900000 25.96800000 25.74100000 26.15400000 26.42800000 25.69700000 26.01400000 25.96300000 26.10400000 26.31200000 26.05300000 25.74700000 25.97600000 25.89900000 25.86500000
27.83300000 27.83300000 27.83300000 27.83300000 23.17100000 22.56500000 22.69500000 22.56200000 23.02400000 23.55400000 24.13800000 23.49500000 23.50400000 23.97700000 24.08400000 24.47600000 25.11700000 25.13800000 26.20000000 26.37800000 25.73800000 25.87600000 26.01800000 25.92900000 26.08000000 26.47800000 26.08400000 25.99400000 25.91000000 26.02900000
27.83300000 27.83300000 27.83300000 27.83300000 27.83300000 27.83300000 23.42700000 22.44900000 22.51400000 22.70200000 22.74500000 22.58500000 22.28400000 23.27400000 23.48900000 23.81900000 24.42800000 24.58000000 25.83600000 26.38300000 26.41900000 25.79700000 25.92300000 25.88700000 26.06700000 26.54400000 26.58000000 25.98600000 26.17100000 25.97900000
27.83300000 27.83300000 27.83300000 27.83300000 27.83300000 27.83300000 27.83300000 27.83300000 27.83300000 27.83300000 27.83300000 27.83300000 22.56000000 21.90700000 21.11600000 23.39500000 24.40500000 24.77100000 24.81700000 26.38400000 26.44200000 26.46300000 26.43500000 26.48900000 26.28900000 26.65800000 26.58900000 26.61300000 26.02200000 26.05800000
27.83300000 27.83300000 27.83300000 27.83300000 27.83300000 27.83300000 27.83300000 27.83300000 27.83300000 27.83300000 27.83300000 27.83300000 27.83300000 27.83300000 27.83300000 23.32500000 24.08200000 24.60900000 24.70700000 24.83400000 26.47900000 26.48200000 26.58400000 26.38800000 26.59700000 26.73300000 26.60200000 26.64400000 26.67200000 26.66800000
27.83300000 27.83300000 27.83300000 27.83300000 27.83300000 27.83300000 27.83300000 27.83300000 27.83300000 27.83300000 27.83300000 27.83300000 27.83300000 27.83300000 27.83300000 27.83300000 23.47700000 22.75900000 24.31300000 24.57000000 26.20900000 26.41600000 26.53500000 26.34500000 26.73500000 26.81000000 26.72400000 26.68800000 26.72500000 26.85500000
27.83300000 27.83300000 27.83300000 27.83300000 27.83300000 27.83300000 27.83300000 27.83300000 27.83300000 27.83300000 27.83300000 27.83300000 27.83300000 27.83300000 27.83300000 27.83300000 27.83300000 27.83300000 24.37700000 24.94200000 24.09700000 26.53300000 26.42800000 26.51700000 26.74700000 26.77000000 26.81500000 26.70200000 26.79700000 26.87600000
27.83300000 27.83300000 27.83300000 27.83300000 27.83300000 27.83300000 27.83300000 27.83300000 27.83300000 27.83300000 27.83300000 27.83300000 27.83300000 27.83300000 27.83300000 27.83300000 27.83300000 27.83300000 27.83300000 25.27800000 24.52100000 26.58700000 26.45900000 26.65600000 26.86300000 26.76700000 26.76300000 26.76400000 26.81800000 26.92500000
27.83300000 27.83300000 27.83300000 27.83300000 27.83300000 27.83300000 27.83300000 27.83300000 27.83300000 27.83300000 27.83300000 27.83300000 27.83300000 27.83300000 27.83300000 27.83300000 27.83300000 27.83300000 27.83300000 24.78600000 24.31900000 26.67900000 26.49900000 26.77300000 26.83100000 26.81100000 26.87100000 26.80500000 26.85300000 26.98200000
27.83300000 27.83300000 27.83300000 27.83300000 27.83300000 27.83300000 27.83300000 27.83300000 27.83300000 27.83300000 27.83300000 27.83300000 27.83300000 27.83300000 27.83300000 27.83300000 27.83300000 27.83300000 27.83300000 25.01500000 24.84300000 26.68500000 26.57900000 26.87300000 26.70800000 26.79900000 26.87000000 26.88400000 26.97100000 26.94400000
27.83300000 27.83300000 27.83300000 27.83300000 27.83300000 27.83300000 27.83300000 27.83300000 27.83300000 27.83300000 27.83300000 27.83300000 27.83300000 27.83300000 27.83300000 27.83300000 27.83300000 27.83300000 27.83300000 24.61000000 24.52100000 26.53800000 26.80200000 26.87000000 26.68600000 26.83200000 26.78900000 26.76000000 26.91700000 27.09300000
27.83300000 27.83300000 27.83300000 27.83300000 27.83300000 27.83300000 27.83300000 27.83300000 27.83300000 27.83300000 27.83300000 27.83300000 27.83300000 27.83300000 27.83300000 27.83300000 27.83300000 27.83300000 27.83300000 27.83300000 24.89700000 25.96000000 26.66800000 26.73800000 26.69400000 26.79700000 26.70300000 26.50200000 26.43300000 27.00000000
27.83300000 27.83300000 27.83300000 27.83300000 27.83300000 27.83300000 27.83300000 27.83300000 27.83300000 27.83300000 27.83300000 27.83300000 27.83300000 27.83300000 27.83300000 27.83300000 27.83300000 27.83300000 27.83300000 27.83300000 27.83300000 24.94200000 26.49400000 26.64800000 26.68500000 26.71500000 26.62300000 26.47100000 26.32700000 26.98700000
27.83300000 27.83300000 27.83300000 27.83300000 27.83300000 27.83300000 27.83300000 27.83300000 27.83300000 27.83300000 27.83300000 27.83300000 27.83300000 27.83300000 27.83300000 27.83300000 27.83300000 27.83300000 27.83300000 27.83300000 27.83300000 24.74100000 26.14700000 26.56700000 26.57700000 26.51400000 26.47700000 26.38400000 26.74000000 27.14500000
27.83300000 27.83300000 27.83300000 27.83300000 27.83300000 27.83300000 27.83300000 27.83300000 27.83300000 27.83300000 27.83300000 27.83300000 27.83300000 27.83300000 27.83300000 27.83300000 27.83300000 27.83300000 27.83300000 27.83300000 27.83300000 27.83300000 25.68500000 26.08400000 26.30200000 26.26500000 26.42300000 26.56900000 26.88700000 27.09600000
27.83300000 27.83300000 27.83300000 27.83300000 27.83300000 27.83300000 27.83300000 27.83300000 27.83300000 27.83300000 27.83300000 27.83300000 27.83300000 27.83300000 27.83300000 27.83300000 27.83300000 27.83300000 27.83300000 27.83300000 27.83300000 27.83300000 27.83300000 25.69000000 26.26900000 26.41900000 26.39600000 26.55200000 26.61900000 27.14300000
25.21700000 25.17200000 25.18700000 24.79400000 25.17800000 25.11600000 25.27600000 25.26200000 25.16900000 25.07800000 25.16600000 25.15900000 24.88000000 24.11600000 24.36400000 24.99600000 25.31000000 25.13700000 25.09800000 25.07700000 25.09800000 24.96500000 24.68100000 24.05900000 24.05400000 23.58300000 23.96400000 24.14200000 24.28800000 24.45800000
25.13100000 25.05800000 24.81700000 25.05300000 25.14600000 25.10400000 25.01200000 24.99100000 25.02800000 25.09600000 25.06900000 24.74800000 23.89800000 24.49700000 24.65600000 25.28700000 24.98600000 24.98900000 25.01700000 25.01400000 24.93100000 24.81300000 24.56100000 24.09200000 24.06600000 25.15700000 25.12600000 25.13400000 24.81600000 24.69300000
25.13700000 25.04600000 25.12300000 24.95200000 25.02700000 25.04800000 25.06200000 25.05000000 24.99000000 24.79800000 24.07000000 23.76900000 24.45200000 24.69500000 25.09500000 25.27100000 24.99300000 25.00000000 24.94800000 24.76200000 24.67600000 24.29500000 25.27700000 25.44900000 25.11000000 25.09900000 24.93400000 24.83400000 24.78500000 24.82500000
24.41300000 25.02300000 25.14500000 25.07700000 24.80000000 24.86300000 24.70300000 23.98400000 23.99500000 24.09900000 24.31900000 24.59500000 24.70300000 25.02700000 25.34600000 25.18600000 24.97200000 24.87300000 24.69900000 24.31900000 25.22500000 25.43200000 25.49000000 25.55600000 25.57000000 25.25100000 25.03700000 24.94000000 25.00400000 25.06900000
24.36000000 24.71700000 24.97600000 25.31000000 25.12500000 24.93400000 24.14500000 23.85400000 23.97800000 24.68100000 24.84500000 24.91100000 25.06600000 25.28700000 25.50100000 25.17800000 24.85300000 24.68700000 24.69400000 25.39900000 25.37900000 25.23700000 25.10900000 25.12200000 25.35300000 25.72900000 25.51200000 24.86000000 24.76900000 24.96900000
23.74600000 24.18700000 24.28800000 24.67900000 25.61000000 25.44900000 25.22400000 25.14000000 25.13700000 25.14200000 25.16100000 25.17400000 25.18700000 25.28200000 25.54700000 25.25800000 24.57300000 25.00700000 25.38200000 25.29800000 25.11000000 24.90100000 24.75100000 24.87500000 25.10800000 25.60300000 26.00500000 25.55400000 24.71500000 24.94800000
23.50900000 24.13100000 23.99200000 24.08600000 24.84500000 25.80400000 25.34400000 25.34500000 25.39200000 25.36800000 25.49200000 25.45200000 25.36800000 25.37600000 25.51700000 25.42400000 24.74600000 25.36900000 25.29900000 25.24500000 24.97900000 24.75700000 24.68800000 24.98600000 25.34100000 25.98200000 26.34200000 26.10300000 25.65300000 25.01800000
22.96100000 23.44100000 23.94700000 23.43800000 24.02300000 24.73800000 25.87500000 25.81500000 25.36700000 25.34800000 25.45700000 25.43800000 25.45700000 25.45200000 25.47600000 25.46700000 25.13500000 25.23400000 25.34300000 25.20400000 25.17800000 25.13400000 25.20700000 25.71800000 26.14000000 26.22100000 26.38700000 26.33600000 25.65600000 25.73000000
22.31800000 23.18500000 23.29300000 23.03200000 23.71000000 23.82100000 24.58300000 25.79300000 26.08700000 26.14700000 25.35700000 25.42300000 25.45500000 25.57400000 25.58200000 25.53000000 25.48600000 25.43000000 25.46400000 25.59600000 25.56400000 25.95400000 25.88600000 25.91600000 25.93500000 25.97400000 26.21200000 26.30300000 25.74700000 25.89600000
20.09400000 19.65000000 17.70800000 22.45100000 23.12700000 23.47400000 23.80700000 25.28800000 25.74500000 26.18300000 26.05300000 25.35700000 25.38900000 25.45700000 25.44000000 25.54600000 25.62700000 25.61500000 25.50400000 26.19600000 26.38700000 26.07000000 25.93100000 26.15400000 26.25100000 26.17700000 26.28400000 25.99600000 25.71000000 25.89300000
20.00500000 27.83300000 17.93600000 17.64900000 22.11100000 23.04100000 23.10900000 23.78700000 25.06400000 25.07700000 25.35800000 26.06200000 25.41000000 25.38100000 25.44200000 25.42700000 25.46800000 26.08100000 26.23400000 26.41300000 26.06300000 25.77400000 26.12400000 26.13000000 26.06600000 26.02500000 25.80500000 25.71500000 25.90400000 25.96400000
27.83300000 27.83300000 27.83300000 27.83300000 18.94200000 21.55800000 22.56000000 22.78700000 23.63900000 24.84100000 24.18400000 24.69300000 24.88400000 25.72800000 25.96300000 25.96300000 25.99400000 25.76000000 26.16900000 26.44700000 25.71800000 26.02800000 25.97100000 26.12300000 26.33000000 26.07500000 25.76600000 25.99400000 25.91600000 25.87800000
27.83300000 27.83300000 27.83300000 27.83300000 27.83300000 17.97900000 19.83100000 20.39700000 22.77500000 23.62400000 24.16000000 23.51300000 23.70600000 23.99200000 24.14800000 24.49400000 25.14000000 25.15600000 26.21800000 26.39500000 25.75900000 25.89300000 26.03300000 25.94800000 26.09500000 26.49700000 26.10600000 26.01100000 25.92500000 26.04500000
27.83300000 27.83300000 27.83300000 27.83300000 27.83300000 27.83300000 27.83300000 18.23300000 17.52300000 18.46900000 21.79000000 22.52600000 21.28200000 22.05800000 22.99700000 23.83500000 24.46000000 24.60200000 25.85100000 26.40300000 26.43700000 25.81300000 25.93800000 25.90400000 26.08600000 26.56200000 26.59900000 26.00500000 26.18900000 25.99000000
27.83300000 27.83300000 27.83300000 27.83300000 27.83300000 27.83300000 27.83300000 27.83300000 27.83300000 27.83300000 27.83300000 27.83300000 27.83300000 27.83300000 27.83300000 20.02000000 24.30900000 24.79500000 24.73800000 26.40600000 26.45900000 26.47900000 26.45200000 26.50400000 26.30100000 26.67500000 26.60700000 26.63100000 26.04200000 26.07400000
27.83300000 27.83300000 27.83300000 27.83300000 27.83300000 27.83300000 27.83300000 27.83300000 27.83300000 27.83300000 27.83300000 27.83300000 27.83300000 27.83300000 27.83300000 27.83300000 23.38900000 24.63400000 24.73000000 24.85000000 26.49900000 26.49700000 26.60300000 26.40700000 26.61000000 26.75200000 26.61900000 26.66200000 26.68900000 26.69000000
27.83300000 27.83300000 27.83300000 27.83300000 27.83300000 27.83300000 27.83300000 27.83300000 27.83300000 27.83300000 27.83300000 27.83300000 27.83300000 27.83300000 27.83300000 27.83300000 27.83300000 20.53700000 24.12600000 24.58600000 26.22300000 26.44000000 26.55500000 26.36400000 26.75400000 26.82900000 26.74200000 26.70600000 26.74200000 26.87200000
27.83300000 27.83300000 27.83300000 27.83300000 27.83300000 27.83300000 27.83300000 27.83300000 27.83300000 27.83300000 27.83300000 27.83300000 27.83300000 27.83300000 27.83300000 27.83300000 27.83300000 27.83300000 27.83300000 24.62300000 24.09900000 26.56500000 26.44600000 26.53300000 26.76600000 26.78800000 26.83300000 26.71900000 26.81500000 26.89500000
27.83300000 27.83300000 27.83300000 27.83300000 27.83300000 27.83300000 27.83300000 27.83300000 27.83300000 27.83300000 27.83300000 27.83300000 27.83300000 27.83300000 27.83300000 27.83300000 27.83300000 27.83300000 27.83300000 27.83300000 24.54100000 26.61500000 26.47400000 26.67200000 26.88300000 26.78500000 26.78200000 26.78100000 26.83600000 26.94500000
27.83300000 27.83300000 27.83300000 27.83300000 27.83300000 27.83300000 27.83300000 27.83300000 27.83300000 27.83300000 27.83300000 27.83300000 27.83300000 27.83300000 27.83300000 27.83300000 27.83300000 27.83300000 27.83300000 27.83300000 23.71600000 26.70300000 26.51100000 26.79200000 26.85200000 26.82900000 26.88900000 26.82500000 26.87200000 27.00400000
27.83300000 27.83300000 27.83300000 27.83300000 27.83300000 27.83300000 27.83300000 27.83300000 27.83300000 27.83300000 27.83300000 27.83300000 27.83300000 27.83300000 27.83300000 27.83300000 27.83300000 27.83300000 27.83300000 27.83300000 21.64900000 26.69300000 26.60100000 26.89700000 26.72800000 26.81700000 26.89100000 26.90400000 26.98700000 26.96500000
27.83300000 27.83300000 27.83300000 27.83300000 27.83300000 27.83300000 27.83300000 27.83300000 27.83300000 27.83300000 27.83300000 27.83300000 27.83300000 27.83300000 27.83300000 27.83300000 27.83300000 27.83300000 27.83300000 27.83300000 22.94200000 26.56200000 26.81900000 26.89300000 26.70700000 26.84900000 26.80900000 26.78000000 26.93600000 27.11000000
27.83300000 27.83300000 27.83300000 27.83300000 27.83300000 27.83300000 27.83300000 27.83300000 27.83300000 27.83300000 27.83300000 27.83300000 27.83300000 27.83300000 27.83300000 27.83300000 27.83300000 27.83300000 27.83300000 27.83300000 27.83300000 25.97800000 26.68900000 26.75800000 26.71300000 26.81600000 26.72400000 26.52000000 26.44800000 27.01400000
27.83300000 27.83300000 27.83300000 27.83300000 27.83300000 27.83300000 27.83300000 27.83300000 27.83300000 27.83300000 27.83300000 27.83300000 27.83300000 27.83300000 27.83300000 27.83300000 27.83300000 27.83300000 27.83300000 27.83300000 27.83300000 24.78600000 26.51400000 26.66700000 26.70000000 26.73000000 26.64100000 26.48800000 26.34500000 27.00600000
27.83300000 27.83300000 27.83300000 27.83300000 27.83300000 27.83300000 27.83300000 27.83300000 27.83300000 27.83300000 27.83300000 27.83300000 27.83300000 27.83300000 27.83300000 27.83300000 27.83300000 27.83300000 27.83300000 27.83300000 27.83300000 27.83300000 26.16800000 26.58300000 26.59200000 26.53000000 26.49500000 26.39500000 26.75300000 27.16700000
27.83300000 27.83300000 27.83300000 27.83300000 27.83300000 27.83300000 27.83300000 27.83300000 27.83300000 27.83300000 27.83300000 27.83300000 27.83300000 27.83300000 27.83300000 27.83300000 27.83300000 27.83300000 27.83300000 27.83300000 27.83300000 27.83300000 25.71900000 26.09700000 26.31700000 26.28000000 26.44100000 26.58600000 26.90900000 27.11000000
27.83300000 27.83300000 27.83300000 27.83300000 27.83300000 27.83300000 27.83300000 27.83300000 27.83300000 27.83300000 27.83300000 27.83300000 27.83300000 27.83300000 27.83300000 27.83300000 27.83300000 27.83300000 27.83300000 27.83300000 27.83300000 27.83300000 27.83300000 25.72900000 26.28700000 26.43200000 26.40900000 26.56500000 26.65300000 27.15700000
