25.19900000 25.17300000 25.16000000 24.78500000 25.15500000 25.09300000 25.26500000 25.24000000 25.16000000 25.02900000 25.14300000 25.13600000 24.85300000 24.08000000 24.35900000 24.98700000 25.29100000 25.10400000 25.06300000 25.06100000 25.07600000 24.90500000 24.61700000 24.03900000 24.03900000 23.54800000 23.95000000 24.11900000 24.26400000 24.43600000
25.13300000 25.03800000 24.77100000 25.03700000 25.12600000 25.08000000 24.99100000 24.96800000 25.01100000 25.07600000 25.04300000 24.70000000 23.90100000 24.48200000 24.64700000 25.26800000 24.96300000 24.96800000 24.99500000 24.98800000 24.90500000 24.78700000 24.52200000 24.04600000 24.14000000 25.15400000 25.10000000 25.11200000 24.76700000 24.65500000
25.11400000 25.03200000 25.10100000 24.93400000 25.00700000 25.03200000 25.04500000 25.03100000 24.96600000 24.76700000 24.02700000 23.75800000 24.45000000 24.68400000 25.09200000 25.23900000 24.97400000 24.98300000 24.92100000 24.73300000 24.64900000 24.25600000 25.33100000 25.40500000 25.08100000 25.07500000 24.91000000 24.82000000 24.77800000 24.79800000
24.31500000 25.00400000 25.13800000 25.05100000 24.77400000 24.84200000 24.67100000 23.94700000 23.98900000 24.07000000 24.30300000 24.58300000 24.68800000 25.02000000 25.33100000 25.15000000 24.95400000 24.85400000 24.67500000 24.29100000 25.25600000 25.41900000 25.47400000 25.53400000 25.55500000 25.25600000 25.00700000 24.91100000 24.97200000 25.04800000
23.75500000 24.69000000 24.92500000 25.28100000 25.12600000 24.99900000 24.13300000 23.84800000 23.97100000 24.69400000 24.83900000 24.90200000 25.05400000 25.26600000 25.48300000 25.14400000 24.83800000 24.66400000 24.70700000 25.36800000 25.36100000 25.20600000 25.08100000 25.09400000 25.32000000 25.70100000 25.50000000 24.83700000 24.74900000 24.94900000
23.60700000 24.07800000 24.25100000 24.61200000 25.60100000 25.44400000 25.21900000 25.12800000 25.11900000 25.12000000 25.13500000 25.15200000 25.16500000 25.26300000 25.52800000 25.23100000 24.54900000 25.00500000 25.35800000 25.27700000 25.08500000 24.87600000 24.71800000 24.84500000 25.09200000 25.58600000 25.98700000 25.53100000 24.70200000 24.93500000
23.51600000 24.10400000 23.96300000 24.05100000 24.78600000 25.78400000 25.33500000 25.32800000 25.38100000 25.36100000 25.47200000 25.42900000 25.34600000 25.35000000 25.49600000 25.39500000 24.72100000 25.34900000 25.27300000 25.21800000 24.95500000 24.73800000 24.67900000 24.97700000 25.35300000 25.98900000 26.32800000 26.08500000 25.62600000 25.00500000
23.05300000 23.39600000 23.90500000 23.38700000 23.95900000 24.61000000 25.83500000 25.85100000 25.36600000 25.31400000 25.42500000 25.40900000 25.43300000 25.43100000 25.45600000 25.44300000 25.10200000 25.21500000 25.32100000 25.18200000 25.15600000 25.11900000 25.21100000 25.74800000 26.10100000 26.17800000 26.35400000 26.31200000 25.63100000 25.70700000
22.51100000 23.15000000 23.17600000 22.96900000 23.66000000 23.77500000 24.56300000 25.77100000 26.07200000 26.13000000 25.33200000 25.40300000 25.44100000 25.55400000 25.56800000 25.51500000 25.46600000 25.40800000 25.43900000 25.57800000 25.53300000 25.96600000 25.83000000 25.88400000 25.91400000 25.94400000 26.18000000 26.28100000 25.72500000 25.87600000
22.75200000 20.98800000 21.90600000 22.72900000 23.06000000 23.43600000 23.73600000 25.25700000 25.69800000 26.13900000 25.99000000 25.32400000 25.37500000 25.43500000 25.42300000 25.53600000 25.60900000 25.59600000 25.49200000 26.19700000 26.35600000 26.04900000 25.91400000 26.13000000 26.22900000 26.16100000 26.26200000 25.96500000 25.69400000 25.87600000
23.31700000 22.08300000 20.02300000 22.28300000 22.73300000 22.96600000 22.95800000 23.75900000 25.01800000 25.03500000 25.31600000 26.04400000 25.36800000 25.36000000 25.42100000 25.40800000 25.44700000 26.07300000 26.20200000 26.38400000 26.02900000 25.75300000 26.09300000 26.13100000 26.04200000 25.98800000 25.77600000 25.69900000 25.88200000 25.94800000
27.83300000 27.83300000 27.83300000 23.06600000 22.57600000 22.69400000 22.69100000 22.80100000 23.60900000 24.77200000 24.11300000 24.63800000 24.82800000 25.71900000 25.95700000 25.95600000 25.95800000 25.70500000 26.17500000 26.42000000 25.69700000 26.01200000 25.97400000 26.09000000 26.30900000 26.06100000 25.73900000 25.97800000 25.89800000 25.84400000
27.83300000 27.83300000 27.83300000 27.83300000 23.15000000 22.62800000 22.66100000 22.50100000 23.01600000 23.53300000 24.03200000 23.44700000 23.50500000 23.93200000 24.12500000 24.58100000 25.10900000 25.08500000 26.21300000 26.37000000 25.73100000 25.86900000 26.02000000 25.91800000 26.06900000 26.47600000 26.08300000 25.99200000 25.90100000 26.02800000
27.83300000 27.83300000 27.83300000 27.83300000 27.83300000 27.83300000 23.37200000 22.41300000 22.49000000 22.68500000 22.70800000 22.55300000 22.32500000 23.24100000 23.51200000 23.83300000 24.44900000 24.52200000 25.82900000 26.38100000 26.40900000 25.79400000 25.91900000 25.88500000 26.07000000 26.54200000 26.57400000 25.97800000 26.16500000 25.97100000
27.83300000 27.83300000 27.83300000 27.83300000 27.83300000 27.83300000 27.83300000 27.83300000 27.83300000 27.83300000 27.83300000 27.83300000 22.51600000 21.76900000 21.03100000 23.38800000 24.40400000 24.74800000 24.81200000 26.39400000 26.43800000 26.45600000 26.43200000 26.49300000 26.30800000 26.65600000 26.58500000 26.60600000 26.03300000 26.04000000
27.83300000 27.83300000 27.83300000 27.83300000 27.83300000 27.83300000 27.83300000 27.83300000 27.83300000 27.83300000 27.83300000 27.83300000 27.83300000 27.83300000 27.83300000 23.33300000 24.07900000 24.56800000 24.73300000 24.81700000 26.45600000 26.47500000 26.57900000 26.35200000 26.60800000 26.72900000 26.59700000 26.63800000 26.67100000 26.66300000
27.83300000 27.83300000 27.83300000 27.83300000 27.83300000 27.83300000 27.83300000 27.83300000 27.83300000 27.83300000 27.83300000 27.83300000 27.83300000 27.83300000 27.83300000 27.83300000 23.47300000 22.77200000 24.28300000 24.39500000 26.33200000 26.41600000 26.52100000 26.35800000 26.74100000 26.80600000 26.72200000 26.68700000 26.71900000 26.84800000
27.83300000 27.83300000 27.83300000 27.83300000 27.83300000 27.83300000 27.83300000 27.83300000 27.83300000 27.83300000 27.83300000 27.83300000 27.83300000 27.83300000 27.83300000 27.83300000 27.83300000 27.83300000 24.37000000 24.96700000 24.19700000 26.53200000 26.42300000 26.53200000 26.74200000 26.76700000 26.80800000 26.69600000 26.79600000 26.87100000
27.83300000 27.83300000 27.83300000 27.83300000 27.83300000 27.83300000 27.83300000 27.83300000 27.83300000 27.83300000 27.83300000 27.83300000 27.83300000 27.83300000 27.83300000 27.83300000 27.83300000 27.83300000 27.83300000 25.29100000 24.51900000 26.59100000 26.46100000 26.66000000 26.86500000 26.75400000 26.76400000 26.75400000 26.82400000 26.93000000
27.83300000 27.83300000 27.83300000 27.83300000 27.83300000 27.83300000 27.83300000 27.83300000 27.83300000 27.83300000 27.83300000 27.83300000 27.83300000 27.83300000 27.83300000 27.83300000 27.83300000 27.83300000 27.83300000 24.74000000 24.07400000 26.67800000 26.49600000 26.77200000 26.81000000 26.81700000 26.86300000 26.80700000 26.85200000 26.98600000
27.83300000 27.83300000 27.83300000 27.83300000 27.83300000 27.83300000 27.83300000 27.83300000 27.83300000 27.83300000 27.83300000 27.83300000 27.83300000 27.83300000 27.83300000 27.83300000 27.83300000 27.83300000 27.83300000 25.01200000 24.92900000 26.69000000 26.58300000 26.87500000 26.69300000 26.80800000 26.86900000 26.85700000 26.96800000 26.95200000
27.83300000 27.83300000 27.83300000 27.83300000 27.83300000 27.83300000 27.83300000 27.83300000 27.83300000 27.83300000 27.83300000 27.83300000 27.83300000 27.83300000 27.83300000 27.83300000 27.83300000 27.83300000 27.83300000 24.56900000 24.42500000 26.53600000 26.80600000 26.86600000 26.68500000 26.82700000 26.75700000 26.75000000 26.92500000 27.08300000
27.83300000 27.83300000 27.83300000 27.83300000 27.83300000 27.83300000 27.83300000 27.83300000 27.83300000 27.83300000 27.83300000 27.83300000 27.83300000 27.83300000 27.83300000 27.83300000 27.83300000 27.83300000 27.83300000 27.83300000 24.86800000 25.91500000 26.66400000 26.73800000 26.69600000 26.79600000 26.69400000 26.49100000 26.43100000 26.99100000
27.83300000 27.83300000 27.83300000 27.83300000 27.83300000 27.83300000 27.83300000 27.83300000 27.83300000 27.83300000 27.83300000 27.83300000 27.83300000 27.83300000 27.83300000 27.83300000 27.83300000 27.83300000 27.83300000 27.83300000 27.83300000 24.91200000 26.48200000 26.65000000 26.69300000 26.71300000 26.61900000 26.46400000 26.32700000 26.99000000
27.83300000 27.83300000 27.83300000 27.83300000 27.83300000 27.83300000 27.83300000 27.83300000 27.83300000 27.83300000 27.83300000 27.83300000 27.83300000 27.83300000 27.83300000 27.83300000 27.83300000 27.83300000 27.83300000 27.83300000 27.83300000 24.73400000 26.13400000 26.56100000 26.57100000 26.51300000 26.48400000 26.38000000 26.76200000 27.14000000
27.83300000 27.83300000 27.83300000 27.83300000 27.83300000 27.83300000 27.83300000 27.83300000 27.83300000 27.83300000 27.83300000 27.83300000 27.83300000 27.83300000 27.83300000 27.83300000 27.83300000 27.83300000 27.83300000 27.83300000 27.83300000 27.83300000 25.64300000 26.07600000 26.30800000 26.26300000 26.41500000 26.57100000 26.89600000 27.11200000
27.83300000 27.83300000 27.83300000 27.83300000 27.83300000 27.83300000 27.83300000 27.83300000 27.83300000 27.83300000 27.83300000 27.83300000 27.83300000 27.83300000 27.83300000 27.83300000 27.83300000 27.83300000 27.83300000 27.83300000 27.83300000 27.83300000 27.83300000 25.65400000 26.27500000 26.42000000 26.38300000 26.54800000 26.63600000 27.15000000
25.21300000 25.17900000 25.17900000 24.79800000 25.17400000 25.10800000 25.27500000 25.25400000 25.16600000 25.07000000 25.16200000 25.15300000 24.87100000 24.09400000 24.37300000 24.99900000 25.30300000 25.13000000 25.09300000 25.07400000 25.09100000 24.94900000 24.67600000 24.04500000 24.05000000 23.56400000 23.96100000 24.12600000 24.28100000 24.44300000
25.14000000 25.05200000 24.78600000 25.05100000 25.14000000 25.09300000 25.00400000 24.98100000 25.02200000 25.08900000 25.05800000 24.71900000 23.91300000 24.49600000 24.66100000 25.29100000 24.97800000 24.98400000 25.01100000 25.01000000 24.92100000 24.80300000 24.53600000 24.06100000 24.14900000 25.16900000 25.11800000 25.13300000 24.78900000 24.67100000
25.13200000 25.04500000 25.11300000 24.94800000 25.02200000 25.04600000 25.05900000 25.04400000 24.97900000 24.78300000 24.03700000 23.76900000 24.46200000 24.69500000 25.10500000 25.25700000 24.99000000 24.99800000 24.93700000 24.74700000 24.66400000 24.27400000 25.34500000 25.42100000 25.09600000 25.09200000 24.92800000 24.83700000 24.79300000 24.81000000
24.40400000 25.01800000 25.14500000 25.06600000 24.78800000 24.85500000 24.68500000 23.95900000 24.00000000 24.08200000 24.31500000 24.59500000 24.70000000 25.03200000 25.34600000 25.16700000 24.96900000 24.86800000 24.69000000 24.30400000 25.26800000 25.43600000 25.49000000 25.55100000 25.57200000 25.26600000 25.02400000 24.92800000 24.98600000 25.06600000
24.69700000 24.70500000 24.94500000 25.29400000 25.13500000 24.94600000 24.14600000 23.86100000 23.98300000 24.70300000 24.85100000 24.91500000 25.06700000 25.28000000 25.49700000 25.16000000 24.85400000 24.67800000 24.71800000 25.38400000 25.37300000 25.22000000 25.09400000 25.10800000 25.33500000 25.71700000 25.52100000 24.85100000 24.75900000 24.96400000
23.85400000 24.15200000 24.26700000 24.63000000 25.61200000 25.45700000 25.22900000 25.14000000 25.13500000 25.13600000 25.15100000 25.16700000 25.18000000 25.27700000 25.54300000 25.23800000 24.56200000 25.01900000 25.37700000 25.29000000 25.10000000 24.89100000 24.73100000 24.85600000 25.10500000 25.60000000 26.00300000 25.55100000 24.71400000 24.94900000
23.52200000 24.12300000 23.97900000 24.06600000 24.80000000 25.79800000 25.34800000 25.34000000 25.39500000 25.37800000 25.48900000 25.44600000 25.36300000 25.36500000 25.50900000 25.41500000 24.73500000 25.36400000 25.28900000 25.23300000 24.97000000 24.75200000 24.69300000 24.98900000 25.36400000 26.00400000 26.34700000 26.10800000 25.64300000 25.01500000
22.95600000 23.41100000 23.92300000 23.40200000 23.97600000 24.62200000 25.85000000 25.86200000 25.37900000 25.32900000 25.44100000 25.42400000 25.44700000 25.44400000 25.46900000 25.46000000 25.11500000 25.22800000 25.33800000 25.19700000 25.17000000 25.13400000 25.22400000 25.76000000 26.11800000 26.19500000 26.37400000 26.33100000 25.65000000 25.72700000
22.31100000 23.20100000 23.26700000 22.99500000 23.67400000 23.79000000 24.57200000 25.78700000 26.08900000 26.15300000 25.34700000 25.41800000 25.45500000 25.56600000 25.58100000 25.52900000 25.47900000 25.42200000 25.45400000 25.59300000 25.55000000 25.97900000 25.84700000 25.89900000 25.93000000 25.96000000 26.19600000 26.29900000 25.74400000 25.88900000
20.08700000 19.32100000 17.79400000 22.58200000 23.09600000 23.46300000 23.78100000 25.27200000 25.71300000 26.15700000 26.00900000 25.34100000 25.38700000 25.44900000 25.43700000 25.55100000 25.62200000 25.60800000 25.50500000 26.21000000 26.37500000 26.07100000 25.92900000 26.14500000 26.24600000 26.17700000 26.27700000 25.98200000 25.70800000 25.89000000
19.96900000 27.83300000 17.92300000 17.64200000 22.27800000 23.02700000 23.06100000 23.78200000 25.03700000 25.05600000 25.33300000 26.05300000 25.38500000 25.37700000 25.43600000 25.42400000 25.46000000 26.07900000 26.21700000 26.40100000 26.05100000 25.76700000 26.10800000 26.14900000 26.05900000 26.00500000 25.79200000 25.71400000 25.89900000 25.96300000
27.83300000 27.83300000 27.83300000 27.83300000 18.89800000 21.74700000 22.41400000 22.80800000 23.62300000 24.79400000 24.13500000 24.65800000 24.84400000 25.73800000 25.97300000 25.97600000 25.97900000 25.72300000 26.18900000 26.43600000 25.71600000 26.02500000 25.98100000 26.10700000 26.32500000 26.08100000 25.75400000 25.99500000 25.91300000 25.85600000
27.83300000 27.83300000 27.83300000 27.83300000 27.83300000 17.90000000 19.62700000 20.38800000 22.97200000 23.58700000 24.05400000 23.46200000 23.70100000 23.94600000 24.19300000 24.60200000 25.12700000 25.10000000 26.22800000 26.38600000 25.75200000 25.88500000 26.03400000 25.93500000 26.08200000 26.49300000 26.10300000 26.00900000 25.91500000 26.04200000
27.83300000 27.83300000 27.83300000 27.83300000 27.83300000 27.83300000 27.83300000 18.21300000 17.54000000 18.50600000 21.76500000 22.45100000 21.19200000 22.07300000 23.13500000 23.84600000 24.47000000 24.54300000 25.84200000 26.39700000 26.42500000 25.80900000 25.93300000 25.90000000 26.08700000 26.55700000 26.59100000 25.99500000 26.18100000 25.97900000
27.83300000 27.83300000 27.83300000 27.83300000 27.83300000 27.83300000 27.83300000 27.83300000 27.83300000 27.83300000 27.83300000 27.83300000 27.83300000 27.83300000 27.83300000 19.86900000 24.29600000 24.77000000 24.64400000 26.41100000 26.45400000 26.47300000 26.44800000 26.50700000 26.31800000 26.67200000 26.60100000 26.62300000 26.05100000 26.05400000
27.83300000 27.83300000 27.83300000 27.83300000 27.83300000 27.83300000 27.83300000 27.83300000 27.83300000 27.83300000 27.83300000 27.83300000 27.83300000 27.83300000 27.83300000 27.83300000 23.48400000 24.59100000 24.75500000 24.83400000 26.47500000 26.49200000 26.59700000 26.36900000 26.61900000 26.74500000 26.61300000 26.65400000 26.68600000 26.68200000
27.83300000 27.83300000 27.83300000 27.83300000 27.83300000 27.83300000 27.83300000 27.83300000 27.83300000 27.83300000 27.83300000 27.83300000 27.83300000 27.83300000 27.83300000 27.83300000 27.83300000 20.60800000 23.99900000 24.40600000 26.34500000 26.43900000 26.54100000 26.37300000 26.75800000 26.82200000 26.73700000 26.70300000 26.73600000 26.86300000
27.83300000 27.83300000 27.83300000 27.83300000 27.83300000 27.83300000 27.83300000 27.83300000 27.83300000 27.83300000 27.83300000 27.83300000 27.83300000 27.83300000 27.83300000 27.83300000 27.83300000 27.83300000 27.83300000 24.74100000 24.20100000 26.55900000 26.44100000 26.54600000 26.75900000 26.78400000 26.82500000 26.71300000 26.81300000 26.88900000
27.83300000 27.83300000 27.83300000 27.83300000 27.83300000 27.83300000 27.83300000 27.83300000 27.83300000 27.83300000 27.83300000 27.83300000 27.83300000 27.83300000 27.83300000 27.83300000 27.83300000 27.83300000 27.83300000 27.83300000 24.53200000 26.61800000 26.47700000 26.67500000 26.88300000 26.77100000 26.78000000 26.77200000 26.84100000 26.94800000
27.83300000 27.83300000 27.83300000 27.83300000 27.83300000 27.83300000 27.83300000 27.83300000 27.83300000 27.83300000 27.83300000 27.83300000 27.83300000 27.83300000 27.83300000 27.83300000 27.83300000 27.83300000 27.83300000 27.83300000 23.48500000 26.70000000 26.51000000 26.79000000 26.83000000 26.83300000 26.87900000 26.82500000 26.86900000 27.00600000
27.83300000 27.83300000 27.83300000 27.83300000 27.83300000 27.83300000 27.83300000 27.83300000 27.83300000 27.83300000 27.83300000 27.83300000 27.83300000 27.83300000 27.83300000 27.83300000 27.83300000 27.83300000 27.83300000 27.83300000 21.84500000 26.69700000 26.60200000 26.89400000 26.71200000 26.82500000 26.88600000 26.87500000 26.98400000 26.97100000
27.83300000 27.83300000 27.83300000 27.83300000 27.83300000 27.83300000 27.83300000 27.83300000 27.83300000 27.83300000 27.83300000 27.83300000 27.83300000 27.83300000 27.83300000 27.83300000 27.83300000 27.83300000 27.83300000 27.83300000 23.00900000 26.55700000 26.82400000 26.88600000 26.70300000 26.84400000 26.77700000 26.76600000 26.94000000 27.09800000
27.83300000 27.83300000 27.83300000 27.83300000 27.83300000 27.83300000 27.83300000 27.83300000 27.83300000 27.83300000 27.83300000 27.83300000 27.83300000 27.83300000 27.83300000 27.83300000 27.83300000 27.83300000 27.83300000 27.83300000 27.83300000 25.94100000 26.68500000 26.75200000 26.71200000 26.81100000 26.71300000 26.50700000 26.44400000 27.00600000
27.83300000 27.83300000 27.83300000 27.83300000 27.83300000 27.83300000 27.83300000 27.83300000 27.83300000 27.83300000 27.83300000 27.83300000 27.83300000 27.83300000 27.83300000 27.83300000 27.83300000 27.83300000 27.83300000 27.83300000 27.83300000 24.76800000 26.49800000 26.66400000 26.70300000 26.73300000 26.63400000 26.48100000 26.34500000 27.01000000
27.83300000 27.83300000 27.83300000 27.83300000 27.83300000 27.83300000 27.83300000 27.83300000 27.83300000 27.83300000 27.83300000 27.83300000 27.83300000 27.83300000 27.83300000 27.83300000 27.83300000 27.83300000 27.83300000 27.83300000 27.83300000 27.83300000 26.15100000 26.57400000 26.58400000 26.52600000 26.49900000 26.39000000 26.77100000 27.15900000
27.83300000 27.83300000 27.83300000 27.83300000 27.83300000 27.83300000 27.83300000 27.83300000 27.83300000 27.83300000 27.83300000 27.83300000 27.83300000 27.83300000 27.83300000 27.83300000 27.83300000 27.83300000 27.83300000 27.83300000 27.83300000 27.83300000 25.67000000 26.08700000 26.32000000 26.27800000 26.42800000 26.58400000 26.82300000 27.12300000
27.83300000 27.83300000 27.83300000 27.83300000 27.83300000 27.83300000 27.83300000 27.83300000 27.83300000 27.83300000 27.83300000 27.83300000 27.83300000 27.83300000 27.83300000 27.83300000 27.83300000 27.83300000 27.83300000 27.83300000 27.83300000 27.83300000 27.83300000 25.68400000 26.29100000 26.43200000 26.39500000 26.55800000 26.66700000 27.16000000
