36.99100000 36.95200000 36.92900000 36.98400000 37.19900000 37.21700000 37.23500000 37.23800000 37.19400000 37.17500000 37.10800000 36.98900000 36.87100000 36.65900000 36.79800000 36.88300000 37.04000000 37.01000000 37.06800000 37.04500000 36.99800000 36.97600000 36.84800000 36.54800000 36.55200000 36.30900000 36.57500000 36.58900000 36.56300000 36.63200000
36.94200000 36.84700000 36.95400000 37.15400000 37.18400000 37.17300000 37.18600000 37.17800000 37.14600000 37.07200000 36.96500000 36.84900000 36.55100000 36.87500000 36.87000000 37.07900000 36.99800000 37.08600000 37.04800000 37.02300000 36.97500000 36.89000000 36.79500000 36.65000000 36.70400000 37.10900000 37.06600000 37.08200000 36.99900000 36.97700000
36.94900000 36.90800000 36.92300000 37.10500000 37.12500000 37.08800000 37.05900000 37.02100000 36.96300000 36.88600000 36.65200000 36.46400000 36.88700000 36.89300000 36.93200000 37.10300000 36.98500000 37.06200000 37.00900000 36.91800000 36.85800000 36.73500000 37.16600000 37.19500000 37.02400000 37.06200000 37.00600000 36.97800000 36.91400000 36.85600000
36.46100000 37.02700000 36.98500000 36.89600000 37.02700000 37.02700000 36.94400000 36.59300000 36.64500000 36.71100000 36.84100000 36.93400000 36.89700000 36.91700000 36.98400000 37.04800000 36.97600000 36.99000000 36.89900000 36.74300000 37.13700000 37.26000000 37.25200000 37.25000000 37.27000000 37.13000000 36.99900000 36.91200000 36.89100000 36.84300000
35.86400000 36.99800000 37.03900000 37.16500000 36.90800000 36.94600000 36.71300000 36.55000000 36.64700000 36.95200000 36.93600000 36.92600000 36.93400000 36.93700000 37.02800000 37.02800000 36.92900000 36.89900000 36.88700000 37.22600000 37.23900000 37.18800000 37.16100000 37.16300000 37.19500000 37.25600000 37.28100000 36.81200000 36.62400000 36.63800000
35.55200000 36.72400000 36.80500000 36.88900000 37.27500000 37.08900000 36.92100000 36.83900000 36.82400000 36.81700000 36.82800000 36.85100000 36.87200000 36.92200000 37.04500000 37.06600000 36.78600000 37.00600000 37.21100000 37.22800000 37.17100000 37.07400000 37.00200000 37.04900000 37.15900000 37.21600000 37.32100000 37.27600000 36.67700000 36.62800000
35.75800000 36.50300000 36.58200000 36.70100000 36.99100000 37.31800000 36.96200000 36.92700000 36.94800000 36.95200000 37.04100000 37.01000000 36.99800000 37.02200000 37.04200000 37.15700000 36.87900000 37.16700000 37.21400000 37.20700000 37.12600000 37.01300000 37.00200000 37.10800000 37.17700000 37.31200000 37.44300000 37.38600000 37.25700000 36.72000000
35.63400000 36.13300000 36.53300000 36.30400000 36.51100000 36.94900000 37.35000000 37.29700000 36.96600000 36.89800000 36.95200000 36.96800000 37.02400000 37.03700000 37.03100000 37.13600000 37.06300000 37.12700000 37.18100000 37.18700000 37.17600000 37.16800000 37.16200000 37.22400000 37.42600000 37.42700000 37.46000000 37.45900000 37.28400000 37.30500000
35.36900000 35.43600000 35.75400000 36.06400000 36.57900000 36.30100000 36.97700000 37.32300000 37.38500000 37.40300000 36.96300000 36.95600000 36.99800000 37.07600000 37.07000000 37.18900000 37.21300000 37.19700000 37.20300000 37.25600000 37.13200000 37.30100000 37.30400000 37.34600000 37.36600000 37.38200000 37.44200000 37.46800000 37.29400000 37.26400000
35.19300000 35.62900000 35.54100000 35.80700000 36.15300000 36.16600000 36.39000000 37.21000000 37.30300000 37.40200000 37.28300000 36.96600000 36.97400000 36.95500000 37.02400000 37.19400000 37.24800000 37.22900000 37.04000000 37.34300000 37.37800000 37.33000000 37.35100000 37.40000000 37.43700000 37.44300000 37.46400000 37.34700000 37.28300000 37.23400000
34.84100000 34.99700000 35.71200000 35.44900000 35.58800000 36.01500000 35.76200000 36.52500000 37.16700000 37.11600000 37.14900000 37.36800000 36.98400000 36.99600000 36.99200000 37.04500000 37.06300000 37.33200000 37.34000000 37.37200000 37.31400000 37.28300000 37.37800000 37.31800000 37.34400000 37.35000000 37.32300000 37.28400000 37.26900000 37.19200000
37.59700000 37.59700000 37.59700000 35.26900000 35.41900000 35.59600000 35.66600000 35.64400000 36.48900000 37.10200000 36.70600000 36.99400000 36.91600000 37.27100000 37.32900000 37.32100000 37.30300000 37.22000000 37.29700000 37.37000000 37.22300000 37.35000000 37.27000000 37.28200000 37.36100000 37.34400000 37.27900000 37.34400000 37.22300000 37.16200000
37.59700000 37.59700000 37.59700000 37.59700000 35.23400000 35.47900000 35.52100000 35.58100000 35.88400000 36.46700000 36.74100000 36.40900000 36.38700000 36.64100000 36.43900000 36.81100000 37.12500000 37.04500000 37.30400000 37.37700000 37.20700000 37.27900000 37.25100000 37.23900000 37.32600000 37.39600000 37.35000000 37.32900000 37.24400000 37.19400000
37.59700000 37.59700000 37.59700000 37.59700000 37.59700000 37.59700000 35.42800000 35.54000000 35.63000000 35.75400000 35.98200000 36.16700000 36.14400000 36.21500000 36.26900000 36.14400000 36.49900000 36.87700000 37.14600000 37.42300000 37.37500000 37.21500000 37.21900000 37.19400000 37.31400000 37.39100000 37.46500000 37.32500000 37.39700000 37.21700000
37.59700000 37.59700000 37.59700000 37.59700000 37.59700000 37.59700000 37.59700000 37.59700000 37.59700000 37.59700000 37.59700000 37.59700000 35.94000000 36.19300000 36.13600000 36.05600000 36.32700000 36.97200000 36.99600000 37.34500000 37.43000000 37.42300000 37.37500000 37.38900000 37.35100000 37.38100000 37.42400000 37.48900000 37.33400000 37.38500000
37.59700000 37.59700000 37.59700000 37.59700000 37.59700000 37.59700000 37.59700000 37.59700000 37.59700000 37.59700000 37.59700000 37.59700000 37.59700000 37.59700000 37.59700000 36.01400000 36.36800000 36.78100000 36.99200000 36.92200000 37.34300000 37.42300000 37.41700000 37.37700000 37.31600000 37.37100000 37.42100000 37.48200000 37.52600000 37.54000000
37.59700000 37.59700000 37.59700000 37.59700000 37.59700000 37.59700000 37.59700000 37.59700000 37.59700000 37.59700000 37.59700000 37.59700000 37.59700000 37.59700000 37.59700000 37.59700000 35.96700000 36.16800000 36.66200000 36.85100000 37.33400000 37.39500000 37.42200000 37.37500000 37.33200000 37.37400000 37.38600000 37.42200000 37.42900000 37.56200000
37.59700000 37.59700000 37.59700000 37.59700000 37.59700000 37.59700000 37.59700000 37.59700000 37.59700000 37.59700000 37.59700000 37.59700000 37.59700000 37.59700000 37.59700000 37.59700000 37.59700000 37.59700000 36.12500000 37.01500000 36.73500000 37.34500000 37.42700000 37.34100000 37.34400000 37.36000000 37.38900000 37.33500000 37.37000000 37.48500000
37.59700000 37.59700000 37.59700000 37.59700000 37.59700000 37.59700000 37.59700000 37.59700000 37.59700000 37.59700000 37.59700000 37.59700000 37.59700000 37.59700000 37.59700000 37.59700000 37.59700000 37.59700000 37.59700000 36.92200000 36.76900000 37.35900000 37.41500000 37.32000000 37.41500000 37.38500000 37.37100000 37.34500000 37.35400000 37.39800000
37.59700000 37.59700000 37.59700000 37.59700000 37.59700000 37.59700000 37.59700000 37.59700000 37.59700000 37.59700000 37.59700000 37.59700000 37.59700000 37.59700000 37.59700000 37.59700000 37.59700000 37.59700000 37.59700000 36.90000000 36.73900000 37.37000000 37.35000000 37.36500000 37.40300000 37.41900000 37.41300000 37.36000000 37.34600000 37.40800000
37.59700000 37.59700000 37.59700000 37.59700000 37.59700000 37.59700000 37.59700000 37.59700000 37.59700000 37.59700000 37.59700000 37.59700000 37.59700000 37.59700000 37.59700000 37.59700000 37.59700000 37.59700000 37.59700000 36.87400000 36.85200000 37.38200000 37.30700000 37.40900000 37.39000000 37.40800000 37.42200000 37.38700000 37.37700000 37.35100000
37.59700000 37.59700000 37.59700000 37.59700000 37.59700000 37.59700000 37.59700000 37.59700000 37.59700000 37.59700000 37.59700000 37.59700000 37.59700000 37.59700000 37.59700000 37.59700000 37.59700000 37.59700000 37.59700000 36.53000000 36.73600000 37.32300000 37.39400000 37.40200000 37.39500000 37.38200000 37.37000000 37.31500000 37.32400000 37.37300000
37.59700000 37.59700000 37.59700000 37.59700000 37.59700000 37.59700000 37.59700000 37.59700000 37.59700000 37.59700000 37.59700000 37.59700000 37.59700000 37.59700000 37.59700000 37.59700000 37.59700000 37.59700000 37.59700000 37.59700000 36.70300000 37.12000000 37.35900000 37.36700000 37.38000000 37.34800000 37.31600000 37.30700000 37.27100000 37.31600000
37.59700000 37.59700000 37.59700000 37.59700000 37.59700000 37.59700000 37.59700000 37.59700000 37.59700000 37.59700000 37.59700000 37.59700000 37.59700000 37.59700000 37.59700000 37.59700000 37.59700000 37.59700000 37.59700000 37.59700000 37.59700000 36.73100000 37.29000000 37.35800000 37.36300000 37.34200000 37.32800000 37.29800000 37.24000000 37.31400000
37.59700000 37.59700000 37.59700000 37.59700000 37.59700000 37.59700000 37.59700000 37.59700000 37.59700000 37.59700000 37.59700000 37.59700000 37.59700000 37.59700000 37.59700000 37.59700000 37.59700000 37.59700000 37.59700000 37.59700000 37.59700000 36.53200000 37.15500000 37.31900000 37.32800000 37.31800000 37.30300000 37.23900000 37.29200000 37.32900000
37.59700000 37.59700000 37.59700000 37.59700000 37.59700000 37.59700000 37.59700000 37.59700000 37.59700000 37.59700000 37.59700000 37.59700000 37.59700000 37.59700000 37.59700000 37.59700000 37.59700000 37.59700000 37.59700000 37.59700000 37.59700000 37.59700000 36.82500000 37.11900000 37.23200000 37.19900000 37.21700000 37.28800000 37.27900000 37.30700000
37.59700000 37.59700000 37.59700000 37.59700000 37.59700000 37.59700000 37.59700000 37.59700000 37.59700000 37.59700000 37.59700000 37.59700000 37.59700000 37.59700000 37.59700000 37.59700000 37.59700000 37.59700000 37.59700000 37.59700000 37.59700000 37.59700000 37.59700000 36.66800000 37.19900000 37.22600000 37.23600000 37.24800000 37.24700000 37.29100000
36.99000000 36.95200000 36.92800000 36.98300000 37.19800000 37.21700000 37.23400000 37.23800000 37.19400000 37.17400000 37.11200000 36.99000000 36.87300000 36.66200000 36.79700000 36.88100000 37.03800000 37.00900000 37.06700000 37.04500000 36.99800000 36.97600000 36.83400000 36.54400000 36.55100000 36.30700000 36.57400000 36.58800000 36.56200000 36.62900000
36.94200000 36.84600000 36.95300000 37.15300000 37.18300000 37.17200000 37.18600000 37.17700000 37.14600000 37.07100000 36.96500000 36.84800000 36.55000000 36.87400000 36.87000000 37.07800000 36.99800000 37.08500000 37.04800000 37.02300000 36.97400000 36.88900000 36.79400000 36.64900000 36.70200000 37.10700000 37.06500000 37.08100000 36.99900000 36.97700000
36.94900000 36.90700000 36.92300000 37.10500000 37.12500000 37.08800000 37.05800000 37.02100000 36.96200000 36.88600000 36.65200000 36.46300000 36.88600000 36.89300000 36.93100000 37.10200000 36.98400000 37.06200000 37.01000000 36.91800000 36.85700000 36.73500000 37.16400000 37.19400000 37.02300000 37.06100000 37.00500000 36.97800000 36.91300000 36.85600000
36.63100000 37.02500000 36.98400000 36.89700000 37.02600000 37.02600000 36.94400000 36.59500000 36.64400000 36.71000000 36.83900000 36.93300000 36.89700000 36.91600000 36.98300000 37.04800000 36.97500000 36.99000000 36.90000000 36.74200000 37.13500000 37.26000000 37.25200000 37.24900000 37.26900000 37.13000000 36.99800000 36.91200000 36.89100000 36.84200000
36.61900000 36.99700000 37.03900000 37.16400000 36.90700000 36.93200000 36.71300000 36.55000000 36.64600000 36.95100000 36.93600000 36.92500000 36.93300000 36.93600000 37.02800000 37.02800000 36.92800000 36.89900000 36.88500000 37.22500000 37.23800000 37.18800000 37.16000000 37.16200000 37.19400000 37.25500000 37.28000000 36.81200000 36.62300000 36.63800000
35.90300000 36.74200000 36.80400000 36.88800000 37.27400000 37.08800000 36.92000000 36.83800000 36.82400000 36.81700000 36.82700000 36.85000000 36.87100000 36.92100000 37.04400000 37.06600000 36.78500000 37.00500000 37.21100000 37.22700000 37.17000000 37.07400000 37.00100000 37.04800000 37.15800000 37.21600000 37.32000000 37.27500000 36.67700000 36.62800000
35.76000000 36.50300000 36.58100000 36.70000000 36.99000000 37.31700000 36.96200000 36.92600000 36.94800000 36.95100000 37.04000000 37.00900000 36.99700000 37.02100000 37.04100000 37.15600000 36.87900000 37.16600000 37.21300000 37.20500000 37.12500000 37.01200000 37.00100000 37.10600000 37.17600000 37.31100000 37.44200000 37.38500000 37.25600000 36.72400000
35.69200000 36.13400000 36.53300000 36.30400000 36.51200000 36.95000000 37.34900000 37.29600000 36.96500000 36.89800000 36.95100000 36.96800000 37.02300000 37.03600000 37.03000000 37.13400000 37.06200000 37.12600000 37.18000000 37.18500000 37.17500000 37.16600000 37.16100000 37.22200000 37.42500000 37.42600000 37.45900000 37.45800000 37.28300000 37.30700000
35.93500000 35.51600000 35.81500000 36.07200000 36.57800000 36.30100000 36.97600000 37.32100000 37.38400000 37.40200000 36.96100000 36.95500000 36.99700000 37.07500000 37.06900000 37.18700000 37.21200000 37.19600000 37.20200000 37.25500000 37.13200000 37.29900000 37.30300000 37.34500000 37.36500000 37.38100000 37.44100000 37.46700000 37.29300000 37.26500000
36.09500000 36.00000000 35.86600000 35.89300000 36.18000000 36.18000000 36.40300000 37.20900000 37.30200000 37.40100000 37.28200000 36.96500000 36.97300000 36.95500000 37.02400000 37.19300000 37.24700000 37.22800000 37.03900000 37.34200000 37.37700000 37.32900000 37.35000000 37.39900000 37.43600000 37.44200000 37.46400000 37.34700000 37.28300000 37.23300000
35.72500000 37.59700000 35.83800000 35.80600000 36.12800000 36.09500000 35.81300000 36.52700000 37.16600000 37.11500000 37.14800000 37.36600000 36.98400000 36.99500000 36.99100000 37.04400000 37.06200000 37.33100000 37.33900000 37.37100000 37.31300000 37.28200000 37.37700000 37.31700000 37.34300000 37.34900000 37.32200000 37.28300000 37.26900000 37.19200000
37.59700000 37.59700000 37.59700000 37.59700000 35.75700000 36.11600000 35.94400000 35.66600000 36.48900000 37.10000000 36.70600000 36.99400000 36.91600000 37.27000000 37.32700000 37.32000000 37.30200000 37.21900000 37.29600000 37.36900000 37.22300000 37.34900000 37.27000000 37.28100000 37.36000000 37.34300000 37.27800000 37.34300000 37.22200000 37.16200000
37.59700000 37.59700000 37.59700000 37.59700000 37.59700000 35.76800000 35.81200000 35.99800000 36.24000000 36.48100000 36.74200000 36.40800000 36.46400000 36.64100000 36.46800000 36.81000000 37.12400000 37.04500000 37.30300000 37.37600000 37.20700000 37.27900000 37.25100000 37.23800000 37.32500000 37.39500000 37.35000000 37.32800000 37.24300000 37.19300000
37.59700000 37.59700000 37.59700000 37.59700000 37.59700000 37.59700000 37.59700000 35.76800000 35.76800000 35.90400000 36.36500000 36.27100000 36.18900000 36.42300000 36.39500000 36.14500000 36.50000000 36.87700000 37.14500000 37.42300000 37.37400000 37.21400000 37.21800000 37.19300000 37.31300000 37.39000000 37.46400000 37.32400000 37.39600000 37.21600000
37.59700000 37.59700000 37.59700000 37.59700000 37.59700000 37.59700000 37.59700000 37.59700000 37.59700000 37.59700000 37.59700000 37.59700000 37.59700000 37.59700000 37.59700000 36.18200000 36.33200000 36.97400000 36.95600000 37.34400000 37.42900000 37.42200000 37.37400000 37.38700000 37.35000000 37.38000000 37.42300000 37.48800000 37.33400000 37.38400000
37.59700000 37.59700000 37.59700000 37.59700000 37.59700000 37.59700000 37.59700000 37.59700000 37.59700000 37.59700000 37.59700000 37.59700000 37.59700000 37.59700000 37.59700000 37.59700000 36.35100000 36.78600000 36.99400000 36.92400000 37.34200000 37.42200000 37.41600000 37.37700000 37.31600000 37.37000000 37.42000000 37.48100000 37.52500000 37.53900000
37.59700000 37.59700000 37.59700000 37.59700000 37.59700000 37.59700000 37.59700000 37.59700000 37.59700000 37.59700000 37.59700000 37.59700000 37.59700000 37.59700000 37.59700000 37.59700000 37.59700000 36.29900000 36.65100000 36.85200000 37.33200000 37.39500000 37.42000000 37.37500000 37.33100000 37.37300000 37.38500000 37.42100000 37.42800000 37.56100000
37.59700000 37.59700000 37.59700000 37.59700000 37.59700000 37.59700000 37.59700000 37.59700000 37.59700000 37.59700000 37.59700000 37.59700000 37.59700000 37.59700000 37.59700000 37.59700000 37.59700000 37.59700000 37.59700000 36.97100000 36.74000000 37.34700000 37.42600000 37.34100000 37.34300000 37.35900000 37.38800000 37.33400000 37.36900000 37.48400000
37.59700000 37.59700000 37.59700000 37.59700000 37.59700000 37.59700000 37.59700000 37.59700000 37.59700000 37.59700000 37.59700000 37.59700000 37.59700000 37.59700000 37.59700000 37.59700000 37.59700000 37.59700000 37.59700000 37.59700000 36.77500000 37.36200000 37.41500000 37.32000000 37.41400000 37.38400000 37.37000000 37.34400000 37.35300000 37.39700000
37.59700000 37.59700000 37.59700000 37.59700000 37.59700000 37.59700000 37.59700000 37.59700000 37.59700000 37.59700000 37.59700000 37.59700000 37.59700000 37.59700000 37.59700000 37.59700000 37.59700000 37.59700000 37.59700000 37.59700000 36.70500000 37.37300000 37.35200000 37.36600000 37.40300000 37.41900000 37.41300000 37.35900000 37.34500000 37.40700000
37.59700000 37.59700000 37.59700000 37.59700000 37.59700000 37.59700000 37.59700000 37.59700000 37.59700000 37.59700000 37.59700000 37.59700000 37.59700000 37.59700000 37.59700000 37.59700000 37.59700000 37.59700000 37.59700000 37.59700000 36.49700000 37.38300000 37.31000000 37.41100000 37.39100000 37.40800000 37.42200000 37.38700000 37.37600000 37.35000000
37.59700000 37.59700000 37.59700000 37.59700000 37.59700000 37.59700000 37.59700000 37.59700000 37.59700000 37.59700000 37.59700000 37.59700000 37.59700000 37.59700000 37.59700000 37.59700000 37.59700000 37.59700000 37.59700000 37.59700000 36.55900000 37.32400000 37.39600000 37.40400000 37.39700000 37.38300000 37.37000000 37.31500000 37.32400000 37.37300000
37.59700000 37.59700000 37.59700000 37.59700000 37.59700000 37.59700000 37.59700000 37.59700000 37.59700000 37.59700000 37.59700000 37.59700000 37.59700000 37.59700000 37.59700000 37.59700000 37.59700000 37.59700000 37.59700000 37.59700000 37.59700000 37.11700000 37.35800000 37.36800000 37.38200000 37.34900000 37.31800000 37.30800000 37.27200000 37.31700000
37.59700000 37.59700000 37.59700000 37.59700000 37.59700000 37.59700000 37.59700000 37.59700000 37.59700000 37.59700000 37.59700000 37.59700000 37.59700000 37.59700000 37.59700000 37.59700000 37.59700000 37.59700000 37.59700000 37.59700000 37.59700000 36.71300000 37.28900000 37.35800000 37.36300000 37.34200000 37.32800000 37.29800000 37.24200000 37.31500000
37.59700000 37.59700000 37.59700000 37.59700000 37.59700000 37.59700000 37.59700000 37.59700000 37.59700000 37.59700000 37.59700000 37.59700000 37.59700000 37.59700000 37.59700000 37.59700000 37.59700000 37.59700000 37.59700000 37.59700000 37.59700000 37.59700000 37.15300000 37.31800000 37.32800000 37.31700000 37.30300000 37.23900000 37.29200000 37.32900000
37.59700000 37.59700000 37.59700000 37.59700000 37.59700000 37.59700000 37.59700000 37.59700000 37.59700000 37.59700000 37.59700000 37.59700000 37.59700000 37.59700000 37.59700000 37.59700000 37.59700000 37.59700000 37.59700000 37.59700000 37.59700000 37.59700000 36.82200000 37.11800000 37.23100000 37.19800000 37.21700000 37.28700000 37.26100000 37.30600000
37.59700000 37.59700000 37.59700000 37.59700000 37.59700000 37.59700000 37.59700000 37.59700000 37.59700000 37.59700000 37.59700000 37.59700000 37.59700000 37.59700000 37.59700000 37.59700000 37.59700000 37.59700000 37.59700000 37.59700000 37.59700000 37.59700000 37.59700000 36.66600000 37.19800000 37.22500000 37.23600000 37.24700000 37.24700000 37.29000000
