 25.19600000  25.17700000  25.15800000  24.78800000  25.15300000  25.09100000  25.24900000  25.24100000  25.15700000  25.02100000  25.13500000  25.13000000  24.84400000  24.08400000  24.36900000  24.98300000  25.28800000  25.09200000  25.05500000  25.05800000  25.07200000  24.90200000  24.60700000  24.03900000  24.03700000  23.53700000  23.94700000  24.10600000  24.25100000  24.42500000
 25.12800000  25.03800000  24.76300000  25.03900000  25.12700000  25.07900000  24.99100000  24.96700000  25.01100000  25.07800000  25.04400000  24.69400000  23.91200000  24.48700000  24.65600000  25.27400000  24.96500000  24.97100000  24.99700000  24.99100000  24.90300000  24.78700000  24.51500000  24.03600000  24.19000000  25.16300000  25.10100000  25.11700000  24.76200000  24.65200000
 25.11200000  25.03600000  25.10100000  24.93600000  25.00900000  25.03500000  25.04700000  25.03200000  24.96500000  24.76300000  24.01400000  23.76200000  24.45900000  24.68800000  25.10100000  25.24000000  24.97800000  24.98700000  24.91900000  24.73000000  24.64700000  24.24900000  25.36400000  25.39700000  25.07900000  25.07600000  24.91200000  24.82700000  24.78900000  24.79900000
 24.31100000  25.00800000  25.14300000  25.05000000  24.77300000  24.84300000  24.66700000  23.94000000  23.99200000  24.06500000  24.30400000  24.58600000  24.69100000  25.02600000  25.33700000  25.14800000  24.95800000  24.85600000  24.67200000  24.28700000  25.27700000  25.42500000  25.47800000  25.53700000  25.56000000  25.26600000  25.00700000  24.91200000  24.96900000  25.05000000
 23.72500000  24.69200000  24.91400000  25.27700000  25.13700000  25.00600000  24.13700000  23.85300000  23.97700000  24.70600000  24.84500000  24.90700000  25.05700000  25.26600000  25.48500000  25.14000000  24.84300000  24.66500000  24.72100000  25.36400000  25.36000000  25.20200000  25.07800000  25.09200000  25.31700000  25.70100000  25.51400000  24.84100000  24.74900000  24.95300000
 23.58600000  24.07900000  24.24900000  24.59700000  25.60500000  25.45200000  25.22400000  25.13100000  25.12300000  25.12200000  25.13400000  25.15200000  25.16500000  25.26300000  25.53000000  25.22600000  24.55000000  25.01200000  25.36100000  25.27700000  25.08500000  24.87700000  24.71700000  24.84300000  25.09500000  25.58900000  25.99000000  25.53400000  24.70700000  24.94000000
 23.51800000  24.10600000  23.96600000  24.04900000  24.76600000  25.78700000  25.34500000  25.33100000  25.38600000  25.37000000  25.47500000  25.43000000  25.34900000  25.34900000  25.49600000  25.39700000  24.72100000  25.35100000  25.27300000  25.21800000  24.95500000  24.74100000  24.68700000  24.98400000  25.36900000  26.00200000  26.33500000  26.09400000  25.62700000  25.00900000
 23.05000000  23.38800000  23.90400000  23.37900000  23.94600000  24.54500000  25.82600000  25.88200000  25.38000000  25.30800000  25.42200000  25.40900000  25.43300000  25.43200000  25.45700000  25.44400000  25.09700000  25.21700000  25.32400000  25.18400000  25.15600000  25.12400000  25.22500000  25.77000000  26.09300000  26.17000000  26.35400000  26.31600000  25.63600000  25.71000000
 22.54200000  23.16300000  23.17600000  22.96100000  23.64400000  23.76800000  24.55400000  25.77100000  26.07900000  26.13900000  25.33300000  25.40500000  25.44400000  25.55400000  25.57300000  25.51800000  25.46700000  25.40900000  25.44100000  25.58100000  25.53200000  25.97800000  25.82000000  25.88100000  25.91700000  25.94300000  26.17800000  26.28300000  25.73000000  25.88100000
 22.74300000  20.94800000  21.81400000  22.72200000  23.05200000  23.42900000  23.73200000  25.25100000  25.68300000  26.13000000  25.97300000  25.32400000  25.37700000  25.43600000  25.42600000  25.54300000  25.61000000  25.59800000  25.49800000  26.20800000  26.35500000  26.05600000  25.91900000  26.13000000  26.23300000  26.16700000  26.26400000  25.96300000  25.69900000  25.88000000
 23.32200000  22.17700000  20.03500000  22.28200000  22.73800000  22.96200000  22.94900000  23.76100000  25.01000000  25.02500000  25.31400000  26.04800000  25.36400000  25.36400000  25.42400000  25.41200000  25.44700000  26.07600000  26.19800000  26.38300000  26.03000000  25.75500000  26.08900000  26.14700000  26.04500000  25.98300000  25.77500000  25.70500000  25.88500000  25.95100000
 27.83300000  27.83300000  27.83300000  23.06200000  22.58100000  22.70400000  22.68400000  22.79600000  23.60700000  24.75700000  24.09500000  24.62300000  24.81500000  25.73100000  25.96800000  25.97000000  25.95200000  25.68900000  26.18700000  26.41800000  25.70100000  26.01500000  25.98200000  26.08800000  26.31200000  26.07100000  25.73900000  25.98300000  25.90100000  25.84000000
 27.83300000  27.83300000  27.83300000  27.83300000  23.15700000  22.67600000  22.65400000  22.48200000  23.01600000  23.52400000  23.98700000  23.42900000  23.51700000  23.91900000  24.15100000  24.64100000  25.10800000  25.06500000  26.22400000  26.37000000  25.73200000  25.87000000  26.02500000  25.91800000  26.06600000  26.48000000  26.08800000  25.99600000  25.90100000  26.03100000
 27.83300000  27.83300000  27.83300000  27.83300000  27.83300000  27.83300000  23.37500000  22.41800000  22.49800000  22.69100000  22.70200000  22.54700000  22.39600000  23.23700000  23.53600000  23.84500000  24.46700000  24.50300000  25.83800000  26.38300000  26.40700000  25.79600000  25.92100000  25.88800000  26.07600000  26.54500000  26.57600000  25.98000000  26.16600000  25.96800000
 27.83300000  27.83300000  27.83300000  27.83300000  27.83300000  27.83300000  27.83300000  27.83300000  27.83300000  27.83300000  27.83300000  27.83300000  22.52400000  21.74400000  21.04700000  23.39500000  24.40600000  24.74000000  24.81200000  26.40000000  26.43900000  26.45700000  26.43400000  26.49800000  26.32300000  26.65900000  26.58700000  26.60800000  26.04600000  26.03600000
 27.83300000  27.83300000  27.83300000  27.83300000  27.83300000  27.83300000  27.83300000  27.83300000  27.83300000  27.83300000  27.83300000  27.83300000  27.83300000  27.83300000  27.83300000  23.34800000  24.08200000  24.54900000  24.74200000  24.82100000  26.44700000  26.47700000  26.58100000  26.33700000  26.61600000  26.72800000  26.59900000  26.63800000  26.67400000  26.66500000
 27.83300000  27.83300000  27.83300000  27.83300000  27.83300000  27.83300000  27.83300000  27.83300000  27.83300000  27.83300000  27.83300000  27.83300000  27.83300000  27.83300000  27.83300000  27.83300000  23.48200000  22.76900000  24.28200000  24.33100000  26.35300000  26.42000000  26.51900000  26.36800000  26.74600000  26.80600000  26.72400000  26.68900000  26.72100000  26.84900000
 27.83300000  27.83300000  27.83300000  27.83300000  27.83300000  27.83300000  27.83300000  27.83300000  27.83300000  27.83300000  27.83300000  27.83300000  27.83300000  27.83300000  27.83300000  27.83300000  27.83300000  27.83300000  24.38600000  24.98000000  24.25700000  26.53400000  26.42600000  26.54100000  26.74200000  26.76800000  26.80700000  26.69700000  26.79900000  26.87200000
 27.83300000  27.83300000  27.83300000  27.83300000  27.83300000  27.83300000  27.83300000  27.83300000  27.83300000  27.83300000  27.83300000  27.83300000  27.83300000  27.83300000  27.83300000  27.83300000  27.83300000  27.83300000  27.83300000  25.29600000  24.51900000  26.60100000  26.46500000  26.66500000  26.86800000  26.75800000  26.76700000  26.75800000  26.83000000  26.93400000
 27.83300000  27.83300000  27.83300000  27.83300000  27.83300000  27.83300000  27.83300000  27.83300000  27.83300000  27.83300000  27.83300000  27.83300000  27.83300000  27.83300000  27.83300000  27.83300000  27.83300000  27.83300000  27.83300000  24.72400000  23.96800000  26.67900000  26.49700000  26.77600000  26.80400000  26.82400000  26.86400000  26.81200000  26.85400000  26.99000000
 27.83300000  27.83300000  27.83300000  27.83300000  27.83300000  27.83300000  27.83300000  27.83300000  27.83300000  27.83300000  27.83300000  27.83300000  27.83300000  27.83300000  27.83300000  27.83300000  27.83300000  27.83300000  27.83300000  25.02200000  24.97400000  26.69800000  26.59400000  26.87900000  26.69200000  26.81700000  26.87200000  26.84400000  26.97100000  26.95700000
 27.83300000  27.83300000  27.83300000  27.83300000  27.83300000  27.83300000  27.83300000  27.83300000  27.83300000  27.83300000  27.83300000  27.83300000  27.83300000  27.83300000  27.83300000  27.83300000  27.83300000  27.83300000  27.83300000  24.58000000  24.39500000  26.54000000  26.81400000  26.86600000  26.68700000  26.82800000  26.74800000  26.74700000  26.92900000  27.08300000
 27.83300000  27.83300000  27.83300000  27.83300000  27.83300000  27.83300000  27.83300000  27.83300000  27.83300000  27.83300000  27.83300000  27.83300000  27.83300000  27.83300000  27.83300000  27.83300000  27.83300000  27.83300000  27.83300000  27.83300000  24.87100000  25.90100000  26.66900000  26.74100000  26.70100000  26.79800000  26.69200000  26.48700000  26.43400000  26.98900000
 27.83300000  27.83300000  27.83300000  27.83300000  27.83300000  27.83300000  27.83300000  27.83300000  27.83300000  27.83300000  27.83300000  27.83300000  27.83300000  27.83300000  27.83300000  27.83300000  27.83300000  27.83300000  27.83300000  27.83300000  27.83300000  24.91000000  26.48000000  26.65600000  26.70200000  26.72100000  26.62200000  26.46800000  26.33200000  26.99800000
 27.83300000  27.83300000  27.83300000  27.83300000  27.83300000  27.83300000  27.83300000  27.83300000  27.83300000  27.83300000  27.83300000  27.83300000  27.83300000  27.83300000  27.83300000  27.83300000  27.83300000  27.83300000  27.83300000  27.83300000  27.83300000  24.75000000  26.13000000  26.56500000  26.57500000  26.51900000  26.49300000  26.38300000  26.77600000  27.13800000
 27.83300000  27.83300000  27.83300000  27.83300000  27.83300000  27.83300000  27.83300000  27.83300000  27.83300000  27.83300000  27.83300000  27.83300000  27.83300000  27.83300000  27.83300000  27.83300000  27.83300000  27.83300000  27.83300000  27.83300000  27.83300000  27.83300000  25.63800000  26.07900000  26.31700000  26.26900000  26.41800000  26.58100000  26.89500000  27.13900000
 27.83300000  27.83300000  27.83300000  27.83300000  27.83300000  27.83300000  27.83300000  27.83300000  27.83300000  27.83300000  27.83300000  27.83300000  27.83300000  27.83300000  27.83300000  27.83300000  27.83300000  27.83300000  27.83300000  27.83300000  27.83300000  27.83300000  27.83300000  25.65400000  26.28500000  26.42400000  26.39000000  26.55600000  26.65300000  27.15800000
 25.21000000  25.18300000  25.17600000  24.80000000  25.17200000  25.10600000  25.27300000  25.25200000  25.16500000  25.06800000  25.16000000  25.15000000  24.86800000  24.08800000  24.37800000  24.99800000  25.29900000  25.12700000  25.09000000  25.07200000  25.08800000  24.94000000  24.67700000  24.03700000  24.04800000  23.55400000  23.95900000  24.11800000  24.27400000  24.43500000
 25.14400000  25.05000000  24.77400000  25.05100000  25.13800000  25.09000000  25.00100000  24.97800000  25.02000000  25.08800000  25.05500000  24.70900000  23.92000000  24.49700000  24.66600000  25.29100000  24.97500000  24.98400000  25.01000000  25.00700000  24.91700000  24.80000000  24.52600000  24.04900000  24.19600000  25.17500000  25.11500000  25.13300000  24.77900000  24.66500000
 25.12900000  25.04600000  25.11000000  24.94700000  25.02000000  25.04500000  25.05800000  25.04300000  24.97600000  24.77700000  24.02200000  23.77000000  24.46800000  24.69700000  25.11000000  25.25300000  24.98900000  24.99700000  24.93100000  24.74200000  24.65900000  24.26300000  25.37600000  25.40900000  25.09100000  25.08900000  24.92700000  24.84000000  24.80000000  24.80800000
 24.39900000  25.01900000  25.14900000  25.06200000  24.78500000  24.85300000  24.67800000  23.95100000  24.00100000  24.07600000  24.31300000  24.59500000  24.70100000  25.03500000  25.34800000  25.16000000  24.96800000  24.86700000  24.68600000  24.29800000  25.28600000  25.44000000  25.49100000  25.54900000  25.57300000  25.27400000  25.02000000  24.92400000  24.97900000  25.06400000
 24.81800000  24.70300000  24.92900000  25.28800000  25.14300000  24.95200000  24.14700000  23.86400000  23.98600000  24.71400000  24.85500000  24.91700000  25.06800000  25.27600000  25.49600000  25.15100000  24.85500000  24.67600000  24.72900000  25.37800000  25.37000000  25.21500000  25.08800000  25.10300000  25.32700000  25.71400000  25.53100000  24.85200000  24.75600000  24.96400000
 23.94300000  24.13800000  24.25900000  24.61000000  25.61300000  25.46200000  25.23000000  25.14200000  25.13600000  25.13500000  25.14800000  25.16600000  25.17700000  25.27500000  25.54100000  25.23100000  24.55900000  25.02200000  25.37500000  25.28700000  25.09700000  24.88900000  24.72900000  24.85500000  25.10400000  25.60000000  26.00300000  25.55000000  24.71500000  24.95100000
 23.52800000  24.11800000  23.97500000  24.05800000  24.77600000  25.79700000  25.35400000  25.34100000  25.39800000  25.38400000  25.48800000  25.44300000  25.36300000  25.36000000  25.50600000  25.41200000  24.73100000  25.36300000  25.28500000  25.22900000  24.96700000  24.75200000  24.69700000  24.99400000  25.37800000  26.01500000  26.35000000  26.11300000  25.63900000  25.01700000
 22.95400000  23.39800000  23.91500000  23.38800000  23.95700000  24.55400000  25.83700000  25.89000000  25.39000000  25.32100000  25.43400000  25.42100000  25.44400000  25.44200000  25.46700000  25.45700000  25.10600000  25.22700000  25.33700000  25.19500000  25.16800000  25.13600000  25.23500000  25.78000000  26.10700000  26.18300000  26.36900000  26.33200000  25.65200000  25.73000000
 22.29700000  23.22500000  23.26100000  22.97800000  23.65300000  23.77700000  24.56000000  25.78400000  26.09200000  26.15700000  25.34400000  25.41700000  25.45500000  25.56300000  25.58200000  25.52900000  25.47700000  25.41900000  25.45200000  25.59200000  25.54500000  25.98600000  25.83300000  25.89300000  25.92900000  25.95500000  26.19000000  26.29700000  25.74400000  25.89100000
 19.99900000  19.19200000  17.88500000  22.59900000  23.08200000  23.45700000  23.76900000  25.26400000  25.69500000  26.14400000  25.98800000  25.33600000  25.38500000  25.44700000  25.43600000  25.55300000  25.62000000  25.60600000  25.50700000  26.21700000  26.37000000  26.07400000  25.93000000  26.14200000  26.24700000  26.18000000  26.27600000  25.97600000  25.70800000  25.89000000
 19.95200000  27.83300000  17.91800000  17.64000000  22.27400000  23.02200000  23.03300000  23.78000000  25.02500000  25.04100000  25.32800000  26.05800000  25.37600000  25.37500000  25.43500000  25.42300000  25.45600000  26.08000000  26.21000000  26.39700000  26.04700000  25.76600000  26.10100000  26.16200000  26.05800000  25.99600000  25.78700000  25.71500000  25.89800000  25.96300000
 27.83300000  27.83300000  27.83300000  27.83300000  18.88100000  21.82700000  22.34700000  22.80700000  23.61700000  24.77200000  24.11100000  24.63700000  24.82600000  25.74500000  25.97900000  25.98400000  25.96500000  25.70300000  26.19800000  26.43100000  25.71500000  26.02500000  25.98600000  26.10100000  26.32400000  26.08600000  25.75100000  25.99600000  25.91300000  25.84900000
 27.83300000  27.83300000  27.83300000  27.83300000  27.83300000  17.87400000  19.53400000  20.29400000  23.01100000  23.56700000  24.00300000  23.43900000  23.69300000  23.92900000  24.22600000  24.66100000  25.12100000  25.07700000  26.23600000  26.38200000  25.74700000  25.88200000  26.03600000  25.93000000  26.07500000  26.49300000  26.10400000  26.00900000  25.91200000  26.04100000
 27.83300000  27.83300000  27.83300000  27.83300000  27.83300000  27.83300000  27.83300000  18.20800000  17.54200000  18.49300000  21.78200000  22.41200000  21.07400000  22.11900000  23.16600000  23.85400000  24.48000000  24.51600000  25.84700000  26.39800000  26.42000000  25.80800000  25.93200000  25.90000000  26.09000000  26.55800000  26.59000000  25.99300000  26.17900000  25.97500000
 27.83300000  27.83300000  27.83300000  27.83300000  27.83300000  27.83300000  27.83300000  27.83300000  27.83300000  27.83300000  27.83300000  27.83300000  27.83300000  27.83300000  27.83300000  19.82400000  24.31400000  24.75800000  24.61600000  26.41400000  26.45300000  26.47100000  26.44800000  26.51000000  26.33100000  26.67200000  26.59900000  26.62200000  26.06000000  26.04600000
 27.83300000  27.83300000  27.83300000  27.83300000  27.83300000  27.83300000  27.83300000  27.83300000  27.83300000  27.83300000  27.83300000  27.83300000  27.83300000  27.83300000  27.83300000  27.83300000  23.55300000  24.57000000  24.76000000  24.83300000  26.46500000  26.49100000  26.59500000  26.35100000  26.62400000  26.74200000  26.61100000  26.65100000  26.68600000  26.68100000
 27.83300000  27.83300000  27.83300000  27.83300000  27.83300000  27.83300000  27.83300000  27.83300000  27.83300000  27.83300000  27.83300000  27.83300000  27.83300000  27.83300000  27.83300000  27.83300000  27.83300000  20.63800000  23.87200000  24.28600000  26.36200000  26.43900000  26.53400000  26.37900000  26.76000000  26.81900000  26.73800000  26.70300000  26.73500000  26.86100000
 27.83300000  27.83300000  27.83300000  27.83300000  27.83300000  27.83300000  27.83300000  27.83300000  27.83300000  27.83300000  27.83300000  27.83300000  27.83300000  27.83300000  27.83300000  27.83300000  27.83300000  27.83300000  27.83300000  24.79700000  24.25700000  26.55600000  26.43900000  26.55200000  26.75500000  26.78200000  26.82100000  26.71100000  26.81400000  26.88800000
 27.83300000  27.83300000  27.83300000  27.83300000  27.83300000  27.83300000  27.83300000  27.83300000  27.83300000  27.83300000  27.83300000  27.83300000  27.83300000  27.83300000  27.83300000  27.83300000  27.83300000  27.83300000  27.83300000  27.83300000  24.53400000  26.62400000  26.47700000  26.67800000  26.88300000  26.77600000  26.78000000  26.77400000  26.84400000  26.94900000
 27.83300000  27.83300000  27.83300000  27.83300000  27.83300000  27.83300000  27.83300000  27.83300000  27.83300000  27.83300000  27.83300000  27.83300000  27.83300000  27.83300000  27.83300000  27.83300000  27.83300000  27.83300000  27.83300000  27.83300000  23.37600000  26.69900000  26.50900000  26.79100000  26.82100000  26.83600000  26.87800000  26.82600000  26.86800000  27.00700000
 27.83300000  27.83300000  27.83300000  27.83300000  27.83300000  27.83300000  27.83300000  27.83300000  27.83300000  27.83300000  27.83300000  27.83300000  27.83300000  27.83300000  27.83300000  27.83300000  27.83300000  27.83300000  27.83300000  27.83300000  21.92800000  26.70300000  26.61300000  26.89400000  26.70700000  26.83000000  26.88600000  26.85900000  26.98400000  26.97400000
 27.83300000  27.83300000  27.83300000  27.83300000  27.83300000  27.83300000  27.83300000  27.83300000  27.83300000  27.83300000  27.83300000  27.83300000  27.83300000  27.83300000  27.83300000  27.83300000  27.83300000  27.83300000  27.83300000  27.83300000  23.02400000  26.55600000  26.82800000  26.88200000  26.70200000  26.84200000  26.76700000  26.76000000  26.94100000  27.09400000
 27.83300000  27.83300000  27.83300000  27.83300000  27.83300000  27.83300000  27.83300000  27.83300000  27.83300000  27.83300000  27.83300000  27.83300000  27.83300000  27.83300000  27.83300000  27.83300000  27.83300000  27.83300000  27.83300000  27.83300000  27.83300000  25.92200000  26.68200000  26.74800000  26.71300000  26.80900000  26.70800000  26.50000000  26.44400000  27.00100000
 27.83300000  27.83300000  27.83300000  27.83300000  27.83300000  27.83300000  27.83300000  27.83300000  27.83300000  27.83300000  27.83300000  27.83300000  27.83300000  27.83300000  27.83300000  27.83300000  27.83300000  27.83300000  27.83300000  27.83300000  27.83300000  24.75500000  26.49100000  26.66200000  26.70700000  26.73500000  26.63200000  26.48100000  26.34400000  27.01300000
 27.83300000  27.83300000  27.83300000  27.83300000  27.83300000  27.83300000  27.83300000  27.83300000  27.83300000  27.83300000  27.83300000  27.83300000  27.83300000  27.83300000  27.83300000  27.83300000  27.83300000  27.83300000  27.83300000  27.83300000  27.83300000  27.83300000  26.14100000  26.57200000  26.58200000  26.52600000  26.50100000  26.38900000  26.78300000  27.15300000
 27.83300000  27.83300000  27.83300000  27.83300000  27.83300000  27.83300000  27.83300000  27.83300000  27.83300000  27.83300000  27.83300000  27.83300000  27.83300000  27.83300000  27.83300000  27.83300000  27.83300000  27.83300000  27.83300000  27.83300000  27.83300000  27.83300000  25.65400000  26.08500000  26.32400000  26.27700000  26.42500000  26.58800000  26.82700000  27.14700000
 27.83300000  27.83300000  27.83300000  27.83300000  27.83300000  27.83300000  27.83300000  27.83300000  27.83300000  27.83300000  27.83300000  27.83300000  27.83300000  27.83300000  27.83300000  27.83300000  27.83300000  27.83300000  27.83300000  27.83300000  27.83300000  27.83300000  27.83300000  25.66900000  26.29800000  26.43200000  26.40100000  26.56100000  26.67600000  27.16400000
