36.99100000 36.94800000 36.92900000 36.98600000 37.20100000 37.21700000 37.23400000 37.23900000 37.19400000 37.17400000 37.10800000 36.98900000 36.87100000 36.65700000 36.80000000 36.88300000 37.04200000 37.01000000 37.06700000 37.04500000 36.99800000 36.97600000 36.84300000 36.54900000 36.55200000 36.31200000 36.57700000 36.59100000 36.56600000 36.64000000
36.94000000 36.84700000 36.95300000 37.15400000 37.18200000 37.17200000 37.18600000 37.17800000 37.14600000 37.07100000 36.96500000 36.84800000 36.55500000 36.87700000 36.87100000 37.07900000 36.99700000 37.08500000 37.04800000 37.02200000 36.97400000 36.88900000 36.79300000 36.64700000 36.72300000 37.11000000 37.06500000 37.08200000 36.99600000 36.97300000
36.94700000 36.91300000 36.92200000 37.10500000 37.12400000 37.08600000 37.05800000 37.02200000 36.96200000 36.88500000 36.64700000 36.46500000 36.89100000 36.89300000 36.93300000 37.10300000 36.98600000 37.06200000 37.00800000 36.91700000 36.85700000 36.73000000 37.17900000 37.19100000 37.02300000 37.06200000 37.00500000 36.98000000 36.91500000 36.85600000
36.45600000 37.03000000 36.99300000 36.89400000 37.02500000 37.02600000 36.94200000 36.59000000 36.64600000 36.71000000 36.84000000 36.93500000 36.89800000 36.91800000 36.98500000 37.04700000 36.97600000 36.99000000 36.89900000 36.74100000 37.14600000 37.26300000 37.25200000 37.24900000 37.26900000 37.13500000 36.99700000 36.91000000 36.88500000 36.84100000
35.86700000 36.99700000 37.03500000 37.16600000 36.91700000 36.94100000 36.71500000 36.55100000 36.65000000 36.95400000 36.93700000 36.92700000 36.93400000 36.93600000 37.02900000 37.02600000 36.93100000 36.89900000 36.89200000 37.22700000 37.23900000 37.18800000 37.16000000 37.16300000 37.19400000 37.25500000 37.28100000 36.81300000 36.62200000 36.63800000
35.54500000 36.72400000 36.80200000 36.88000000 37.27700000 37.09300000 36.92500000 36.84200000 36.82600000 36.81800000 36.82800000 36.85100000 36.87300000 36.92100000 37.04500000 37.06400000 36.78600000 37.00700000 37.21200000 37.22800000 37.17100000 37.07400000 37.00200000 37.04900000 37.15900000 37.21600000 37.32100000 37.27600000 36.68000000 36.62900000
35.77100000 36.50900000 36.58100000 36.70400000 36.98200000 37.32300000 36.96900000 36.92800000 36.95000000 36.95600000 37.04100000 37.00900000 36.99700000 37.02100000 37.04200000 37.15700000 36.87800000 37.16700000 37.21400000 37.20600000 37.12600000 37.01400000 37.00400000 37.11000000 37.17900000 37.31700000 37.44600000 37.38800000 37.25600000 36.72300000
35.63400000 36.12100000 36.53100000 36.29900000 36.51200000 36.91700000 37.34500000 37.31400000 36.97800000 36.89700000 36.95000000 36.96800000 37.02400000 37.03700000 37.03100000 37.13500000 37.06000000 37.12800000 37.18200000 37.18600000 37.17600000 37.16900000 37.16200000 37.22900000 37.42500000 37.42500000 37.45900000 37.45900000 37.28400000 37.30300000
35.36800000 35.44800000 35.74700000 36.05600000 36.57000000 36.29700000 36.97200000 37.32300000 37.38700000 37.40600000 36.96400000 36.95700000 36.99800000 37.07600000 37.07000000 37.18800000 37.21200000 37.19700000 37.20300000 37.25600000 37.12800000 37.30600000 37.30100000 37.34500000 37.36800000 37.38200000 37.44200000 37.46800000 37.29400000 37.26400000
35.19300000 35.62700000 35.54200000 35.79700000 36.14300000 36.16100000 36.38700000 37.20900000 37.29900000 37.40000000 37.27500000 36.96500000 36.97400000 36.95600000 37.02700000 37.19700000 37.24800000 37.22900000 37.04200000 37.34500000 37.37700000 37.33100000 37.35200000 37.39800000 37.43700000 37.44400000 37.46400000 37.34700000 37.28300000 37.23300000
34.84100000 34.98400000 35.71500000 35.44300000 35.57600000 36.00700000 35.76100000 36.52600000 37.16500000 37.11200000 37.15000000 37.36800000 36.98300000 36.99500000 36.99300000 37.04600000 37.06200000 37.33200000 37.33900000 37.37100000 37.31400000 37.28300000 37.37400000 37.31900000 37.34300000 37.34900000 37.32200000 37.28400000 37.26900000 37.19100000
37.59700000 37.59700000 37.59700000 35.27200000 35.41900000 35.57900000 35.66000000 35.64300000 36.49100000 37.09700000 36.69200000 36.98600000 36.90400000 37.27400000 37.33000000 37.32300000 37.29600000 37.21400000 37.30200000 37.37000000 37.22300000 37.35200000 37.27000000 37.28200000 37.36100000 37.34500000 37.27800000 37.34400000 37.22200000 37.16200000
37.59700000 37.59700000 37.59700000 37.59700000 35.23600000 35.47600000 35.52200000 35.58300000 35.88700000 36.46300000 36.71600000 36.39300000 36.39500000 36.62000000 36.44600000 36.86300000 37.11900000 37.03300000 37.30800000 37.37900000 37.20600000 37.27900000 37.25100000 37.23900000 37.32400000 37.39700000 37.35100000 37.32900000 37.24300000 37.19300000
37.59700000 37.59700000 37.59700000 37.59700000 37.59700000 37.59700000 35.43000000 35.54000000 35.63100000 35.75100000 35.98000000 36.16700000 36.15200000 36.20800000 36.27600000 36.13600000 36.51100000 36.87400000 37.15100000 37.42500000 37.37500000 37.21600000 37.21900000 37.19400000 37.31700000 37.39200000 37.46500000 37.32500000 37.39700000 37.21700000
37.59700000 37.59700000 37.59700000 37.59700000 37.59700000 37.59700000 37.59700000 37.59700000 37.59700000 37.59700000 37.59700000 37.59700000 35.94400000 36.19400000 36.13500000 36.05400000 36.33500000 36.97200000 36.99600000 37.34700000 37.43100000 37.42300000 37.37600000 37.39000000 37.35200000 37.38100000 37.42500000 37.48800000 37.33800000 37.38300000
37.59700000 37.59700000 37.59700000 37.59700000 37.59700000 37.59700000 37.59700000 37.59700000 37.59700000 37.59700000 37.59700000 37.59700000 37.59700000 37.59700000 37.59700000 36.01500000 36.37700000 36.77400000 36.99000000 36.91400000 37.34100000 37.42300000 37.41800000 37.37500000 37.31600000 37.37200000 37.42000000 37.47900000 37.52700000 37.54100000
37.59700000 37.59700000 37.59700000 37.59700000 37.59700000 37.59700000 37.59700000 37.59700000 37.59700000 37.59700000 37.59700000 37.59700000 37.59700000 37.59700000 37.59700000 37.59700000 35.96700000 36.15400000 36.66800000 36.83100000 37.33700000 37.39800000 37.42200000 37.37400000 37.33300000 37.37500000 37.38600000 37.42500000 37.42800000 37.56200000
37.59700000 37.59700000 37.59700000 37.59700000 37.59700000 37.59700000 37.59700000 37.59700000 37.59700000 37.59700000 37.59700000 37.59700000 37.59700000 37.59700000 37.59700000 37.59700000 37.59700000 37.59700000 36.10900000 37.01500000 36.74300000 37.34600000 37.42600000 37.34000000 37.34500000 37.36200000 37.38900000 37.33500000 37.37100000 37.48500000
37.59700000 37.59700000 37.59700000 37.59700000 37.59700000 37.59700000 37.59700000 37.59700000 37.59700000 37.59700000 37.59700000 37.59700000 37.59700000 37.59700000 37.59700000 37.59700000 37.59700000 37.59700000 37.59700000 36.91600000 36.76700000 37.36100000 37.41300000 37.32200000 37.41700000 37.38500000 37.37200000 37.34400000 37.35500000 37.39900000
37.59700000 37.59700000 37.59700000 37.59700000 37.59700000 37.59700000 37.59700000 37.59700000 37.59700000 37.59700000 37.59700000 37.59700000 37.59700000 37.59700000 37.59700000 37.59700000 37.59700000 37.59700000 37.59700000 36.89300000 36.71600000 37.36900000 37.34800000 37.36700000 37.40100000 37.42100000 37.41200000 37.36100000 37.34600000 37.40900000
37.59700000 37.59700000 37.59700000 37.59700000 37.59700000 37.59700000 37.59700000 37.59700000 37.59700000 37.59700000 37.59700000 37.59700000 37.59700000 37.59700000 37.59700000 37.59700000 37.59700000 37.59700000 37.59700000 36.87200000 36.86200000 37.38300000 37.30700000 37.41000000 37.39000000 37.40900000 37.42400000 37.38300000 37.37800000 37.35200000
37.59700000 37.59700000 37.59700000 37.59700000 37.59700000 37.59700000 37.59700000 37.59700000 37.59700000 37.59700000 37.59700000 37.59700000 37.59700000 37.59700000 37.59700000 37.59700000 37.59700000 37.59700000 37.59700000 36.53300000 36.73500000 37.32300000 37.39300000 37.39900000 37.39500000 37.38100000 37.36600000 37.31300000 37.32300000 37.37300000
37.59700000 37.59700000 37.59700000 37.59700000 37.59700000 37.59700000 37.59700000 37.59700000 37.59700000 37.59700000 37.59700000 37.59700000 37.59700000 37.59700000 37.59700000 37.59700000 37.59700000 37.59700000 37.59700000 37.59700000 36.70400000 37.11700000 37.35700000 37.36100000 37.37600000 37.34500000 37.31500000 37.30600000 37.27000000 37.31500000
37.59700000 37.59700000 37.59700000 37.59700000 37.59700000 37.59700000 37.59700000 37.59700000 37.59700000 37.59700000 37.59700000 37.59700000 37.59700000 37.59700000 37.59700000 37.59700000 37.59700000 37.59700000 37.59700000 37.59700000 37.59700000 36.73100000 37.29000000 37.35900000 37.36200000 37.34000000 37.32700000 37.29600000 37.23900000 37.31500000
37.59700000 37.59700000 37.59700000 37.59700000 37.59700000 37.59700000 37.59700000 37.59700000 37.59700000 37.59700000 37.59700000 37.59700000 37.59700000 37.59700000 37.59700000 37.59700000 37.59700000 37.59700000 37.59700000 37.59700000 37.59700000 36.53400000 37.15200000 37.32000000 37.32800000 37.31800000 37.30200000 37.23700000 37.29100000 37.32700000
37.59700000 37.59700000 37.59700000 37.59700000 37.59700000 37.59700000 37.59700000 37.59700000 37.59700000 37.59700000 37.59700000 37.59700000 37.59700000 37.59700000 37.59700000 37.59700000 37.59700000 37.59700000 37.59700000 37.59700000 37.59700000 37.59700000 36.82300000 37.11900000 37.23300000 37.19900000 37.21700000 37.28800000 37.27800000 37.30900000
37.59700000 37.59700000 37.59700000 37.59700000 37.59700000 37.59700000 37.59700000 37.59700000 37.59700000 37.59700000 37.59700000 37.59700000 37.59700000 37.59700000 37.59700000 37.59700000 37.59700000 37.59700000 37.59700000 37.59700000 37.59700000 37.59700000 37.59700000 36.66400000 37.19900000 37.22700000 37.23800000 37.24800000 37.24600000 37.29100000
36.98900000 36.94800000 36.92800000 36.98400000 37.20000000 37.21700000 37.23400000 37.23800000 37.19400000 37.17300000 37.11100000 36.99000000 36.87200000 36.66100000 36.79900000 36.88100000 37.03900000 37.00900000 37.06600000 37.04400000 36.99700000 36.97500000 36.83300000 36.54600000 36.55100000 36.31000000 36.57600000 36.59000000 36.56500000 36.63600000
36.93900000 36.84600000 36.95200000 37.15300000 37.18200000 37.17100000 37.18500000 37.17700000 37.14600000 37.07100000 36.96500000 36.84700000 36.55300000 36.87500000 36.87000000 37.07800000 36.99700000 37.08400000 37.04800000 37.02200000 36.97300000 36.88900000 36.79300000 36.64700000 36.72100000 37.10900000 37.06400000 37.08100000 36.99600000 36.97300000
36.94700000 36.91200000 36.92100000 37.10400000 37.12400000 37.08600000 37.05800000 37.02100000 36.96200000 36.88500000 36.64800000 36.46400000 36.88900000 36.89200000 36.93200000 37.10200000 36.98500000 37.06200000 37.00800000 36.91600000 36.85600000 36.73000000 37.17700000 37.19000000 37.02200000 37.06100000 37.00500000 36.97900000 36.91500000 36.85600000
36.62000000 37.02900000 36.99200000 36.89500000 37.02500000 37.02600000 36.94200000 36.59200000 36.64600000 36.70900000 36.83900000 36.93400000 36.89700000 36.91700000 36.98400000 37.04600000 36.97600000 36.98900000 36.89900000 36.74100000 37.14400000 37.26300000 37.25100000 37.24800000 37.26800000 37.13500000 36.99700000 36.90900000 36.88500000 36.84100000
36.75900000 36.99600000 37.03400000 37.16500000 36.91600000 36.92800000 36.71500000 36.55200000 36.64800000 36.95300000 36.93600000 36.92600000 36.93300000 36.93500000 37.02800000 37.02600000 36.93000000 36.89800000 36.89000000 37.22500000 37.23700000 37.18800000 37.15900000 37.16200000 37.19300000 37.25400000 37.28000000 36.81300000 36.62200000 36.63800000
36.03600000 36.73900000 36.80200000 36.88000000 37.27600000 37.09300000 36.92400000 36.84100000 36.82500000 36.81800000 36.82700000 36.85000000 36.87200000 36.92000000 37.04400000 37.06400000 36.78500000 37.00500000 37.21100000 37.22600000 37.17000000 37.07300000 37.00100000 37.04900000 37.15800000 37.21500000 37.32000000 37.27500000 36.68000000 36.62800000
35.77200000 36.50800000 36.58000000 36.70300000 36.98100000 37.32100000 36.96900000 36.92700000 36.95000000 36.95500000 37.04000000 37.00800000 36.99700000 37.02000000 37.04100000 37.15600000 36.87700000 37.16600000 37.21300000 37.20400000 37.12500000 37.01300000 37.00300000 37.10900000 37.17800000 37.31600000 37.44500000 37.38700000 37.25600000 36.72900000
35.69200000 36.12400000 36.53000000 36.29800000 36.51300000 36.91700000 37.34400000 37.31200000 36.97700000 36.89600000 36.94900000 36.96700000 37.02200000 37.03600000 37.03000000 37.13300000 37.05900000 37.12600000 37.18100000 37.18500000 37.17400000 37.16700000 37.16000000 37.22800000 37.42400000 37.42400000 37.45800000 37.45800000 37.28300000 37.30600000
35.93800000 35.58000000 35.81300000 36.06500000 36.56900000 36.29800000 36.97100000 37.32100000 37.38600000 37.40500000 36.96300000 36.95600000 36.99700000 37.07500000 37.06900000 37.18700000 37.21100000 37.19600000 37.20200000 37.25500000 37.12800000 37.30400000 37.30000000 37.34400000 37.36700000 37.38100000 37.44100000 37.46800000 37.29300000 37.26500000
36.08400000 35.99000000 35.86800000 35.88200000 36.17000000 36.18200000 36.40100000 37.20700000 37.29800000 37.39900000 37.27400000 36.96400000 36.97300000 36.95500000 37.02500000 37.19600000 37.24700000 37.22800000 37.04000000 37.34300000 37.37600000 37.33000000 37.35100000 37.39700000 37.43600000 37.44200000 37.46300000 37.34600000 37.28300000 37.23300000
35.72700000 37.59700000 35.83700000 35.80500000 36.16600000 36.10200000 35.79700000 36.52900000 37.16300000 37.11100000 37.14900000 37.36700000 36.98200000 36.99400000 36.99200000 37.04500000 37.06200000 37.33200000 37.33800000 37.37000000 37.31300000 37.28200000 37.37300000 37.31700000 37.34200000 37.34800000 37.32200000 37.28300000 37.26800000 37.19000000
37.59700000 37.59700000 37.59700000 37.59700000 35.75700000 36.09700000 35.95800000 35.66500000 36.49000000 37.09500000 36.69200000 36.98500000 36.90400000 37.27300000 37.32800000 37.32200000 37.29600000 37.21400000 37.30000000 37.36900000 37.22200000 37.35000000 37.27000000 37.28100000 37.36000000 37.34400000 37.27700000 37.34300000 37.22200000 37.16100000
37.59700000 37.59700000 37.59700000 37.59700000 37.59700000 35.76900000 35.81400000 36.00300000 36.26500000 36.47700000 36.71800000 36.39300000 36.46500000 36.62200000 36.48200000 36.86200000 37.11900000 37.03300000 37.30600000 37.37800000 37.20500000 37.27800000 37.25000000 37.23800000 37.32300000 37.39600000 37.35000000 37.32800000 37.24300000 37.19200000
37.59700000 37.59700000 37.59700000 37.59700000 37.59700000 37.59700000 37.59700000 35.76800000 35.76800000 35.90300000 36.36400000 36.27800000 36.17500000 36.43200000 36.39300000 36.13700000 36.51300000 36.87400000 37.14900000 37.42400000 37.37300000 37.21500000 37.21800000 37.19300000 37.31500000 37.39000000 37.46400000 37.32400000 37.39600000 37.21700000
37.59700000 37.59700000 37.59700000 37.59700000 37.59700000 37.59700000 37.59700000 37.59700000 37.59700000 37.59700000 37.59700000 37.59700000 37.59700000 37.59700000 37.59700000 36.17800000 36.33900000 36.97400000 36.95800000 37.34600000 37.43000000 37.42200000 37.37500000 37.38800000 37.35100000 37.38000000 37.42400000 37.48600000 37.33700000 37.38300000
37.59700000 37.59700000 37.59700000 37.59700000 37.59700000 37.59700000 37.59700000 37.59700000 37.59700000 37.59700000 37.59700000 37.59700000 37.59700000 37.59700000 37.59700000 37.59700000 36.36000000 36.78000000 36.99100000 36.91500000 37.34100000 37.42200000 37.41700000 37.37400000 37.31500000 37.37100000 37.41900000 37.47800000 37.52600000 37.54000000
37.59700000 37.59700000 37.59700000 37.59700000 37.59700000 37.59700000 37.59700000 37.59700000 37.59700000 37.59700000 37.59700000 37.59700000 37.59700000 37.59700000 37.59700000 37.59700000 37.59700000 36.29900000 36.63500000 36.82500000 37.33200000 37.39700000 37.42000000 37.37300000 37.33200000 37.37300000 37.38400000 37.42400000 37.42600000 37.56100000
37.59700000 37.59700000 37.59700000 37.59700000 37.59700000 37.59700000 37.59700000 37.59700000 37.59700000 37.59700000 37.59700000 37.59700000 37.59700000 37.59700000 37.59700000 37.59700000 37.59700000 37.59700000 37.59700000 36.98000000 36.74700000 37.34600000 37.42500000 37.33900000 37.34400000 37.36000000 37.38800000 37.33400000 37.37000000 37.48400000
37.59700000 37.59700000 37.59700000 37.59700000 37.59700000 37.59700000 37.59700000 37.59700000 37.59700000 37.59700000 37.59700000 37.59700000 37.59700000 37.59700000 37.59700000 37.59700000 37.59700000 37.59700000 37.59700000 37.59700000 36.77900000 37.36300000 37.41200000 37.32100000 37.41600000 37.38400000 37.37100000 37.34400000 37.35400000 37.39700000
37.59700000 37.59700000 37.59700000 37.59700000 37.59700000 37.59700000 37.59700000 37.59700000 37.59700000 37.59700000 37.59700000 37.59700000 37.59700000 37.59700000 37.59700000 37.59700000 37.59700000 37.59700000 37.59700000 37.59700000 36.69000000 37.37300000 37.34900000 37.36800000 37.40200000 37.42100000 37.41200000 37.36000000 37.34500000 37.40800000
37.59700000 37.59700000 37.59700000 37.59700000 37.59700000 37.59700000 37.59700000 37.59700000 37.59700000 37.59700000 37.59700000 37.59700000 37.59700000 37.59700000 37.59700000 37.59700000 37.59700000 37.59700000 37.59700000 37.59700000 36.49800000 37.38400000 37.31100000 37.41200000 37.39100000 37.40900000 37.42400000 37.38200000 37.37700000 37.35100000
37.59700000 37.59700000 37.59700000 37.59700000 37.59700000 37.59700000 37.59700000 37.59700000 37.59700000 37.59700000 37.59700000 37.59700000 37.59700000 37.59700000 37.59700000 37.59700000 37.59700000 37.59700000 37.59700000 37.59700000 36.56000000 37.32400000 37.39700000 37.40200000 37.39700000 37.38100000 37.36700000 37.31300000 37.32200000 37.37300000
37.59700000 37.59700000 37.59700000 37.59700000 37.59700000 37.59700000 37.59700000 37.59700000 37.59700000 37.59700000 37.59700000 37.59700000 37.59700000 37.59700000 37.59700000 37.59700000 37.59700000 37.59700000 37.59700000 37.59700000 37.59700000 37.11400000 37.35700000 37.36800000 37.38100000 37.34800000 37.31700000 37.30700000 37.27100000 37.31500000
37.59700000 37.59700000 37.59700000 37.59700000 37.59700000 37.59700000 37.59700000 37.59700000 37.59700000 37.59700000 37.59700000 37.59700000 37.59700000 37.59700000 37.59700000 37.59700000 37.59700000 37.59700000 37.59700000 37.59700000 37.59700000 36.71200000 37.28800000 37.35800000 37.36300000 37.34200000 37.32800000 37.29700000 37.24100000 37.31600000
37.59700000 37.59700000 37.59700000 37.59700000 37.59700000 37.59700000 37.59700000 37.59700000 37.59700000 37.59700000 37.59700000 37.59700000 37.59700000 37.59700000 37.59700000 37.59700000 37.59700000 37.59700000 37.59700000 37.59700000 37.59700000 37.59700000 37.15000000 37.31800000 37.32700000 37.31800000 37.30400000 37.23800000 37.29200000 37.32800000
37.59700000 37.59700000 37.59700000 37.59700000 37.59700000 37.59700000 37.59700000 37.59700000 37.59700000 37.59700000 37.59700000 37.59700000 37.59700000 37.59700000 37.59700000 37.59700000 37.59700000 37.59700000 37.59700000 37.59700000 37.59700000 37.59700000 36.81900000 37.11800000 37.23200000 37.19800000 37.21600000 37.28800000 37.27100000 37.30800000
37.59700000 37.59700000 37.59700000 37.59700000 37.59700000 37.59700000 37.59700000 37.59700000 37.59700000 37.59700000 37.59700000 37.59700000 37.59700000 37.59700000 37.59700000 37.59700000 37.59700000 37.59700000 37.59700000 37.59700000 37.59700000 37.59700000 37.59700000 36.66100000 37.19800000 37.22600000 37.23700000 37.24700000 37.24600000 37.29100000
