 25.19300000  25.17400000  25.15700000  24.79100000  25.15200000  25.09000000  25.23000000  25.24300000  25.15300000  25.01000000  25.12600000  25.12300000  24.83300000  24.09400000  24.38300000  24.97600000  25.28500000  25.07300000  25.04600000  25.05500000  25.06500000  24.89700000  24.59800000  24.04300000  24.03400000  23.52100000  23.94500000  24.09300000  24.23400000  24.41400000
 25.11300000  25.04300000  24.76200000  25.04600000  25.13200000  25.08200000  24.99400000  24.96900000  25.01500000  25.08200000  25.04800000  24.69600000  23.92500000  24.49700000  24.66900000  25.28300000  24.97000000  24.97700000  25.00200000  24.99300000  24.90600000  24.79100000  24.51400000  24.03300000  24.24200000  25.17600000  25.10700000  25.12700000  24.76400000  24.65600000
 25.10800000  25.04400000  25.10600000  24.94300000  25.01600000  25.04000000  25.05100000  25.03500000  24.96700000  24.76300000  24.00700000  23.77000000  24.47200000  24.69700000  25.11300000  25.24500000  24.98600000  24.99100000  24.91700000  24.73100000  24.64800000  24.24400000  25.39600000  25.39300000  25.08300000  25.08200000  24.92000000  24.83900000  24.80500000  24.80700000
 24.30700000  25.01800000  25.15300000  25.05500000  24.77800000  24.84700000  24.66600000  23.93800000  23.99700000  24.06500000  24.30600000  24.59300000  24.69800000  25.03600000  25.34500000  25.15000000  24.96500000  24.86000000  24.67200000  24.28700000  25.29400000  25.43200000  25.48500000  25.54400000  25.56900000  25.27700000  25.01300000  24.91800000  24.97200000  25.05400000
 23.70600000  24.70200000  24.90800000  25.27900000  25.15400000  25.01900000  24.14500000  23.86000000  23.98400000  24.72000000  24.85300000  24.91400000  25.06300000  25.26800000  25.49000000  25.14000000  24.85300000  24.67000000  24.73500000  25.36400000  25.36200000  25.20300000  25.07800000  25.09500000  25.31800000  25.70600000  25.53300000  24.85100000  24.75400000  24.96100000
 23.55400000  24.08900000  24.25400000  24.59000000  25.61200000  25.46400000  25.23200000  25.13900000  25.13000000  25.12700000  25.13700000  25.15600000  25.16700000  25.26400000  25.53500000  25.22600000  24.55600000  25.02000000  25.36600000  25.28100000  25.08900000  24.88300000  24.72300000  24.85100000  25.10100000  25.59700000  25.99800000  25.54200000  24.71500000  24.94600000
 23.51200000  24.11500000  23.97500000  24.05400000  24.75100000  25.79300000  25.36100000  25.33800000  25.39600000  25.38300000  25.48100000  25.43600000  25.35700000  25.35100000  25.50000000  25.40500000  24.72500000  25.35800000  25.27800000  25.22100000  24.95900000  24.74800000  24.69800000  24.99500000  25.38900000  26.01900000  26.34500000  26.11000000  25.63200000  25.01500000
 23.03800000  23.38800000  23.91100000  23.38200000  23.94200000  24.47900000  25.81900000  25.91400000  25.39900000  25.30800000  25.42200000  25.41400000  25.43800000  25.43700000  25.46200000  25.44900000  25.09600000  25.22300000  25.33000000  25.18900000  25.16100000  25.13200000  25.23900000  25.79200000  26.08900000  26.16600000  26.35800000  26.32600000  25.64800000  25.71900000
 22.59000000  23.18400000  23.18700000  22.96400000  23.63500000  23.76700000  24.54700000  25.77400000  26.08900000  26.15100000  25.34000000  25.41100000  25.45000000  25.55800000  25.57900000  25.52300000  25.47100000  25.41300000  25.44500000  25.58600000  25.53500000  25.98700000  25.81700000  25.88100000  25.92400000  25.94500000  26.17800000  26.28900000  25.74000000  25.88900000
 22.73400000  20.94300000  21.75400000  22.72600000  23.05400000  23.42800000  23.73400000  25.25000000  25.67000000  26.12400000  25.96200000  25.32800000  25.38200000  25.44200000  25.43300000  25.55200000  25.61400000  25.60300000  25.50700000  26.21900000  26.35700000  26.06800000  25.92700000  26.13300000  26.24100000  26.17700000  26.26900000  25.96500000  25.70600000  25.88700000
 23.32700000  22.30700000  20.11400000  22.30400000  22.75600000  22.96600000  22.95000000  23.76500000  25.00700000  25.01700000  25.32100000  26.05700000  25.36700000  25.37200000  25.43100000  25.42000000  25.45000000  26.08100000  26.19800000  26.38700000  26.03700000  25.76000000  26.08700000  26.17000000  26.05100000  25.98200000  25.77800000  25.71300000  25.89200000  25.95800000
 27.83300000  27.83300000  27.83300000  23.10000000  22.62100000  22.73100000  22.69100000  22.80000000  23.61100000  24.74900000  24.08300000  24.61100000  24.81300000  25.74900000  25.98200000  25.98600000  25.94300000  25.67600000  26.20000000  26.41900000  25.70900000  26.02200000  25.99100000  26.09100000  26.31900000  26.08400000  25.74300000  25.99100000  25.90800000  25.84000000
 27.83300000  27.83300000  27.83300000  27.83300000  23.21200000  22.76200000  22.67300000  22.48500000  23.02400000  23.52100000  23.95000000  23.41800000  23.54100000  23.91900000  24.18700000  24.70900000  25.11400000  25.05300000  26.23800000  26.37400000  25.73400000  25.87600000  26.03300000  25.92200000  26.06600000  26.48600000  26.09600000  26.00100000  25.90400000  26.03600000
 27.83300000  27.83300000  27.83300000  27.83300000  27.83300000  27.83300000  23.42700000  22.45300000  22.54100000  22.72600000  22.71300000  22.55600000  22.50100000  23.25100000  23.57300000  23.86700000  24.48900000  24.49200000  25.85800000  26.38900000  26.40900000  25.80300000  25.92700000  25.89400000  26.08500000  26.55400000  26.58200000  25.98600000  26.17100000  25.96900000
 27.83300000  27.83300000  27.83300000  27.83300000  27.83300000  27.83300000  27.83300000  27.83300000  27.83300000  27.83300000  27.83300000  27.83300000  22.58600000  21.77800000  21.13000000  23.41800000  24.41300000  24.73300000  24.82100000  26.40600000  26.44300000  26.46200000  26.44100000  26.50600000  26.34000000  26.66500000  26.59200000  26.61400000  26.06300000  26.03700000
 27.83300000  27.83300000  27.83300000  27.83300000  27.83300000  27.83300000  27.83300000  27.83300000  27.83300000  27.83300000  27.83300000  27.83300000  27.83300000  27.83300000  27.83300000  23.37800000  24.08900000  24.53400000  24.75300000  24.83300000  26.44200000  26.48300000  26.58700000  26.33000000  26.62400000  26.73100000  26.60400000  26.64200000  26.68100000  26.67300000
 27.83300000  27.83300000  27.83300000  27.83300000  27.83300000  27.83300000  27.83300000  27.83300000  27.83300000  27.83300000  27.83300000  27.83300000  27.83300000  27.83300000  27.83300000  27.83300000  23.49800000  22.77800000  24.29200000  24.28500000  26.35500000  26.42600000  26.52100000  26.38000000  26.75300000  26.80800000  26.73000000  26.69400000  26.72600000  26.85300000
 27.83300000  27.83300000  27.83300000  27.83300000  27.83300000  27.83300000  27.83300000  27.83300000  27.83300000  27.83300000  27.83300000  27.83300000  27.83300000  27.83300000  27.83300000  27.83300000  27.83300000  27.83300000  24.39600000  24.99300000  24.31900000  26.54000000  26.43200000  26.55300000  26.74500000  26.77200000  26.81000000  26.70100000  26.80700000  26.87800000
 27.83300000  27.83300000  27.83300000  27.83300000  27.83300000  27.83300000  27.83300000  27.83300000  27.83300000  27.83300000  27.83300000  27.83300000  27.83300000  27.83300000  27.83300000  27.83300000  27.83300000  27.83300000  27.83300000  25.29900000  24.52000000  26.61400000  26.47000000  26.67400000  26.87400000  26.76600000  26.77200000  26.76700000  26.83900000  26.93900000
 27.83300000  27.83300000  27.83300000  27.83300000  27.83300000  27.83300000  27.83300000  27.83300000  27.83300000  27.83300000  27.83300000  27.83300000  27.83300000  27.83300000  27.83300000  27.83300000  27.83300000  27.83300000  27.83300000  24.70700000  23.89400000  26.67800000  26.50200000  26.78500000  26.80100000  26.83400000  26.86900000  26.82100000  26.86000000  26.99700000
 27.83300000  27.83300000  27.83300000  27.83300000  27.83300000  27.83300000  27.83300000  27.83300000  27.83300000  27.83300000  27.83300000  27.83300000  27.83300000  27.83300000  27.83300000  27.83300000  27.83300000  27.83300000  27.83300000  25.04100000  25.02900000  26.70600000  26.60800000  26.88700000  26.69600000  26.82800000  26.88000000  26.83500000  26.97800000  26.96500000
 27.83300000  27.83300000  27.83300000  27.83300000  27.83300000  27.83300000  27.83300000  27.83300000  27.83300000  27.83300000  27.83300000  27.83300000  27.83300000  27.83300000  27.83300000  27.83300000  27.83300000  27.83300000  27.83300000  24.63000000  24.40100000  26.54700000  26.82200000  26.86800000  26.69400000  26.83400000  26.74600000  26.74800000  26.93600000  27.08700000
 27.83300000  27.83300000  27.83300000  27.83300000  27.83300000  27.83300000  27.83300000  27.83300000  27.83300000  27.83300000  27.83300000  27.83300000  27.83300000  27.83300000  27.83300000  27.83300000  27.83300000  27.83300000  27.83300000  27.83300000  24.89300000  25.90200000  26.68000000  26.74700000  26.70700000  26.80100000  26.69600000  26.48900000  26.44400000  26.99200000
 27.83300000  27.83300000  27.83300000  27.83300000  27.83300000  27.83300000  27.83300000  27.83300000  27.83300000  27.83300000  27.83300000  27.83300000  27.83300000  27.83300000  27.83300000  27.83300000  27.83300000  27.83300000  27.83300000  27.83300000  27.83300000  24.92500000  26.48400000  26.66800000  26.71800000  26.73300000  26.62900000  26.47400000  26.34100000  27.01400000
 27.83300000  27.83300000  27.83300000  27.83300000  27.83300000  27.83300000  27.83300000  27.83300000  27.83300000  27.83300000  27.83300000  27.83300000  27.83300000  27.83300000  27.83300000  27.83300000  27.83300000  27.83300000  27.83300000  27.83300000  27.83300000  24.78900000  26.13400000  26.57500000  26.58600000  26.53300000  26.50400000  26.39000000  26.79500000  27.14000000
 27.83300000  27.83300000  27.83300000  27.83300000  27.83300000  27.83300000  27.83300000  27.83300000  27.83300000  27.83300000  27.83300000  27.83300000  27.83300000  27.83300000  27.83300000  27.83300000  27.83300000  27.83300000  27.83300000  27.83300000  27.83300000  27.83300000  25.65000000  26.08800000  26.33100000  26.28000000  26.43100000  26.60000000  26.90300000  27.17000000
 27.83300000  27.83300000  27.83300000  27.83300000  27.83300000  27.83300000  27.83300000  27.83300000  27.83300000  27.83300000  27.83300000  27.83300000  27.83300000  27.83300000  27.83300000  27.83300000  27.83300000  27.83300000  27.83300000  27.83300000  27.83300000  27.83300000  27.83300000  25.67100000  26.30200000  26.43200000  26.40900000  26.57100000  26.67800000  27.17100000
 25.20700000  25.18600000  25.17500000  24.80300000  25.17000000  25.10500000  25.26500000  25.25200000  25.16300000  25.06600000  25.15100000  25.14300000  24.85900000  24.09300000  24.38600000  24.99400000  25.29500000  25.12300000  25.08500000  25.06900000  25.08300000  24.93500000  24.67800000  24.04000000  24.04500000  23.54100000  23.95700000  24.11000000  24.26400000  24.42700000
 25.14000000  25.05000000  24.76900000  25.05200000  25.13900000  25.08900000  25.00100000  24.97600000  25.02000000  25.08900000  25.05600000  24.70600000  23.92700000  24.50100000  24.67400000  25.29300000  24.97500000  24.98500000  25.01200000  25.00500000  24.91500000  24.79900000  24.52200000  24.04100000  24.24300000  25.18300000  25.11400000  25.13600000  24.77300000  24.66300000
 25.12600000  25.05000000  25.11100000  24.94900000  25.02200000  25.04700000  25.05900000  25.04300000  24.97500000  24.77400000  24.01300000  23.77200000  24.47600000  24.70000000  25.11800000  25.25200000  24.99200000  24.99900000  24.92500000  24.73900000  24.65700000  24.25400000  25.40500000  25.40200000  25.08900000  25.08900000  24.92700000  24.84400000  24.80900000  24.81300000
 24.39300000  25.02300000  25.15600000  25.06200000  24.78500000  24.85400000  24.67600000  23.94600000  24.00300000  24.07400000  24.31200000  24.59700000  24.70300000  25.03900000  25.35200000  25.15700000  24.97000000  24.86700000  24.68300000  24.29500000  25.30100000  25.44300000  25.49300000  25.55100000  25.57500000  25.28200000  25.02000000  24.92400000  24.97700000  25.06200000
 24.82600000  24.70500000  24.91500000  25.28400000  25.15500000  24.95600000  24.15100000  23.86800000  23.99000000  24.72500000  24.86000000  24.92100000  25.07000000  25.27400000  25.49700000  25.14500000  24.85900000  24.67600000  24.73800000  25.37500000  25.37000000  25.21300000  25.08400000  25.10200000  25.32300000  25.71400000  25.54300000  24.85700000  24.75600000  24.96700000
 24.07300000  24.13000000  24.25600000  24.59400000  25.61500000  25.46900000  25.23500000  25.14600000  25.14000000  25.13600000  25.14800000  25.16600000  25.17600000  25.27200000  25.54200000  25.22800000  24.55900000  25.02400000  25.37500000  25.28600000  25.09700000  24.89000000  24.73000000  24.86100000  25.10500000  25.60200000  26.00600000  25.55000000  24.71900000  24.95000000
 23.53400000  24.11700000  23.97500000  24.05400000  24.75400000  25.79900000  25.36700000  25.34400000  25.40400000  25.39100000  25.48900000  25.44400000  25.36600000  25.35800000  25.50600000  25.41300000  24.72900000  25.36400000  25.28500000  25.22800000  24.96600000  24.75400000  24.70400000  25.00100000  25.39400000  26.02600000  26.35400000  26.12200000  25.63800000  25.02300000
 22.95200000  23.39200000  23.91100000  23.37900000  23.94600000  24.48300000  25.82600000  25.91700000  25.40500000  25.31600000  25.42900000  25.42100000  25.44300000  25.44200000  25.46700000  25.45600000  25.10000000  25.22800000  25.33700000  25.19500000  25.16700000  25.13900000  25.24600000  25.79900000  26.09800000  26.17300000  26.36700000  26.33600000  25.65700000  25.73600000
 22.27900000  23.26300000  23.25900000  22.96600000  23.63500000  23.77000000  24.55000000  25.78200000  26.09800000  26.16400000  25.34600000  25.41800000  25.45600000  25.56200000  25.58500000  25.52900000  25.47700000  25.41800000  25.45200000  25.59300000  25.54400000  25.99100000  25.82500000  25.88900000  25.93200000  25.95400000  26.18600000  26.29700000  25.74800000  25.89500000
 19.85700000  19.07300000  17.99000000  22.59100000  23.07200000  23.45200000  23.76300000  25.25700000  25.67900000  26.13400000  25.97200000  25.33500000  25.38600000  25.44800000  25.43800000  25.55800000  25.61900000  25.60800000  25.51100000  26.22400000  26.36700000  26.08000000  25.93500000  26.14200000  26.25100000  26.18600000  26.27800000  25.97300000  25.71100000  25.89100000
 19.93500000  27.83300000  17.91500000  17.64000000  22.22400000  23.01700000  23.00800000  23.77900000  25.01600000  25.02500000  25.32800000  26.06300000  25.37200000  25.37700000  25.43600000  25.42400000  25.45500000  26.08300000  26.20500000  26.39500000  26.04800000  25.76600000  26.09500000  26.18000000  26.05900000  25.99000000  25.78500000  25.71900000  25.89900000  25.96500000
 27.83300000  27.83300000  27.83300000  27.83300000  18.87000000  21.86900000  22.29200000  22.79500000  23.61400000  24.75600000  24.09000000  24.61600000  24.81700000  25.75600000  25.98400000  25.99300000  25.94900000  25.68600000  26.20800000  26.42900000  25.71700000  26.02700000  25.99200000  26.09800000  26.32600000  26.09300000  25.75100000  26.00000000  25.91600000  25.84500000
 27.83300000  27.83300000  27.83300000  27.83300000  27.83300000  17.85500000  19.44700000  20.16600000  23.02400000  23.55500000  23.95900000  23.41700000  23.68800000  23.92100000  24.26900000  24.71800000  25.12000000  25.06100000  26.24700000  26.38200000  25.74200000  25.88300000  26.03900000  25.92900000  26.07100000  26.49500000  26.10700000  26.01000000  25.91300000  26.04200000
 27.83300000  27.83300000  27.83300000  27.83300000  27.83300000  27.83300000  27.83300000  18.20600000  17.54200000  18.45000000  21.81000000  22.37500000  20.92200000  22.18600000  23.19100000  23.86600000  24.49300000  24.49600000  25.86300000  26.39900000  26.41700000  25.81000000  25.93300000  25.90200000  26.09400000  26.56300000  26.59100000  25.99600000  26.17900000  25.97300000
 27.83300000  27.83300000  27.83300000  27.83300000  27.83300000  27.83300000  27.83300000  27.83300000  27.83300000  27.83300000  27.83300000  27.83300000  27.83300000  27.83300000  27.83300000  19.80000000  24.34300000  24.74500000  24.62100000  26.41700000  26.45300000  26.47100000  26.45000000  26.51500000  26.34600000  26.67400000  26.60000000  26.62300000  26.07200000  26.04200000
 27.83300000  27.83300000  27.83300000  27.83300000  27.83300000  27.83300000  27.83300000  27.83300000  27.83300000  27.83300000  27.83300000  27.83300000  27.83300000  27.83300000  27.83300000  27.83300000  23.62300000  24.55100000  24.76500000  24.84100000  26.45700000  26.49200000  26.59600000  26.34100000  26.63100000  26.74200000  26.61300000  26.65100000  26.68900000  26.68300000
 27.83300000  27.83300000  27.83300000  27.83300000  27.83300000  27.83300000  27.83300000  27.83300000  27.83300000  27.83300000  27.83300000  27.83300000  27.83300000  27.83300000  27.83300000  27.83300000  27.83300000  20.65500000  23.73300000  24.15300000  26.35700000  26.43900000  26.53100000  26.38600000  26.76300000  26.81900000  26.74000000  26.70400000  26.73700000  26.86200000
 27.83300000  27.83300000  27.83300000  27.83300000  27.83300000  27.83300000  27.83300000  27.83300000  27.83300000  27.83300000  27.83300000  27.83300000  27.83300000  27.83300000  27.83300000  27.83300000  27.83300000  27.83300000  27.83300000  24.84800000  24.31100000  26.55700000  26.43800000  26.56000000  26.75400000  26.78200000  26.82000000  26.71100000  26.81900000  26.88900000
 27.83300000  27.83300000  27.83300000  27.83300000  27.83300000  27.83300000  27.83300000  27.83300000  27.83300000  27.83300000  27.83300000  27.83300000  27.83300000  27.83300000  27.83300000  27.83300000  27.83300000  27.83300000  27.83300000  27.83300000  24.54100000  26.63300000  26.47600000  26.68200000  26.88500000  26.78000000  26.78100000  26.77800000  26.84900000  26.95100000
 27.83300000  27.83300000  27.83300000  27.83300000  27.83300000  27.83300000  27.83300000  27.83300000  27.83300000  27.83300000  27.83300000  27.83300000  27.83300000  27.83300000  27.83300000  27.83300000  27.83300000  27.83300000  27.83300000  27.83300000  23.28000000  26.69700000  26.51000000  26.79400000  26.81300000  26.84200000  26.87800000  26.83000000  26.86800000  27.00900000
 27.83300000  27.83300000  27.83300000  27.83300000  27.83300000  27.83300000  27.83300000  27.83300000  27.83300000  27.83300000  27.83300000  27.83300000  27.83300000  27.83300000  27.83300000  27.83300000  27.83300000  27.83300000  27.83300000  27.83300000  21.96200000  26.70900000  26.62100000  26.89600000  26.70600000  26.83700000  26.89000000  26.84500000  26.98700000  26.97700000
 27.83300000  27.83300000  27.83300000  27.83300000  27.83300000  27.83300000  27.83300000  27.83300000  27.83300000  27.83300000  27.83300000  27.83300000  27.83300000  27.83300000  27.83300000  27.83300000  27.83300000  27.83300000  27.83300000  27.83300000  23.02300000  26.55600000  26.83200000  26.88000000  26.70200000  26.84200000  26.76000000  26.75600000  26.94400000  27.09300000
 27.83300000  27.83300000  27.83300000  27.83300000  27.83300000  27.83300000  27.83300000  27.83300000  27.83300000  27.83300000  27.83300000  27.83300000  27.83300000  27.83300000  27.83300000  27.83300000  27.83300000  27.83300000  27.83300000  27.83300000  27.83300000  25.91300000  26.68200000  26.74700000  26.71600000  26.81000000  26.70500000  26.49800000  26.44900000  27.00000000
 27.83300000  27.83300000  27.83300000  27.83300000  27.83300000  27.83300000  27.83300000  27.83300000  27.83300000  27.83300000  27.83300000  27.83300000  27.83300000  27.83300000  27.83300000  27.83300000  27.83300000  27.83300000  27.83300000  27.83300000  27.83300000  24.73800000  26.48700000  26.66400000  26.71200000  26.73900000  26.63500000  26.48000000  26.34600000  27.02600000
 27.83300000  27.83300000  27.83300000  27.83300000  27.83300000  27.83300000  27.83300000  27.83300000  27.83300000  27.83300000  27.83300000  27.83300000  27.83300000  27.83300000  27.83300000  27.83300000  27.83300000  27.83300000  27.83300000  27.83300000  27.83300000  27.83300000  26.13600000  26.57400000  26.58300000  26.53000000  26.50400000  26.39100000  26.79800000  27.15000000
 27.83300000  27.83300000  27.83300000  27.83300000  27.83300000  27.83300000  27.83300000  27.83300000  27.83300000  27.83300000  27.83300000  27.83300000  27.83300000  27.83300000  27.83300000  27.83300000  27.83300000  27.83300000  27.83300000  27.83300000  27.83300000  27.83300000  25.64800000  26.08700000  26.33000000  26.27800000  26.42900000  26.60000000  26.88400000  27.17400000
 27.83300000  27.83300000  27.83300000  27.83300000  27.83300000  27.83300000  27.83300000  27.83300000  27.83300000  27.83300000  27.83300000  27.83300000  27.83300000  27.83300000  27.83300000  27.83300000  27.83300000  27.83300000  27.83300000  27.83300000  27.83300000  27.83300000  27.83300000  25.66500000  26.30500000  26.43200000  26.41300000  26.56900000  26.68600000  27.17200000
