36.99100000 36.94300000 36.92900000 36.98700000 37.20300000 37.21700000 37.23500000 37.24000000 37.19400000 37.17300000 37.10700000 36.98800000 36.87000000 36.65500000 36.80300000 36.88300000 37.04300000 37.01100000 37.06600000 37.04400000 36.99700000 36.97500000 36.83900000 36.55000000 36.55200000 36.31500000 36.57900000 36.59300000 36.56800000 36.64700000
36.93700000 36.84700000 36.95200000 37.15500000 37.18100000 37.17100000 37.18600000 37.17700000 37.14700000 37.07100000 36.96500000 36.84700000 36.55800000 36.87900000 36.87200000 37.07900000 36.99600000 37.08400000 37.04800000 37.02200000 36.97300000 36.88900000 36.79300000 36.64600000 36.74100000 37.11200000 37.06400000 37.08200000 36.99400000 36.96800000
36.94500000 36.91700000 36.92100000 37.10500000 37.12300000 37.08400000 37.05800000 37.02200000 36.96200000 36.88500000 36.64500000 36.46500000 36.89400000 36.89300000 36.93400000 37.10200000 36.98600000 37.06200000 37.00600000 36.91600000 36.85700000 36.72600000 37.18900000 37.18800000 37.02200000 37.06300000 37.00500000 36.98100000 36.91700000 36.85600000
36.45100000 37.03400000 37.00000000 36.89200000 37.02400000 37.02600000 36.94100000 36.58800000 36.64800000 36.70800000 36.84000000 36.93600000 36.89800000 36.91900000 36.98600000 37.04600000 36.97700000 36.98900000 36.89900000 36.74000000 37.15200000 37.26500000 37.25200000 37.24900000 37.26800000 37.13900000 36.99700000 36.90800000 36.88000000 36.84000000
35.86900000 36.99700000 37.03200000 37.16700000 36.92700000 36.93600000 36.71600000 36.55200000 36.65100000 36.95500000 36.93700000 36.92800000 36.93400000 36.93600000 37.03000000 37.02400000 36.93200000 36.89800000 36.89600000 37.22700000 37.23800000 37.18800000 37.16000000 37.16300000 37.19300000 37.25500000 37.28100000 36.81400000 36.62200000 36.63900000
35.53900000 36.72500000 36.80100000 36.87300000 37.28000000 37.09700000 36.92800000 36.84600000 36.82800000 36.82000000 36.82800000 36.85200000 36.87400000 36.92000000 37.04500000 37.06300000 36.78600000 37.00600000 37.21300000 37.22700000 37.17100000 37.07400000 37.00300000 37.05000000 37.16000000 37.21600000 37.32000000 37.27500000 36.68200000 36.63000000
35.78400000 36.51400000 36.57900000 36.70600000 36.97100000 37.32700000 36.97700000 36.92800000 36.95200000 36.96000000 37.04100000 37.00800000 36.99800000 37.02100000 37.04300000 37.15700000 36.87700000 37.16800000 37.21400000 37.20600000 37.12600000 37.01500000 37.00600000 37.11300000 37.18100000 37.32300000 37.44800000 37.39000000 37.25600000 36.72500000
35.63300000 36.10900000 36.53000000 36.29400000 36.51200000 36.88300000 37.34100000 37.33000000 36.99200000 36.89700000 36.94800000 36.96800000 37.02300000 37.03800000 37.03100000 37.13300000 37.05700000 37.12800000 37.18300000 37.18600000 37.17600000 37.17000000 37.16200000 37.23400000 37.42400000 37.42400000 37.45900000 37.45900000 37.28400000 37.30200000
35.36500000 35.45900000 35.74200000 36.04800000 36.56200000 36.29400000 36.96700000 37.32300000 37.38900000 37.41000000 36.96600000 36.95700000 36.99800000 37.07600000 37.07000000 37.18700000 37.21200000 37.19700000 37.20300000 37.25600000 37.12500000 37.31000000 37.29800000 37.34400000 37.36900000 37.38200000 37.44100000 37.46900000 37.29400000 37.26400000
35.19400000 35.62700000 35.54300000 35.78700000 36.13300000 36.15500000 36.38200000 37.20700000 37.29500000 37.39800000 37.26800000 36.96500000 36.97500000 36.95700000 37.02800000 37.19900000 37.24800000 37.23000000 37.04300000 37.34600000 37.37600000 37.33200000 37.35300000 37.39500000 37.43700000 37.44400000 37.46400000 37.34700000 37.28400000 37.23200000
34.84100000 34.98200000 35.71600000 35.43900000 35.56500000 35.99700000 35.75900000 36.52400000 37.16300000 37.10700000 37.15200000 37.36600000 36.98200000 36.99500000 36.99400000 37.04800000 37.06100000 37.33300000 37.33800000 37.37100000 37.31400000 37.28300000 37.37100000 37.32000000 37.34200000 37.34800000 37.32200000 37.28500000 37.26800000 37.19000000
37.59700000 37.59700000 37.59700000 35.27600000 35.41800000 35.56400000 35.65400000 35.64200000 36.49200000 37.09300000 36.67600000 36.97500000 36.89700000 37.27600000 37.33100000 37.32400000 37.28900000 37.20900000 37.30600000 37.37000000 37.22300000 37.35300000 37.27100000 37.28300000 37.36200000 37.34600000 37.27800000 37.34500000 37.22200000 37.16100000
37.59700000 37.59700000 37.59700000 37.59700000 35.24000000 35.47400000 35.52400000 35.58600000 35.88700000 36.45700000 36.69300000 36.37600000 36.40500000 36.59700000 36.45500000 36.91400000 37.11500000 37.02200000 37.31300000 37.38000000 37.20500000 37.27900000 37.25200000 37.23900000 37.32300000 37.39700000 37.35200000 37.32900000 37.24300000 37.19200000
37.59700000 37.59700000 37.59700000 37.59700000 37.59700000 37.59700000 35.43100000 35.54300000 35.63200000 35.75100000 35.98000000 36.16700000 36.16100000 36.20000000 36.28000000 36.12700000 36.52300000 36.87300000 37.15800000 37.42600000 37.37500000 37.21700000 37.21900000 37.19400000 37.31900000 37.39200000 37.46600000 37.32600000 37.39700000 37.21900000
37.59700000 37.59700000 37.59700000 37.59700000 37.59700000 37.59700000 37.59700000 37.59700000 37.59700000 37.59700000 37.59700000 37.59700000 35.95100000 36.19400000 36.13400000 36.05200000 36.34300000 36.97200000 36.99600000 37.34900000 37.43100000 37.42300000 37.37800000 37.39100000 37.35300000 37.38000000 37.42600000 37.48600000 37.34100000 37.38200000
37.59700000 37.59700000 37.59700000 37.59700000 37.59700000 37.59700000 37.59700000 37.59700000 37.59700000 37.59700000 37.59700000 37.59700000 37.59700000 37.59700000 37.59700000 36.01800000 36.38700000 36.76800000 36.98900000 36.91000000 37.34100000 37.42300000 37.41900000 37.37300000 37.31600000 37.37300000 37.41900000 37.47600000 37.52800000 37.54200000
37.59700000 37.59700000 37.59700000 37.59700000 37.59700000 37.59700000 37.59700000 37.59700000 37.59700000 37.59700000 37.59700000 37.59700000 37.59700000 37.59700000 37.59700000 37.59700000 35.96900000 36.14000000 36.67900000 36.81500000 37.33700000 37.40100000 37.42200000 37.37300000 37.33400000 37.37500000 37.38500000 37.42800000 37.42700000 37.56200000
37.59700000 37.59700000 37.59700000 37.59700000 37.59700000 37.59700000 37.59700000 37.59700000 37.59700000 37.59700000 37.59700000 37.59700000 37.59700000 37.59700000 37.59700000 37.59700000 37.59700000 37.59700000 36.08900000 37.01300000 36.75100000 37.34700000 37.42600000 37.33800000 37.34600000 37.36300000 37.38900000 37.33500000 37.37200000 37.48400000
37.59700000 37.59700000 37.59700000 37.59700000 37.59700000 37.59700000 37.59700000 37.59700000 37.59700000 37.59700000 37.59700000 37.59700000 37.59700000 37.59700000 37.59700000 37.59700000 37.59700000 37.59700000 37.59700000 36.90100000 36.76000000 37.36200000 37.41000000 37.32300000 37.41900000 37.38600000 37.37300000 37.34400000 37.35700000 37.39900000
37.59700000 37.59700000 37.59700000 37.59700000 37.59700000 37.59700000 37.59700000 37.59700000 37.59700000 37.59700000 37.59700000 37.59700000 37.59700000 37.59700000 37.59700000 37.59700000 37.59700000 37.59700000 37.59700000 36.88300000 36.69500000 37.36900000 37.34500000 37.36900000 37.40000000 37.42300000 37.41200000 37.36200000 37.34700000 37.41000000
37.59700000 37.59700000 37.59700000 37.59700000 37.59700000 37.59700000 37.59700000 37.59700000 37.59700000 37.59700000 37.59700000 37.59700000 37.59700000 37.59700000 37.59700000 37.59700000 37.59700000 37.59700000 37.59700000 36.87300000 36.87500000 37.37800000 37.30500000 37.41100000 37.39000000 37.41000000 37.42600000 37.37900000 37.37900000 37.35300000
37.59700000 37.59700000 37.59700000 37.59700000 37.59700000 37.59700000 37.59700000 37.59700000 37.59700000 37.59700000 37.59700000 37.59700000 37.59700000 37.59700000 37.59700000 37.59700000 37.59700000 37.59700000 37.59700000 36.54000000 36.73500000 37.32200000 37.38900000 37.39600000 37.39500000 37.37900000 37.36200000 37.31200000 37.32100000 37.37300000
37.59700000 37.59700000 37.59700000 37.59700000 37.59700000 37.59700000 37.59700000 37.59700000 37.59700000 37.59700000 37.59700000 37.59700000 37.59700000 37.59700000 37.59700000 37.59700000 37.59700000 37.59700000 37.59700000 37.59700000 36.70700000 37.11700000 37.35300000 37.34900000 37.37000000 37.34000000 37.31400000 37.30500000 37.27000000 37.31500000
37.59700000 37.59700000 37.59700000 37.59700000 37.59700000 37.59700000 37.59700000 37.59700000 37.59700000 37.59700000 37.59700000 37.59700000 37.59700000 37.59700000 37.59700000 37.59700000 37.59700000 37.59700000 37.59700000 37.59700000 37.59700000 36.73200000 37.29000000 37.35800000 37.35700000 37.33500000 37.32600000 37.29500000 37.23900000 37.31600000
37.59700000 37.59700000 37.59700000 37.59700000 37.59700000 37.59700000 37.59700000 37.59700000 37.59700000 37.59700000 37.59700000 37.59700000 37.59700000 37.59700000 37.59700000 37.59700000 37.59700000 37.59700000 37.59700000 37.59700000 37.59700000 36.53600000 37.14900000 37.32200000 37.32900000 37.31800000 37.29600000 37.23400000 37.29000000 37.32500000
37.59700000 37.59700000 37.59700000 37.59700000 37.59700000 37.59700000 37.59700000 37.59700000 37.59700000 37.59700000 37.59700000 37.59700000 37.59700000 37.59700000 37.59700000 37.59700000 37.59700000 37.59700000 37.59700000 37.59700000 37.59700000 37.59700000 36.82600000 37.12100000 37.23400000 37.20000000 37.21600000 37.28900000 37.27700000 37.30800000
37.59700000 37.59700000 37.59700000 37.59700000 37.59700000 37.59700000 37.59700000 37.59700000 37.59700000 37.59700000 37.59700000 37.59700000 37.59700000 37.59700000 37.59700000 37.59700000 37.59700000 37.59700000 37.59700000 37.59700000 37.59700000 37.59700000 37.59700000 36.66700000 37.19900000 37.22800000 37.24000000 37.24900000 37.24600000 37.29200000
36.98900000 36.94300000 36.92800000 36.98600000 37.20200000 37.21700000 37.23400000 37.23700000 37.19400000 37.17300000 37.11100000 36.98900000 36.87200000 36.66000000 36.80200000 36.88200000 37.04000000 37.00900000 37.06500000 37.04400000 36.99700000 36.97500000 36.83300000 36.54700000 36.55100000 36.31300000 36.57800000 36.59200000 36.56700000 36.64400000
36.93700000 36.84600000 36.95100000 37.15400000 37.18000000 37.17100000 37.18500000 37.17600000 37.14600000 37.07000000 36.96500000 36.84700000 36.55500000 36.87700000 36.87100000 37.07700000 36.99600000 37.08400000 37.04800000 37.02100000 36.97300000 36.88800000 36.79200000 36.64600000 36.73800000 37.11100000 37.06300000 37.08100000 36.99300000 36.96800000
36.94500000 36.91600000 36.92000000 37.10400000 37.12300000 37.08500000 37.05800000 37.02200000 36.96100000 36.88400000 36.64500000 36.46400000 36.89200000 36.89200000 36.93300000 37.10200000 36.98600000 37.06300000 37.00500000 36.91500000 36.85600000 36.72600000 37.18700000 37.18700000 37.02100000 37.06200000 37.00500000 36.98000000 36.91600000 36.85600000
36.61200000 37.03200000 36.99900000 36.89300000 37.02400000 37.02600000 36.94200000 36.59100000 36.64700000 36.70800000 36.83800000 36.93500000 36.89700000 36.91800000 36.98500000 37.04600000 36.97700000 36.98900000 36.89900000 36.74000000 37.14900000 37.26400000 37.25100000 37.24800000 37.26700000 37.13900000 36.99600000 36.90700000 36.88100000 36.84000000
36.82600000 36.99600000 37.03100000 37.16500000 36.92500000 36.92400000 36.71700000 36.55300000 36.65000000 36.95400000 36.93700000 36.92700000 36.93400000 36.93500000 37.02900000 37.02300000 36.93100000 36.89800000 36.89200000 37.22500000 37.23700000 37.18700000 37.15900000 37.16200000 37.19100000 37.25400000 37.28000000 36.81400000 36.62100000 36.63800000
36.22100000 36.73900000 36.80000000 36.87200000 37.27800000 37.09700000 36.92800000 36.84500000 36.82700000 36.81900000 36.82700000 36.85100000 36.87300000 36.91900000 37.04400000 37.06200000 36.78500000 37.00400000 37.21200000 37.22500000 37.17000000 37.07300000 37.00200000 37.05000000 37.15800000 37.21400000 37.31900000 37.27400000 36.68300000 36.62900000
35.78300000 36.51200000 36.57900000 36.70500000 36.97000000 37.32600000 36.97600000 36.92700000 36.95100000 36.95900000 37.04000000 37.00700000 36.99700000 37.02000000 37.04100000 37.15600000 36.87600000 37.16600000 37.21300000 37.20400000 37.12500000 37.01300000 37.00400000 37.11100000 37.17900000 37.32100000 37.44700000 37.38900000 37.25500000 36.73200000
35.69200000 36.11600000 36.52800000 36.29300000 36.51400000 36.88400000 37.34000000 37.32800000 36.99000000 36.89600000 36.94700000 36.96700000 37.02200000 37.03600000 37.03000000 37.13100000 37.05600000 37.12700000 37.18200000 37.18400000 37.17400000 37.16800000 37.16000000 37.23200000 37.42300000 37.42300000 37.45700000 37.45800000 37.28300000 37.30400000
35.94000000 35.66000000 35.81100000 36.05700000 36.56000000 36.29500000 36.96500000 37.32100000 37.38800000 37.40900000 36.96400000 36.95600000 36.99700000 37.07500000 37.06800000 37.18500000 37.21100000 37.19600000 37.20200000 37.25500000 37.12500000 37.30800000 37.29600000 37.34200000 37.36800000 37.38100000 37.44000000 37.46800000 37.29300000 37.26500000
36.07400000 35.98200000 35.87100000 35.88000000 36.15900000 36.18400000 36.39900000 37.20600000 37.29400000 37.39700000 37.26700000 36.96400000 36.97400000 36.95600000 37.02700000 37.19700000 37.24700000 37.22900000 37.04100000 37.34400000 37.37500000 37.33100000 37.35200000 37.39400000 37.43600000 37.44300000 37.46300000 37.34500000 37.28300000 37.23200000
35.73000000 37.59700000 35.83700000 35.80400000 36.22100000 36.10900000 35.78500000 36.52900000 37.16100000 37.10600000 37.15000000 37.36500000 36.98100000 36.99300000 36.99200000 37.04600000 37.06000000 37.33200000 37.33600000 37.36900000 37.31300000 37.28200000 37.37000000 37.31800000 37.34100000 37.34700000 37.32100000 37.28300000 37.26700000 37.18900000
37.59700000 37.59700000 37.59700000 37.59700000 35.75700000 36.10200000 35.96600000 35.66700000 36.49100000 37.09100000 36.67700000 36.97400000 36.89700000 37.27500000 37.32700000 37.32300000 37.28900000 37.20800000 37.30400000 37.36800000 37.22200000 37.35100000 37.27000000 37.28100000 37.36100000 37.34500000 37.27700000 37.34400000 37.22100000 37.16000000
37.59700000 37.59700000 37.59700000 37.59700000 37.59700000 35.76900000 35.81400000 36.00600000 36.30200000 36.47400000 36.69700000 36.37600000 36.47000000 36.60100000 36.50500000 36.91000000 37.11400000 37.02100000 37.31100000 37.37900000 37.20400000 37.27800000 37.25000000 37.23700000 37.32100000 37.39600000 37.35100000 37.32800000 37.24200000 37.19100000
37.59700000 37.59700000 37.59700000 37.59700000 37.59700000 37.59700000 37.59700000 35.76800000 35.76700000 35.89800000 36.36300000 36.28400000 36.16400000 36.43700000 36.39200000 36.12900000 36.52500000 36.87200000 37.15500000 37.42500000 37.37300000 37.21600000 37.21800000 37.19300000 37.31800000 37.39000000 37.46500000 37.32500000 37.39500000 37.21700000
37.59700000 37.59700000 37.59700000 37.59700000 37.59700000 37.59700000 37.59700000 37.59700000 37.59700000 37.59700000 37.59700000 37.59700000 37.59700000 37.59700000 37.59700000 36.17700000 36.34500000 36.97400000 36.96500000 37.34700000 37.43000000 37.42200000 37.37700000 37.39000000 37.35200000 37.37900000 37.42400000 37.48400000 37.34000000 37.38100000
37.59700000 37.59700000 37.59700000 37.59700000 37.59700000 37.59700000 37.59700000 37.59700000 37.59700000 37.59700000 37.59700000 37.59700000 37.59700000 37.59700000 37.59700000 37.59700000 36.37000000 36.77400000 36.98900000 36.90900000 37.33900000 37.42200000 37.41800000 37.37200000 37.31500000 37.37100000 37.41800000 37.47500000 37.52700000 37.54100000
37.59700000 37.59700000 37.59700000 37.59700000 37.59700000 37.59700000 37.59700000 37.59700000 37.59700000 37.59700000 37.59700000 37.59700000 37.59700000 37.59700000 37.59700000 37.59700000 37.59700000 36.29900000 36.62100000 36.80500000 37.32800000 37.39900000 37.42000000 37.37200000 37.33200000 37.37400000 37.38300000 37.42600000 37.42500000 37.56100000
37.59700000 37.59700000 37.59700000 37.59700000 37.59700000 37.59700000 37.59700000 37.59700000 37.59700000 37.59700000 37.59700000 37.59700000 37.59700000 37.59700000 37.59700000 37.59700000 37.59700000 37.59700000 37.59700000 36.98800000 36.75400000 37.34700000 37.42500000 37.33700000 37.34500000 37.36100000 37.38700000 37.33400000 37.37000000 37.48300000
37.59700000 37.59700000 37.59700000 37.59700000 37.59700000 37.59700000 37.59700000 37.59700000 37.59700000 37.59700000 37.59700000 37.59700000 37.59700000 37.59700000 37.59700000 37.59700000 37.59700000 37.59700000 37.59700000 37.59700000 36.78300000 37.36400000 37.40900000 37.32300000 37.41800000 37.38500000 37.37200000 37.34400000 37.35600000 37.39800000
37.59700000 37.59700000 37.59700000 37.59700000 37.59700000 37.59700000 37.59700000 37.59700000 37.59700000 37.59700000 37.59700000 37.59700000 37.59700000 37.59700000 37.59700000 37.59700000 37.59700000 37.59700000 37.59700000 37.59700000 36.67800000 37.37300000 37.34600000 37.37000000 37.40100000 37.42200000 37.41100000 37.36100000 37.34600000 37.40900000
37.59700000 37.59700000 37.59700000 37.59700000 37.59700000 37.59700000 37.59700000 37.59700000 37.59700000 37.59700000 37.59700000 37.59700000 37.59700000 37.59700000 37.59700000 37.59700000 37.59700000 37.59700000 37.59700000 37.59700000 36.49000000 37.38400000 37.31200000 37.41300000 37.39100000 37.41000000 37.42500000 37.37800000 37.37800000 37.35100000
37.59700000 37.59700000 37.59700000 37.59700000 37.59700000 37.59700000 37.59700000 37.59700000 37.59700000 37.59700000 37.59700000 37.59700000 37.59700000 37.59700000 37.59700000 37.59700000 37.59700000 37.59700000 37.59700000 37.59700000 36.56000000 37.32300000 37.39800000 37.40100000 37.39600000 37.38000000 37.36300000 37.31100000 37.32000000 37.37200000
37.59700000 37.59700000 37.59700000 37.59700000 37.59700000 37.59700000 37.59700000 37.59700000 37.59700000 37.59700000 37.59700000 37.59700000 37.59700000 37.59700000 37.59700000 37.59700000 37.59700000 37.59700000 37.59700000 37.59700000 37.59700000 37.11500000 37.35600000 37.36700000 37.38000000 37.34700000 37.31600000 37.30700000 37.27100000 37.31400000
37.59700000 37.59700000 37.59700000 37.59700000 37.59700000 37.59700000 37.59700000 37.59700000 37.59700000 37.59700000 37.59700000 37.59700000 37.59700000 37.59700000 37.59700000 37.59700000 37.59700000 37.59700000 37.59700000 37.59700000 37.59700000 36.71100000 37.28700000 37.35800000 37.36300000 37.34200000 37.32800000 37.29600000 37.24100000 37.31700000
37.59700000 37.59700000 37.59700000 37.59700000 37.59700000 37.59700000 37.59700000 37.59700000 37.59700000 37.59700000 37.59700000 37.59700000 37.59700000 37.59700000 37.59700000 37.59700000 37.59700000 37.59700000 37.59700000 37.59700000 37.59700000 37.59700000 37.14600000 37.31900000 37.32700000 37.31800000 37.30300000 37.23700000 37.29200000 37.32600000
37.59700000 37.59700000 37.59700000 37.59700000 37.59700000 37.59700000 37.59700000 37.59700000 37.59700000 37.59700000 37.59700000 37.59700000 37.59700000 37.59700000 37.59700000 37.59700000 37.59700000 37.59700000 37.59700000 37.59700000 37.59700000 37.59700000 36.81900000 37.11800000 37.23100000 37.19700000 37.21600000 37.28800000 37.27500000 37.30900000
37.59700000 37.59700000 37.59700000 37.59700000 37.59700000 37.59700000 37.59700000 37.59700000 37.59700000 37.59700000 37.59700000 37.59700000 37.59700000 37.59700000 37.59700000 37.59700000 37.59700000 37.59700000 37.59700000 37.59700000 37.59700000 37.59700000 37.59700000 36.66100000 37.19700000 37.22500000 37.23900000 37.24700000 37.24500000 37.29100000
