25.19000000 25.15400000 25.14900000 24.79400000 25.15600000 25.08800000 25.22300000 25.24500000 25.15000000 25.00000000 25.11700000 25.11700000 24.82300000 24.10400000 24.40100000 24.96600000 25.28000000 25.05800000 25.04000000 25.05100000 25.05900000 24.89100000 24.59800000 24.05400000 24.02700000 23.50400000 23.94500000 24.08100000 24.21600000 24.40300000
25.09400000 25.05300000 24.76900000 25.05700000 25.14100000 25.09000000 25.00100000 24.97500000 25.02200000 25.09000000 25.05700000 24.70700000 23.94400000 24.51200000 24.68700000 25.29500000 24.98100000 24.98600000 25.00900000 24.99600000 24.91300000 24.79900000 24.52100000 24.03900000 24.29300000 25.19200000 25.11600000 25.13900000 24.77100000 24.66100000
25.09600000 25.05700000 25.11600000 24.95500000 25.02700000 25.05000000 25.05800000 25.04200000 24.97300000 24.76700000 24.00900000 23.78400000 24.48900000 24.71100000 25.12900000 25.25600000 24.99900000 24.99900000 24.91700000 24.73500000 24.65400000 24.24400000 25.42600000 25.39400000 25.09000000 25.09300000 24.93100000 24.85300000 24.82400000 24.82000000
24.29500000 25.03500000 25.16900000 25.06700000 24.78900000 24.85700000 24.67100000 23.93800000 24.00400000 24.07000000 24.31000000 24.60400000 24.71100000 25.05100000 25.35800000 25.15900000 24.97700000 24.86600000 24.67300000 24.29100000 25.30800000 25.43800000 25.49400000 25.55400000 25.58000000 25.29000000 25.02400000 24.92800000 24.98000000 25.05800000
23.67100000 24.71900000 24.91100000 25.28900000 25.17700000 25.04000000 24.15700000 23.86800000 23.99100000 24.73500000 24.86300000 24.92300000 25.07100000 25.27400000 25.49900000 25.14400000 24.86700000 24.67900000 24.74700000 25.36800000 25.36700000 25.20600000 25.08200000 25.10300000 25.32300000 25.71500000 25.55400000 24.86600000 24.76600000 24.97100000
23.52300000 24.11400000 24.27200000 24.59300000 25.62200000 25.48100000 25.24700000 25.15100000 25.14000000 25.13400000 25.14200000 25.16100000 25.17100000 25.26500000 25.54300000 25.23100000 24.56900000 25.03100000 25.37500000 25.28800000 25.09900000 24.89300000 24.73300000 24.86500000 25.11100000 25.60600000 26.00800000 25.55400000 24.73000000 24.95300000
23.50500000 24.13900000 23.99700000 24.07300000 24.74200000 25.80500000 25.38200000 25.34900000 25.40900000 25.39800000 25.49000000 25.44500000 25.36800000 25.35700000 25.50800000 25.41700000 24.73500000 25.36900000 25.28600000 25.22900000 24.96700000 24.76000000 24.71300000 25.01000000 25.41100000 26.03500000 26.35700000 26.13000000 25.64000000 25.02700000
22.99700000 23.40600000 23.93300000 23.40100000 23.95300000 24.42300000 25.81500000 25.94600000 25.42400000 25.31200000 25.42600000 25.42500000 25.44800000 25.44800000 25.47100000 25.45800000 25.09900000 25.23300000 25.33900000 25.19800000 25.17000000 25.14400000 25.25500000 25.81500000 26.08800000 26.16300000 26.36300000 26.33900000 25.66300000 25.73400000
22.66400000 23.21800000 23.21300000 22.98200000 23.63700000 23.77600000 24.54600000 25.78000000 26.10300000 26.16800000 25.35200000 25.42100000 25.46200000 25.56800000 25.59000000 25.53200000 25.48000000 25.42000000 25.45300000 25.59400000 25.54300000 25.99700000 25.81900000 25.88500000 25.93500000 25.95100000 26.18100000 26.29700000 25.75400000 25.89900000
22.72500000 20.96400000 21.72900000 22.74700000 23.06900000 23.43700000 23.74200000 25.25300000 25.66300000 26.12300000 25.95900000 25.33900000 25.39400000 25.45400000 25.44500000 25.56600000 25.62300000 25.61300000 25.51700000 26.23200000 26.36200000 26.08500000 25.94000000 26.14000000 26.25300000 26.19000000 26.27700000 25.97200000 25.71900000 25.89600000
23.33200000 22.48600000 20.25600000 22.35300000 22.79100000 22.98400000 22.96400000 23.77500000 25.01000000 25.01200000 25.33500000 26.06400000 25.37700000 25.38600000 25.44500000 25.43400000 25.45700000 26.09000000 26.20100000 26.39300000 26.04800000 25.77000000 26.08900000 26.19600000 26.05900000 25.98500000 25.78500000 25.72500000 25.90300000 25.96700000
27.83300000 27.83300000 27.83300000 23.21400000 22.69500000 22.77900000 22.71800000 22.81900000 23.62400000 24.74800000 24.07800000 24.60600000 24.83000000 25.77500000 25.99800000 26.00500000 25.93100000 25.66800000 26.21400000 26.42200000 25.71900000 26.03200000 26.00100000 26.09800000 26.32900000 26.09900000 25.75200000 26.00200000 25.91800000 25.84200000
27.83300000 27.83300000 27.83300000 27.83300000 23.33100000 22.88100000 22.72200000 22.51500000 23.04800000 23.52700000 23.92700000 23.41900000 23.58500000 23.94400000 24.23700000 24.78600000 25.12800000 25.05200000 26.25800000 26.38000000 25.74000000 25.88600000 26.04600000 25.93100000 26.06900000 26.49600000 26.10800000 26.00900000 25.91200000 26.04300000
27.83300000 27.83300000 27.83300000 27.83300000 27.83300000 27.83300000 23.53600000 22.52400000 22.61800000 22.79500000 22.75200000 22.59000000 22.64100000 23.29800000 23.63100000 23.90700000 24.52000000 24.49200000 25.89000000 26.39700000 26.41500000 25.81500000 25.93700000 25.90400000 26.09900000 26.56700000 26.59000000 25.99800000 26.17900000 25.97600000
27.83300000 27.83300000 27.83300000 27.83300000 27.83300000 27.83300000 27.83300000 27.83300000 27.83300000 27.83300000 27.83300000 27.83300000 22.71800000 21.85100000 21.26200000 23.46500000 24.42400000 24.72500000 24.84100000 26.41400000 26.44900000 26.47000000 26.45200000 26.51600000 26.36000000 26.67400000 26.60000000 26.62300000 26.08300000 26.04400000
27.83300000 27.83300000 27.83300000 27.83300000 27.83300000 27.83300000 27.83300000 27.83300000 27.83300000 27.83300000 27.83300000 27.83300000 27.83300000 27.83300000 27.83300000 23.44500000 24.10500000 24.52300000 24.76700000 24.85700000 26.44000000 26.49200000 26.59600000 26.33000000 26.63400000 26.73700000 26.61200000 26.65000000 26.69000000 26.68500000
27.83300000 27.83300000 27.83300000 27.83300000 27.83300000 27.83300000 27.83300000 27.83300000 27.83300000 27.83300000 27.83300000 27.83300000 27.83300000 27.83300000 27.83300000 27.83300000 23.53900000 22.80600000 24.30900000 24.25600000 26.34800000 26.43300000 26.52600000 26.39400000 26.76300000 26.81300000 26.73900000 26.70300000 26.73700000 26.86100000
27.83300000 27.83300000 27.83300000 27.83300000 27.83300000 27.83300000 27.83300000 27.83300000 27.83300000 27.83300000 27.83300000 27.83300000 27.83300000 27.83300000 27.83300000 27.83300000 27.83300000 27.83300000 24.42000000 25.00400000 24.38100000 26.55100000 26.44000000 26.56800000 26.75200000 26.77900000 26.81500000 26.70800000 26.81800000 26.88500000
27.83300000 27.83300000 27.83300000 27.83300000 27.83300000 27.83300000 27.83300000 27.83300000 27.83300000 27.83300000 27.83300000 27.83300000 27.83300000 27.83300000 27.83300000 27.83300000 27.83300000 27.83300000 27.83300000 25.31100000 24.52200000 26.62700000 26.47500000 26.68500000 26.88200000 26.77600000 26.78100000 26.77900000 26.85100000 26.94700000
27.83300000 27.83300000 27.83300000 27.83300000 27.83300000 27.83300000 27.83300000 27.83300000 27.83300000 27.83300000 27.83300000 27.83300000 27.83300000 27.83300000 27.83300000 27.83300000 27.83300000 27.83300000 27.83300000 24.70700000 23.86600000 26.68000000 26.50900000 26.79600000 26.80100000 26.84600000 26.87600000 26.83300000 26.86800000 27.00500000
27.83300000 27.83300000 27.83300000 27.83300000 27.83300000 27.83300000 27.83300000 27.83300000 27.83300000 27.83300000 27.83300000 27.83300000 27.83300000 27.83300000 27.83300000 27.83300000 27.83300000 27.83300000 27.83300000 25.08500000 25.09800000 26.70700000 26.62300000 26.89700000 26.70400000 26.84300000 26.89200000 26.83100000 26.98800000 26.97500000
27.83300000 27.83300000 27.83300000 27.83300000 27.83300000 27.83300000 27.83300000 27.83300000 27.83300000 27.83300000 27.83300000 27.83300000 27.83300000 27.83300000 27.83300000 27.83300000 27.83300000 27.83300000 27.83300000 24.75400000 24.44700000 26.55500000 26.83200000 26.87200000 26.70200000 26.84300000 26.74500000 26.75000000 26.94600000 27.09200000
27.83300000 27.83300000 27.83300000 27.83300000 27.83300000 27.83300000 27.83300000 27.83300000 27.83300000 27.83300000 27.83300000 27.83300000 27.83300000 27.83300000 27.83300000 27.83300000 27.83300000 27.83300000 27.83300000 27.83300000 24.94100000 25.92000000 26.70700000 26.77400000 26.71900000 26.80900000 26.70200000 26.49600000 26.46100000 27.00000000
27.83300000 27.83300000 27.83300000 27.83300000 27.83300000 27.83300000 27.83300000 27.83300000 27.83300000 27.83300000 27.83300000 27.83300000 27.83300000 27.83300000 27.83300000 27.83300000 27.83300000 27.83300000 27.83300000 27.83300000 27.83300000 24.96000000 26.49700000 26.70600000 26.75900000 26.75400000 26.64300000 26.48300000 26.35900000 27.03700000
27.83300000 27.83300000 27.83300000 27.83300000 27.83300000 27.83300000 27.83300000 27.83300000 27.83300000 27.83300000 27.83300000 27.83300000 27.83300000 27.83300000 27.83300000 27.83300000 27.83300000 27.83300000 27.83300000 27.83300000 27.83300000 24.85600000 26.14900000 26.60400000 26.62200000 26.57100000 26.53000000 26.40700000 26.82300000 27.14700000
27.83300000 27.83300000 27.83300000 27.83300000 27.83300000 27.83300000 27.83300000 27.83300000 27.83300000 27.83300000 27.83300000 27.83300000 27.83300000 27.83300000 27.83300000 27.83300000 27.83300000 27.83300000 27.83300000 27.83300000 27.83300000 27.83300000 25.68800000 26.11500000 26.36100000 26.31100000 26.46600000 26.64100000 26.92800000 27.19700000
27.83300000 27.83300000 27.83300000 27.83300000 27.83300000 27.83300000 27.83300000 27.83300000 27.83300000 27.83300000 27.83300000 27.83300000 27.83300000 27.83300000 27.83300000 27.83300000 27.83300000 27.83300000 27.83300000 27.83300000 27.83300000 27.83300000 27.83300000 25.71700000 26.33300000 26.45500000 26.44500000 26.60700000 26.72200000 27.19400000
25.20400000 25.18200000 25.17400000 24.80600000 25.16700000 25.10300000 25.25200000 25.25400000 25.16000000 25.05600000 25.14100000 25.13600000 24.84800000 24.10300000 24.39600000 24.98700000 25.29300000 25.11700000 25.07900000 25.06600000 25.07600000 24.93000000 24.67900000 24.04800000 24.03900000 23.52800000 23.95600000 24.10300000 24.25200000 24.41800000
25.13000000 25.05300000 24.76900000 25.05600000 25.14100000 25.09000000 25.00300000 24.97700000 25.02300000 25.09300000 25.06000000 24.71100000 23.93500000 24.50700000 24.68400000 25.29600000 24.97800000 24.98800000 25.01600000 25.00500000 24.91700000 24.80100000 24.52400000 24.04000000 24.28700000 25.19300000 25.11600000 25.14100000 24.77300000 24.66000000
25.12400000 25.05500000 25.11400000 24.95300000 25.02500000 25.05000000 25.06200000 25.04600000 24.97700000 24.77300000 24.01000000 23.77600000 24.48400000 24.70700000 25.12600000 25.25500000 24.99700000 25.00200000 24.92000000 24.73800000 24.65800000 24.24700000 25.42900000 25.39800000 25.09000000 25.09300000 24.93100000 24.85100000 24.82000000 24.82100000
24.39200000 25.02900000 25.16500000 25.06500000 24.78600000 24.85700000 24.67700000 23.94500000 24.00500000 24.07500000 24.31000000 24.60000000 24.70700000 25.04700000 25.35700000 25.15700000 24.97400000 24.86900000 24.68200000 24.29500000 25.31200000 25.44600000 25.49800000 25.55600000 25.57900000 25.29000000 25.02300000 24.92600000 24.97800000 25.06200000
24.82300000 24.70900000 24.90700000 25.28500000 25.17300000 24.95800000 24.15700000 23.87200000 23.99400000 24.73600000 24.86600000 24.92600000 25.07300000 25.27400000 25.50000000 25.14200000 24.86400000 24.67800000 24.74400000 25.37500000 25.37100000 25.21200000 25.08200000 25.10300000 25.32300000 25.71700000 25.55600000 24.86500000 24.76000000 24.97000000
24.21800000 24.12900000 24.25600000 24.58200000 25.61900000 25.47800000 25.24300000 25.15300000 25.14500000 25.14000000 25.14900000 25.16700000 25.17600000 25.27000000 25.54400000 25.22800000 24.56300000 25.02600000 25.37800000 25.28800000 25.10000000 24.89400000 24.73200000 24.86500000 25.10900000 25.60600000 26.00900000 25.55300000 24.72500000 24.95000000
23.53300000 24.12200000 23.97700000 24.05400000 24.73300000 25.80300000 25.37900000 25.35000000 25.41100000 25.40100000 25.49200000 25.44700000 25.37100000 25.35800000 25.50800000 25.41700000 24.72800000 25.36900000 25.28800000 25.22900000 24.96800000 24.75900000 24.71200000 25.00800000 25.41000000 26.03700000 26.36000000 26.13400000 25.63900000 25.03200000
22.95000000 23.39000000 23.91200000 23.37400000 23.94000000 24.41800000 25.81600000 25.94500000 25.42500000 25.31400000 25.42600000 25.42400000 25.44500000 25.44500000 25.46800000 25.45600000 25.09600000 25.23100000 25.33900000 25.19800000 25.17000000 25.14500000 25.25600000 25.81600000 26.09200000 26.16600000 26.36700000 26.34300000 25.66500000 25.74900000
22.26200000 23.30700000 23.26000000 22.95800000 23.62000000 23.76700000 24.54000000 25.78200000 26.10700000 26.17400000 25.35100000 25.42000000 25.45900000 25.56500000 25.58800000 25.53000000 25.47800000 25.42000000 25.45400000 25.59500000 25.54600000 25.99800000 25.82200000 25.88800000 25.93800000 25.95400000 26.18500000 26.30000000 25.75500000 25.90100000
19.68600000 18.95800000 18.09800000 22.57100000 23.06500000 23.44900000 23.76100000 25.25400000 25.66600000 26.12700000 25.96100000 25.33700000 25.38900000 25.45100000 25.44200000 25.56400000 25.62000000 25.61200000 25.51600000 26.23300000 26.36700000 26.09100000 25.94100000 26.14300000 26.25700000 26.19400000 26.28100000 25.97400000 25.71500000 25.89500000
19.91900000 27.83300000 17.91300000 17.63900000 22.13400000 23.01000000 22.99100000 23.78000000 25.01100000 25.01000000 25.33400000 26.06300000 25.37200000 25.38100000 25.44000000 25.42800000 25.45500000 26.09000000 26.20300000 26.39600000 26.05300000 25.76900000 26.09100000 26.19800000 26.06100000 25.98800000 25.78600000 25.72400000 25.90300000 25.96800000
27.83300000 27.83300000 27.83300000 27.83300000 18.86500000 21.86000000 22.25300000 22.77300000 23.61400000 24.74500000 24.07000000 24.59600000 24.82100000 25.77000000 25.98900000 26.00200000 25.93400000 25.67300000 26.21800000 26.42800000 25.72100000 26.03200000 25.99900000 26.09800000 26.33000000 26.10100000 25.75300000 26.00500000 25.92000000 25.84400000
27.83300000 27.83300000 27.83300000 27.83300000 27.83300000 17.84500000 19.37000000 20.03300000 23.01600000 23.54900000 23.92500000 23.39600000 23.69100000 23.91800000 24.32000000 24.77600000 25.12300000 25.05200000 26.26100000 26.38300000 25.74200000 25.88600000 26.04400000 25.93000000 26.06800000 26.49900000 26.11300000 26.01200000 25.91500000 26.04400000
27.83300000 27.83300000 27.83300000 27.83300000 27.83300000 27.83300000 27.83300000 18.20500000 17.53900000 18.38100000 21.83800000 22.33800000 20.77100000 22.27000000 23.21700000 23.88000000 24.50800000 24.48000000 25.88800000 26.40100000 26.41700000 25.81400000 25.93700000 25.90500000 26.10200000 26.57000000 26.59300000 26.00200000 26.18100000 25.97500000
27.83300000 27.83300000 27.83300000 27.83300000 27.83300000 27.83300000 27.83300000 27.83300000 27.83300000 27.83300000 27.83300000 27.83300000 27.83300000 27.83300000 27.83300000 19.79200000 24.37500000 24.73300000 24.66000000 26.42100000 26.45500000 26.47400000 26.45500000 26.52200000 26.36300000 26.67800000 26.60300000 26.62600000 26.08600000 26.04200000
27.83300000 27.83300000 27.83300000 27.83300000 27.83300000 27.83300000 27.83300000 27.83300000 27.83300000 27.83300000 27.83300000 27.83300000 27.83300000 27.83300000 27.83300000 27.83300000 23.68800000 24.53700000 24.77300000 24.85600000 26.45200000 26.49600000 26.59900000 26.33500000 26.63900000 26.74300000 26.61600000 26.65300000 26.69300000 26.68900000
27.83300000 27.83300000 27.83300000 27.83300000 27.83300000 27.83300000 27.83300000 27.83300000 27.83300000 27.83300000 27.83300000 27.83300000 27.83300000 27.83300000 27.83300000 27.83300000 27.83300000 20.65700000 23.63000000 24.07800000 26.33500000 26.44000000 26.52900000 26.39500000 26.76800000 26.82000000 26.74400000 26.70800000 26.74200000 26.86500000
27.83300000 27.83300000 27.83300000 27.83300000 27.83300000 27.83300000 27.83300000 27.83300000 27.83300000 27.83300000 27.83300000 27.83300000 27.83300000 27.83300000 27.83300000 27.83300000 27.83300000 27.83300000 27.83300000 24.89000000 24.36200000 26.56100000 26.44100000 26.56900000 26.75500000 26.78300000 26.82000000 26.71400000 26.82600000 26.89100000
27.83300000 27.83300000 27.83300000 27.83300000 27.83300000 27.83300000 27.83300000 27.83300000 27.83300000 27.83300000 27.83300000 27.83300000 27.83300000 27.83300000 27.83300000 27.83300000 27.83300000 27.83300000 27.83300000 27.83300000 24.55200000 26.64200000 26.47700000 26.69000000 26.88800000 26.78400000 26.78400000 26.78400000 26.85500000 26.95400000
27.83300000 27.83300000 27.83300000 27.83300000 27.83300000 27.83300000 27.83300000 27.83300000 27.83300000 27.83300000 27.83300000 27.83300000 27.83300000 27.83300000 27.83300000 27.83300000 27.83300000 27.83300000 27.83300000 27.83300000 23.20500000 26.69600000 26.51200000 26.80000000 26.80700000 26.84900000 26.88000000 26.83600000 26.87100000 27.01200000
27.83300000 27.83300000 27.83300000 27.83300000 27.83300000 27.83300000 27.83300000 27.83300000 27.83300000 27.83300000 27.83300000 27.83300000 27.83300000 27.83300000 27.83300000 27.83300000 27.83300000 27.83300000 27.83300000 27.83300000 21.89600000 26.71300000 26.63100000 26.89900000 26.70800000 26.84500000 26.89600000 26.83500000 26.99200000 26.98200000
27.83300000 27.83300000 27.83300000 27.83300000 27.83300000 27.83300000 27.83300000 27.83300000 27.83300000 27.83300000 27.83300000 27.83300000 27.83300000 27.83300000 27.83300000 27.83300000 27.83300000 27.83300000 27.83300000 27.83300000 23.00800000 26.55900000 26.83800000 26.87900000 26.70500000 26.84600000 26.75300000 26.75300000 26.95000000 27.09500000
27.83300000 27.83300000 27.83300000 27.83300000 27.83300000 27.83300000 27.83300000 27.83300000 27.83300000 27.83300000 27.83300000 27.83300000 27.83300000 27.83300000 27.83300000 27.83300000 27.83300000 27.83300000 27.83300000 27.83300000 27.83300000 25.91800000 26.68400000 26.74800000 26.72100000 26.81200000 26.70400000 26.49600000 26.45800000 27.00300000
27.83300000 27.83300000 27.83300000 27.83300000 27.83300000 27.83300000 27.83300000 27.83300000 27.83300000 27.83300000 27.83300000 27.83300000 27.83300000 27.83300000 27.83300000 27.83300000 27.83300000 27.83300000 27.83300000 27.83300000 27.83300000 24.71400000 26.48800000 26.66900000 26.71900000 26.74600000 26.64100000 26.48100000 26.35200000 27.04200000
27.83300000 27.83300000 27.83300000 27.83300000 27.83300000 27.83300000 27.83300000 27.83300000 27.83300000 27.83300000 27.83300000 27.83300000 27.83300000 27.83300000 27.83300000 27.83300000 27.83300000 27.83300000 27.83300000 27.83300000 27.83300000 27.83300000 26.13400000 26.57800000 26.58700000 26.53600000 26.50800000 26.39500000 26.81400000 27.15000000
27.83300000 27.83300000 27.83300000 27.83300000 27.83300000 27.83300000 27.83300000 27.83300000 27.83300000 27.83300000 27.83300000 27.83300000 27.83300000 27.83300000 27.83300000 27.83300000 27.83300000 27.83300000 27.83300000 27.83300000 27.83300000 27.83300000 25.65300000 26.09100000 26.33300000 26.28000000 26.43500000 26.61300000 26.90000000 27.19400000
27.83300000 27.83300000 27.83300000 27.83300000 27.83300000 27.83300000 27.83300000 27.83300000 27.83300000 27.83300000 27.83300000 27.83300000 27.83300000 27.83300000 27.83300000 27.83300000 27.83300000 27.83300000 27.83300000 27.83300000 27.83300000 27.83300000 27.83300000 25.66900000 26.31400000 26.43100000 26.42400000 26.57800000 26.69800000 27.18300000
