36.99100000 36.94000000 36.93000000 36.98800000 37.20400000 37.21700000 37.23500000 37.24000000 37.19400000 37.17300000 37.10600000 36.98700000 36.86800000 36.65400000 36.80700000 36.88400000 37.04300000 37.01100000 37.06600000 37.04400000 36.99600000 36.97500000 36.83400000 36.55100000 36.55200000 36.31800000 36.58200000 36.59500000 36.57000000 36.65400000
36.93500000 36.84700000 36.95200000 37.15600000 37.18000000 37.17100000 37.18600000 37.17700000 37.14600000 37.07100000 36.96600000 36.84800000 36.56100000 36.88200000 36.87400000 37.07800000 36.99500000 37.08400000 37.04900000 37.02100000 36.97300000 36.88900000 36.79300000 36.64700000 36.75700000 37.11400000 37.06400000 37.08300000 36.99200000 36.96300000
36.94300000 36.92200000 36.92100000 37.10500000 37.12200000 37.08200000 37.05800000 37.02400000 36.96200000 36.88400000 36.64300000 36.46600000 36.89700000 36.89400000 36.93600000 37.10300000 36.98700000 37.06200000 37.00300000 36.91500000 36.85600000 36.72200000 37.19700000 37.18500000 37.02100000 37.06400000 37.00500000 36.98300000 36.91900000 36.85700000
36.44600000 37.03800000 37.00600000 36.89000000 37.02300000 37.02600000 36.94000000 36.58600000 36.64900000 36.70800000 36.83900000 36.93700000 36.89900000 36.92100000 36.98800000 37.04600000 36.97800000 36.98900000 36.89900000 36.74000000 37.15500000 37.26700000 37.25100000 37.24900000 37.26800000 37.14100000 36.99700000 36.90500000 36.87500000 36.83900000
35.87100000 36.99700000 37.03000000 37.16900000 36.93800000 36.92900000 36.71700000 36.55400000 36.65100000 36.95700000 36.93800000 36.92900000 36.93500000 36.93600000 37.03100000 37.02300000 36.93400000 36.89800000 36.89800000 37.22700000 37.23800000 37.18700000 37.16000000 37.16400000 37.19200000 37.25500000 37.28200000 36.81400000 36.62100000 36.63900000
35.53400000 36.72700000 36.80000000 36.86700000 37.28200000 37.10100000 36.93200000 36.85100000 36.83100000 36.82100000 36.82800000 36.85200000 36.87500000 36.91900000 37.04600000 37.06200000 36.78600000 37.00700000 37.21300000 37.22700000 37.17200000 37.07300000 37.00400000 37.05200000 37.16100000 37.21600000 37.32000000 37.27500000 36.68200000 36.63000000
35.79800000 36.52100000 36.57700000 36.70800000 36.96100000 37.33200000 36.98500000 36.92900000 36.95400000 36.96400000 37.04100000 37.00800000 36.99800000 37.02000000 37.04300000 37.15700000 36.87700000 37.16900000 37.21400000 37.20600000 37.12600000 37.01600000 37.00800000 37.11500000 37.18200000 37.32800000 37.45100000 37.39200000 37.25600000 36.72400000
35.63200000 36.09700000 36.52900000 36.29000000 36.51000000 36.85100000 37.33800000 37.34500000 37.00800000 36.89700000 36.94600000 36.96800000 37.02400000 37.03900000 37.03200000 37.13000000 37.05400000 37.12900000 37.18400000 37.18600000 37.17500000 37.17000000 37.16200000 37.23800000 37.42300000 37.42300000 37.45800000 37.46000000 37.28400000 37.30100000
35.36000000 35.47000000 35.73800000 36.04000000 36.55200000 36.29100000 36.96400000 37.32300000 37.39200000 37.41400000 36.96900000 36.95800000 36.99800000 37.07700000 37.07000000 37.18500000 37.21200000 37.19700000 37.20300000 37.25700000 37.12400000 37.31200000 37.29600000 37.34300000 37.37200000 37.38200000 37.44100000 37.47000000 37.29500000 37.26300000
35.19500000 35.63100000 35.54500000 35.77800000 36.12200000 36.14900000 36.37600000 37.20600000 37.29200000 37.39600000 37.26400000 36.96500000 36.97600000 36.95800000 37.03000000 37.20100000 37.24900000 37.23100000 37.04400000 37.34700000 37.37600000 37.33400000 37.35500000 37.39300000 37.43700000 37.44500000 37.46400000 37.34700000 37.28500000 37.23100000
34.84400000 34.99100000 35.71500000 35.43800000 35.55500000 35.98600000 35.75700000 36.52100000 37.16000000 37.10300000 37.15500000 37.36400000 36.98300000 36.99500000 36.99500000 37.05000000 37.06000000 37.33400000 37.33700000 37.37000000 37.31400000 37.28400000 37.36800000 37.32000000 37.34100000 37.34700000 37.32300000 37.28500000 37.26800000 37.18900000
37.59700000 37.59700000 37.59700000 35.28000000 35.41800000 35.55200000 35.65000000 35.64200000 36.49300000 37.08800000 36.65800000 36.96300000 36.89500000 37.28000000 37.33300000 37.32500000 37.28200000 37.20400000 37.31000000 37.36900000 37.22300000 37.35400000 37.27200000 37.28400000 37.36400000 37.34800000 37.27800000 37.34600000 37.22200000 37.16000000
37.59700000 37.59700000 37.59700000 37.59700000 35.24400000 35.47200000 35.52500000 35.58900000 35.88700000 36.45100000 36.67000000 36.35700000 36.41900000 36.57200000 36.46600000 36.96200000 37.11100000 37.01200000 37.31900000 37.38100000 37.20500000 37.27900000 37.25200000 37.23900000 37.32200000 37.39800000 37.35300000 37.32900000 37.24200000 37.19100000
37.59700000 37.59700000 37.59700000 37.59700000 37.59700000 37.59700000 35.43200000 35.54600000 35.63200000 35.75400000 35.98300000 36.16700000 36.16700000 36.19300000 36.28300000 36.12000000 36.53500000 36.87500000 37.16700000 37.42800000 37.37500000 37.21800000 37.21900000 37.19400000 37.32200000 37.39200000 37.46600000 37.32700000 37.39700000 37.22000000
37.59700000 37.59700000 37.59700000 37.59700000 37.59700000 37.59700000 37.59700000 37.59700000 37.59700000 37.59700000 37.59700000 37.59700000 35.96000000 36.19300000 36.13200000 36.05100000 36.35100000 36.97200000 36.99400000 37.35000000 37.43200000 37.42300000 37.38000000 37.39300000 37.35400000 37.38000000 37.42600000 37.48400000 37.34400000 37.38100000
37.59700000 37.59700000 37.59700000 37.59700000 37.59700000 37.59700000 37.59700000 37.59700000 37.59700000 37.59700000 37.59700000 37.59700000 37.59700000 37.59700000 37.59700000 36.02000000 36.39800000 36.76400000 36.98800000 36.90800000 37.34000000 37.42300000 37.42000000 37.37200000 37.31600000 37.37400000 37.41800000 37.47300000 37.53000000 37.54300000
37.59700000 37.59700000 37.59700000 37.59700000 37.59700000 37.59700000 37.59700000 37.59700000 37.59700000 37.59700000 37.59700000 37.59700000 37.59700000 37.59700000 37.59700000 37.59700000 35.97300000 36.14000000 36.69200000 36.80300000 37.33600000 37.40300000 37.42200000 37.37200000 37.33400000 37.37600000 37.38400000 37.43000000 37.42500000 37.56300000
37.59700000 37.59700000 37.59700000 37.59700000 37.59700000 37.59700000 37.59700000 37.59700000 37.59700000 37.59700000 37.59700000 37.59700000 37.59700000 37.59700000 37.59700000 37.59700000 37.59700000 37.59700000 36.08300000 37.01300000 36.76000000 37.34800000 37.42700000 37.33600000 37.34800000 37.36400000 37.38800000 37.33500000 37.37300000 37.48300000
37.59700000 37.59700000 37.59700000 37.59700000 37.59700000 37.59700000 37.59700000 37.59700000 37.59700000 37.59700000 37.59700000 37.59700000 37.59700000 37.59700000 37.59700000 37.59700000 37.59700000 37.59700000 37.59700000 36.89300000 36.75800000 37.36400000 37.40700000 37.32600000 37.42100000 37.38600000 37.37400000 37.34500000 37.35900000 37.39900000
37.59700000 37.59700000 37.59700000 37.59700000 37.59700000 37.59700000 37.59700000 37.59700000 37.59700000 37.59700000 37.59700000 37.59700000 37.59700000 37.59700000 37.59700000 37.59700000 37.59700000 37.59700000 37.59700000 36.87100000 36.68000000 37.36800000 37.34100000 37.37200000 37.40000000 37.42500000 37.41100000 37.36300000 37.34700000 37.41000000
37.59700000 37.59700000 37.59700000 37.59700000 37.59700000 37.59700000 37.59700000 37.59700000 37.59700000 37.59700000 37.59700000 37.59700000 37.59700000 37.59700000 37.59700000 37.59700000 37.59700000 37.59700000 37.59700000 36.87300000 36.88600000 37.36800000 37.30400000 37.41200000 37.39100000 37.41100000 37.42800000 37.37500000 37.38000000 37.35300000
37.59700000 37.59700000 37.59700000 37.59700000 37.59700000 37.59700000 37.59700000 37.59700000 37.59700000 37.59700000 37.59700000 37.59700000 37.59700000 37.59700000 37.59700000 37.59700000 37.59700000 37.59700000 37.59700000 36.54800000 36.73700000 37.31900000 37.38600000 37.39300000 37.39400000 37.37700000 37.35800000 37.31000000 37.31900000 37.37400000
37.59700000 37.59700000 37.59700000 37.59700000 37.59700000 37.59700000 37.59700000 37.59700000 37.59700000 37.59700000 37.59700000 37.59700000 37.59700000 37.59700000 37.59700000 37.59700000 37.59700000 37.59700000 37.59700000 37.59700000 36.70900000 37.12100000 37.34800000 37.33800000 37.36500000 37.33700000 37.31400000 37.30400000 37.27100000 37.31600000
37.59700000 37.59700000 37.59700000 37.59700000 37.59700000 37.59700000 37.59700000 37.59700000 37.59700000 37.59700000 37.59700000 37.59700000 37.59700000 37.59700000 37.59700000 37.59700000 37.59700000 37.59700000 37.59700000 37.59700000 37.59700000 36.73400000 37.29000000 37.35600000 37.35100000 37.33200000 37.32500000 37.29400000 37.24000000 37.31700000
37.59700000 37.59700000 37.59700000 37.59700000 37.59700000 37.59700000 37.59700000 37.59700000 37.59700000 37.59700000 37.59700000 37.59700000 37.59700000 37.59700000 37.59700000 37.59700000 37.59700000 37.59700000 37.59700000 37.59700000 37.59700000 36.53800000 37.14800000 37.32400000 37.32900000 37.31700000 37.29200000 37.23100000 37.29000000 37.32400000
37.59700000 37.59700000 37.59700000 37.59700000 37.59700000 37.59700000 37.59700000 37.59700000 37.59700000 37.59700000 37.59700000 37.59700000 37.59700000 37.59700000 37.59700000 37.59700000 37.59700000 37.59700000 37.59700000 37.59700000 37.59700000 37.59700000 36.83300000 37.12200000 37.23400000 37.20000000 37.21500000 37.29000000 37.27500000 37.30600000
37.59700000 37.59700000 37.59700000 37.59700000 37.59700000 37.59700000 37.59700000 37.59700000 37.59700000 37.59700000 37.59700000 37.59700000 37.59700000 37.59700000 37.59700000 37.59700000 37.59700000 37.59700000 37.59700000 37.59700000 37.59700000 37.59700000 37.59700000 36.67400000 37.20000000 37.22900000 37.24200000 37.25000000 37.24500000 37.29300000
36.98900000 36.93900000 36.92800000 36.98700000 37.20300000 37.21700000 37.23400000 37.23800000 37.19400000 37.17200000 37.10800000 36.98800000 36.87200000 36.66300000 36.80400000 36.88200000 37.04100000 37.00900000 37.06400000 37.04400000 36.99700000 36.97400000 36.83300000 36.54600000 36.55200000 36.31500000 36.58000000 36.59400000 36.56900000 36.65100000
36.93400000 36.84600000 36.95100000 37.15500000 37.17900000 37.17000000 37.18500000 37.17600000 37.14500000 37.07000000 36.96500000 36.84800000 36.55700000 36.87900000 36.87200000 37.07500000 36.99600000 37.08400000 37.04800000 37.02000000 36.97200000 36.88800000 36.79200000 36.64600000 36.75100000 37.11200000 37.06200000 37.08100000 36.99200000 36.96300000
36.94300000 36.92000000 36.91900000 37.10400000 37.12200000 37.08300000 37.05800000 37.02300000 36.96100000 36.88300000 36.64500000 36.46400000 36.89400000 36.89200000 36.93400000 37.10200000 36.98700000 37.06300000 37.00300000 36.91400000 36.85500000 36.72300000 37.19400000 37.18500000 37.01900000 37.06200000 37.00400000 36.98100000 36.91700000 36.85700000
36.62500000 37.03500000 37.00400000 36.89200000 37.02300000 37.02600000 36.94200000 36.59100000 36.64700000 36.70700000 36.83700000 36.93500000 36.89800000 36.91900000 36.98600000 37.04500000 36.97800000 36.98900000 36.89900000 36.73900000 37.15200000 37.26600000 37.25000000 37.24700000 37.26700000 37.14100000 36.99500000 36.90500000 36.87700000 36.83900000
36.80600000 36.99500000 37.02900000 37.16600000 36.93500000 36.91900000 36.71900000 36.55300000 36.64900000 36.95500000 36.93700000 36.92800000 36.93400000 36.93400000 37.02900000 37.02200000 36.93300000 36.89800000 36.89300000 37.22500000 37.23700000 37.18600000 37.15700000 37.16100000 37.19000000 37.25400000 37.28000000 36.81500000 36.62000000 36.63900000
36.38800000 36.74000000 36.79900000 36.86500000 37.27900000 37.10000000 36.93100000 36.84900000 36.83000000 36.82000000 36.82700000 36.85100000 36.87300000 36.91800000 37.04400000 37.06100000 36.78400000 37.00100000 37.21200000 37.22400000 37.17100000 37.07200000 37.00200000 37.05000000 37.15800000 37.21400000 37.31900000 37.27400000 36.68500000 36.62900000
35.79400000 36.51700000 36.57800000 36.70700000 36.95800000 37.33000000 36.98300000 36.92700000 36.95300000 36.96200000 37.04000000 37.00700000 36.99600000 37.01900000 37.04100000 37.15500000 36.87400000 37.16700000 37.21300000 37.20400000 37.12500000 37.01400000 37.00500000 37.11300000 37.18000000 37.32600000 37.44900000 37.39100000 37.25500000 36.73500000
35.69200000 36.11200000 36.52800000 36.28900000 36.51400000 36.85300000 37.33600000 37.34300000 37.00500000 36.89600000 36.94500000 36.96700000 37.02100000 37.03600000 37.02900000 37.12700000 37.05200000 37.12700000 37.18300000 37.18400000 37.17300000 37.16800000 37.16100000 37.23600000 37.42100000 37.42100000 37.45700000 37.45800000 37.28300000 37.30300000
35.94300000 35.73000000 35.81000000 36.05100000 36.55100000 36.29300000 36.96000000 37.32100000 37.39000000 37.41300000 36.96700000 36.95600000 36.99600000 37.07400000 37.06800000 37.18100000 37.21000000 37.19500000 37.20100000 37.25500000 37.12300000 37.31000000 37.29400000 37.34100000 37.37000000 37.38000000 37.43900000 37.46900000 37.29300000 37.26400000
36.06500000 35.97100000 35.87600000 35.88200000 36.14900000 36.18700000 36.39700000 37.20400000 37.29000000 37.39500000 37.26200000 36.96300000 36.97400000 36.95600000 37.02800000 37.19900000 37.24700000 37.22900000 37.04100000 37.34600000 37.37400000 37.33200000 37.35300000 37.39200000 37.43600000 37.44400000 37.46300000 37.34600000 37.28300000 37.23100000
35.73200000 37.59700000 35.83600000 35.80300000 36.28100000 36.11600000 35.77900000 36.52900000 37.15800000 37.10100000 37.15300000 37.36200000 36.98000000 36.99200000 36.99200000 37.04800000 37.05900000 37.33300000 37.33500000 37.36900000 37.31300000 37.28200000 37.36700000 37.31900000 37.34000000 37.34600000 37.32100000 37.28400000 37.26700000 37.18800000
37.59700000 37.59700000 37.59700000 37.59700000 35.75600000 36.13600000 35.96700000 35.67400000 36.49200000 37.08600000 36.66100000 36.96200000 36.89600000 37.27700000 37.32700000 37.32300000 37.28200000 37.20300000 37.30800000 37.36800000 37.22200000 37.35100000 37.27000000 37.28100000 37.36200000 37.34600000 37.27700000 37.34400000 37.22100000 37.15900000
37.59700000 37.59700000 37.59700000 37.59700000 37.59700000 35.76900000 35.81400000 36.00500000 36.34600000 36.47200000 36.67900000 36.36000000 36.48200000 36.57800000 36.53600000 36.95500000 37.11000000 37.01100000 37.31600000 37.38000000 37.20400000 37.27700000 37.25000000 37.23700000 37.31900000 37.39600000 37.35200000 37.32800000 37.24100000 37.19000000
37.59700000 37.59700000 37.59700000 37.59700000 37.59700000 37.59700000 37.59700000 35.76900000 35.76700000 35.89100000 36.36100000 36.29200000 36.15500000 36.44200000 36.39000000 36.12300000 36.53800000 36.87300000 37.16300000 37.42600000 37.37400000 37.21600000 37.21700000 37.19300000 37.32000000 37.39000000 37.46500000 37.32600000 37.39500000 37.21800000
37.59700000 37.59700000 37.59700000 37.59700000 37.59700000 37.59700000 37.59700000 37.59700000 37.59700000 37.59700000 37.59700000 37.59700000 37.59700000 37.59700000 37.59700000 36.17700000 36.35200000 36.97500000 36.97200000 37.34800000 37.43000000 37.42200000 37.37800000 37.39200000 37.35300000 37.37800000 37.42500000 37.48200000 37.34200000 37.38000000
37.59700000 37.59700000 37.59700000 37.59700000 37.59700000 37.59700000 37.59700000 37.59700000 37.59700000 37.59700000 37.59700000 37.59700000 37.59700000 37.59700000 37.59700000 37.59700000 36.38000000 36.77000000 36.98800000 36.90500000 37.33900000 37.42200000 37.41800000 37.37100000 37.31500000 37.37200000 37.41600000 37.47200000 37.52800000 37.54100000
37.59700000 37.59700000 37.59700000 37.59700000 37.59700000 37.59700000 37.59700000 37.59700000 37.59700000 37.59700000 37.59700000 37.59700000 37.59700000 37.59700000 37.59700000 37.59700000 37.59700000 36.29700000 36.61700000 36.79700000 37.32200000 37.40100000 37.42000000 37.37100000 37.33300000 37.37500000 37.38300000 37.42800000 37.42400000 37.56100000
37.59700000 37.59700000 37.59700000 37.59700000 37.59700000 37.59700000 37.59700000 37.59700000 37.59700000 37.59700000 37.59700000 37.59700000 37.59700000 37.59700000 37.59700000 37.59700000 37.59700000 37.59700000 37.59700000 36.99400000 36.76100000 37.34700000 37.42600000 37.33500000 37.34600000 37.36300000 37.38700000 37.33300000 37.37100000 37.48200000
37.59700000 37.59700000 37.59700000 37.59700000 37.59700000 37.59700000 37.59700000 37.59700000 37.59700000 37.59700000 37.59700000 37.59700000 37.59700000 37.59700000 37.59700000 37.59700000 37.59700000 37.59700000 37.59700000 37.59700000 36.78800000 37.36500000 37.40600000 37.32500000 37.42000000 37.38500000 37.37200000 37.34300000 37.35700000 37.39800000
37.59700000 37.59700000 37.59700000 37.59700000 37.59700000 37.59700000 37.59700000 37.59700000 37.59700000 37.59700000 37.59700000 37.59700000 37.59700000 37.59700000 37.59700000 37.59700000 37.59700000 37.59700000 37.59700000 37.59700000 36.66900000 37.37200000 37.34300000 37.37200000 37.40000000 37.42300000 37.41000000 37.36200000 37.34600000 37.40900000
37.59700000 37.59700000 37.59700000 37.59700000 37.59700000 37.59700000 37.59700000 37.59700000 37.59700000 37.59700000 37.59700000 37.59700000 37.59700000 37.59700000 37.59700000 37.59700000 37.59700000 37.59700000 37.59700000 37.59700000 36.47100000 37.38400000 37.31200000 37.41300000 37.39100000 37.41100000 37.42700000 37.37300000 37.37900000 37.35200000
37.59700000 37.59700000 37.59700000 37.59700000 37.59700000 37.59700000 37.59700000 37.59700000 37.59700000 37.59700000 37.59700000 37.59700000 37.59700000 37.59700000 37.59700000 37.59700000 37.59700000 37.59700000 37.59700000 37.59700000 36.55700000 37.32300000 37.39900000 37.39900000 37.39500000 37.37800000 37.36000000 37.30900000 37.31800000 37.37200000
37.59700000 37.59700000 37.59700000 37.59700000 37.59700000 37.59700000 37.59700000 37.59700000 37.59700000 37.59700000 37.59700000 37.59700000 37.59700000 37.59700000 37.59700000 37.59700000 37.59700000 37.59700000 37.59700000 37.59700000 37.59700000 37.12000000 37.35600000 37.36600000 37.37900000 37.34700000 37.31600000 37.30600000 37.27100000 37.31400000
37.59700000 37.59700000 37.59700000 37.59700000 37.59700000 37.59700000 37.59700000 37.59700000 37.59700000 37.59700000 37.59700000 37.59700000 37.59700000 37.59700000 37.59700000 37.59700000 37.59700000 37.59700000 37.59700000 37.59700000 37.59700000 36.71000000 37.28700000 37.35800000 37.36300000 37.34200000 37.32800000 37.29600000 37.24100000 37.31800000
37.59700000 37.59700000 37.59700000 37.59700000 37.59700000 37.59700000 37.59700000 37.59700000 37.59700000 37.59700000 37.59700000 37.59700000 37.59700000 37.59700000 37.59700000 37.59700000 37.59700000 37.59700000 37.59700000 37.59700000 37.59700000 37.59700000 37.14300000 37.31900000 37.32700000 37.31800000 37.30200000 37.23500000 37.29300000 37.32500000
37.59700000 37.59700000 37.59700000 37.59700000 37.59700000 37.59700000 37.59700000 37.59700000 37.59700000 37.59700000 37.59700000 37.59700000 37.59700000 37.59700000 37.59700000 37.59700000 37.59700000 37.59700000 37.59700000 37.59700000 37.59700000 37.59700000 36.82200000 37.11800000 37.22800000 37.19600000 37.21600000 37.28800000 37.27500000 37.30700000
37.59700000 37.59700000 37.59700000 37.59700000 37.59700000 37.59700000 37.59700000 37.59700000 37.59700000 37.59700000 37.59700000 37.59700000 37.59700000 37.59700000 37.59700000 37.59700000 37.59700000 37.59700000 37.59700000 37.59700000 37.59700000 37.59700000 37.59700000 36.66300000 37.19600000 37.22400000 37.23900000 37.24700000 37.24400000 37.29100000
