25.18400000 25.10100000 25.13100000 24.80000000 25.17200000 25.08500000 25.22700000 25.24900000 25.14800000 24.98100000 25.10000000 25.10400000 24.80300000 24.12300000 24.44300000 24.94200000 25.27200000 25.04800000 25.03600000 25.04600000 25.04600000 24.88800000 24.60300000 24.07400000 24.01400000 23.47700000 23.95600000 24.07200000 24.19500000 24.38800000
25.06900000 25.07500000 24.78600000 25.07900000 25.15400000 25.09900000 25.01000000 24.98300000 25.04000000 25.10500000 25.07600000 24.73700000 23.98500000 24.54900000 24.72500000 25.31400000 24.99900000 24.99500000 25.02000000 25.00300000 24.92400000 24.81400000 24.54200000 24.06200000 24.38600000 25.21900000 25.13300000 25.15800000 24.78100000 24.65900000
25.06500000 25.08600000 25.13900000 24.97900000 25.04600000 25.06100000 25.06700000 25.05300000 24.98200000 24.77700000 24.02200000 23.81800000 24.53000000 24.74900000 25.16200000 25.27500000 25.02100000 25.00600000 24.91000000 24.74200000 24.66200000 24.24200000 25.46500000 25.39500000 25.10400000 25.11200000 24.95200000 24.88500000 24.85900000 24.83600000
24.25400000 25.07100000 25.20500000 25.09700000 24.81100000 24.87200000 24.67800000 23.94100000 24.01600000 24.07900000 24.31400000 24.62700000 24.73700000 25.08700000 25.38200000 25.17500000 25.00000000 24.87300000 24.67600000 24.29800000 25.31700000 25.44600000 25.51000000 25.57100000 25.60000000 25.30900000 25.04700000 24.94700000 24.99000000 25.06000000
23.60600000 24.75500000 24.93000000 25.32100000 25.22800000 25.07300000 24.17700000 23.88200000 23.99900000 24.76500000 24.88300000 24.94100000 25.08300000 25.28300000 25.51400000 25.15400000 24.89100000 24.69100000 24.76100000 25.37600000 25.37400000 25.21400000 25.09200000 25.11900000 25.33800000 25.73100000 25.58800000 24.89000000 24.79000000 24.98000000
23.52200000 24.17800000 24.31400000 24.60500000 25.64400000 25.50900000 25.27500000 25.17500000 25.15700000 25.14900000 25.15000000 25.17000000 25.17700000 25.26400000 25.55700000 25.24400000 24.59300000 25.04900000 25.38700000 25.30200000 25.11500000 24.91200000 24.75300000 24.88800000 25.13600000 25.62800000 26.02400000 25.57600000 24.75100000 24.95600000
23.51700000 24.19500000 24.04200000 24.11200000 24.72100000 25.82300000 25.42200000 25.36800000 25.43000000 25.42500000 25.50700000 25.46000000 25.38600000 25.36600000 25.52100000 25.43700000 24.75400000 25.38700000 25.30000000 25.24100000 24.98000000 24.78000000 24.73900000 25.03500000 25.45300000 26.06300000 26.37200000 26.15800000 25.65200000 25.04400000
22.90600000 23.44600000 23.97700000 23.43900000 23.97700000 24.33500000 25.80500000 26.00300000 25.47800000 25.32300000 25.43300000 25.44300000 25.46400000 25.46700000 25.48800000 25.46700000 25.10200000 25.25300000 25.35300000 25.21300000 25.18400000 25.16200000 25.28100000 25.84700000 26.08400000 26.15900000 26.37000000 26.35600000 25.68300000 25.76900000
22.78400000 23.27500000 23.26300000 23.01000000 23.63800000 23.79300000 24.55800000 25.78400000 26.12900000 26.20000000 25.37800000 25.43500000 25.48200000 25.58700000 25.60600000 25.54100000 25.49300000 25.43300000 25.46500000 25.60400000 25.55700000 26.00900000 25.82600000 25.89300000 25.95800000 25.96200000 26.18700000 26.31000000 25.77400000 25.90900000
22.70800000 20.96300000 21.71000000 22.78700000 23.09900000 23.45000000 23.75200000 25.25600000 25.65200000 26.11600000 25.95700000 25.35900000 25.41900000 25.47700000 25.46700000 25.59100000 25.63800000 25.63000000 25.53500000 26.25200000 26.36900000 26.11400000 25.96200000 26.14900000 26.27200000 26.21300000 26.29000000 25.99000000 25.74300000 25.90300000
23.34100000 22.61000000 20.44500000 22.46400000 22.85900000 23.01500000 22.99100000 23.79000000 25.01000000 24.99700000 25.36500000 26.07000000 25.39900000 25.41300000 25.47100000 25.46100000 25.46700000 26.10600000 26.20600000 26.40200000 26.07200000 25.78800000 26.09100000 26.23300000 26.07500000 25.99300000 25.80000000 25.74500000 25.91800000 25.97400000
27.83300000 27.83300000 27.83300000 23.45900000 22.82700000 22.86700000 22.76900000 22.85300000 23.65400000 24.74600000 24.05700000 24.58800000 24.90400000 25.82000000 26.02600000 26.03200000 25.90100000 25.65300000 26.24000000 26.42700000 25.73900000 26.05100000 26.02700000 26.10900000 26.34500000 26.12700000 25.76600000 26.01800000 25.93200000 25.84600000
27.83300000 27.83300000 27.83300000 27.83300000 23.50600000 23.06900000 22.78900000 22.56500000 23.09400000 23.54700000 23.89600000 23.41700000 23.67400000 23.99500000 24.31300000 24.92200000 25.15200000 25.06000000 26.29900000 26.39200000 25.75400000 25.90400000 26.07100000 25.94700000 26.07600000 26.50900000 26.12700000 26.01900000 25.92200000 26.04900000
27.83300000 27.83300000 27.83300000 27.83300000 27.83300000 27.83300000 23.67100000 22.60000000 22.72400000 22.89800000 22.82400000 22.64200000 22.87500000 23.39800000 23.69900000 23.97000000 24.57300000 24.48800000 25.96400000 26.40800000 26.42500000 25.83600000 25.95600000 25.92000000 26.12100000 26.58500000 26.60100000 26.01800000 26.19100000 25.99300000
27.83300000 27.83300000 27.83300000 27.83300000 27.83300000 27.83300000 27.83300000 27.83300000 27.83300000 27.83300000 27.83300000 27.83300000 22.91700000 21.85400000 21.38800000 23.52200000 24.44100000 24.69500000 24.89000000 26.42500000 26.45700000 26.48200000 26.46800000 26.53500000 26.39100000 26.68700000 26.61400000 26.63300000 26.11400000 26.06200000
27.83300000 27.83300000 27.83300000 27.83300000 27.83300000 27.83300000 27.83300000 27.83300000 27.83300000 27.83300000 27.83300000 27.83300000 27.83300000 27.83300000 27.83300000 23.49900000 24.12100000 24.50400000 24.79000000 24.92600000 26.43900000 26.50500000 26.60800000 26.33000000 26.65200000 26.74600000 26.62500000 26.66000000 26.70300000 26.70500000
27.83300000 27.83300000 27.83300000 27.83300000 27.83300000 27.83300000 27.83300000 27.83300000 27.83300000 27.83300000 27.83300000 27.83300000 27.83300000 27.83300000 27.83300000 27.83300000 23.58300000 22.83500000 24.35600000 24.22800000 26.32800000 26.44500000 26.53000000 26.41800000 26.77600000 26.82100000 26.75100000 26.71500000 26.75300000 26.87100000
27.83300000 27.83300000 27.83300000 27.83300000 27.83300000 27.83300000 27.83300000 27.83300000 27.83300000 27.83300000 27.83300000 27.83300000 27.83300000 27.83300000 27.83300000 27.83300000 27.83300000 27.83300000 24.47200000 25.01800000 24.49500000 26.57000000 26.45400000 26.59600000 26.76100000 26.78400000 26.82100000 26.71800000 26.83500000 26.89100000
27.83300000 27.83300000 27.83300000 27.83300000 27.83300000 27.83300000 27.83300000 27.83300000 27.83300000 27.83300000 27.83300000 27.83300000 27.83300000 27.83300000 27.83300000 27.83300000 27.83300000 27.83300000 27.83300000 25.33700000 24.54600000 26.64400000 26.48200000 26.70500000 26.89100000 26.78500000 26.79100000 26.79400000 26.86600000 26.95500000
27.83300000 27.83300000 27.83300000 27.83300000 27.83300000 27.83300000 27.83300000 27.83300000 27.83300000 27.83300000 27.83300000 27.83300000 27.83300000 27.83300000 27.83300000 27.83300000 27.83300000 27.83300000 27.83300000 24.66400000 23.98000000 26.68100000 26.52500000 26.81800000 26.79400000 26.86400000 26.88400000 26.85300000 26.88000000 27.01400000
27.83300000 27.83300000 27.83300000 27.83300000 27.83300000 27.83300000 27.83300000 27.83300000 27.83300000 27.83300000 27.83300000 27.83300000 27.83300000 27.83300000 27.83300000 27.83300000 27.83300000 27.83300000 27.83300000 25.11800000 25.23300000 26.69900000 26.65100000 26.91400000 26.71300000 26.86600000 26.91100000 26.82300000 27.00300000 26.98600000
27.83300000 27.83300000 27.83300000 27.83300000 27.83300000 27.83300000 27.83300000 27.83300000 27.83300000 27.83300000 27.83300000 27.83300000 27.83300000 27.83300000 27.83300000 27.83300000 27.83300000 27.83300000 27.83300000 24.93800000 24.56600000 26.58000000 26.85100000 26.87400000 26.71800000 26.85800000 26.73400000 26.74600000 26.96000000 27.09600000
27.83300000 27.83300000 27.83300000 27.83300000 27.83300000 27.83300000 27.83300000 27.83300000 27.83300000 27.83300000 27.83300000 27.83300000 27.83300000 27.83300000 27.83300000 27.83300000 27.83300000 27.83300000 27.83300000 27.83300000 25.00800000 25.99500000 26.80800000 26.81700000 26.74300000 26.82500000 26.71000000 26.49800000 26.49000000 27.01100000
27.83300000 27.83300000 27.83300000 27.83300000 27.83300000 27.83300000 27.83300000 27.83300000 27.83300000 27.83300000 27.83300000 27.83300000 27.83300000 27.83300000 27.83300000 27.83300000 27.83300000 27.83300000 27.83300000 27.83300000 27.83300000 25.01800000 26.53600000 26.81200000 26.83600000 26.78300000 26.66700000 26.49800000 26.40500000 27.06000000
27.83300000 27.83300000 27.83300000 27.83300000 27.83300000 27.83300000 27.83300000 27.83300000 27.83300000 27.83300000 27.83300000 27.83300000 27.83300000 27.83300000 27.83300000 27.83300000 27.83300000 27.83300000 27.83300000 27.83300000 27.83300000 24.94500000 26.17500000 26.67300000 26.71300000 26.63600000 26.56000000 26.43500000 26.87900000 27.15500000
27.83300000 27.83300000 27.83300000 27.83300000 27.83300000 27.83300000 27.83300000 27.83300000 27.83300000 27.83300000 27.83300000 27.83300000 27.83300000 27.83300000 27.83300000 27.83300000 27.83300000 27.83300000 27.83300000 27.83300000 27.83300000 27.83300000 25.76600000 26.16900000 26.42600000 26.38800000 26.53100000 26.70800000 26.95000000 27.22000000
27.83300000 27.83300000 27.83300000 27.83300000 27.83300000 27.83300000 27.83300000 27.83300000 27.83300000 27.83300000 27.83300000 27.83300000 27.83300000 27.83300000 27.83300000 27.83300000 27.83300000 27.83300000 27.83300000 27.83300000 27.83300000 27.83300000 27.83300000 25.79400000 26.39600000 26.52200000 26.52100000 26.67100000 26.78400000 27.23400000
25.20100000 25.14200000 25.15700000 24.81200000 25.16900000 25.09900000 25.23600000 25.25700000 25.15700000 25.04900000 25.13000000 25.12300000 24.82600000 24.12300000 24.41500000 24.97100000 25.28800000 25.10300000 25.07000000 25.06100000 25.06300000 24.92800000 24.66900000 24.06400000 24.02800000 23.50900000 23.95600000 24.09200000 24.22900000 24.40200000
25.10800000 25.06200000 24.77700000 25.06600000 25.14700000 25.09400000 25.00800000 24.98200000 25.03400000 25.10000000 25.07200000 24.73400000 23.94500000 24.52300000 24.70300000 25.30300000 24.98500000 24.99500000 25.02400000 25.00800000 24.92500000 24.81000000 24.53900000 24.05400000 24.34600000 25.21300000 25.12200000 25.15300000 24.77900000 24.65600000
25.10400000 25.06900000 25.12200000 24.96100000 25.03300000 25.05800000 25.06900000 25.05500000 24.98500000 24.77800000 24.02200000 23.78200000 24.49800000 24.72200000 25.13900000 25.26400000 25.00700000 25.00800000 24.91400000 24.74200000 24.66300000 24.24000000 25.46300000 25.39600000 25.09500000 25.10100000 24.93900000 24.86400000 24.83900000 24.83400000
24.41200000 25.04400000 25.18200000 25.07200000 24.79100000 24.86700000 24.68400000 23.95100000 24.01100000 24.08000000 24.30800000 24.60800000 24.71500000 25.06300000 25.36900000 25.16400000 24.98400000 24.87500000 24.68300000 24.30000000 25.31800000 25.45100000 25.50900000 25.56800000 25.59400000 25.30300000 25.03200000 24.93100000 24.98200000 25.06100000
24.80900000 24.71500000 24.90200000 25.29300000 25.21200000 24.95800000 24.17200000 23.87900000 23.99500000 24.75900000 24.88300000 24.94000000 25.07800000 25.27800000 25.50800000 25.14100000 24.87400000 24.68300000 24.75100000 25.38000000 25.37700000 25.21800000 25.09000000 25.10900000 25.32800000 25.72500000 25.58100000 24.87700000 24.76700000 24.97500000
24.40900000 24.13900000 24.26000000 24.56400000 25.62600000 25.49800000 25.26300000 25.17100000 25.15700000 25.15000000 25.15300000 25.17100000 25.17900000 25.26500000 25.55100000 25.23000000 24.57000000 25.02700000 25.38400000 25.29600000 25.11000000 24.90300000 24.73900000 24.87100000 25.12000000 25.61800000 26.01900000 25.56900000 24.73900000 24.95100000
23.52700000 24.13700000 23.97800000 24.05400000 24.69100000 25.81200000 25.41000000 25.36200000 25.42700000 25.42200000 25.50500000 25.45600000 25.38300000 25.36300000 25.51500000 25.42600000 24.72900000 25.38200000 25.29600000 25.23600000 24.97300000 24.77000000 24.72600000 25.02300000 25.43900000 26.05900000 26.37200000 26.16100000 25.64400000 25.04700000
22.92900000 23.39900000 23.91700000 23.36700000 23.93400000 24.32200000 25.80300000 26.00100000 25.47300000 25.31700000 25.42300000 25.43400000 25.45300000 25.45500000 25.47300000 25.45400000 25.08700000 25.24300000 25.34800000 25.20700000 25.17900000 25.15600000 25.27300000 25.84400000 26.08500000 26.15600000 26.36900000 26.35900000 25.68200000 25.79100000
22.23300000 23.37200000 23.26400000 22.94500000 23.59200000 23.76400000 24.53400000 25.78200000 26.12900000 26.20000000 25.36700000 25.42300000 25.46700000 25.57400000 25.59500000 25.52800000 25.48300000 25.42500000 25.45900000 25.60000000 25.55400000 26.00800000 25.82400000 25.89100000 25.95600000 25.95900000 26.18600000 26.31000000 25.77100000 25.90900000
19.49400000 18.76000000 18.32600000 22.52700000 23.06200000 23.44300000 23.76400000 25.25000000 25.64900000 26.11500000 25.95300000 25.34300000 25.39900000 25.45900000 25.44900000 25.57600000 25.62500000 25.62300000 25.52200000 26.25100000 26.37100000 26.11500000 25.95900000 26.14700000 26.27000000 26.21100000 26.28900000 25.98800000 25.72500000 25.90100000
19.88800000 27.83300000 17.91800000 17.63400000 21.90100000 22.99800000 22.98000000 23.77900000 25.00000000 24.98300000 25.34900000 26.06000000 25.37600000 25.39000000 25.44800000 25.43800000 25.45900000 26.10400000 26.20400000 26.40100000 26.07100000 25.77800000 26.08900000 26.22900000 26.06900000 25.98900000 25.79300000 25.73600000 25.91200000 25.97400000
27.83300000 27.83300000 27.83300000 27.83300000 18.85700000 21.64200000 22.22600000 22.70000000 23.61800000 24.72900000 24.02800000 24.55400000 24.87100000 25.80000000 26.00400000 26.01700000 25.90200000 25.65500000 26.24100000 26.42900000 25.73200000 26.04200000 26.01400000 26.10200000 26.34000000 26.12600000 25.76200000 26.01600000 25.93000000 25.84500000
27.83300000 27.83300000 27.83300000 27.83300000 27.83300000 17.84400000 19.25800000 19.83500000 22.93700000 23.55000000 23.87900000 23.35300000 23.72500000 23.92400000 24.44100000 24.88600000 25.13400000 25.05500000 26.29800000 26.39200000 25.75000000 25.89500000 26.05700000 25.93700000 26.06500000 26.50900000 26.12800000 26.01800000 25.92100000 26.04900000
27.83300000 27.83300000 27.83300000 27.83300000 27.83300000 27.83300000 27.83300000 18.19400000 17.53100000 18.22700000 21.87100000 22.25100000 20.56500000 22.42900000 23.30200000 23.90900000 24.53800000 24.45300000 25.95400000 26.40900000 26.42500000 25.82600000 25.94700000 25.91400000 26.11800000 26.58500000 26.60100000 26.01800000 26.19000000 25.98400000
27.83300000 27.83300000 27.83300000 27.83300000 27.83300000 27.83300000 27.83300000 27.83300000 27.83300000 27.83300000 27.83300000 27.83300000 27.83300000 27.83300000 27.83300000 19.81400000 24.42600000 24.69900000 24.77000000 26.43000000 26.46100000 26.48300000 26.46800000 26.53800000 26.39200000 26.68800000 26.61300000 26.63100000 26.11100000 26.05700000
27.83300000 27.83300000 27.83300000 27.83300000 27.83300000 27.83300000 27.83300000 27.83300000 27.83300000 27.83300000 27.83300000 27.83300000 27.83300000 27.83300000 27.83300000 27.83300000 23.77400000 24.52100000 24.80000000 24.88900000 26.44700000 26.50600000 26.60700000 26.33100000 26.65400000 26.74900000 26.62400000 26.65900000 26.70200000 26.70500000
27.83300000 27.83300000 27.83300000 27.83300000 27.83300000 27.83300000 27.83300000 27.83300000 27.83300000 27.83300000 27.83300000 27.83300000 27.83300000 27.83300000 27.83300000 27.83300000 27.83300000 20.60600000 23.74000000 24.15400000 26.27100000 26.44800000 26.52900000 26.41500000 26.77800000 26.82400000 26.75200000 26.71600000 26.75500000 26.87200000
27.83300000 27.83300000 27.83300000 27.83300000 27.83300000 27.83300000 27.83300000 27.83300000 27.83300000 27.83300000 27.83300000 27.83300000 27.83300000 27.83300000 27.83300000 27.83300000 27.83300000 27.83300000 27.83300000 24.94500000 24.45100000 26.57600000 26.45200000 26.59200000 26.76100000 26.78600000 26.82300000 26.72000000 26.83900000 26.89400000
27.83300000 27.83300000 27.83300000 27.83300000 27.83300000 27.83300000 27.83300000 27.83300000 27.83300000 27.83300000 27.83300000 27.83300000 27.83300000 27.83300000 27.83300000 27.83300000 27.83300000 27.83300000 27.83300000 27.83300000 24.58000000 26.65500000 26.48100000 26.70800000 26.89700000 26.79000000 26.79200000 26.79600000 26.86800000 26.95900000
27.83300000 27.83300000 27.83300000 27.83300000 27.83300000 27.83300000 27.83300000 27.83300000 27.83300000 27.83300000 27.83300000 27.83300000 27.83300000 27.83300000 27.83300000 27.83300000 27.83300000 27.83300000 27.83300000 27.83300000 23.14400000 26.69700000 26.52400000 26.81800000 26.79800000 26.86400000 26.88500000 26.85200000 26.88100000 27.01800000
27.83300000 27.83300000 27.83300000 27.83300000 27.83300000 27.83300000 27.83300000 27.83300000 27.83300000 27.83300000 27.83300000 27.83300000 27.83300000 27.83300000 27.83300000 27.83300000 27.83300000 27.83300000 27.83300000 27.83300000 21.38800000 26.71700000 26.65000000 26.91000000 26.71100000 26.86400000 26.91100000 26.82200000 27.00500000 26.99000000
27.83300000 27.83300000 27.83300000 27.83300000 27.83300000 27.83300000 27.83300000 27.83300000 27.83300000 27.83300000 27.83300000 27.83300000 27.83300000 27.83300000 27.83300000 27.83300000 27.83300000 27.83300000 27.83300000 27.83300000 22.91800000 26.56700000 26.84800000 26.87600000 26.71500000 26.85700000 26.73200000 26.74500000 26.96200000 27.09800000
27.83300000 27.83300000 27.83300000 27.83300000 27.83300000 27.83300000 27.83300000 27.83300000 27.83300000 27.83300000 27.83300000 27.83300000 27.83300000 27.83300000 27.83300000 27.83300000 27.83300000 27.83300000 27.83300000 27.83300000 27.83300000 25.97200000 26.69000000 26.74800000 26.73100000 26.82000000 26.70700000 26.49400000 26.47800000 27.01300000
27.83300000 27.83300000 27.83300000 27.83300000 27.83300000 27.83300000 27.83300000 27.83300000 27.83300000 27.83300000 27.83300000 27.83300000 27.83300000 27.83300000 27.83300000 27.83300000 27.83300000 27.83300000 27.83300000 27.83300000 27.83300000 24.63500000 26.49600000 26.67900000 26.73300000 26.75500000 26.65500000 26.48900000 26.37600000 27.06100000
27.83300000 27.83300000 27.83300000 27.83300000 27.83300000 27.83300000 27.83300000 27.83300000 27.83300000 27.83300000 27.83300000 27.83300000 27.83300000 27.83300000 27.83300000 27.83300000 27.83300000 27.83300000 27.83300000 27.83300000 27.83300000 27.83300000 26.13500000 26.59000000 26.59500000 26.54900000 26.50900000 26.40300000 26.84700000 27.15200000
27.83300000 27.83300000 27.83300000 27.83300000 27.83300000 27.83300000 27.83300000 27.83300000 27.83300000 27.83300000 27.83300000 27.83300000 27.83300000 27.83300000 27.83300000 27.83300000 27.83300000 27.83300000 27.83300000 27.83300000 27.83300000 27.83300000 25.68600000 26.10100000 26.32300000 26.28200000 26.44700000 26.63600000 26.89500000 27.20400000
27.83300000 27.83300000 27.83300000 27.83300000 27.83300000 27.83300000 27.83300000 27.83300000 27.83300000 27.83300000 27.83300000 27.83300000 27.83300000 27.83300000 27.83300000 27.83300000 27.83300000 27.83300000 27.83300000 27.83300000 27.83300000 27.83300000 27.83300000 25.68900000 26.32600000 26.42700000 26.43700000 26.59100000 26.73000000 27.20300000
