37.01700000 36.92500000 37.03100000 36.96000000 36.98700000 37.03300000 37.16400000 37.27500000 37.26700000 37.23300000 37.15900000 37.05800000 36.90700000 36.59500000 36.48700000 36.83200000 36.90600000 36.99500000 36.97800000 37.03200000 37.05700000 37.03300000 36.91700000 36.74400000 36.42900000 36.25600000 36.39000000 36.51900000 36.37600000 36.36500000
37.00400000 36.96400000 36.94500000 36.92900000 36.91500000 37.16900000 37.22700000 37.23200000 37.20400000 37.15200000 37.06400000 36.95200000 36.57500000 36.52100000 36.78600000 36.88500000 36.98600000 37.01800000 36.99500000 37.06800000 37.05800000 36.98100000 36.84900000 36.65600000 36.33300000 36.57100000 36.55700000 36.50000000 36.68400000 36.92200000
36.96300000 37.02900000 36.92800000 36.92600000 36.89600000 37.07900000 37.15500000 37.13900000 37.07200000 36.92500000 36.63000000 36.44100000 36.53100000 36.77100000 36.79900000 36.93300000 37.08500000 37.00300000 36.97700000 37.01200000 36.95900000 36.87900000 36.69800000 36.63100000 36.83700000 37.06200000 37.04100000 37.05900000 36.94600000 36.86200000
36.62300000 37.00200000 36.95600000 36.91200000 36.95000000 36.80500000 36.78100000 36.61500000 36.48300000 36.63600000 36.82300000 36.89000000 36.88600000 36.85600000 36.83700000 36.95700000 37.08900000 36.96900000 36.93200000 36.93000000 36.84300000 36.71700000 37.05900000 37.17900000 37.20000000 37.06200000 37.03100000 36.99800000 36.97900000 36.97600000
36.54500000 36.32000000 37.00800000 36.84900000 36.91200000 36.92700000 36.89800000 36.76000000 36.85600000 36.93200000 36.87600000 36.88800000 36.90700000 36.91200000 36.92800000 36.97300000 37.08300000 36.95500000 36.78300000 36.76700000 37.09200000 37.20000000 37.20600000 37.19500000 37.20700000 37.24100000 37.07900000 36.96800000 36.88700000 36.78100000
36.37800000 35.94300000 36.90900000 36.95800000 36.82600000 36.87100000 36.93700000 36.92900000 36.92900000 36.92400000 36.86700000 36.86800000 36.97500000 37.02500000 37.03400000 36.98900000 37.12100000 37.07300000 36.99200000 37.14500000 37.18400000 37.16200000 37.11100000 37.06700000 37.13800000 37.22100000 37.23900000 37.25000000 36.85400000 36.58700000
36.08200000 35.34100000 36.81600000 36.99500000 36.99300000 36.88700000 36.80000000 36.78200000 36.79000000 36.83200000 36.94000000 36.99900000 36.99300000 37.01200000 37.04800000 36.99100000 37.19200000 37.19100000 37.13100000 37.14900000 37.14100000 37.05600000 36.95800000 36.94500000 37.05800000 37.18800000 37.25800000 37.26100000 37.25600000 36.95500000
35.68900000 35.13800000 36.18200000 36.63000000 36.94000000 37.11400000 37.06200000 36.90300000 36.89700000 36.92300000 37.01800000 36.97800000 36.98400000 37.03800000 37.05400000 37.01200000 37.22600000 37.21700000 37.15300000 37.12700000 37.15000000 37.08300000 37.02400000 37.06200000 37.16000000 37.22000000 37.31800000 37.32600000 37.25600000 37.24000000
35.37000000 35.62700000 36.13900000 36.62600000 36.50100000 36.71100000 36.93900000 37.21400000 36.92300000 36.90800000 36.94800000 36.95300000 36.95500000 36.94200000 36.93000000 36.98500000 37.13900000 37.21600000 37.24500000 37.24800000 37.19400000 37.16300000 37.17200000 37.21500000 37.26600000 37.42300000 37.44000000 37.36000000 37.26900000 37.25900000
35.16400000 35.35900000 35.83200000 36.24200000 36.37500000 36.52400000 36.55300000 36.80700000 37.29300000 37.22400000 37.08700000 36.99000000 36.92400000 36.93100000 36.96600000 36.96400000 37.02600000 37.01500000 37.01700000 37.41100000 37.44200000 37.44000000 37.44300000 37.44400000 37.42500000 37.41000000 37.44500000 37.31500000 37.24700000 37.24900000
34.56300000 34.92200000 34.97800000 35.21600000 35.96200000 36.18400000 36.44900000 36.12300000 36.65900000 37.16200000 37.36800000 37.39400000 37.39400000 37.34900000 37.02700000 36.93900000 37.02900000 37.40900000 37.26800000 37.26800000 37.34600000 37.33200000 37.32600000 37.37100000 37.39900000 37.41900000 37.34900000 37.26100000 37.31900000 37.22500000
37.59700000 37.59700000 37.59700000 35.03700000 35.47000000 35.71400000 36.05300000 35.90100000 35.76900000 36.33600000 36.91900000 37.26300000 37.24900000 37.32500000 37.36400000 37.32200000 37.22400000 37.12000000 37.20900000 37.36400000 37.26400000 37.34100000 37.36700000 37.26700000 37.26300000 37.32900000 37.36300000 37.29100000 37.35800000 37.21600000
37.59700000 37.59700000 37.59700000 37.59700000 35.12500000 35.28600000 35.45500000 35.52000000 35.60900000 35.92000000 36.54600000 37.03900000 37.13300000 36.80700000 36.65700000 36.99200000 36.90200000 36.53000000 37.29400000 37.35100000 37.22700000 37.26300000 37.22400000 37.21200000 37.24600000 37.32600000 37.32900000 37.29000000 37.38000000 37.22600000
37.59700000 37.59700000 37.59700000 37.59700000 37.59700000 37.59700000 35.28900000 35.37100000 35.49200000 35.62100000 36.15400000 36.29800000 36.52200000 36.35400000 36.17000000 36.28000000 36.70000000 36.16200000 37.23100000 37.35700000 37.28400000 37.17000000 37.18800000 37.18200000 37.24000000 37.33400000 37.43600000 37.38900000 37.28700000 37.29400000
37.59700000 37.59700000 37.59700000 37.59700000 37.59700000 37.59700000 37.59700000 37.59700000 37.59700000 37.59700000 37.59700000 37.59700000 35.60700000 35.87900000 36.21700000 36.12800000 36.60200000 35.98800000 37.05900000 37.22700000 37.35900000 37.35600000 37.23800000 37.18700000 37.26400000 37.35600000 37.42000000 37.48300000 37.41700000 37.29900000
37.59700000 37.59700000 37.59700000 37.59700000 37.59700000 37.59700000 37.59700000 37.59700000 37.59700000 37.59700000 37.59700000 37.59700000 37.59700000 37.59700000 37.59700000 35.89400000 36.21000000 35.87700000 36.41000000 37.11200000 37.24300000 37.34300000 37.36900000 37.39200000 37.30300000 37.34500000 37.37000000 37.44300000 37.51500000 37.57600000
37.59700000 37.59700000 37.59700000 37.59700000 37.59700000 37.59700000 37.59700000 37.59700000 37.59700000 37.59700000 37.59700000 37.59700000 37.59700000 37.59700000 37.59700000 37.59700000 35.94200000 35.88900000 36.57600000 36.91000000 37.00800000 37.30600000 37.38600000 37.39600000 37.35300000 37.31300000 37.34000000 37.38900000 37.41100000 37.54800000
37.59700000 37.59700000 37.59700000 37.59700000 37.59700000 37.59700000 37.59700000 37.59700000 37.59700000 37.59700000 37.59700000 37.59700000 37.59700000 37.59700000 37.59700000 37.59700000 37.59700000 37.59700000 36.13800000 36.71500000 37.04500000 36.88100000 37.36400000 37.40500000 37.38800000 37.29200000 37.32900000 37.36500000 37.34600000 37.37500000
37.59700000 37.59700000 37.59700000 37.59700000 37.59700000 37.59700000 37.59700000 37.59700000 37.59700000 37.59700000 37.59700000 37.59700000 37.59700000 37.59700000 37.59700000 37.59700000 37.59700000 37.59700000 37.59700000 36.61100000 36.99900000 36.88000000 37.37400000 37.43000000 37.39100000 37.31500000 37.33800000 37.34100000 37.37600000 37.31700000
37.59700000 37.59700000 37.59700000 37.59700000 37.59700000 37.59700000 37.59700000 37.59700000 37.59700000 37.59700000 37.59700000 37.59700000 37.59700000 37.59700000 37.59700000 37.59700000 37.59700000 37.59700000 37.59700000 36.93800000 36.45100000 36.96600000 37.37000000 37.43200000 37.29100000 37.37800000 37.41000000 37.39200000 37.35300000 37.34200000
37.59700000 37.59700000 37.59700000 37.59700000 37.59700000 37.59700000 37.59700000 37.59700000 37.59700000 37.59700000 37.59700000 37.59700000 37.59700000 37.59700000 37.59700000 37.59700000 37.59700000 37.59700000 37.59700000 36.86000000 36.59600000 36.90200000 37.34100000 37.38000000 37.32300000 37.39200000 37.38500000 37.40000000 37.41100000 37.34700000
37.59700000 37.59700000 37.59700000 37.59700000 37.59700000 37.59700000 37.59700000 37.59700000 37.59700000 37.59700000 37.59700000 37.59700000 37.59700000 37.59700000 37.59700000 37.59700000 37.59700000 37.59700000 37.59700000 36.60500000 36.68000000 36.77800000 37.35300000 37.31600000 37.39800000 37.35800000 37.38100000 37.38200000 37.38900000 37.40700000
37.59700000 37.59700000 37.59700000 37.59700000 37.59700000 37.59700000 37.59700000 37.59700000 37.59700000 37.59700000 37.59700000 37.59700000 37.59700000 37.59700000 37.59700000 37.59700000 37.59700000 37.59700000 37.59700000 37.59700000 36.68000000 36.65100000 37.31400000 37.37400000 37.34900000 37.36200000 37.34600000 37.32700000 37.33400000 37.36400000
37.59700000 37.59700000 37.59700000 37.59700000 37.59700000 37.59700000 37.59700000 37.59700000 37.59700000 37.59700000 37.59700000 37.59700000 37.59700000 37.59700000 37.59700000 37.59700000 37.59700000 37.59700000 37.59700000 37.59700000 37.59700000 36.62800000 36.79800000 37.30500000 37.32400000 37.32500000 37.33700000 37.31300000 37.30100000 37.31400000
37.59700000 37.59700000 37.59700000 37.59700000 37.59700000 37.59700000 37.59700000 37.59700000 37.59700000 37.59700000 37.59700000 37.59700000 37.59700000 37.59700000 37.59700000 37.59700000 37.59700000 37.59700000 37.59700000 37.59700000 37.59700000 36.49800000 36.52300000 37.22600000 37.28200000 37.31300000 37.29800000 37.28100000 37.28600000 37.27500000
37.59700000 37.59700000 37.59700000 37.59700000 37.59700000 37.59700000 37.59700000 37.59700000 37.59700000 37.59700000 37.59700000 37.59700000 37.59700000 37.59700000 37.59700000 37.59700000 37.59700000 37.59700000 37.59700000 37.59700000 37.59700000 37.59700000 36.40800000 37.13800000 37.14400000 37.21000000 37.21000000 37.23400000 37.23100000 37.28900000
37.59700000 37.59700000 37.59700000 37.59700000 37.59700000 37.59700000 37.59700000 37.59700000 37.59700000 37.59700000 37.59700000 37.59700000 37.59700000 37.59700000 37.59700000 37.59700000 37.59700000 37.59700000 37.59700000 37.59700000 37.59700000 37.59700000 37.59700000 36.11200000 37.18000000 37.18300000 37.20700000 37.22600000 37.27200000 37.28800000
37.01600000 36.92500000 37.03000000 36.96100000 36.98800000 37.03300000 37.16400000 37.27400000 37.26700000 37.23500000 37.16000000 37.05900000 36.91100000 36.59500000 36.49100000 36.83200000 36.90400000 36.99500000 36.97700000 37.03200000 37.05600000 37.03500000 36.91700000 36.74400000 36.43200000 36.25400000 36.39000000 36.52300000 36.37600000 36.36600000
37.00300000 36.96200000 36.94400000 36.92800000 36.91400000 37.16800000 37.22600000 37.23000000 37.20200000 37.15100000 37.06300000 36.95100000 36.57300000 36.52100000 36.78500000 36.88400000 36.98500000 37.01700000 36.99500000 37.06700000 37.05800000 36.98000000 36.84800000 36.65500000 36.33300000 36.57100000 36.55600000 36.50000000 36.69300000 36.92900000
36.96100000 37.02700000 36.92700000 36.92500000 36.89600000 37.07800000 37.15400000 37.13800000 37.07000000 36.92300000 36.62800000 36.44000000 36.53000000 36.77100000 36.79800000 36.93200000 37.08400000 37.00200000 36.97600000 37.01100000 36.95800000 36.87800000 36.69800000 36.63100000 36.83900000 37.06100000 37.04100000 37.05900000 36.94500000 36.86100000
36.62200000 37.00100000 36.95500000 36.91100000 36.94800000 36.80400000 36.78000000 36.61300000 36.48200000 36.63500000 36.82200000 36.88900000 36.88500000 36.85500000 36.83600000 36.95600000 37.08800000 36.96800000 36.93100000 36.92900000 36.84200000 36.71700000 37.05900000 37.17900000 37.20100000 37.06200000 37.03100000 36.99800000 36.97900000 36.97500000
36.54500000 36.33600000 37.00700000 36.84800000 36.91100000 36.92500000 36.89800000 36.76000000 36.85600000 36.93100000 36.87500000 36.88700000 36.90600000 36.91100000 36.92700000 36.97200000 37.08200000 36.95500000 36.78200000 36.76700000 37.09200000 37.20000000 37.20700000 37.19900000 37.21100000 37.24100000 37.08000000 36.96700000 36.88500000 36.78100000
36.38700000 35.96200000 36.91000000 36.95700000 36.82500000 36.87000000 36.93600000 36.92800000 36.92800000 36.92300000 36.86600000 36.86700000 36.97400000 37.02400000 37.03300000 36.98800000 37.12100000 37.07200000 36.99100000 37.14500000 37.18500000 37.16300000 37.11300000 37.07100000 37.14100000 37.22100000 37.23900000 37.25000000 36.85300000 36.58700000
36.11100000 35.93300000 36.83000000 36.99300000 36.99200000 36.88700000 36.79900000 36.78100000 36.78900000 36.83100000 36.94000000 36.99700000 36.99200000 37.01200000 37.04700000 36.99000000 37.19200000 37.19000000 37.13100000 37.15100000 37.14300000 37.05700000 36.95900000 36.94600000 37.05800000 37.18700000 37.25700000 37.26100000 37.25600000 36.95600000
35.89600000 35.72400000 36.69500000 36.62900000 36.93900000 37.11300000 37.06100000 36.90200000 36.89600000 36.92300000 37.01700000 36.97700000 36.98300000 37.03700000 37.05400000 37.01100000 37.22600000 37.21800000 37.15400000 37.12800000 37.15100000 37.08300000 37.02500000 37.06200000 37.15900000 37.22000000 37.31700000 37.32600000 37.25500000 37.24000000
35.78400000 35.92600000 36.50900000 36.62500000 36.49900000 36.71000000 36.93800000 37.21300000 36.92300000 36.90700000 36.94700000 36.95200000 36.95500000 36.94200000 36.93000000 36.98500000 37.13900000 37.21700000 37.24400000 37.24800000 37.19400000 37.16300000 37.17200000 37.21400000 37.26500000 37.42300000 37.44000000 37.36000000 37.26900000 37.25800000
35.70100000 35.83800000 35.95300000 36.25800000 36.37500000 36.52100000 36.55400000 36.80600000 37.29100000 37.22400000 37.08700000 36.99100000 36.92500000 36.93200000 36.96700000 36.96500000 37.02600000 37.01500000 37.01700000 37.41100000 37.44100000 37.43900000 37.44300000 37.44300000 37.42500000 37.41000000 37.44600000 37.31700000 37.25000000 37.25000000
35.44100000 37.59700000 35.57500000 35.62800000 36.07800000 36.22300000 36.46900000 36.44800000 36.66500000 37.16100000 37.36700000 37.39400000 37.39600000 37.34900000 37.02800000 36.93900000 37.03000000 37.40800000 37.26800000 37.26800000 37.34600000 37.33100000 37.32600000 37.37100000 37.39900000 37.42000000 37.34900000 37.26600000 37.32100000 37.22600000
37.59700000 37.59700000 37.59700000 37.59700000 35.66600000 35.96500000 36.45800000 36.43400000 36.20100000 36.38700000 36.91800000 37.26300000 37.25000000 37.32500000 37.36200000 37.32100000 37.22300000 37.11800000 37.20800000 37.36300000 37.26400000 37.34100000 37.36700000 37.26700000 37.26300000 37.32800000 37.36300000 37.29400000 37.35800000 37.21600000
37.59700000 37.59700000 37.59700000 37.59700000 37.59700000 35.65900000 35.82000000 35.92500000 36.10900000 36.05100000 36.55600000 37.03400000 37.13400000 36.80800000 36.65400000 36.99100000 36.89900000 36.53600000 37.29300000 37.35000000 37.22700000 37.26200000 37.22300000 37.21100000 37.24700000 37.32600000 37.32900000 37.29000000 37.37900000 37.22700000
37.59700000 37.59700000 37.59700000 37.59700000 37.59700000 37.59700000 37.59700000 35.50000000 35.72300000 35.74900000 36.33600000 36.39400000 36.51900000 36.37100000 36.17200000 36.27300000 36.69800000 36.18300000 37.23000000 37.35600000 37.28300000 37.17000000 37.18900000 37.18100000 37.24000000 37.33300000 37.43500000 37.38800000 37.28800000 37.29700000
37.59700000 37.59700000 37.59700000 37.59700000 37.59700000 37.59700000 37.59700000 37.59700000 37.59700000 37.59700000 37.59700000 37.59700000 37.59700000 37.59700000 37.59700000 36.20800000 36.59500000 36.12900000 37.05700000 37.22600000 37.35800000 37.35600000 37.23800000 37.18700000 37.26400000 37.35500000 37.42000000 37.48300000 37.41800000 37.29900000
37.59700000 37.59700000 37.59700000 37.59700000 37.59700000 37.59700000 37.59700000 37.59700000 37.59700000 37.59700000 37.59700000 37.59700000 37.59700000 37.59700000 37.59700000 37.59700000 36.36400000 36.41700000 36.41900000 37.11200000 37.24300000 37.34300000 37.36900000 37.39200000 37.30300000 37.34500000 37.37000000 37.44600000 37.51700000 37.57600000
37.59700000 37.59700000 37.59700000 37.59700000 37.59700000 37.59700000 37.59700000 37.59700000 37.59700000 37.59700000 37.59700000 37.59700000 37.59700000 37.59700000 37.59700000 37.59700000 37.59700000 36.39400000 36.73500000 36.91300000 36.99100000 37.30600000 37.38600000 37.39600000 37.35300000 37.31300000 37.34000000 37.38900000 37.41300000 37.54900000
37.59700000 37.59700000 37.59700000 37.59700000 37.59700000 37.59700000 37.59700000 37.59700000 37.59700000 37.59700000 37.59700000 37.59700000 37.59700000 37.59700000 37.59700000 37.59700000 37.59700000 37.59700000 37.59700000 36.74200000 37.04000000 36.91400000 37.36400000 37.40500000 37.38800000 37.29200000 37.32900000 37.36500000 37.34700000 37.37700000
37.59700000 37.59700000 37.59700000 37.59700000 37.59700000 37.59700000 37.59700000 37.59700000 37.59700000 37.59700000 37.59700000 37.59700000 37.59700000 37.59700000 37.59700000 37.59700000 37.59700000 37.59700000 37.59700000 37.59700000 36.96800000 37.01900000 37.37400000 37.43000000 37.39100000 37.31500000 37.33800000 37.34500000 37.37600000 37.31600000
37.59700000 37.59700000 37.59700000 37.59700000 37.59700000 37.59700000 37.59700000 37.59700000 37.59700000 37.59700000 37.59700000 37.59700000 37.59700000 37.59700000 37.59700000 37.59700000 37.59700000 37.59700000 37.59700000 37.59700000 36.38000000 37.03000000 37.37100000 37.43100000 37.29100000 37.37800000 37.41000000 37.39400000 37.35300000 37.34200000
37.59700000 37.59700000 37.59700000 37.59700000 37.59700000 37.59700000 37.59700000 37.59700000 37.59700000 37.59700000 37.59700000 37.59700000 37.59700000 37.59700000 37.59700000 37.59700000 37.59700000 37.59700000 37.59700000 37.59700000 36.08100000 37.02800000 37.34300000 37.38400000 37.32300000 37.39100000 37.38500000 37.40000000 37.41100000 37.34700000
37.59700000 37.59700000 37.59700000 37.59700000 37.59700000 37.59700000 37.59700000 37.59700000 37.59700000 37.59700000 37.59700000 37.59700000 37.59700000 37.59700000 37.59700000 37.59700000 37.59700000 37.59700000 37.59700000 37.59700000 36.20400000 36.86300000 37.35300000 37.31700000 37.39700000 37.35800000 37.38000000 37.38200000 37.38800000 37.40600000
37.59700000 37.59700000 37.59700000 37.59700000 37.59700000 37.59700000 37.59700000 37.59700000 37.59700000 37.59700000 37.59700000 37.59700000 37.59700000 37.59700000 37.59700000 37.59700000 37.59700000 37.59700000 37.59700000 37.59700000 37.59700000 36.81300000 37.31400000 37.37400000 37.34900000 37.36100000 37.34500000 37.32700000 37.33500000 37.36300000
37.59700000 37.59700000 37.59700000 37.59700000 37.59700000 37.59700000 37.59700000 37.59700000 37.59700000 37.59700000 37.59700000 37.59700000 37.59700000 37.59700000 37.59700000 37.59700000 37.59700000 37.59700000 37.59700000 37.59700000 37.59700000 36.56900000 36.93600000 37.30500000 37.32400000 37.32500000 37.33700000 37.31300000 37.30000000 37.31400000
37.59700000 37.59700000 37.59700000 37.59700000 37.59700000 37.59700000 37.59700000 37.59700000 37.59700000 37.59700000 37.59700000 37.59700000 37.59700000 37.59700000 37.59700000 37.59700000 37.59700000 37.59700000 37.59700000 37.59700000 37.59700000 37.59700000 37.03400000 37.22700000 37.28300000 37.31500000 37.30000000 37.28200000 37.28600000 37.27400000
37.59700000 37.59700000 37.59700000 37.59700000 37.59700000 37.59700000 37.59700000 37.59700000 37.59700000 37.59700000 37.59700000 37.59700000 37.59700000 37.59700000 37.59700000 37.59700000 37.59700000 37.59700000 37.59700000 37.59700000 37.59700000 37.59700000 36.73000000 37.13500000 37.14700000 37.21400000 37.21200000 37.23400000 37.23000000 37.28900000
37.59700000 37.59700000 37.59700000 37.59700000 37.59700000 37.59700000 37.59700000 37.59700000 37.59700000 37.59700000 37.59700000 37.59700000 37.59700000 37.59700000 37.59700000 37.59700000 37.59700000 37.59700000 37.59700000 37.59700000 37.59700000 37.59700000 37.59700000 36.95900000 37.18300000 37.18400000 37.20700000 37.22600000 37.27200000 37.28700000
