25.67800000 25.38300000 25.58500000 25.66800000 25.09900000 24.89900000 25.39500000 25.59800000 25.57400000 25.52000000 25.43500000 25.30700000 25.24200000 24.33500000 24.25600000 25.45300000 25.70500000 25.78700000 25.44200000 25.42400000 25.44000000 25.41600000 25.31300000 24.96700000 24.10100000 23.89300000 24.28400000 24.77800000 24.66300000 24.67200000
25.38000000 25.25700000 25.47200000 25.32800000 24.59700000 25.29700000 25.50600000 25.50900000 25.44800000 25.37300000 25.24000000 25.08400000 24.12700000 24.17500000 24.88500000 25.27900000 25.70900000 25.43900000 25.42400000 25.38300000 25.40600000 25.29500000 25.10900000 24.54300000 23.77700000 24.39800000 24.54700000 24.56300000 24.92200000 25.22900000
25.27100000 25.41900000 25.49600000 25.42600000 24.58900000 25.09900000 25.34500000 25.32700000 25.19700000 24.86700000 24.18500000 23.96900000 24.20400000 24.66100000 24.81400000 25.50600000 25.68100000 25.40400000 25.38300000 25.28300000 25.19900000 25.11400000 24.59400000 24.45800000 25.13200000 25.67900000 25.60900000 25.56700000 25.19800000 25.11700000
24.75900000 25.34800000 25.46100000 25.54600000 25.09600000 24.47800000 24.47700000 24.20200000 24.05700000 24.27200000 24.63700000 24.85600000 24.91300000 24.87700000 24.92400000 25.64200000 25.69200000 25.35900000 25.28500000 25.18200000 24.94100000 24.79800000 25.61300000 25.90400000 25.97500000 25.72100000 25.55600000 25.40300000 25.33500000 25.45600000
24.73000000 24.40400000 25.29700000 25.43700000 25.55800000 25.13300000 24.69100000 24.40500000 24.63100000 24.94500000 24.99600000 25.24500000 25.44000000 25.47700000 25.55500000 25.72800000 25.73300000 25.31700000 25.00300000 24.94400000 25.68500000 25.90500000 25.76400000 25.73300000 25.77300000 25.95500000 25.72500000 25.45400000 25.37500000 25.31700000
24.23800000 24.02900000 25.02400000 25.44100000 25.47000000 25.55000000 25.65100000 25.52500000 25.54400000 25.65700000 25.62800000 25.66700000 25.85400000 25.93800000 25.96500000 25.81200000 25.72100000 25.54500000 25.30700000 25.74300000 25.77000000 25.63700000 25.53300000 25.41400000 25.58800000 25.89500000 25.95000000 26.06900000 25.37700000 25.17200000
24.03600000 23.69900000 24.80800000 25.10900000 25.52200000 25.57500000 25.52100000 25.50800000 25.51800000 25.57900000 25.76800000 25.83000000 25.82900000 25.90600000 25.98400000 25.81400000 25.83800000 25.83900000 25.69800000 25.72700000 25.57300000 25.39000000 25.10300000 25.01600000 25.35600000 25.77500000 26.17200000 26.07000000 26.11500000 25.58300000
23.91300000 23.63400000 24.41500000 24.50900000 25.06800000 25.67800000 25.81400000 25.69900000 25.71400000 25.78400000 25.93100000 25.89900000 25.88300000 25.95500000 25.99400000 25.82300000 25.92300000 25.93300000 25.78400000 25.66900000 25.59300000 25.44700000 25.31200000 25.38900000 25.64200000 26.09200000 26.51900000 26.43400000 25.98500000 26.16300000
23.68800000 24.03300000 24.15600000 24.46000000 24.29000000 24.64000000 25.18300000 26.01800000 25.78300000 25.77700000 25.88200000 25.89300000 25.88300000 25.88200000 25.85400000 25.85400000 25.89800000 26.03300000 26.09500000 26.11700000 25.95100000 25.81800000 25.84000000 26.06600000 26.45900000 26.93000000 26.81100000 26.53700000 25.99900000 26.23600000
23.45100000 23.32500000 23.79400000 24.06300000 24.11700000 24.25100000 24.33300000 24.88300000 26.26100000 26.26700000 26.07400000 25.93900000 25.77800000 25.72200000 25.77800000 25.83800000 25.81100000 25.89500000 26.00500000 26.94000000 26.97800000 26.95200000 26.97500000 26.94300000 26.71300000 26.56200000 26.71000000 26.27200000 26.05400000 26.23500000
24.35600000 23.50900000 23.61900000 23.72400000 23.63200000 23.73600000 24.09900000 24.17200000 24.60400000 25.71700000 26.46700000 26.66800000 26.72300000 26.67700000 25.96400000 25.73200000 25.97600000 26.77900000 26.34800000 26.30800000 26.40500000 26.37100000 26.34500000 26.43900000 26.52700000 26.61600000 26.45300000 26.02400000 26.38500000 26.31000000
27.83300000 27.83300000 27.83300000 24.16500000 23.56600000 23.43000000 23.62600000 23.65200000 23.81500000 24.28900000 24.89900000 26.12400000 26.06100000 26.36000000 26.54100000 26.39200000 26.12400000 25.78000000 26.18800000 26.86700000 26.18200000 26.39500000 26.50500000 26.24400000 26.24300000 26.45500000 26.56900000 26.31000000 26.51800000 26.40800000
27.83300000 27.83300000 27.83300000 27.83300000 23.94400000 23.70400000 23.40900000 23.56500000 23.48300000 23.82100000 24.41900000 25.22200000 25.55700000 24.75900000 24.53100000 25.07700000 25.03600000 24.76000000 26.51000000 26.83800000 26.07900000 26.24500000 26.16700000 26.41900000 26.57500000 26.75600000 26.56700000 26.28900000 26.54000000 26.41000000
27.83300000 27.83300000 27.83300000 27.83300000 27.83300000 27.83300000 24.64500000 24.09800000 23.44000000 23.48400000 23.76500000 23.81800000 24.27200000 23.93200000 23.39300000 23.84600000 24.53800000 24.61300000 26.23600000 26.87400000 26.47100000 26.05500000 26.22600000 26.30700000 26.34900000 26.75600000 26.98200000 26.75600000 26.27600000 26.41000000
27.83300000 27.83300000 27.83300000 27.83300000 27.83300000 27.83300000 27.83300000 27.83300000 27.83300000 27.83300000 27.83300000 27.83300000 23.42900000 23.32600000 22.85400000 23.62800000 24.20800000 24.54600000 25.71100000 26.44500000 26.96800000 26.91400000 26.40500000 26.23500000 26.34300000 26.87800000 27.01300000 27.09200000 26.83700000 26.38600000
27.83300000 27.83300000 27.83300000 27.83300000 27.83300000 27.83300000 27.83300000 27.83300000 27.83300000 27.83300000 27.83300000 27.83300000 27.83300000 27.83300000 27.83300000 23.78600000 24.07400000 24.58300000 25.20100000 25.95800000 26.54200000 26.98700000 26.90000000 27.01000000 26.45600000 26.95800000 27.05400000 27.01500000 27.10200000 27.19000000
27.83300000 27.83300000 27.83300000 27.83300000 27.83300000 27.83300000 27.83300000 27.83300000 27.83300000 27.83300000 27.83300000 27.83300000 27.83300000 27.83300000 27.83300000 27.83300000 24.03900000 24.27400000 25.45100000 25.56200000 25.35100000 26.85000000 26.91400000 27.01100000 26.63500000 27.00400000 27.16500000 27.00900000 27.00700000 27.20900000
27.83300000 27.83300000 27.83300000 27.83300000 27.83300000 27.83300000 27.83300000 27.83300000 27.83300000 27.83300000 27.83300000 27.83300000 27.83300000 27.83300000 27.83300000 27.83300000 27.83300000 27.83300000 23.37700000 25.62400000 25.79900000 25.55600000 26.91700000 26.98700000 26.75400000 27.08100000 27.23400000 27.20100000 27.07000000 27.05800000
27.83300000 27.83300000 27.83300000 27.83300000 27.83300000 27.83300000 27.83300000 27.83300000 27.83300000 27.83300000 27.83300000 27.83300000 27.83300000 27.83300000 27.83300000 27.83300000 27.83300000 27.83300000 27.83300000 25.86800000 25.64200000 26.28400000 26.90900000 26.98100000 26.81300000 27.12900000 27.19100000 27.17700000 27.19400000 27.14800000
27.83300000 27.83300000 27.83300000 27.83300000 27.83300000 27.83300000 27.83300000 27.83300000 27.83300000 27.83300000 27.83300000 27.83300000 27.83300000 27.83300000 27.83300000 27.83300000 27.83300000 27.83300000 27.83300000 25.97800000 22.10100000 26.43500000 26.88200000 26.82300000 26.98100000 27.26500000 27.34600000 27.19800000 27.18100000 27.23400000
27.83300000 27.83300000 27.83300000 27.83300000 27.83300000 27.83300000 27.83300000 27.83300000 27.83300000 27.83300000 27.83300000 27.83300000 27.83300000 27.83300000 27.83300000 27.83300000 27.83300000 27.83300000 27.83300000 25.90000000 23.02300000 26.45200000 26.95100000 26.85100000 27.15900000 27.31900000 27.09300000 27.25800000 27.25600000 27.23400000
27.83300000 27.83300000 27.83300000 27.83300000 27.83300000 27.83300000 27.83300000 27.83300000 27.83300000 27.83300000 27.83300000 27.83300000 27.83300000 27.83300000 27.83300000 27.83300000 27.83300000 27.83300000 27.83300000 25.57200000 23.50600000 26.35100000 27.16200000 27.03900000 27.31200000 27.10400000 27.08700000 27.27000000 27.27900000 27.32600000
27.83300000 27.83300000 27.83300000 27.83300000 27.83300000 27.83300000 27.83300000 27.83300000 27.83300000 27.83300000 27.83300000 27.83300000 27.83300000 27.83300000 27.83300000 27.83300000 27.83300000 27.83300000 27.83300000 27.83300000 25.84000000 25.24100000 27.01900000 27.23200000 27.14800000 27.06900000 27.25700000 27.21300000 27.33900000 27.36500000
27.83300000 27.83300000 27.83300000 27.83300000 27.83300000 27.83300000 27.83300000 27.83300000 27.83300000 27.83300000 27.83300000 27.83300000 27.83300000 27.83300000 27.83300000 27.83300000 27.83300000 27.83300000 27.83300000 27.83300000 27.83300000 24.52600000 26.25400000 27.06300000 27.08700000 27.05000000 27.18700000 27.06600000 27.09300000 27.33200000
27.83300000 27.83300000 27.83300000 27.83300000 27.83300000 27.83300000 27.83300000 27.83300000 27.83300000 27.83300000 27.83300000 27.83300000 27.83300000 27.83300000 27.83300000 27.83300000 27.83300000 27.83300000 27.83300000 27.83300000 27.83300000 25.91100000 26.29600000 26.82600000 26.98200000 27.01200000 26.94600000 26.89700000 26.89100000 27.03900000
27.83300000 27.83300000 27.83300000 27.83300000 27.83300000 27.83300000 27.83300000 27.83300000 27.83300000 27.83300000 27.83300000 27.83300000 27.83300000 27.83300000 27.83300000 27.83300000 27.83300000 27.83300000 27.83300000 27.83300000 27.83300000 27.83300000 26.38900000 26.84500000 26.64000000 26.75300000 26.73400000 26.83400000 26.82900000 27.18500000
27.83300000 27.83300000 27.83300000 27.83300000 27.83300000 27.83300000 27.83300000 27.83300000 27.83300000 27.83300000 27.83300000 27.83300000 27.83300000 27.83300000 27.83300000 27.83300000 27.83300000 27.83300000 27.83300000 27.83300000 27.83300000 27.83300000 27.83300000 26.25100000 26.93600000 26.81700000 26.92600000 26.97900000 27.10300000 27.34600000
25.73000000 25.37600000 25.61900000 25.71300000 25.18100000 24.93700000 25.41000000 25.61200000 25.59200000 25.54200000 25.45000000 25.33300000 25.28700000 24.34200000 24.27000000 25.45600000 25.73100000 25.81700000 25.47500000 25.48000000 25.45300000 25.42100000 25.29400000 24.96000000 24.10700000 23.88900000 24.29000000 24.74000000 24.67000000 24.68400000
25.40400000 25.27400000 25.49500000 25.34700000 24.61500000 25.31800000 25.52800000 25.53200000 25.47000000 25.39400000 25.26200000 25.10200000 24.14200000 24.19200000 24.90600000 25.29900000 25.72800000 25.45800000 25.44200000 25.40300000 25.42400000 25.31100000 25.12200000 24.55500000 23.79000000 24.41200000 24.56100000 24.57400000 24.95200000 25.26600000
25.29200000 25.44300000 25.51800000 25.44900000 24.60700000 25.11900000 25.36500000 25.34800000 25.21600000 24.88200000 24.20200000 23.98600000 24.21900000 24.67800000 24.83100000 25.52400000 25.69800000 25.42200000 25.40000000 25.30100000 25.21500000 25.12800000 24.61300000 24.47200000 25.15100000 25.69700000 25.62500000 25.58000000 25.21200000 25.13400000
24.79200000 25.37100000 25.47900000 25.56800000 25.11600000 24.49500000 24.49300000 24.21900000 24.07300000 24.28600000 24.65400000 24.87600000 24.93300000 24.89400000 24.94100000 25.65900000 25.71000000 25.37600000 25.30200000 25.19900000 24.95700000 24.81200000 25.63100000 25.92000000 25.98900000 25.73500000 25.57300000 25.42000000 25.35100000 25.47300000
24.61400000 24.47700000 25.31900000 25.45400000 25.57600000 25.15300000 24.71100000 24.42000000 24.64900000 24.96300000 25.01500000 25.26500000 25.46100000 25.49800000 25.57400000 25.74600000 25.75100000 25.33100000 25.01800000 24.96000000 25.70200000 25.92000000 25.77700000 25.75200000 25.79200000 25.97000000 25.74200000 25.46900000 25.39000000 25.33000000
24.09900000 24.08700000 25.04900000 25.46700000 25.48900000 25.57000000 25.67000000 25.54700000 25.56600000 25.67600000 25.64600000 25.68600000 25.87200000 25.95600000 25.98300000 25.83000000 25.73800000 25.56300000 25.32000000 25.76000000 25.78600000 25.65200000 25.55000000 25.43400000 25.60600000 25.91000000 25.96400000 26.08100000 25.38900000 25.18100000
24.00000000 24.20600000 24.86500000 25.13200000 25.54500000 25.59400000 25.54000000 25.52700000 25.53700000 25.59800000 25.78700000 25.84600000 25.84800000 25.92300000 26.00200000 25.83000000 25.85500000 25.85600000 25.71300000 25.74400000 25.59000000 25.40400000 25.11700000 25.03300000 25.37100000 25.78900000 26.18500000 26.08200000 26.13000000 25.59700000
23.68800000 23.50100000 25.14000000 24.53300000 25.09100000 25.69700000 25.83200000 25.71900000 25.73400000 25.80400000 25.95100000 25.91800000 25.90200000 25.97300000 26.01100000 25.84000000 25.94000000 25.95100000 25.80200000 25.68600000 25.60900000 25.46400000 25.33000000 25.40500000 25.65600000 26.10700000 26.53300000 26.44600000 25.99500000 26.17700000
21.18600000 21.84200000 24.60000000 24.48500000 24.31300000 24.66000000 25.20000000 26.03600000 25.80400000 25.79700000 25.90200000 25.91300000 25.90200000 25.90000000 25.87200000 25.87100000 25.91600000 26.05000000 26.11200000 26.13400000 25.97100000 25.83900000 25.86000000 26.08400000 26.47600000 26.94300000 26.82300000 26.54900000 26.00800000 26.24600000
20.13000000 20.43700000 23.73600000 24.07900000 24.14000000 24.26600000 24.35300000 24.90200000 26.28000000 26.28800000 26.09600000 25.95900000 25.79700000 25.74000000 25.79500000 25.85400000 25.82700000 25.90900000 26.02100000 26.95100000 26.99200000 26.96700000 26.99000000 26.95500000 26.72200000 26.57300000 26.72200000 26.28200000 26.06600000 26.24500000
22.13300000 27.83300000 21.45200000 22.14000000 23.30300000 23.64700000 24.12900000 24.51100000 24.64000000 25.73000000 26.48600000 26.69100000 26.74400000 26.68800000 25.98500000 25.75000000 25.99700000 26.79100000 26.36400000 26.32400000 26.42000000 26.38400000 26.35600000 26.45100000 26.54100000 26.63000000 26.46100000 26.03900000 26.39600000 26.32200000
27.83300000 27.83300000 27.83300000 27.83300000 21.03900000 21.33700000 22.55700000 23.26100000 23.54200000 24.35400000 24.90900000 26.14400000 26.07700000 26.37400000 26.55600000 26.40900000 26.13700000 25.79300000 26.19900000 26.88100000 26.19300000 26.40800000 26.51600000 26.25200000 26.25200000 26.46400000 26.58100000 26.32200000 26.52800000 26.41800000
27.83300000 27.83300000 27.83300000 27.83300000 27.83300000 20.84200000 20.25600000 21.22600000 21.76900000 23.02800000 24.41200000 25.22100000 25.57800000 24.77900000 24.54300000 25.09500000 25.05000000 24.78800000 26.52600000 26.85100000 26.08700000 26.25400000 26.17700000 26.43000000 26.58400000 26.76400000 26.57100000 26.29800000 26.55000000 26.42000000
27.83300000 27.83300000 27.83300000 27.83300000 27.83300000 27.83300000 27.83300000 23.64700000 21.50100000 21.09000000 22.56600000 23.71000000 24.23400000 23.72300000 23.05300000 23.66100000 24.54800000 24.65000000 26.24900000 26.88700000 26.47800000 26.06600000 26.23800000 26.31500000 26.35700000 26.76900000 26.99400000 26.75900000 26.28300000 26.41600000
27.83300000 27.83300000 27.83300000 27.83300000 27.83300000 27.83300000 27.83300000 27.83300000 27.83300000 27.83300000 27.83300000 27.83300000 27.83300000 27.83300000 27.83300000 20.32900000 24.17700000 24.55300000 25.72200000 26.45300000 26.98000000 26.92200000 26.41200000 26.24300000 26.35300000 26.89300000 27.02300000 27.10000000 26.84300000 26.39100000
27.83300000 27.83300000 27.83300000 27.83300000 27.83300000 27.83300000 27.83300000 27.83300000 27.83300000 27.83300000 27.83300000 27.83300000 27.83300000 27.83300000 27.83300000 27.83300000 22.94900000 23.27000000 25.22000000 25.96900000 26.55000000 26.99600000 26.91000000 27.01700000 26.46200000 26.96900000 27.06200000 27.02600000 27.11400000 27.19600000
27.83300000 27.83300000 27.83300000 27.83300000 27.83300000 27.83300000 27.83300000 27.83300000 27.83300000 27.83300000 27.83300000 27.83300000 27.83300000 27.83300000 27.83300000 27.83300000 27.83300000 21.32000000 24.51800000 25.50100000 25.26500000 26.85900000 26.92200000 27.02400000 26.64100000 27.01100000 27.17400000 27.01600000 27.01600000 27.21600000
27.83300000 27.83300000 27.83300000 27.83300000 27.83300000 27.83300000 27.83300000 27.83300000 27.83300000 27.83300000 27.83300000 27.83300000 27.83300000 27.83300000 27.83300000 27.83300000 27.83300000 27.83300000 27.83300000 25.37900000 25.77600000 25.50100000 26.92600000 26.99900000 26.75500000 27.08800000 27.24300000 27.21000000 27.08100000 27.06600000
27.83300000 27.83300000 27.83300000 27.83300000 27.83300000 27.83300000 27.83300000 27.83300000 27.83300000 27.83300000 27.83300000 27.83300000 27.83300000 27.83300000 27.83300000 27.83300000 27.83300000 27.83300000 27.83300000 27.83300000 25.44100000 26.50100000 26.91800000 26.99100000 26.81400000 27.13700000 27.20000000 27.19000000 27.20400000 27.15400000
27.83300000 27.83300000 27.83300000 27.83300000 27.83300000 27.83300000 27.83300000 27.83300000 27.83300000 27.83300000 27.83300000 27.83300000 27.83300000 27.83300000 27.83300000 27.83300000 27.83300000 27.83300000 27.83300000 27.83300000 21.33300000 26.55900000 26.89200000 26.83100000 26.98200000 27.27200000 27.35800000 27.21000000 27.19200000 27.24200000
27.83300000 27.83300000 27.83300000 27.83300000 27.83300000 27.83300000 27.83300000 27.83300000 27.83300000 27.83300000 27.83300000 27.83300000 27.83300000 27.83300000 27.83300000 27.83300000 27.83300000 27.83300000 27.83300000 27.83300000 19.09300000 26.65400000 26.96000000 26.86400000 27.16600000 27.32600000 27.10500000 27.27000000 27.26400000 27.24200000
27.83300000 27.83300000 27.83300000 27.83300000 27.83300000 27.83300000 27.83300000 27.83300000 27.83300000 27.83300000 27.83300000 27.83300000 27.83300000 27.83300000 27.83300000 27.83300000 27.83300000 27.83300000 27.83300000 27.83300000 19.89100000 26.45000000 27.17200000 27.04800000 27.32100000 27.11300000 27.09700000 27.28100000 27.28800000 27.34200000
27.83300000 27.83300000 27.83300000 27.83300000 27.83300000 27.83300000 27.83300000 27.83300000 27.83300000 27.83300000 27.83300000 27.83300000 27.83300000 27.83300000 27.83300000 27.83300000 27.83300000 27.83300000 27.83300000 27.83300000 27.83300000 25.03900000 27.02900000 27.24300000 27.15800000 27.07800000 27.26600000 27.22100000 27.34800000 27.37300000
27.83300000 27.83300000 27.83300000 27.83300000 27.83300000 27.83300000 27.83300000 27.83300000 27.83300000 27.83300000 27.83300000 27.83300000 27.83300000 27.83300000 27.83300000 27.83300000 27.83300000 27.83300000 27.83300000 27.83300000 27.83300000 22.39000000 26.40400000 27.07300000 27.09600000 27.05600000 27.19700000 27.07400000 27.10200000 27.34100000
27.83300000 27.83300000 27.83300000 27.83300000 27.83300000 27.83300000 27.83300000 27.83300000 27.83300000 27.83300000 27.83300000 27.83300000 27.83300000 27.83300000 27.83300000 27.83300000 27.83300000 27.83300000 27.83300000 27.83300000 27.83300000 27.83300000 26.02800000 26.83500000 26.99200000 27.02100000 26.95500000 26.90600000 26.90000000 27.04800000
27.83300000 27.83300000 27.83300000 27.83300000 27.83300000 27.83300000 27.83300000 27.83300000 27.83300000 27.83300000 27.83300000 27.83300000 27.83300000 27.83300000 27.83300000 27.83300000 27.83300000 27.83300000 27.83300000 27.83300000 27.83300000 27.83300000 23.75800000 26.83200000 26.64800000 26.76300000 26.74200000 26.84100000 26.84400000 27.19200000
27.83300000 27.83300000 27.83300000 27.83300000 27.83300000 27.83300000 27.83300000 27.83300000 27.83300000 27.83300000 27.83300000 27.83300000 27.83300000 27.83300000 27.83300000 27.83300000 27.83300000 27.83300000 27.83300000 27.83300000 27.83300000 27.83300000 27.83300000 26.64900000 26.94900000 26.82200000 26.93200000 26.98900000 27.12100000 27.35200000
