36.99100000 36.93500000 36.93000000 36.99200000 37.20600000 37.21600000 37.23500000 37.24200000 37.19500000 37.17200000 37.10500000 36.98600000 36.86500000 36.64200000 36.81500000 36.88700000 37.04500000 37.01100000 37.06400000 37.04200000 36.99600000 36.97400000 36.82600000 36.54500000 36.55300000 36.32500000 36.58900000 36.60000000 36.57500000 36.67700000
36.92900000 36.84800000 36.95000000 37.15900000 37.17500000 37.17200000 37.18600000 37.17500000 37.14400000 37.06800000 36.96600000 36.85200000 36.56900000 36.89000000 36.87800000 37.07800000 36.99300000 37.08600000 37.04900000 37.02000000 36.97400000 36.88800000 36.79700000 36.64900000 36.79100000 37.12000000 37.06100000 37.08300000 36.98800000 36.95000000
36.93700000 36.93300000 36.91900000 37.10400000 37.11900000 37.07900000 37.06000000 37.02700000 36.96100000 36.88500000 36.64000000 36.46900000 36.90700000 36.89500000 36.94100000 37.10200000 36.99300000 37.06400000 36.99500000 36.91200000 36.85400000 36.71100000 37.21000000 37.17600000 37.02000000 37.06600000 37.00300000 36.98800000 36.92400000 36.85900000
36.43100000 37.05100000 37.01700000 36.88300000 37.02000000 37.02600000 36.94100000 36.58400000 36.64900000 36.70600000 36.83400000 36.94000000 36.90200000 36.92600000 36.99100000 37.04400000 36.98400000 36.98900000 36.89900000 36.74000000 37.15300000 37.26900000 37.24900000 37.25000000 37.26900000 37.14000000 36.99500000 36.89500000 36.85700000 36.83800000
35.87300000 36.99300000 37.02900000 37.17600000 36.96900000 36.91000000 36.72200000 36.55700000 36.64300000 36.96100000 36.94000000 36.93200000 36.93700000 36.93500000 37.03200000 37.01900000 36.93900000 36.89700000 36.90000000 37.22600000 37.23900000 37.18600000 37.15900000 37.16400000 37.19300000 37.25600000 37.28300000 36.80700000 36.61800000 36.64100000
35.52600000 36.73700000 36.79700000 36.84800000 37.28800000 37.10900000 36.94100000 36.86600000 36.83700000 36.82600000 36.82900000 36.85300000 36.87300000 36.91400000 37.04700000 37.05700000 36.78600000 37.01000000 37.21400000 37.22800000 37.17100000 37.07200000 37.00600000 37.05400000 37.16200000 37.21700000 37.32100000 37.27500000 36.68100000 36.63100000
35.83900000 36.54400000 36.56700000 36.70800000 36.92100000 37.34200000 37.01200000 36.92700000 36.96000000 36.97400000 37.04000000 37.00700000 36.99800000 37.01900000 37.04500000 37.15500000 36.87700000 37.17100000 37.21500000 37.20600000 37.12500000 37.01700000 37.01000000 37.12100000 37.18700000 37.34200000 37.45500000 37.40000000 37.25800000 36.71800000
35.63000000 36.07600000 36.52900000 36.27800000 36.50400000 36.77300000 37.32700000 37.37800000 37.05600000 36.90200000 36.94000000 36.97000000 37.02300000 37.04100000 37.03200000 37.11300000 37.04000000 37.13300000 37.18900000 37.18800000 37.17500000 37.17200000 37.16600000 37.24500000 37.41700000 37.41900000 37.45700000 37.46200000 37.28600000 37.30000000
35.35200000 35.49400000 35.74000000 36.01900000 36.52200000 36.28200000 36.97100000 37.32100000 37.40000000 37.42400000 36.97900000 36.96000000 36.99800000 37.07700000 37.07000000 37.17200000 37.21000000 37.19700000 37.20300000 37.25700000 37.11900000 37.31400000 37.29100000 37.34200000 37.37900000 37.38300000 37.44000000 37.47200000 37.29800000 37.26000000
35.20700000 35.65800000 35.55300000 35.75400000 36.08500000 36.13200000 36.34900000 37.20000000 37.28300000 37.38800000 37.25900000 36.96500000 36.97700000 36.96100000 37.03400000 37.20800000 37.25000000 37.23500000 37.04500000 37.35200000 37.37500000 37.33700000 37.36000000 37.38500000 37.43800000 37.44800000 37.46500000 37.35100000 37.28700000 37.23000000
34.87900000 35.09400000 35.71200000 35.43700000 35.54200000 35.95300000 35.75300000 36.50100000 37.14800000 37.08900000 37.16200000 37.35900000 36.98500000 36.99600000 36.99800000 37.05500000 37.05300000 37.33700000 37.33600000 37.37000000 37.31700000 37.28600000 37.36100000 37.32200000 37.34000000 37.34700000 37.32400000 37.28700000 37.26800000 37.18600000
37.59700000 37.59700000 37.59700000 35.28900000 35.42500000 35.53600000 35.64300000 35.63900000 36.49300000 37.07200000 36.59900000 36.91200000 36.92300000 37.28700000 37.33400000 37.32600000 37.26900000 37.18900000 37.32000000 37.36900000 37.22400000 37.35600000 37.27600000 37.28600000 37.36700000 37.35400000 37.27800000 37.34800000 37.22100000 37.15700000
37.59700000 37.59700000 37.59700000 37.59700000 35.26400000 35.47200000 35.53200000 35.59700000 35.89800000 36.43900000 36.61400000 36.29900000 36.46900000 36.49800000 36.49500000 37.07300000 37.10500000 36.99200000 37.33700000 37.38600000 37.20600000 37.28100000 37.25300000 37.24000000 37.31900000 37.39700000 37.35800000 37.32900000 37.23800000 37.18800000
37.59700000 37.59700000 37.59700000 37.59700000 37.59700000 37.59700000 35.43200000 35.55700000 35.63700000 35.78700000 36.01300000 36.16200000 36.17200000 36.18800000 36.28200000 36.10500000 36.56500000 36.89500000 37.19800000 37.43000000 37.37800000 37.22000000 37.21900000 37.19400000 37.32700000 37.39000000 37.46500000 37.33100000 37.39700000 37.22200000
37.59700000 37.59700000 37.59700000 37.59700000 37.59700000 37.59700000 37.59700000 37.59700000 37.59700000 37.59700000 37.59700000 37.59700000 36.01100000 36.17600000 36.11500000 36.05000000 36.37700000 36.97200000 36.98000000 37.35100000 37.43200000 37.42200000 37.38600000 37.39800000 37.35800000 37.37900000 37.42700000 37.48200000 37.34800000 37.38100000
37.59700000 37.59700000 37.59700000 37.59700000 37.59700000 37.59700000 37.59700000 37.59700000 37.59700000 37.59700000 37.59700000 37.59700000 37.59700000 37.59700000 37.59700000 36.01900000 36.43300000 36.75500000 36.98200000 36.91900000 37.33900000 37.42400000 37.42100000 37.37100000 37.31800000 37.37500000 37.41500000 37.46800000 37.53100000 37.54400000
37.59700000 37.59700000 37.59700000 37.59700000 37.59700000 37.59700000 37.59700000 37.59700000 37.59700000 37.59700000 37.59700000 37.59700000 37.59700000 37.59700000 37.59700000 37.59700000 35.99000000 36.16900000 36.74700000 36.77900000 37.32900000 37.40400000 37.42100000 37.37000000 37.33700000 37.37800000 37.38200000 37.43200000 37.42100000 37.56200000
37.59700000 37.59700000 37.59700000 37.59700000 37.59700000 37.59700000 37.59700000 37.59700000 37.59700000 37.59700000 37.59700000 37.59700000 37.59700000 37.59700000 37.59700000 37.59700000 37.59700000 37.59700000 36.09800000 37.01900000 36.78900000 37.35500000 37.42700000 37.32900000 37.34900000 37.36500000 37.38700000 37.33400000 37.37500000 37.48000000
37.59700000 37.59700000 37.59700000 37.59700000 37.59700000 37.59700000 37.59700000 37.59700000 37.59700000 37.59700000 37.59700000 37.59700000 37.59700000 37.59700000 37.59700000 37.59700000 37.59700000 37.59700000 37.59700000 36.90600000 36.78400000 37.36700000 37.39800000 37.33300000 37.42500000 37.38700000 37.37400000 37.34500000 37.36200000 37.40000000
37.59700000 37.59700000 37.59700000 37.59700000 37.59700000 37.59700000 37.59700000 37.59700000 37.59700000 37.59700000 37.59700000 37.59700000 37.59700000 37.59700000 37.59700000 37.59700000 37.59700000 37.59700000 37.59700000 36.81400000 36.70100000 37.36600000 37.32800000 37.38200000 37.40200000 37.42800000 37.40800000 37.36700000 37.34700000 37.41200000
37.59700000 37.59700000 37.59700000 37.59700000 37.59700000 37.59700000 37.59700000 37.59700000 37.59700000 37.59700000 37.59700000 37.59700000 37.59700000 37.59700000 37.59700000 37.59700000 37.59700000 37.59700000 37.59700000 36.86400000 36.89500000 37.35600000 37.30700000 37.41300000 37.39200000 37.41600000 37.43300000 37.36300000 37.38500000 37.35400000
37.59700000 37.59700000 37.59700000 37.59700000 37.59700000 37.59700000 37.59700000 37.59700000 37.59700000 37.59700000 37.59700000 37.59700000 37.59700000 37.59700000 37.59700000 37.59700000 37.59700000 37.59700000 37.59700000 36.56000000 36.73500000 37.29800000 37.38500000 37.38800000 37.39200000 37.37500000 37.34900000 37.30400000 37.31400000 37.37300000
37.59700000 37.59700000 37.59700000 37.59700000 37.59700000 37.59700000 37.59700000 37.59700000 37.59700000 37.59700000 37.59700000 37.59700000 37.59700000 37.59700000 37.59700000 37.59700000 37.59700000 37.59700000 37.59700000 37.59700000 36.70800000 37.14400000 37.32700000 37.34200000 37.36500000 37.34000000 37.31500000 37.30500000 37.27500000 37.32000000
37.59700000 37.59700000 37.59700000 37.59700000 37.59700000 37.59700000 37.59700000 37.59700000 37.59700000 37.59700000 37.59700000 37.59700000 37.59700000 37.59700000 37.59700000 37.59700000 37.59700000 37.59700000 37.59700000 37.59700000 37.59700000 36.73800000 37.29300000 37.34500000 37.34900000 37.33500000 37.32800000 37.29500000 37.25500000 37.32100000
37.59700000 37.59700000 37.59700000 37.59700000 37.59700000 37.59700000 37.59700000 37.59700000 37.59700000 37.59700000 37.59700000 37.59700000 37.59700000 37.59700000 37.59700000 37.59700000 37.59700000 37.59700000 37.59700000 37.59700000 37.59700000 36.54000000 37.14400000 37.32400000 37.31700000 37.31300000 37.28700000 37.22500000 37.29400000 37.32300000
37.59700000 37.59700000 37.59700000 37.59700000 37.59700000 37.59700000 37.59700000 37.59700000 37.59700000 37.59700000 37.59700000 37.59700000 37.59700000 37.59700000 37.59700000 37.59700000 37.59700000 37.59700000 37.59700000 37.59700000 37.59700000 37.59700000 36.86000000 37.12300000 37.22300000 37.19200000 37.21600000 37.28800000 37.27300000 37.29800000
37.59700000 37.59700000 37.59700000 37.59700000 37.59700000 37.59700000 37.59700000 37.59700000 37.59700000 37.59700000 37.59700000 37.59700000 37.59700000 37.59700000 37.59700000 37.59700000 37.59700000 37.59700000 37.59700000 37.59700000 37.59700000 37.59700000 37.59700000 36.68900000 37.20300000 37.23100000 37.24100000 37.25000000 37.23900000 37.29300000
36.98900000 36.93400000 36.92700000 36.99100000 37.20500000 37.21500000 37.23300000 37.24000000 37.19400000 37.17000000 37.10700000 36.98700000 36.87000000 36.67000000 36.81000000 36.88400000 37.04000000 37.01000000 37.06300000 37.04200000 36.99700000 36.97300000 36.83000000 36.54000000 36.55200000 36.31800000 36.58400000 36.59800000 36.57400000 36.67400000
36.92800000 36.84500000 36.94900000 37.15700000 37.17500000 37.17100000 37.18500000 37.17500000 37.14300000 37.06800000 36.96600000 36.85300000 36.55600000 36.88400000 36.87500000 37.07300000 36.99400000 37.08500000 37.04800000 37.01900000 36.97300000 36.88600000 36.79600000 36.65000000 36.76700000 37.11800000 37.06000000 37.08100000 36.98900000 36.94900000
36.93700000 36.92900000 36.91800000 37.10300000 37.11900000 37.07900000 37.06000000 37.02700000 36.96000000 36.88400000 36.65100000 36.46300000 36.89600000 36.89100000 36.93500000 37.10200000 36.99100000 37.06300000 36.99400000 36.91100000 36.85300000 36.71600000 37.20800000 37.17700000 37.01700000 37.06300000 37.00300000 36.98400000 36.92100000 36.85800000
36.62400000 37.04400000 37.01300000 36.89000000 37.02000000 37.02600000 36.94200000 36.59500000 36.64600000 36.70600000 36.83100000 36.93600000 36.89900000 36.92100000 36.98700000 37.04400000 36.98300000 36.98800000 36.89800000 36.74000000 37.15000000 37.26800000 37.24800000 37.24700000 37.26700000 37.14200000 36.99400000 36.89900000 36.86500000 36.83700000
36.72600000 36.99100000 37.03000000 37.17100000 36.96300000 36.90800000 36.72500000 36.55500000 36.63900000 36.95700000 36.93900000 36.93000000 36.93500000 36.93300000 37.03000000 37.01800000 36.93700000 36.89700000 36.89400000 37.22400000 37.23800000 37.18500000 37.15700000 37.16100000 37.18900000 37.25300000 37.28000000 36.81300000 36.61800000 36.64000000
36.59400000 36.75100000 36.79700000 36.84700000 37.28400000 37.10800000 36.93900000 36.86400000 36.83600000 36.82500000 36.82700000 36.85200000 36.87100000 36.91200000 37.04500000 37.05700000 36.78400000 37.00000000 37.21300000 37.22500000 37.16900000 37.07100000 37.00300000 37.05000000 37.15800000 37.21400000 37.31800000 37.27400000 36.68900000 36.63000000
35.82500000 36.53900000 36.56900000 36.70600000 36.92200000 37.33900000 37.00900000 36.92500000 36.95700000 36.97100000 37.03800000 37.00600000 36.99700000 37.01800000 37.04300000 37.15200000 36.87000000 37.16900000 37.21400000 37.20500000 37.12300000 37.01400000 37.00500000 37.11600000 37.18200000 37.33900000 37.45400000 37.39900000 37.25600000 36.73700000
35.67500000 36.11900000 36.52900000 36.28000000 36.51400000 36.79800000 37.32600000 37.37700000 37.05300000 36.90000000 36.93800000 36.96800000 37.02000000 37.03800000 37.02900000 37.11000000 37.03800000 37.13000000 37.18700000 37.18500000 37.17200000 37.16900000 37.16300000 37.24200000 37.41500000 37.41700000 37.45600000 37.46100000 37.28400000 37.30600000
35.94600000 35.68400000 35.80900000 36.03600000 36.52600000 36.28700000 36.96400000 37.31900000 37.39800000 37.42300000 36.97600000 36.95700000 36.99500000 37.07400000 37.06700000 37.16700000 37.20800000 37.19400000 37.20000000 37.25400000 37.12200000 37.31200000 37.28900000 37.34000000 37.37700000 37.38100000 37.43800000 37.47100000 37.29700000 37.26300000
36.05000000 35.92900000 35.91000000 35.93700000 36.12800000 36.17300000 36.39800000 37.19800000 37.28200000 37.38600000 37.25800000 36.96200000 36.97400000 36.95800000 37.02900000 37.20400000 37.24600000 37.23300000 37.04000000 37.34900000 37.37400000 37.33600000 37.35700000 37.38300000 37.43600000 37.44600000 37.46300000 37.35000000 37.28400000 37.22900000
35.73900000 37.59700000 35.83300000 35.79900000 36.39900000 36.10800000 35.78300000 36.52300000 37.14600000 37.08800000 37.15900000 37.35600000 36.98100000 36.99100000 36.99400000 37.05100000 37.05700000 37.33600000 37.33400000 37.36800000 37.31600000 37.28100000 37.36100000 37.32000000 37.33800000 37.34500000 37.32200000 37.28500000 37.26700000 37.18500000
37.59700000 37.59700000 37.59700000 37.59700000 35.75700000 36.31200000 35.97600000 35.70900000 36.49200000 37.07100000 36.61500000 36.91800000 36.93200000 37.28400000 37.33100000 37.32400000 37.26900000 37.18900000 37.31800000 37.36800000 37.22300000 37.35100000 37.27200000 37.28300000 37.36500000 37.35300000 37.27700000 37.34600000 37.22000000 37.15600000
37.59700000 37.59700000 37.59700000 37.59700000 37.59700000 35.77000000 35.80800000 35.99800000 36.45600000 36.47800000 36.64400000 36.31100000 36.54000000 36.51000000 36.65200000 37.06100000 37.10300000 36.99000000 37.33500000 37.38400000 37.20600000 37.27800000 37.25000000 37.23700000 37.31500000 37.39500000 37.35700000 37.32800000 37.23800000 37.18700000
37.59700000 37.59700000 37.59700000 37.59700000 37.59700000 37.59700000 37.59700000 35.76900000 35.76700000 35.88500000 36.35600000 36.31300000 36.12900000 36.44800000 36.37300000 36.10900000 36.57200000 36.88600000 37.19300000 37.42900000 37.37700000 37.21700000 37.21700000 37.19200000 37.32500000 37.38900000 37.46300000 37.33000000 37.39500000 37.21900000
37.59700000 37.59700000 37.59700000 37.59700000 37.59700000 37.59700000 37.59700000 37.59700000 37.59700000 37.59700000 37.59700000 37.59700000 37.59700000 37.59700000 37.59700000 36.18600000 36.37300000 36.97300000 36.97600000 37.34900000 37.43100000 37.42100000 37.38500000 37.39700000 37.35700000 37.37800000 37.42600000 37.48000000 37.34700000 37.38000000
37.59700000 37.59700000 37.59700000 37.59700000 37.59700000 37.59700000 37.59700000 37.59700000 37.59700000 37.59700000 37.59700000 37.59700000 37.59700000 37.59700000 37.59700000 37.59700000 36.41000000 36.75700000 36.98200000 36.90100000 37.33700000 37.42300000 37.41900000 37.37000000 37.31600000 37.37300000 37.41400000 37.46600000 37.53000000 37.54400000
37.59700000 37.59700000 37.59700000 37.59700000 37.59700000 37.59700000 37.59700000 37.59700000 37.59700000 37.59700000 37.59700000 37.59700000 37.59700000 37.59700000 37.59700000 37.59700000 37.59700000 36.28600000 36.69200000 36.78000000 37.30800000 37.40200000 37.42000000 37.36900000 37.33500000 37.37600000 37.38100000 37.43000000 37.42000000 37.56100000
37.59700000 37.59700000 37.59700000 37.59700000 37.59700000 37.59700000 37.59700000 37.59700000 37.59700000 37.59700000 37.59700000 37.59700000 37.59700000 37.59700000 37.59700000 37.59700000 37.59700000 37.59700000 37.59700000 37.00200000 36.78400000 37.35400000 37.42600000 37.32800000 37.34800000 37.36400000 37.38600000 37.33300000 37.37400000 37.47900000
37.59700000 37.59700000 37.59700000 37.59700000 37.59700000 37.59700000 37.59700000 37.59700000 37.59700000 37.59700000 37.59700000 37.59700000 37.59700000 37.59700000 37.59700000 37.59700000 37.59700000 37.59700000 37.59700000 37.59700000 36.80300000 37.36700000 37.39800000 37.33200000 37.42400000 37.38600000 37.37200000 37.34400000 37.36100000 37.39800000
37.59700000 37.59700000 37.59700000 37.59700000 37.59700000 37.59700000 37.59700000 37.59700000 37.59700000 37.59700000 37.59700000 37.59700000 37.59700000 37.59700000 37.59700000 37.59700000 37.59700000 37.59700000 37.59700000 37.59700000 36.66100000 37.37000000 37.33200000 37.38000000 37.40100000 37.42700000 37.40700000 37.36600000 37.34600000 37.41000000
37.59700000 37.59700000 37.59700000 37.59700000 37.59700000 37.59700000 37.59700000 37.59700000 37.59700000 37.59700000 37.59700000 37.59700000 37.59700000 37.59700000 37.59700000 37.59700000 37.59700000 37.59700000 37.59700000 37.59700000 36.38500000 37.38500000 37.31400000 37.41400000 37.39200000 37.41400000 37.43200000 37.36100000 37.38300000 37.35300000
37.59700000 37.59700000 37.59700000 37.59700000 37.59700000 37.59700000 37.59700000 37.59700000 37.59700000 37.59700000 37.59700000 37.59700000 37.59700000 37.59700000 37.59700000 37.59700000 37.59700000 37.59700000 37.59700000 37.59700000 36.53900000 37.32300000 37.40100000 37.39200000 37.39200000 37.37400000 37.34900000 37.30300000 37.31300000 37.37200000
37.59700000 37.59700000 37.59700000 37.59700000 37.59700000 37.59700000 37.59700000 37.59700000 37.59700000 37.59700000 37.59700000 37.59700000 37.59700000 37.59700000 37.59700000 37.59700000 37.59700000 37.59700000 37.59700000 37.59700000 37.59700000 37.15000000 37.35400000 37.36500000 37.37400000 37.34300000 37.31400000 37.30500000 37.27200000 37.31800000
37.59700000 37.59700000 37.59700000 37.59700000 37.59700000 37.59700000 37.59700000 37.59700000 37.59700000 37.59700000 37.59700000 37.59700000 37.59700000 37.59700000 37.59700000 37.59700000 37.59700000 37.59700000 37.59700000 37.59700000 37.59700000 36.70200000 37.28800000 37.35700000 37.36300000 37.34100000 37.32700000 37.29500000 37.24900000 37.32100000
37.59700000 37.59700000 37.59700000 37.59700000 37.59700000 37.59700000 37.59700000 37.59700000 37.59700000 37.59700000 37.59700000 37.59700000 37.59700000 37.59700000 37.59700000 37.59700000 37.59700000 37.59700000 37.59700000 37.59700000 37.59700000 37.59700000 37.13600000 37.32100000 37.32600000 37.31800000 37.29400000 37.22800000 37.29300000 37.32200000
37.59700000 37.59700000 37.59700000 37.59700000 37.59700000 37.59700000 37.59700000 37.59700000 37.59700000 37.59700000 37.59700000 37.59700000 37.59700000 37.59700000 37.59700000 37.59700000 37.59700000 37.59700000 37.59700000 37.59700000 37.59700000 37.59700000 36.83700000 37.11900000 37.21200000 37.19300000 37.21700000 37.28800000 37.27500000 37.29800000
37.59700000 37.59700000 37.59700000 37.59700000 37.59700000 37.59700000 37.59700000 37.59700000 37.59700000 37.59700000 37.59700000 37.59700000 37.59700000 37.59700000 37.59700000 37.59700000 37.59700000 37.59700000 37.59700000 37.59700000 37.59700000 37.59700000 37.59700000 36.67000000 37.19500000 37.22300000 37.24000000 37.24800000 37.24300000 37.29100000
