36.99100000 36.93400000 36.93000000 36.99400000 37.20600000 37.21500000 37.23400000 37.24200000 37.19500000 37.17100000 37.10500000 36.98600000 36.86500000 36.63900000 36.81700000 36.88800000 37.04500000 37.01100000 37.06400000 37.04100000 36.99600000 36.97400000 36.82600000 36.54300000 36.55300000 36.32600000 36.59000000 36.60200000 36.57700000 36.68600000
36.92700000 36.84800000 36.94800000 37.16000000 37.17300000 37.17200000 37.18600000 37.17500000 37.14300000 37.06700000 36.96500000 36.85300000 36.57000000 36.89200000 36.87800000 37.07800000 36.99300000 37.08600000 37.04800000 37.01900000 36.97300000 36.88700000 36.79800000 36.64800000 36.80000000 37.12100000 37.06100000 37.08300000 36.98700000 36.94500000
36.93500000 36.93500000 36.91900000 37.10300000 37.11800000 37.07800000 37.06100000 37.02900000 36.96000000 36.88500000 36.63700000 36.47000000 36.90800000 36.89400000 36.94100000 37.10100000 36.99500000 37.06400000 36.99200000 36.91100000 36.85300000 36.70800000 37.21400000 37.17200000 37.01900000 37.06600000 37.00300000 36.98900000 36.92600000 36.86000000
36.42600000 37.05300000 37.01900000 36.88100000 37.01900000 37.02600000 36.94200000 36.58400000 36.64800000 36.70600000 36.83200000 36.94100000 36.90200000 36.92700000 36.99100000 37.04300000 36.98600000 36.98900000 36.89900000 36.74100000 37.15300000 37.26900000 37.24800000 37.24900000 37.26800000 37.14000000 36.99400000 36.89100000 36.85000000 36.83700000
35.86700000 36.99200000 37.02800000 37.17800000 36.97500000 36.90600000 36.72400000 36.55800000 36.63800000 36.96300000 36.94100000 36.93200000 36.93700000 36.93400000 37.03200000 37.01700000 36.94000000 36.89600000 36.89800000 37.22600000 37.23900000 37.18500000 37.15800000 37.16300000 37.19200000 37.25500000 37.28300000 36.80500000 36.61700000 36.64200000
35.52700000 36.73900000 36.79500000 36.84100000 37.28900000 37.11100000 36.94200000 36.87000000 36.83900000 36.82800000 36.82800000 36.85300000 36.87200000 36.91100000 37.04600000 37.05600000 36.78600000 37.00900000 37.21400000 37.22700000 37.17000000 37.07100000 37.00500000 37.05400000 37.16200000 37.21800000 37.32000000 37.27500000 36.68100000 36.63200000
35.85000000 36.55100000 36.56300000 36.70700000 36.90500000 37.34300000 37.02100000 36.92500000 36.96000000 36.97600000 37.03900000 37.00700000 36.99800000 37.01900000 37.04500000 37.15400000 36.87600000 37.17100000 37.21500000 37.20600000 37.12400000 37.01600000 37.01000000 37.12100000 37.18700000 37.34600000 37.45600000 37.40200000 37.25800000 36.71700000
35.63000000 36.07100000 36.52900000 36.27300000 36.50500000 36.75600000 37.32400000 37.38500000 37.07100000 36.90400000 36.93800000 36.97000000 37.02200000 37.04100000 37.03100000 37.10800000 37.03500000 37.13400000 37.19000000 37.18800000 37.17400000 37.17200000 37.16700000 37.24700000 37.41400000 37.41800000 37.45700000 37.46300000 37.28600000 37.30000000
35.35200000 35.50000000 35.74200000 36.01200000 36.51000000 36.27900000 36.97600000 37.32000000 37.40200000 37.42600000 36.98200000 36.96000000 36.99700000 37.07600000 37.06900000 37.16600000 37.20800000 37.19500000 37.20100000 37.25600000 37.11800000 37.31300000 37.28800000 37.34100000 37.38100000 37.38300000 37.43900000 37.47200000 37.29900000 37.25800000
35.21700000 35.66400000 35.55700000 35.74700000 36.07000000 36.12800000 36.33800000 37.19700000 37.28100000 37.38300000 37.25900000 36.96400000 36.97700000 36.96200000 37.03300000 37.20900000 37.24900000 37.23600000 37.04400000 37.35200000 37.37500000 37.33800000 37.36000000 37.38200000 37.43800000 37.44900000 37.46500000 37.35300000 37.28700000 37.22900000
34.89700000 35.14200000 35.71200000 35.43700000 35.54200000 35.94300000 35.75200000 36.49000000 37.14500000 37.08400000 37.16200000 37.35700000 36.98500000 36.99500000 36.99800000 37.05600000 37.05300000 37.33800000 37.33500000 37.37000000 37.31800000 37.28500000 37.36000000 37.32200000 37.33900000 37.34600000 37.32300000 37.28700000 37.26700000 37.18500000
37.59700000 37.59700000 37.59700000 35.29000000 35.42900000 35.53500000 35.64200000 35.63900000 36.49100000 37.06600000 36.57900000 36.89300000 36.93600000 37.28800000 37.33300000 37.32500000 37.26900000 37.18200000 37.32200000 37.36900000 37.22500000 37.35500000 37.27600000 37.28600000 37.36700000 37.35600000 37.27800000 37.34800000 37.22000000 37.15600000
37.59700000 37.59700000 37.59700000 37.59700000 35.27100000 35.47500000 35.53500000 35.60000000 35.90800000 36.43700000 36.59700000 36.28400000 36.48400000 36.47900000 36.50600000 37.09800000 37.10200000 36.99000000 37.34200000 37.38700000 37.20700000 37.28000000 37.25300000 37.23900000 37.31600000 37.39500000 37.36000000 37.32900000 37.23700000 37.18700000
37.59700000 37.59700000 37.59700000 37.59700000 37.59700000 37.59700000 35.43400000 35.56200000 35.63900000 35.80600000 36.02900000 36.16000000 36.17200000 36.19000000 36.27800000 36.10200000 36.57100000 36.90200000 37.20500000 37.43000000 37.37900000 37.22000000 37.21900000 37.19400000 37.32700000 37.38900000 37.46400000 37.33300000 37.39700000 37.22100000
37.59700000 37.59700000 37.59700000 37.59700000 37.59700000 37.59700000 37.59700000 37.59700000 37.59700000 37.59700000 37.59700000 37.59700000 36.02700000 36.16800000 36.10900000 36.05000000 36.38500000 36.97200000 36.97700000 37.35100000 37.43200000 37.42200000 37.38800000 37.39900000 37.35800000 37.37900000 37.42700000 37.48100000 37.34900000 37.38200000
37.59700000 37.59700000 37.59700000 37.59700000 37.59700000 37.59700000 37.59700000 37.59700000 37.59700000 37.59700000 37.59700000 37.59700000 37.59700000 37.59700000 37.59700000 36.01900000 36.44300000 36.74800000 36.97800000 36.92600000 37.33800000 37.42400000 37.42100000 37.37100000 37.31800000 37.37500000 37.41400000 37.46600000 37.53100000 37.54500000
37.59700000 37.59700000 37.59700000 37.59700000 37.59700000 37.59700000 37.59700000 37.59700000 37.59700000 37.59700000 37.59700000 37.59700000 37.59700000 37.59700000 37.59700000 37.59700000 35.99500000 36.17200000 36.76700000 36.77400000 37.32500000 37.40300000 37.42100000 37.36900000 37.33700000 37.37800000 37.38200000 37.43100000 37.41900000 37.56200000
37.59700000 37.59700000 37.59700000 37.59700000 37.59700000 37.59700000 37.59700000 37.59700000 37.59700000 37.59700000 37.59700000 37.59700000 37.59700000 37.59700000 37.59700000 37.59700000 37.59700000 37.59700000 36.10600000 37.02000000 36.79600000 37.35800000 37.42600000 37.32600000 37.35000000 37.36500000 37.38700000 37.33400000 37.37600000 37.48000000
37.59700000 37.59700000 37.59700000 37.59700000 37.59700000 37.59700000 37.59700000 37.59700000 37.59700000 37.59700000 37.59700000 37.59700000 37.59700000 37.59700000 37.59700000 37.59700000 37.59700000 37.59700000 37.59700000 36.91500000 36.79400000 37.36800000 37.39500000 37.33500000 37.42600000 37.38700000 37.37400000 37.34500000 37.36300000 37.40000000
37.59700000 37.59700000 37.59700000 37.59700000 37.59700000 37.59700000 37.59700000 37.59700000 37.59700000 37.59700000 37.59700000 37.59700000 37.59700000 37.59700000 37.59700000 37.59700000 37.59700000 37.59700000 37.59700000 36.79200000 36.73000000 37.36600000 37.32600000 37.38400000 37.40200000 37.42900000 37.40700000 37.36800000 37.34700000 37.41200000
37.59700000 37.59700000 37.59700000 37.59700000 37.59700000 37.59700000 37.59700000 37.59700000 37.59700000 37.59700000 37.59700000 37.59700000 37.59700000 37.59700000 37.59700000 37.59700000 37.59700000 37.59700000 37.59700000 36.85200000 36.90800000 37.36200000 37.31100000 37.41400000 37.39300000 37.41600000 37.43300000 37.35700000 37.38600000 37.35400000
37.59700000 37.59700000 37.59700000 37.59700000 37.59700000 37.59700000 37.59700000 37.59700000 37.59700000 37.59700000 37.59700000 37.59700000 37.59700000 37.59700000 37.59700000 37.59700000 37.59700000 37.59700000 37.59700000 36.54900000 36.72600000 37.30000000 37.38800000 37.38800000 37.39100000 37.37500000 37.34700000 37.30200000 37.31200000 37.37300000
37.59700000 37.59700000 37.59700000 37.59700000 37.59700000 37.59700000 37.59700000 37.59700000 37.59700000 37.59700000 37.59700000 37.59700000 37.59700000 37.59700000 37.59700000 37.59700000 37.59700000 37.59700000 37.59700000 37.59700000 36.69300000 37.14400000 37.32800000 37.34700000 37.36600000 37.34100000 37.31500000 37.30600000 37.27600000 37.32100000
37.59700000 37.59700000 37.59700000 37.59700000 37.59700000 37.59700000 37.59700000 37.59700000 37.59700000 37.59700000 37.59700000 37.59700000 37.59700000 37.59700000 37.59700000 37.59700000 37.59700000 37.59700000 37.59700000 37.59700000 37.59700000 36.73600000 37.29200000 37.34600000 37.35200000 37.33700000 37.32800000 37.29500000 37.26200000 37.32200000
37.59700000 37.59700000 37.59700000 37.59700000 37.59700000 37.59700000 37.59700000 37.59700000 37.59700000 37.59700000 37.59700000 37.59700000 37.59700000 37.59700000 37.59700000 37.59700000 37.59700000 37.59700000 37.59700000 37.59700000 37.59700000 36.53700000 37.14100000 37.32200000 37.31600000 37.31300000 37.28400000 37.22300000 37.29400000 37.32300000
37.59700000 37.59700000 37.59700000 37.59700000 37.59700000 37.59700000 37.59700000 37.59700000 37.59700000 37.59700000 37.59700000 37.59700000 37.59700000 37.59700000 37.59700000 37.59700000 37.59700000 37.59700000 37.59700000 37.59700000 37.59700000 37.59700000 36.86300000 37.12200000 37.21700000 37.19000000 37.21700000 37.28800000 37.27200000 37.29700000
37.59700000 37.59700000 37.59700000 37.59700000 37.59700000 37.59700000 37.59700000 37.59700000 37.59700000 37.59700000 37.59700000 37.59700000 37.59700000 37.59700000 37.59700000 37.59700000 37.59700000 37.59700000 37.59700000 37.59700000 37.59700000 37.59700000 37.59700000 36.68500000 37.20200000 37.23100000 37.24000000 37.24900000 37.23800000 37.29300000
36.98900000 36.93300000 36.92600000 36.99300000 37.20500000 37.21500000 37.23300000 37.24000000 37.19400000 37.16900000 37.10700000 36.98700000 36.86900000 36.67200000 36.81300000 36.88400000 37.04100000 37.01000000 37.06300000 37.04100000 36.99700000 36.97300000 36.83000000 36.53800000 36.55200000 36.31900000 36.58600000 36.60000000 36.57600000 36.68300000
36.92700000 36.84600000 36.94800000 37.15800000 37.17300000 37.17100000 37.18600000 37.17400000 37.14300000 37.06700000 36.96600000 36.85400000 36.55700000 36.88600000 36.87600000 37.07500000 36.99300000 37.08500000 37.04700000 37.01800000 36.97300000 36.88600000 36.79800000 36.65100000 36.77000000 37.12000000 37.06000000 37.08200000 36.98800000 36.94500000
36.93500000 36.93100000 36.91800000 37.10200000 37.11800000 37.07800000 37.06100000 37.02900000 36.96000000 36.88500000 36.65100000 36.46300000 36.89800000 36.89100000 36.93700000 37.10100000 36.99300000 37.06300000 36.99200000 36.91100000 36.85200000 36.71300000 37.21200000 37.17200000 37.01700000 37.06400000 37.00300000 36.98600000 36.92300000 36.85900000
36.61200000 37.04800000 37.01500000 36.88900000 37.01900000 37.02500000 36.94200000 36.59500000 36.64500000 36.70600000 36.83000000 36.93700000 36.90000000 36.92200000 36.98800000 37.04300000 36.98500000 36.98800000 36.89900000 36.74000000 37.15100000 37.26800000 37.24700000 37.24800000 37.26700000 37.14300000 36.99400000 36.89500000 36.85800000 36.83700000
36.71200000 36.98900000 37.03200000 37.17300000 36.97200000 36.90600000 36.72600000 36.55700000 36.63500000 36.95800000 36.94000000 36.93100000 36.93600000 36.93300000 37.03100000 37.01700000 36.93900000 36.89600000 36.89300000 37.22500000 37.23800000 37.18400000 37.15700000 37.16100000 37.18900000 37.25300000 37.28100000 36.81000000 36.61600000 36.64100000
36.64500000 36.75400000 36.79700000 36.84200000 37.28700000 37.11100000 36.94100000 36.86900000 36.83700000 36.82600000 36.82700000 36.85200000 36.87100000 36.90900000 37.04500000 37.05500000 36.78400000 37.00400000 37.21300000 37.22500000 37.16800000 37.07100000 37.00300000 37.05000000 37.15800000 37.21400000 37.31900000 37.27500000 36.68700000 36.63100000
35.83500000 36.54900000 36.56500000 36.70500000 36.91000000 37.34100000 37.01900000 36.92400000 36.95900000 36.97400000 37.03700000 37.00600000 36.99700000 37.01700000 37.04300000 37.15200000 36.87200000 37.17000000 37.21400000 37.20500000 37.12300000 37.01500000 37.00600000 37.11800000 37.18300000 37.34400000 37.45500000 37.40100000 37.25600000 36.73500000
35.66800000 36.12000000 36.53000000 36.27700000 36.51600000 36.79000000 37.32300000 37.38300000 37.06900000 36.90200000 36.93600000 36.96800000 37.02000000 37.03900000 37.02900000 37.10500000 37.03300000 37.13200000 37.18800000 37.18600000 37.17200000 37.17000000 37.16400000 37.24500000 37.41300000 37.41600000 37.45600000 37.46200000 37.28500000 37.30600000
35.94600000 35.61600000 35.81000000 36.03000000 36.51600000 36.28500000 36.97100000 37.31900000 37.40000000 37.42500000 36.98100000 36.95800000 36.99500000 37.07400000 37.06700000 37.16300000 37.20700000 37.19300000 37.19900000 37.25400000 37.12100000 37.31200000 37.28700000 37.34000000 37.37900000 37.38200000 37.43700000 37.47100000 37.29900000 37.26400000
36.04700000 35.91900000 35.91500000 35.99000000 36.12200000 36.16300000 36.39800000 37.19600000 37.28000000 37.38200000 37.25800000 36.96300000 36.97500000 36.96000000 37.03000000 37.20700000 37.24700000 37.23500000 37.04100000 37.35100000 37.37400000 37.33700000 37.35900000 37.38100000 37.43600000 37.44700000 37.46400000 37.35300000 37.28500000 37.22900000
35.75100000 37.59700000 35.83200000 35.79900000 36.41300000 36.08900000 35.79300000 36.51700000 37.14300000 37.08400000 37.16000000 37.35500000 36.98200000 36.99200000 36.99500000 37.05400000 37.05600000 37.33700000 37.33300000 37.36900000 37.31700000 37.28200000 37.36000000 37.32100000 37.33800000 37.34500000 37.32200000 37.28600000 37.26700000 37.18400000
37.59700000 37.59700000 37.59700000 37.59700000 35.75700000 36.31900000 36.00700000 35.71400000 36.49100000 37.06500000 36.59900000 36.90000000 36.94900000 37.28700000 37.33200000 37.32400000 37.27000000 37.18200000 37.32100000 37.36800000 37.22400000 37.35200000 37.27300000 37.28400000 37.36600000 37.35500000 37.27700000 37.34600000 37.22000000 37.15500000
37.59700000 37.59700000 37.59700000 37.59700000 37.59700000 35.77000000 35.80400000 36.00000000 36.47100000 36.48200000 36.63200000 36.29700000 36.55800000 36.49400000 36.68100000 37.09100000 37.10100000 36.98800000 37.34100000 37.38600000 37.20700000 37.27900000 37.25100000 37.23700000 37.31400000 37.39400000 37.35900000 37.32800000 37.23700000 37.18700000
37.59700000 37.59700000 37.59700000 37.59700000 37.59700000 37.59700000 37.59700000 35.76900000 35.76700000 35.89400000 36.35400000 36.31900000 36.12800000 36.44800000 36.36600000 36.10700000 36.58100000 36.89300000 37.20200000 37.42900000 37.37800000 37.21700000 37.21800000 37.19300000 37.32500000 37.38800000 37.46300000 37.33200000 37.39600000 37.21900000
37.59700000 37.59700000 37.59700000 37.59700000 37.59700000 37.59700000 37.59700000 37.59700000 37.59700000 37.59700000 37.59700000 37.59700000 37.59700000 37.59700000 37.59700000 36.18900000 36.38100000 36.97200000 36.97300000 37.35000000 37.43100000 37.42000000 37.38700000 37.39800000 37.35700000 37.37700000 37.42500000 37.48000000 37.34800000 37.38100000
37.59700000 37.59700000 37.59700000 37.59700000 37.59700000 37.59700000 37.59700000 37.59700000 37.59700000 37.59700000 37.59700000 37.59700000 37.59700000 37.59700000 37.59700000 37.59700000 36.41800000 36.75000000 36.97700000 36.90300000 37.33700000 37.42300000 37.42000000 37.37000000 37.31700000 37.37400000 37.41300000 37.46400000 37.53000000 37.54400000
37.59700000 37.59700000 37.59700000 37.59700000 37.59700000 37.59700000 37.59700000 37.59700000 37.59700000 37.59700000 37.59700000 37.59700000 37.59700000 37.59700000 37.59700000 37.59700000 37.59700000 36.28300000 36.72300000 36.77300000 37.30900000 37.40100000 37.42000000 37.36800000 37.33600000 37.37600000 37.38100000 37.43000000 37.41800000 37.56100000
37.59700000 37.59700000 37.59700000 37.59700000 37.59700000 37.59700000 37.59700000 37.59700000 37.59700000 37.59700000 37.59700000 37.59700000 37.59700000 37.59700000 37.59700000 37.59700000 37.59700000 37.59700000 37.59700000 37.00200000 36.79100000 37.35700000 37.42500000 37.32500000 37.34900000 37.36400000 37.38600000 37.33300000 37.37500000 37.47900000
37.59700000 37.59700000 37.59700000 37.59700000 37.59700000 37.59700000 37.59700000 37.59700000 37.59700000 37.59700000 37.59700000 37.59700000 37.59700000 37.59700000 37.59700000 37.59700000 37.59700000 37.59700000 37.59700000 37.59700000 36.80600000 37.36700000 37.39500000 37.33400000 37.42600000 37.38600000 37.37200000 37.34400000 37.36200000 37.39900000
37.59700000 37.59700000 37.59700000 37.59700000 37.59700000 37.59700000 37.59700000 37.59700000 37.59700000 37.59700000 37.59700000 37.59700000 37.59700000 37.59700000 37.59700000 37.59700000 37.59700000 37.59700000 37.59700000 37.59700000 36.65900000 37.36900000 37.32800000 37.38300000 37.40100000 37.42800000 37.40700000 37.36700000 37.34600000 37.41100000
37.59700000 37.59700000 37.59700000 37.59700000 37.59700000 37.59700000 37.59700000 37.59700000 37.59700000 37.59700000 37.59700000 37.59700000 37.59700000 37.59700000 37.59700000 37.59700000 37.59700000 37.59700000 37.59700000 37.59700000 36.37000000 37.38600000 37.31400000 37.41400000 37.39200000 37.41500000 37.43200000 37.35600000 37.38500000 37.35300000
37.59700000 37.59700000 37.59700000 37.59700000 37.59700000 37.59700000 37.59700000 37.59700000 37.59700000 37.59700000 37.59700000 37.59700000 37.59700000 37.59700000 37.59700000 37.59700000 37.59700000 37.59700000 37.59700000 37.59700000 36.53600000 37.32200000 37.40000000 37.39000000 37.39100000 37.37400000 37.34700000 37.30200000 37.31100000 37.37200000
37.59700000 37.59700000 37.59700000 37.59700000 37.59700000 37.59700000 37.59700000 37.59700000 37.59700000 37.59700000 37.59700000 37.59700000 37.59700000 37.59700000 37.59700000 37.59700000 37.59700000 37.59700000 37.59700000 37.59700000 37.59700000 37.15600000 37.35300000 37.36500000 37.37100000 37.34300000 37.31400000 37.30600000 37.27400000 37.31900000
37.59700000 37.59700000 37.59700000 37.59700000 37.59700000 37.59700000 37.59700000 37.59700000 37.59700000 37.59700000 37.59700000 37.59700000 37.59700000 37.59700000 37.59700000 37.59700000 37.59700000 37.59700000 37.59700000 37.59700000 37.59700000 36.70000000 37.28800000 37.35700000 37.36200000 37.33900000 37.32700000 37.29500000 37.25500000 37.32200000
37.59700000 37.59700000 37.59700000 37.59700000 37.59700000 37.59700000 37.59700000 37.59700000 37.59700000 37.59700000 37.59700000 37.59700000 37.59700000 37.59700000 37.59700000 37.59700000 37.59700000 37.59700000 37.59700000 37.59700000 37.59700000 37.59700000 37.13600000 37.32100000 37.32600000 37.31700000 37.28900000 37.22500000 37.29400000 37.32200000
37.59700000 37.59700000 37.59700000 37.59700000 37.59700000 37.59700000 37.59700000 37.59700000 37.59700000 37.59700000 37.59700000 37.59700000 37.59700000 37.59700000 37.59700000 37.59700000 37.59700000 37.59700000 37.59700000 37.59700000 37.59700000 37.59700000 36.83800000 37.12000000 37.20600000 37.19200000 37.21800000 37.28800000 37.27400000 37.29700000
37.59700000 37.59700000 37.59700000 37.59700000 37.59700000 37.59700000 37.59700000 37.59700000 37.59700000 37.59700000 37.59700000 37.59700000 37.59700000 37.59700000 37.59700000 37.59700000 37.59700000 37.59700000 37.59700000 37.59700000 37.59700000 37.59700000 37.59700000 36.66800000 37.19400000 37.22400000 37.24000000 37.24800000 37.24200000 37.29100000
