 25.18200000  25.04800000  25.10700000  24.81500000  25.17700000  25.09200000  25.22900000  25.24600000  25.14700000  24.97000000  25.07700000  25.10400000  24.77700000  24.14600000  24.46900000  24.92700000  25.26300000  25.04300000  25.03300000  25.04100000  25.04500000  24.88700000  24.58900000  24.07000000  24.00800000  23.47100000  23.97000000  24.08100000  24.18900000  24.38200000
 25.05500000  25.08800000  24.77800000  25.08600000  25.14500000  25.08700000  25.00400000  24.97900000  25.05100000  25.11100000  25.08200000  24.75600000  24.00600000  24.56700000  24.74900000  25.31400000  24.99000000  24.99000000  25.02000000  24.99700000  24.92400000  24.81500000  24.56000000  24.06800000  24.45700000  25.23300000  25.12800000  25.15500000  24.76800000  24.63400000
 25.03300000  25.10200000  25.14300000  24.97800000  25.04100000  25.05400000  25.06500000  25.05800000  24.98500000  24.78900000  24.02300000  23.83500000  24.55400000  24.77200000  25.17400000  25.26400000  25.01900000  25.00200000  24.89100000  24.74000000  24.65800000  24.22300000  25.48800000  25.37200000  25.10200000  25.11400000  24.94800000  24.89200000  24.86400000  24.83200000
 24.22600000  25.08800000  25.22800000  25.10500000  24.80400000  24.86900000  24.67900000  23.93600000  24.01400000  24.08000000  24.30300000  24.63100000  24.74500000  25.10300000  25.38300000  25.16200000  24.99900000  24.87100000  24.67400000  24.29800000  25.30700000  25.44600000  25.51500000  25.57900000  25.61400000  25.30600000  25.04500000  24.93100000  24.96200000  25.04500000
 23.58500000  24.75000000  24.93000000  25.33600000  25.26200000  25.06500000  24.18200000  23.88800000  23.98400000  24.80500000  24.90700000  24.95600000  25.08400000  25.27600000  25.51200000  25.13800000  24.88800000  24.67800000  24.75400000  25.37500000  25.37900000  25.21300000  25.08900000  25.12100000  25.34500000  25.73300000  25.61100000  24.87600000  24.78000000  24.96200000
 23.57800000  24.21000000  24.31500000  24.56900000  25.64400000  25.51600000  25.28300000  25.19100000  25.16400000  25.15900000  25.15100000  25.16900000  25.17100000  25.24800000  25.55300000  25.22600000  24.58600000  25.05200000  25.37900000  25.30200000  25.11300000  24.91300000  24.74600000  24.89000000  25.14400000  25.64400000  26.02400000  25.58100000  24.73600000  24.94500000
 23.55100000  24.21800000  24.02800000  24.10500000  24.62900000  25.81200000  25.45600000  25.36500000  25.44300000  25.44600000  25.51600000  25.46400000  25.39100000  25.36000000  25.51300000  25.43100000  24.74500000  25.38900000  25.29600000  25.23500000  24.97300000  24.78400000  24.74600000  25.04400000  25.48800000  26.07900000  26.36900000  26.17300000  25.64200000  25.04000000
 22.83700000  23.44700000  23.97000000  23.41900000  23.95100000  24.23200000  25.77100000  26.04800000  25.54400000  25.32400000  25.41500000  25.44400000  25.45800000  25.46500000  25.47700000  25.44600000  25.06500000  25.26100000  25.35100000  25.21300000  25.18100000  25.16400000  25.29600000  25.86400000  26.06200000  26.13400000  26.35600000  26.36000000  25.68400000  25.77900000
 22.83200000  23.28700000  23.27100000  22.97300000  23.58200000  23.77700000  24.58800000  25.76600000  26.14800000  26.22500000  25.39200000  25.42500000  25.47700000  25.58000000  25.59400000  25.51700000  25.47900000  25.42500000  25.45700000  25.59800000  25.55600000  26.01000000  25.82500000  25.88800000  25.97800000  25.96000000  26.17600000  26.30600000  25.77800000  25.88700000
 22.72000000  20.79500000  21.66800000  22.78600000  23.08600000  23.42900000  23.72900000  25.23500000  25.62700000  26.07400000  25.95100000  25.35600000  25.42300000  25.47300000  25.46100000  25.59400000  25.62800000  25.62900000  25.53000000  26.26300000  26.36200000  26.13300000  25.97400000  26.13600000  26.27700000  26.22300000  26.28800000  26.00300000  25.73200000  25.88900000
 23.43600000  22.24100000  20.39600000  22.59900000  22.88700000  23.00800000  22.99000000  23.76700000  24.97900000  24.94800000  25.36000000  26.05200000  25.39600000  25.41300000  25.46800000  25.45900000  25.45500000  26.10900000  26.19700000  26.39900000  26.09300000  25.78700000  26.08000000  26.25100000  26.07900000  25.98300000  25.79600000  25.74500000  25.91100000  25.96100000
 27.83300000  27.83300000  27.83300000  23.51700000  22.86100000  22.89900000  22.77900000  22.85700000  23.65600000  24.70600000  23.96400000  24.49700000  25.01100000  25.83800000  26.01800000  26.02600000  25.88300000  25.61700000  26.25900000  26.41800000  25.74700000  26.05000000  26.04200000  26.10000000  26.34200000  26.16200000  25.76200000  26.01600000  25.93100000  25.82900000
 27.83300000  27.83300000  27.83300000  27.83300000  23.47100000  23.14200000  22.73500000  22.57300000  23.12900000  23.53600000  23.82100000  23.34200000  23.71700000  24.01200000  24.35300000  25.03700000  25.14000000  25.09700000  26.34000000  26.39300000  25.76300000  25.90300000  26.07800000  25.94200000  26.05800000  26.50400000  26.15200000  26.01300000  25.91600000  26.04000000
 27.83300000  27.83300000  27.83300000  27.83300000  27.83300000  27.83300000  23.68200000  22.57800000  22.77000000  22.95400000  22.84100000  22.60600000  23.02000000  23.49700000  23.71200000  23.99300000  24.59500000  24.44400000  26.04400000  26.40700000  26.42500000  25.83900000  25.95500000  25.91700000  26.12900000  26.58700000  26.59600000  26.03000000  26.18900000  25.99500000
 27.83300000  27.83300000  27.83300000  27.83300000  27.83300000  27.83300000  27.83300000  27.83300000  27.83300000  27.83300000  27.83300000  27.83300000  22.88700000  21.49700000  21.23300000  23.52500000  24.44600000  24.63900000  24.92400000  26.43100000  26.45500000  26.48300000  26.47100000  26.54200000  26.41100000  26.68700000  26.61200000  26.62700000  26.11900000  26.07700000
 27.83300000  27.83300000  27.83300000  27.83300000  27.83300000  27.83300000  27.83300000  27.83300000  27.83300000  27.83300000  27.83300000  27.83300000  27.83300000  27.83300000  27.83300000  23.46100000  24.11400000  24.46700000  24.79900000  25.02400000  26.42400000  26.50300000  26.60200000  26.32200000  26.66200000  26.74200000  26.62300000  26.65600000  26.69800000  26.70700000
 27.83300000  27.83300000  27.83300000  27.83300000  27.83300000  27.83300000  27.83300000  27.83300000  27.83300000  27.83300000  27.83300000  27.83300000  27.83300000  27.83300000  27.83300000  27.83300000  23.51700000  22.81700000  24.43700000  24.20200000  26.29300000  26.45200000  26.51400000  26.44100000  26.77900000  26.81900000  26.74900000  26.71000000  26.75800000  26.86900000
 27.83300000  27.83300000  27.83300000  27.83300000  27.83300000  27.83300000  27.83300000  27.83300000  27.83300000  27.83300000  27.83300000  27.83300000  27.83300000  27.83300000  27.83300000  27.83300000  27.83300000  27.83300000  24.49000000  25.03100000  24.61100000  26.58600000  26.45200000  26.62200000  26.76000000  26.77900000  26.81300000  26.71500000  26.84000000  26.88000000
 27.83300000  27.83300000  27.83300000  27.83300000  27.83300000  27.83300000  27.83300000  27.83300000  27.83300000  27.83300000  27.83300000  27.83300000  27.83300000  27.83300000  27.83300000  27.83300000  27.83300000  27.83300000  27.83300000  25.29100000  24.58400000  26.64300000  26.48100000  26.72100000  26.90000000  26.77900000  26.78900000  26.79700000  26.87100000  26.94600000
 27.83300000  27.83300000  27.83300000  27.83300000  27.83300000  27.83300000  27.83300000  27.83300000  27.83300000  27.83300000  27.83300000  27.83300000  27.83300000  27.83300000  27.83300000  27.83300000  27.83300000  27.83300000  27.83300000  24.44800000  24.54400000  26.67800000  26.54100000  26.83400000  26.78000000  26.86900000  26.88200000  26.87100000  26.88500000  27.00500000
 27.83300000  27.83300000  27.83300000  27.83300000  27.83300000  27.83300000  27.83300000  27.83300000  27.83300000  27.83300000  27.83300000  27.83300000  27.83300000  27.83300000  27.83300000  27.83300000  27.83300000  27.83300000  27.83300000  25.03100000  25.36800000  26.69600000  26.67000000  26.91100000  26.70200000  26.87400000  26.91800000  26.80300000  27.00900000  26.97900000
 27.83300000  27.83300000  27.83300000  27.83300000  27.83300000  27.83300000  27.83300000  27.83300000  27.83300000  27.83300000  27.83300000  27.83300000  27.83300000  27.83300000  27.83300000  27.83300000  27.83300000  27.83300000  27.83300000  24.97400000  24.72300000  26.57100000  26.85400000  26.85700000  26.72200000  26.85700000  26.71900000  26.70300000  26.95400000  27.08500000
 27.83300000  27.83300000  27.83300000  27.83300000  27.83300000  27.83300000  27.83300000  27.83300000  27.83300000  27.83300000  27.83300000  27.83300000  27.83300000  27.83300000  27.83300000  27.83300000  27.83300000  27.83300000  27.83300000  27.83300000  25.04000000  26.13000000  26.81100000  26.77100000  26.74600000  26.82200000  26.69400000  26.47800000  26.51200000  27.00400000
 27.83300000  27.83300000  27.83300000  27.83300000  27.83300000  27.83300000  27.83300000  27.83300000  27.83300000  27.83300000  27.83300000  27.83300000  27.83300000  27.83300000  27.83300000  27.83300000  27.83300000  27.83300000  27.83300000  27.83300000  27.83300000  25.07700000  26.58200000  26.79400000  26.78800000  26.76800000  26.66700000  26.49300000  26.49200000  27.07400000
 27.83300000  27.83300000  27.83300000  27.83300000  27.83300000  27.83300000  27.83300000  27.83300000  27.83300000  27.83300000  27.83300000  27.83300000  27.83300000  27.83300000  27.83300000  27.83300000  27.83300000  27.83300000  27.83300000  27.83300000  27.83300000  24.98200000  26.18400000  26.71000000  26.68700000  26.59700000  26.51600000  26.42200000  26.92900000  27.14500000
 27.83300000  27.83300000  27.83300000  27.83300000  27.83300000  27.83300000  27.83300000  27.83300000  27.83300000  27.83300000  27.83300000  27.83300000  27.83300000  27.83300000  27.83300000  27.83300000  27.83300000  27.83300000  27.83300000  27.83300000  27.83300000  27.83300000  25.80400000  26.18000000  26.42100000  26.37500000  26.51100000  26.69300000  26.90900000  27.18300000
 27.83300000  27.83300000  27.83300000  27.83300000  27.83300000  27.83300000  27.83300000  27.83300000  27.83300000  27.83300000  27.83300000  27.83300000  27.83300000  27.83300000  27.83300000  27.83300000  27.83300000  27.83300000  27.83300000  27.83300000  27.83300000  27.83300000  27.83300000  25.79300000  26.40600000  26.55400000  26.52000000  26.65200000  26.77200000  27.22500000
 25.19300000  25.07400000  25.12700000  24.82200000  25.16700000  25.09600000  25.23400000  25.26000000  25.15600000  25.04500000  25.12500000  25.12200000  24.81400000  24.14900000  24.44400000  24.95100000  25.28100000  25.09300000  25.06400000  25.06000000  25.05600000  24.91400000  24.63400000  24.07100000  24.02000000  23.48800000  23.96300000  24.08400000  24.20900000  24.39400000
 25.07700000  25.07900000  24.77500000  25.08400000  25.15200000  25.09400000  25.01100000  24.98600000  25.05000000  25.11200000  25.08700000  24.76500000  23.95500000  24.54700000  24.73200000  25.31600000  24.99400000  24.99900000  25.03100000  25.00700000  24.93100000  24.82100000  24.56700000  24.07900000  24.38300000  25.23800000  25.13400000  25.16200000  24.78100000  24.63900000
 25.05900000  25.08800000  25.13100000  24.97300000  25.04500000  25.06200000  25.07400000  25.06600000  24.99300000  24.79700000  24.04700000  23.79400000  24.51600000  24.74600000  25.16400000  25.27000000  25.02200000  25.00900000  24.90100000  24.74700000  24.66600000  24.23800000  25.49500000  25.38100000  25.10400000  25.11300000  24.94800000  24.88300000  24.86500000  24.84000000
 24.40600000  25.06600000  25.20900000  25.07900000  24.80200000  24.87600000  24.68800000  23.96100000  24.01600000  24.08600000  24.30300000  24.61700000  24.72600000  25.08400000  25.38500000  25.16800000  25.00200000  24.87900000  24.68400000  24.30500000  25.31200000  25.45500000  25.52100000  25.58400000  25.61400000  25.31300000  25.04300000  24.93400000  24.98000000  25.05700000
 24.70200000  24.71600000  24.91900000  25.31800000  25.26300000  24.95800000  24.19200000  23.89100000  23.98400000  24.79200000  24.91000000  24.95900000  25.08500000  25.28200000  25.51800000  25.14300000  24.89100000  24.68300000  24.75300000  25.38500000  25.38800000  25.22200000  25.09400000  25.11900000  25.33900000  25.73500000  25.61500000  24.88400000  24.78000000  24.97100000
 24.59200000  24.15900000  24.26700000  24.54400000  25.64600000  25.52100000  25.28600000  25.19600000  25.17000000  25.16500000  25.15800000  25.17600000  25.18000000  25.25400000  25.55900000  25.23100000  24.58600000  25.04800000  25.38600000  25.30500000  25.11900000  24.91600000  24.74300000  24.87900000  25.13300000  25.63900000  26.03000000  25.59100000  24.74900000  24.95100000
 23.52300000  24.17100000  23.97200000  24.05900000  24.63000000  25.81800000  25.45800000  25.37000000  25.44800000  25.45100000  25.52000000  25.47000000  25.39700000  25.36500000  25.51900000  25.43700000  24.73900000  25.39700000  25.30400000  25.24200000  24.97800000  24.78500000  24.74200000  25.04200000  25.47400000  26.08400000  26.37800000  26.18600000  25.64900000  25.05700000
 22.84300000  23.41500000  23.92800000  23.35900000  23.92600000  24.26600000  25.77800000  26.05500000  25.54800000  25.32800000  25.41900000  25.44900000  25.46200000  25.46900000  25.48100000  25.45000000  25.06700000  25.26400000  25.35700000  25.21800000  25.18600000  25.16800000  25.29400000  25.86800000  26.07000000  26.14000000  26.36600000  26.37300000  25.69400000  25.85300000
 22.27200000  23.32400000  23.26700000  22.92500000  23.55700000  23.76900000  24.58000000  25.77300000  26.15600000  26.23400000  25.39500000  25.42800000  25.48000000  25.58500000  25.59700000  25.52100000  25.48400000  25.42900000  25.46100000  25.60200000  25.56400000  26.01500000  25.83200000  25.89500000  25.98300000  25.96600000  26.18400000  26.31700000  25.79000000  25.91600000
 19.47200000  18.55000000  18.61700000  22.33200000  23.06300000  23.42700000  23.77200000  25.24100000  25.63400000  26.08200000  25.95800000  25.35700000  25.42200000  25.47300000  25.46100000  25.59700000  25.63200000  25.63400000  25.52700000  26.26900000  26.37200000  26.14300000  25.97900000  26.14200000  26.28400000  26.22900000  26.29600000  26.01400000  25.73500000  25.90300000
 19.77400000  27.83300000  17.93400000  17.62700000  21.66600000  22.99900000  23.00700000  23.77400000  24.98200000  24.95200000  25.36100000  26.05800000  25.39200000  25.41000000  25.46700000  25.45700000  25.46600000  26.11500000  26.20400000  26.40600000  26.10200000  25.78800000  26.08800000  26.25700000  26.08500000  25.99100000  25.80300000  25.74900000  25.92000000  25.97000000
 27.83300000  27.83300000  27.83300000  27.83300000  18.86900000  20.97800000  22.06300000  22.61300000  23.62600000  24.70400000  23.95800000  24.48400000  25.01700000  25.84200000  26.02400000  26.03200000  25.89500000  25.62400000  26.26500000  26.42500000  25.75400000  26.05100000  26.03700000  26.10500000  26.34900000  26.17200000  25.77000000  26.02500000  25.93900000  25.83700000
 27.83300000  27.83300000  27.83300000  27.83300000  27.83300000  17.87800000  19.24300000  19.82100000  22.79100000  23.57500000  23.83400000  23.29600000  23.79300000  23.97400000  24.59300000  25.03200000  25.14200000  25.10000000  26.34700000  26.40100000  25.77100000  25.90700000  26.07700000  25.94600000  26.06100000  26.51300000  26.16400000  26.02200000  25.92500000  26.04800000
 27.83300000  27.83300000  27.83300000  27.83300000  27.83300000  27.83300000  27.83300000  18.17500000  17.53900000  18.23800000  21.89800000  22.04800000  20.56000000  22.42500000  23.44300000  23.95500000  24.57600000  24.42100000  26.04800000  26.41600000  26.43300000  25.84100000  25.95900000  25.92300000  26.13600000  26.59500000  26.60600000  26.04000000  26.19800000  25.99300000
 27.83300000  27.83300000  27.83300000  27.83300000  27.83300000  27.83300000  27.83300000  27.83300000  27.83300000  27.83300000  27.83300000  27.83300000  27.83300000  27.83300000  27.83300000  19.89800000  24.45600000  24.64500000  24.83700000  26.44200000  26.46500000  26.49200000  26.48000000  26.55200000  26.41700000  26.69600000  26.62000000  26.63500000  26.12700000  26.08500000
 27.83300000  27.83300000  27.83300000  27.83300000  27.83300000  27.83300000  27.83300000  27.83300000  27.83300000  27.83300000  27.83300000  27.83300000  27.83300000  27.83300000  27.83300000  27.83300000  23.76900000  24.48300000  24.80700000  24.93200000  26.43600000  26.51100000  26.61000000  26.33100000  26.67000000  26.75200000  26.63100000  26.66400000  26.70600000  26.72100000
 27.83300000  27.83300000  27.83300000  27.83300000  27.83300000  27.83300000  27.83300000  27.83300000  27.83300000  27.83300000  27.83300000  27.83300000  27.83300000  27.83300000  27.83300000  27.83300000  27.83300000  20.49500000  24.25000000  24.17400000  26.24500000  26.46400000  26.52100000  26.44400000  26.78700000  26.83000000  26.75800000  26.71900000  26.76700000  26.87900000
 27.83300000  27.83300000  27.83300000  27.83300000  27.83300000  27.83300000  27.83300000  27.83300000  27.83300000  27.83300000  27.83300000  27.83300000  27.83300000  27.83300000  27.83300000  27.83300000  27.83300000  27.83300000  27.83300000  24.97600000  24.55900000  26.60100000  26.45900000  26.62700000  26.77000000  26.78900000  26.82300000  26.72500000  26.85000000  26.89100000
 27.83300000  27.83300000  27.83300000  27.83300000  27.83300000  27.83300000  27.83300000  27.83300000  27.83300000  27.83300000  27.83300000  27.83300000  27.83300000  27.83300000  27.83300000  27.83300000  27.83300000  27.83300000  27.83300000  27.83300000  24.61600000  26.65900000  26.48800000  26.72900000  26.91200000  26.79000000  26.79800000  26.80600000  26.88100000  26.95600000
 27.83300000  27.83300000  27.83300000  27.83300000  27.83300000  27.83300000  27.83300000  27.83300000  27.83300000  27.83300000  27.83300000  27.83300000  27.83300000  27.83300000  27.83300000  27.83300000  27.83300000  27.83300000  27.83300000  27.83300000  23.14600000  26.69600000  26.54700000  26.84200000  26.79000000  26.87700000  26.89000000  26.88000000  26.89500000  27.01600000
 27.83300000  27.83300000  27.83300000  27.83300000  27.83300000  27.83300000  27.83300000  27.83300000  27.83300000  27.83300000  27.83300000  27.83300000  27.83300000  27.83300000  27.83300000  27.83300000  27.83300000  27.83300000  27.83300000  27.83300000  20.69600000  26.73100000  26.67500000  26.91900000  26.71000000  26.88100000  26.92500000  26.80900000  27.01700000  26.98900000
 27.83300000  27.83300000  27.83300000  27.83300000  27.83300000  27.83300000  27.83300000  27.83300000  27.83300000  27.83300000  27.83300000  27.83300000  27.83300000  27.83300000  27.83300000  27.83300000  27.83300000  27.83300000  27.83300000  27.83300000  22.72000000  26.57700000  26.86300000  26.86900000  26.72900000  26.86500000  26.72600000  26.71100000  26.96200000  27.09500000
 27.83300000  27.83300000  27.83300000  27.83300000  27.83300000  27.83300000  27.83300000  27.83300000  27.83300000  27.83300000  27.83300000  27.83300000  27.83300000  27.83300000  27.83300000  27.83300000  27.83300000  27.83300000  27.83300000  27.83300000  27.83300000  26.07300000  26.69900000  26.75200000  26.74900000  26.83000000  26.70100000  26.48500000  26.51100000  27.01400000
 27.83300000  27.83300000  27.83300000  27.83300000  27.83300000  27.83300000  27.83300000  27.83300000  27.83300000  27.83300000  27.83300000  27.83300000  27.83300000  27.83300000  27.83300000  27.83300000  27.83300000  27.83300000  27.83300000  27.83300000  27.83300000  24.49800000  26.51500000  26.68600000  26.75000000  26.77000000  26.67200000  26.50000000  26.45600000  27.08400000
 27.83300000  27.83300000  27.83300000  27.83300000  27.83300000  27.83300000  27.83300000  27.83300000  27.83300000  27.83300000  27.83300000  27.83300000  27.83300000  27.83300000  27.83300000  27.83300000  27.83300000  27.83300000  27.83300000  27.83300000  27.83300000  27.83300000  26.15000000  26.60100000  26.60000000  26.55900000  26.50600000  26.41900000  26.91800000  27.15500000
 27.83300000  27.83300000  27.83300000  27.83300000  27.83300000  27.83300000  27.83300000  27.83300000  27.83300000  27.83300000  27.83300000  27.83300000  27.83300000  27.83300000  27.83300000  27.83300000  27.83300000  27.83300000  27.83300000  27.83300000  27.83300000  27.83300000  25.73900000  26.11700000  26.28800000  26.27900000  26.46700000  26.65700000  26.88400000  27.19700000
 27.83300000  27.83300000  27.83300000  27.83300000  27.83300000  27.83300000  27.83300000  27.83300000  27.83300000  27.83300000  27.83300000  27.83300000  27.83300000  27.83300000  27.83300000  27.83300000  27.83300000  27.83300000  27.83300000  27.83300000  27.83300000  27.83300000  27.83300000  25.72100000  26.33700000  26.43800000  26.44700000  26.59500000  26.77900000  27.22600000
