36.99100000 36.93200000 36.93000000 36.99600000 37.20600000 37.21400000 37.23400000 37.24100000 37.19500000 37.17100000 37.10400000 36.98600000 36.86500000 36.63700000 36.81800000 36.88900000 37.04400000 37.01200000 37.06400000 37.04100000 36.99500000 36.97400000 36.82600000 36.54100000 36.55300000 36.32600000 36.59300000 36.60300000 36.57900000 36.69400000
36.92600000 36.84800000 36.94600000 37.16100000 37.17200000 37.17200000 37.18600000 37.17400000 37.14200000 37.06600000 36.96500000 36.85400000 36.57000000 36.89200000 36.87900000 37.07900000 36.99300000 37.08600000 37.04800000 37.01900000 36.97300000 36.88600000 36.79900000 36.64700000 36.79400000 37.12200000 37.06000000 37.08200000 36.98700000 36.94200000
36.93300000 36.93700000 36.91900000 37.10300000 37.11800000 37.07700000 37.06200000 37.03000000 36.96000000 36.88600000 36.63500000 36.47000000 36.90700000 36.89400000 36.94200000 37.10000000 36.99700000 37.06300000 36.99000000 36.91100000 36.85300000 36.70700000 37.21900000 37.16800000 37.01800000 37.06500000 37.00200000 36.99000000 36.92600000 36.86000000
36.42100000 37.05600000 37.02000000 36.88000000 37.01800000 37.02600000 36.94200000 36.58500000 36.64600000 36.70600000 36.83000000 36.94000000 36.90200000 36.92700000 36.99000000 37.04100000 36.98800000 36.98800000 36.89900000 36.74000000 37.15800000 37.26900000 37.24700000 37.24800000 37.26800000 37.14200000 36.99300000 36.88800000 36.84400000 36.83700000
35.85900000 36.99000000 37.02700000 37.17900000 36.98000000 36.90200000 36.72700000 36.55900000 36.63300000 36.96400000 36.94200000 36.93300000 36.93700000 36.93400000 37.03200000 37.01500000 36.94100000 36.89500000 36.89900000 37.22700000 37.23900000 37.18400000 37.15700000 37.16200000 37.19100000 37.25500000 37.28300000 36.80400000 36.61500000 36.64200000
35.52800000 36.74000000 36.79300000 36.83300000 37.29000000 37.11300000 36.94300000 36.87400000 36.84000000 36.82900000 36.82800000 36.85200000 36.87100000 36.90800000 37.04600000 37.05400000 36.78500000 37.00800000 37.21400000 37.22600000 37.16800000 37.07100000 37.00400000 37.05200000 37.16100000 37.21800000 37.32000000 37.27600000 36.68300000 36.63300000
35.85700000 36.55500000 36.56000000 36.70600000 36.89000000 37.34300000 37.03000000 36.92400000 36.96100000 36.97700000 37.03700000 37.00700000 36.99800000 37.01700000 37.04400000 37.15200000 36.87500000 37.17200000 37.21500000 37.20600000 37.12300000 37.01600000 37.00900000 37.12000000 37.18700000 37.34900000 37.45700000 37.40400000 37.25800000 36.71700000
35.62900000 36.06700000 36.52900000 36.26800000 36.50900000 36.74400000 37.32100000 37.38900000 37.08500000 36.90500000 36.93600000 36.96900000 37.02000000 37.04000000 37.03000000 37.10300000 37.02900000 37.13500000 37.19000000 37.18700000 37.17300000 37.17100000 37.16700000 37.24700000 37.41100000 37.41500000 37.45600000 37.46400000 37.28600000 37.30000000
35.35200000 35.50600000 35.74500000 36.00600000 36.49900000 36.27700000 36.98200000 37.31900000 37.40300000 37.42700000 36.98500000 36.96000000 36.99600000 37.07400000 37.06700000 37.16100000 37.20600000 37.19400000 37.20000000 37.25500000 37.11600000 37.31300000 37.28700000 37.34000000 37.38300000 37.38300000 37.43800000 37.47300000 37.30100000 37.25700000
35.22800000 35.66700000 35.56000000 35.74000000 36.05400000 36.12500000 36.32800000 37.19400000 37.27900000 37.37800000 37.25900000 36.96300000 36.97600000 36.96200000 37.03200000 37.21100000 37.24800000 37.23700000 37.04300000 37.35300000 37.37500000 37.33800000 37.36000000 37.37900000 37.43700000 37.44900000 37.46500000 37.35500000 37.28700000 37.22900000
34.91300000 35.18600000 35.71100000 35.43800000 35.54300000 35.93400000 35.75200000 36.47800000 37.14300000 37.07900000 37.16100000 37.35500000 36.98500000 36.99400000 36.99800000 37.05700000 37.05500000 37.33800000 37.33300000 37.37000000 37.31900000 37.28300000 37.36100000 37.32200000 37.33900000 37.34500000 37.32300000 37.28700000 37.26700000 37.18400000
37.59700000 37.59700000 37.59700000 35.29100000 35.43400000 35.53700000 35.64200000 35.63800000 36.48800000 37.06000000 36.56200000 36.87400000 36.95100000 37.29000000 37.33200000 37.32500000 37.26800000 37.17400000 37.32400000 37.36800000 37.22500000 37.35300000 37.27600000 37.28500000 37.36600000 37.35900000 37.27800000 37.34700000 37.22000000 37.15400000
37.59700000 37.59700000 37.59700000 37.59700000 35.27800000 35.47900000 35.53900000 35.60300000 35.92100000 36.43600000 36.58200000 36.27300000 36.49800000 36.46400000 36.52100000 37.11700000 37.09800000 36.99000000 37.34700000 37.38900000 37.20800000 37.27900000 37.25200000 37.23700000 37.31300000 37.39400000 37.36300000 37.32800000 37.23600000 37.18600000
37.59700000 37.59700000 37.59700000 37.59700000 37.59700000 37.59700000 35.43600000 35.56800000 35.64300000 35.82700000 36.04700000 36.15800000 36.17200000 36.19400000 36.27200000 36.10000000 36.57500000 36.90900000 37.21000000 37.43000000 37.38100000 37.21800000 37.21800000 37.19300000 37.32700000 37.38800000 37.46200000 37.33400000 37.39700000 37.22000000
37.59700000 37.59700000 37.59700000 37.59700000 37.59700000 37.59700000 37.59700000 37.59700000 37.59700000 37.59700000 37.59700000 37.59700000 36.03900000 36.15900000 36.10300000 36.05000000 36.39400000 36.97200000 36.97600000 37.35200000 37.43200000 37.42100000 37.38900000 37.40000000 37.35900000 37.37800000 37.42600000 37.48000000 37.34900000 37.38300000
37.59700000 37.59700000 37.59700000 37.59700000 37.59700000 37.59700000 37.59700000 37.59700000 37.59700000 37.59700000 37.59700000 37.59700000 37.59700000 37.59700000 37.59700000 36.02000000 36.45100000 36.73800000 36.97400000 36.93300000 37.33900000 37.42400000 37.42100000 37.37100000 37.31800000 37.37600000 37.41200000 37.46400000 37.53000000 37.54500000
37.59700000 37.59700000 37.59700000 37.59700000 37.59700000 37.59700000 37.59700000 37.59700000 37.59700000 37.59700000 37.59700000 37.59700000 37.59700000 37.59700000 37.59700000 37.59700000 35.99900000 36.17300000 36.78700000 36.77000000 37.32200000 37.40200000 37.42000000 37.36800000 37.33700000 37.37800000 37.38200000 37.43000000 37.41700000 37.56200000
37.59700000 37.59700000 37.59700000 37.59700000 37.59700000 37.59700000 37.59700000 37.59700000 37.59700000 37.59700000 37.59700000 37.59700000 37.59700000 37.59700000 37.59700000 37.59700000 37.59700000 37.59700000 36.11500000 37.02000000 36.80200000 37.36100000 37.42500000 37.32400000 37.35000000 37.36500000 37.38700000 37.33400000 37.37600000 37.47900000
37.59700000 37.59700000 37.59700000 37.59700000 37.59700000 37.59700000 37.59700000 37.59700000 37.59700000 37.59700000 37.59700000 37.59700000 37.59700000 37.59700000 37.59700000 37.59700000 37.59700000 37.59700000 37.59700000 36.92400000 36.80200000 37.36800000 37.39200000 37.33800000 37.42700000 37.38700000 37.37300000 37.34400000 37.36400000 37.40000000
37.59700000 37.59700000 37.59700000 37.59700000 37.59700000 37.59700000 37.59700000 37.59700000 37.59700000 37.59700000 37.59700000 37.59700000 37.59700000 37.59700000 37.59700000 37.59700000 37.59700000 37.59700000 37.59700000 36.77900000 36.75600000 37.36700000 37.32400000 37.38500000 37.40200000 37.43100000 37.40700000 37.36800000 37.34700000 37.41200000
37.59700000 37.59700000 37.59700000 37.59700000 37.59700000 37.59700000 37.59700000 37.59700000 37.59700000 37.59700000 37.59700000 37.59700000 37.59700000 37.59700000 37.59700000 37.59700000 37.59700000 37.59700000 37.59700000 36.84200000 36.92700000 37.37000000 37.31500000 37.41500000 37.39300000 37.41600000 37.43300000 37.35300000 37.38600000 37.35400000
37.59700000 37.59700000 37.59700000 37.59700000 37.59700000 37.59700000 37.59700000 37.59700000 37.59700000 37.59700000 37.59700000 37.59700000 37.59700000 37.59700000 37.59700000 37.59700000 37.59700000 37.59700000 37.59700000 36.51700000 36.72300000 37.30400000 37.39200000 37.38900000 37.39100000 37.37400000 37.34600000 37.30100000 37.31000000 37.37300000
37.59700000 37.59700000 37.59700000 37.59700000 37.59700000 37.59700000 37.59700000 37.59700000 37.59700000 37.59700000 37.59700000 37.59700000 37.59700000 37.59700000 37.59700000 37.59700000 37.59700000 37.59700000 37.59700000 37.59700000 36.64800000 37.14700000 37.33000000 37.35000000 37.36700000 37.34300000 37.31600000 37.30700000 37.27700000 37.32200000
37.59700000 37.59700000 37.59700000 37.59700000 37.59700000 37.59700000 37.59700000 37.59700000 37.59700000 37.59700000 37.59700000 37.59700000 37.59700000 37.59700000 37.59700000 37.59700000 37.59700000 37.59700000 37.59700000 37.59700000 37.59700000 36.73000000 37.29100000 37.34700000 37.35300000 37.33800000 37.32800000 37.29500000 37.26800000 37.32300000
37.59700000 37.59700000 37.59700000 37.59700000 37.59700000 37.59700000 37.59700000 37.59700000 37.59700000 37.59700000 37.59700000 37.59700000 37.59700000 37.59700000 37.59700000 37.59700000 37.59700000 37.59700000 37.59700000 37.59700000 37.59700000 36.53300000 37.13800000 37.32000000 37.31800000 37.31400000 37.28200000 37.22100000 37.29500000 37.32200000
37.59700000 37.59700000 37.59700000 37.59700000 37.59700000 37.59700000 37.59700000 37.59700000 37.59700000 37.59700000 37.59700000 37.59700000 37.59700000 37.59700000 37.59700000 37.59700000 37.59700000 37.59700000 37.59700000 37.59700000 37.59700000 37.59700000 36.86000000 37.12100000 37.21100000 37.18800000 37.21800000 37.28800000 37.27200000 37.29700000
37.59700000 37.59700000 37.59700000 37.59700000 37.59700000 37.59700000 37.59700000 37.59700000 37.59700000 37.59700000 37.59700000 37.59700000 37.59700000 37.59700000 37.59700000 37.59700000 37.59700000 37.59700000 37.59700000 37.59700000 37.59700000 37.59700000 37.59700000 36.67500000 37.20000000 37.23000000 37.23900000 37.24800000 37.23700000 37.29200000
36.98900000 36.93200000 36.92600000 36.99400000 37.20500000 37.21400000 37.23300000 37.24000000 37.19500000 37.16900000 37.10600000 36.98700000 36.86800000 36.67000000 36.81600000 36.88600000 37.04200000 37.01000000 37.06400000 37.04000000 36.99600000 36.97300000 36.83000000 36.53600000 36.55200000 36.32100000 36.58800000 36.60200000 36.57900000 36.69100000
36.92600000 36.84700000 36.94500000 37.16000000 37.17100000 37.17200000 37.18600000 37.17300000 37.14200000 37.06600000 36.96500000 36.85400000 36.56000000 36.88800000 36.87700000 37.07700000 36.99300000 37.08600000 37.04700000 37.01800000 36.97200000 36.88500000 36.79900000 36.64900000 36.77700000 37.12100000 37.06000000 37.08200000 36.98700000 36.94100000
36.93300000 36.93500000 36.91900000 37.10200000 37.11700000 37.07700000 37.06300000 37.03000000 36.96000000 36.88600000 36.64700000 36.46400000 36.90100000 36.89200000 36.93900000 37.10000000 36.99600000 37.06200000 36.98900000 36.91000000 36.85200000 36.70900000 37.21700000 37.16900000 37.01700000 37.06400000 37.00200000 36.98800000 36.92400000 36.85900000
36.60000000 37.05300000 37.01800000 36.88900000 37.01800000 37.02500000 36.94300000 36.59400000 36.64500000 36.70600000 36.82900000 36.93800000 36.90100000 36.92300000 36.98900000 37.04100000 36.98700000 36.98800000 36.89900000 36.74000000 37.15500000 37.26800000 37.24500000 37.24700000 37.26700000 37.14400000 36.99300000 36.89100000 36.85000000 36.83600000
36.72200000 36.98800000 37.03100000 37.17700000 36.97800000 36.90300000 36.72800000 36.55800000 36.63100000 36.96000000 36.94100000 36.93200000 36.93600000 36.93300000 37.03000000 37.01500000 36.94000000 36.89400000 36.89600000 37.22500000 37.23800000 37.18300000 37.15700000 37.16100000 37.19000000 37.25300000 37.28200000 36.80600000 36.61500000 36.64100000
36.69200000 36.75600000 36.79600000 36.83500000 37.28900000 37.11100000 36.94200000 36.87300000 36.83900000 36.82800000 36.82700000 36.85100000 36.87000000 36.90700000 37.04500000 37.05300000 36.78400000 37.00300000 37.21300000 37.22400000 37.16700000 37.07100000 37.00400000 37.05200000 37.15900000 37.21600000 37.31900000 37.27500000 36.68700000 36.63200000
35.84400000 36.55700000 36.56100000 36.70400000 36.89700000 37.34200000 37.02800000 36.92300000 36.96000000 36.97600000 37.03600000 37.00600000 36.99700000 37.01600000 37.04300000 37.15200000 36.87300000 37.17200000 37.21400000 37.20500000 37.12300000 37.01500000 37.00700000 37.11900000 37.18400000 37.34800000 37.45600000 37.40300000 37.25700000 36.73400000
35.66500000 36.12100000 36.53000000 36.27300000 36.51800000 36.78300000 37.32000000 37.38800000 37.08300000 36.90400000 36.93500000 36.96900000 37.01800000 37.03800000 37.02900000 37.10100000 37.02800000 37.13400000 37.18900000 37.18600000 37.17200000 37.17000000 37.16600000 37.24600000 37.41100000 37.41400000 37.45500000 37.46300000 37.28500000 37.30600000
35.95000000 35.56500000 35.81000000 36.02300000 36.50400000 36.28200000 36.97900000 37.31800000 37.40200000 37.42600000 36.98400000 36.95900000 36.99500000 37.07300000 37.06500000 37.15900000 37.20500000 37.19300000 37.19800000 37.25300000 37.11900000 37.31200000 37.28700000 37.33900000 37.38200000 37.38200000 37.43700000 37.47200000 37.30000000 37.26400000
36.04400000 35.91100000 35.91300000 36.06500000 36.11600000 36.15700000 36.39700000 37.19300000 37.27800000 37.37800000 37.25900000 36.96200000 36.97500000 36.96100000 37.03100000 37.21000000 37.24600000 37.23600000 37.04100000 37.35200000 37.37400000 37.33700000 37.35900000 37.37800000 37.43600000 37.44800000 37.46400000 37.35500000 37.28500000 37.22800000
35.80500000 37.59700000 35.83200000 35.79800000 36.42000000 36.06900000 35.80600000 36.51000000 37.14100000 37.07900000 37.16000000 37.35400000 36.98400000 36.99200000 36.99600000 37.05600000 37.05700000 37.33700000 37.33300000 37.36900000 37.31800000 37.28100000 37.36100000 37.32100000 37.33800000 37.34400000 37.32200000 37.28600000 37.26700000 37.18300000
37.59700000 37.59700000 37.59700000 37.59700000 35.75700000 36.30000000 36.05000000 35.71100000 36.49000000 37.06000000 36.58000000 36.87900000 36.96200000 37.28900000 37.33100000 37.32400000 37.26700000 37.17300000 37.32300000 37.36700000 37.22500000 37.35100000 37.27400000 37.28400000 37.36500000 37.35800000 37.27700000 37.34600000 37.21900000 37.15400000
37.59700000 37.59700000 37.59700000 37.59700000 37.59700000 35.76900000 35.80000000 36.00200000 36.47500000 36.48400000 36.61800000 36.28300000 36.56900000 36.48400000 36.69800000 37.11400000 37.09700000 36.98900000 37.34500000 37.38800000 37.20800000 37.27800000 37.25100000 37.23600000 37.31200000 37.39400000 37.36200000 37.32700000 37.23600000 37.18600000
37.59700000 37.59700000 37.59700000 37.59700000 37.59700000 37.59700000 37.59700000 35.76900000 35.76700000 35.91100000 36.35100000 36.32200000 36.13400000 36.44700000 36.35900000 36.10500000 36.58800000 36.90300000 37.20800000 37.42900000 37.38000000 37.21700000 37.21800000 37.19200000 37.32500000 37.38700000 37.46000000 37.33300000 37.39600000 37.21900000
37.59700000 37.59700000 37.59700000 37.59700000 37.59700000 37.59700000 37.59700000 37.59700000 37.59700000 37.59700000 37.59700000 37.59700000 37.59700000 37.59700000 37.59700000 36.19200000 36.39000000 36.97100000 36.97000000 37.35100000 37.43100000 37.42000000 37.38800000 37.39900000 37.35800000 37.37700000 37.42400000 37.47900000 37.34800000 37.38200000
37.59700000 37.59700000 37.59700000 37.59700000 37.59700000 37.59700000 37.59700000 37.59700000 37.59700000 37.59700000 37.59700000 37.59700000 37.59700000 37.59700000 37.59700000 37.59700000 36.42400000 36.73900000 36.97100000 36.91000000 37.33800000 37.42300000 37.42000000 37.37000000 37.31700000 37.37400000 37.41100000 37.46300000 37.52900000 37.54500000
37.59700000 37.59700000 37.59700000 37.59700000 37.59700000 37.59700000 37.59700000 37.59700000 37.59700000 37.59700000 37.59700000 37.59700000 37.59700000 37.59700000 37.59700000 37.59700000 37.59700000 36.28200000 36.74400000 36.76400000 37.31100000 37.40000000 37.41900000 37.36700000 37.33600000 37.37700000 37.38100000 37.42900000 37.41600000 37.56100000
37.59700000 37.59700000 37.59700000 37.59700000 37.59700000 37.59700000 37.59700000 37.59700000 37.59700000 37.59700000 37.59700000 37.59700000 37.59700000 37.59700000 37.59700000 37.59700000 37.59700000 37.59700000 37.59700000 37.00200000 36.79900000 37.36000000 37.42400000 37.32300000 37.34900000 37.36400000 37.38600000 37.33300000 37.37500000 37.47800000
37.59700000 37.59700000 37.59700000 37.59700000 37.59700000 37.59700000 37.59700000 37.59700000 37.59700000 37.59700000 37.59700000 37.59700000 37.59700000 37.59700000 37.59700000 37.59700000 37.59700000 37.59700000 37.59700000 37.59700000 36.80600000 37.36800000 37.39200000 37.33600000 37.42700000 37.38600000 37.37200000 37.34400000 37.36300000 37.39900000
37.59700000 37.59700000 37.59700000 37.59700000 37.59700000 37.59700000 37.59700000 37.59700000 37.59700000 37.59700000 37.59700000 37.59700000 37.59700000 37.59700000 37.59700000 37.59700000 37.59700000 37.59700000 37.59700000 37.59700000 36.65600000 37.36800000 37.32500000 37.38500000 37.40100000 37.43000000 37.40700000 37.36500000 37.34700000 37.41100000
37.59700000 37.59700000 37.59700000 37.59700000 37.59700000 37.59700000 37.59700000 37.59700000 37.59700000 37.59700000 37.59700000 37.59700000 37.59700000 37.59700000 37.59700000 37.59700000 37.59700000 37.59700000 37.59700000 37.59700000 36.36700000 37.38200000 37.31500000 37.41400000 37.39200000 37.41600000 37.43200000 37.35200000 37.38400000 37.35300000
37.59700000 37.59700000 37.59700000 37.59700000 37.59700000 37.59700000 37.59700000 37.59700000 37.59700000 37.59700000 37.59700000 37.59700000 37.59700000 37.59700000 37.59700000 37.59700000 37.59700000 37.59700000 37.59700000 37.59700000 36.53600000 37.32200000 37.39700000 37.38900000 37.39100000 37.37300000 37.34500000 37.30000000 37.30900000 37.37200000
37.59700000 37.59700000 37.59700000 37.59700000 37.59700000 37.59700000 37.59700000 37.59700000 37.59700000 37.59700000 37.59700000 37.59700000 37.59700000 37.59700000 37.59700000 37.59700000 37.59700000 37.59700000 37.59700000 37.59700000 37.59700000 37.15600000 37.35300000 37.36200000 37.37000000 37.34400000 37.31500000 37.30600000 37.27600000 37.32000000
37.59700000 37.59700000 37.59700000 37.59700000 37.59700000 37.59700000 37.59700000 37.59700000 37.59700000 37.59700000 37.59700000 37.59700000 37.59700000 37.59700000 37.59700000 37.59700000 37.59700000 37.59700000 37.59700000 37.59700000 37.59700000 36.69800000 37.28900000 37.35600000 37.36000000 37.33900000 37.32800000 37.29500000 37.26200000 37.32300000
37.59700000 37.59700000 37.59700000 37.59700000 37.59700000 37.59700000 37.59700000 37.59700000 37.59700000 37.59700000 37.59700000 37.59700000 37.59700000 37.59700000 37.59700000 37.59700000 37.59700000 37.59700000 37.59700000 37.59700000 37.59700000 37.59700000 37.13600000 37.32100000 37.32500000 37.31600000 37.28500000 37.22300000 37.29400000 37.32100000
37.59700000 37.59700000 37.59700000 37.59700000 37.59700000 37.59700000 37.59700000 37.59700000 37.59700000 37.59700000 37.59700000 37.59700000 37.59700000 37.59700000 37.59700000 37.59700000 37.59700000 37.59700000 37.59700000 37.59700000 37.59700000 37.59700000 36.83700000 37.12100000 37.20200000 37.19000000 37.21800000 37.28800000 37.27300000 37.29700000
37.59700000 37.59700000 37.59700000 37.59700000 37.59700000 37.59700000 37.59700000 37.59700000 37.59700000 37.59700000 37.59700000 37.59700000 37.59700000 37.59700000 37.59700000 37.59700000 37.59700000 37.59700000 37.59700000 37.59700000 37.59700000 37.59700000 37.59700000 36.66100000 37.19300000 37.22500000 37.24000000 37.24900000 37.24100000 37.29200000
