36.99000000 36.93100000 36.92900000 36.99700000 37.20600000 37.21300000 37.23300000 37.24000000 37.19500000 37.17100000 37.10400000 36.98500000 36.86500000 36.63600000 36.81900000 36.89000000 37.04500000 37.01300000 37.06500000 37.04000000 36.99500000 36.97400000 36.82600000 36.53900000 36.55300000 36.32700000 36.59400000 36.60500000 36.58200000 36.70400000
36.92500000 36.84800000 36.94300000 37.16100000 37.17000000 37.17300000 37.18600000 37.17300000 37.14200000 37.06500000 36.96500000 36.85400000 36.57000000 36.89100000 36.87900000 37.08200000 36.99200000 37.08700000 37.04800000 37.01900000 36.97200000 36.88500000 36.80000000 36.64400000 36.78700000 37.12300000 37.06000000 37.08200000 36.98600000 36.93900000
36.93100000 36.94000000 36.91900000 37.10200000 37.11700000 37.07600000 37.06400000 37.03100000 36.96000000 36.88700000 36.63300000 36.46900000 36.90700000 36.89300000 36.94200000 37.09900000 36.99900000 37.06200000 36.98700000 36.91000000 36.85200000 36.70600000 37.22500000 37.16400000 37.01700000 37.06500000 37.00200000 36.99100000 36.92600000 36.86100000
36.41600000 37.05800000 37.02200000 36.88000000 37.01800000 37.02500000 36.94200000 36.58600000 36.64400000 36.70700000 36.82800000 36.94000000 36.90200000 36.92500000 36.99000000 37.03800000 36.99000000 36.98800000 36.89900000 36.73900000 37.16600000 37.26900000 37.24400000 37.24700000 37.26600000 37.14700000 36.99200000 36.88600000 36.84000000 36.83600000
35.85100000 36.98800000 37.02500000 37.18000000 36.98500000 36.89900000 36.73100000 36.56000000 36.62900000 36.96500000 36.94200000 36.93300000 36.93700000 36.93300000 37.03100000 37.01200000 36.94300000 36.89400000 36.90500000 37.22700000 37.23900000 37.18200000 37.15600000 37.16200000 37.18900000 37.25400000 37.28300000 36.80400000 36.61400000 36.64300000
35.53100000 36.74100000 36.79100000 36.82700000 37.29000000 37.11300000 36.94400000 36.87700000 36.84200000 36.83000000 36.82800000 36.85200000 36.87000000 36.90600000 37.04600000 37.05100000 36.78500000 37.00800000 37.21400000 37.22500000 37.16700000 37.07100000 37.00400000 37.05200000 37.16100000 37.21800000 37.32100000 37.27600000 36.68800000 36.63400000
35.86300000 36.55900000 36.55700000 36.70500000 36.87700000 37.34400000 37.03800000 36.92200000 36.96200000 36.97600000 37.03600000 37.00800000 36.99800000 37.01600000 37.04400000 37.15200000 36.87400000 37.17400000 37.21500000 37.20500000 37.12200000 37.01500000 37.00800000 37.12000000 37.18700000 37.35200000 37.45700000 37.40500000 37.25700000 36.71800000
35.62800000 36.06200000 36.52900000 36.26300000 36.51500000 36.73600000 37.31800000 37.39200000 37.09700000 36.90600000 36.93400000 36.97000000 37.01900000 37.03900000 37.03000000 37.10000000 37.02300000 37.13600000 37.19200000 37.18700000 37.17300000 37.17100000 37.16700000 37.24900000 37.40900000 37.41300000 37.45400000 37.46500000 37.28600000 37.30200000
35.35400000 35.51400000 35.74800000 36.00100000 36.48800000 36.27500000 36.98900000 37.31800000 37.40500000 37.42800000 36.98700000 36.96000000 36.99600000 37.07400000 37.06400000 37.15800000 37.20300000 37.19100000 37.19700000 37.25200000 37.11400000 37.31500000 37.28700000 37.33900000 37.38400000 37.38200000 37.43700000 37.47300000 37.30100000 37.25700000
35.24100000 35.66900000 35.56300000 35.73300000 36.03800000 36.12300000 36.32100000 37.19200000 37.27700000 37.37300000 37.25900000 36.96200000 36.97500000 36.96300000 37.03200000 37.21300000 37.24600000 37.23800000 37.04300000 37.35300000 37.37400000 37.33900000 37.35900000 37.37700000 37.43600000 37.44900000 37.46500000 37.35700000 37.28700000 37.22800000
34.93100000 35.22300000 35.71100000 35.43900000 35.54700000 35.92700000 35.75300000 36.46700000 37.14100000 37.07500000 37.15900000 37.35200000 36.98500000 36.99200000 36.99700000 37.05800000 37.06100000 37.33900000 37.33300000 37.37000000 37.32100000 37.28000000 37.36100000 37.32100000 37.33800000 37.34400000 37.32200000 37.28700000 37.26700000 37.18300000
37.59700000 37.59700000 37.59700000 35.29200000 35.44000000 35.54100000 35.64300000 35.63800000 36.48700000 37.05500000 36.54700000 36.85500000 36.96700000 37.29100000 37.33100000 37.32400000 37.26400000 37.16500000 37.32700000 37.36800000 37.22600000 37.35000000 37.27600000 37.28500000 37.36700000 37.36100000 37.27700000 37.34600000 37.21900000 37.15400000
37.59700000 37.59700000 37.59700000 37.59700000 35.28400000 35.48500000 35.54500000 35.60700000 35.93900000 36.43800000 36.56700000 36.26500000 36.51400000 36.45100000 36.54000000 37.13100000 37.09400000 36.99100000 37.35000000 37.39100000 37.20900000 37.27800000 37.25200000 37.23700000 37.30900000 37.39400000 37.36400000 37.32700000 37.23600000 37.18500000
37.59700000 37.59700000 37.59700000 37.59700000 37.59700000 37.59700000 35.44000000 35.57400000 35.64900000 35.84900000 36.06700000 36.15600000 36.17400000 36.20000000 36.26400000 36.09800000 36.58000000 36.91500000 37.21300000 37.43100000 37.38100000 37.21700000 37.21800000 37.19300000 37.32700000 37.38800000 37.46000000 37.33500000 37.39700000 37.21800000
37.59700000 37.59700000 37.59700000 37.59700000 37.59700000 37.59700000 37.59700000 37.59700000 37.59700000 37.59700000 37.59700000 37.59700000 36.04900000 36.15000000 36.09700000 36.05000000 36.40400000 36.97300000 36.97700000 37.35300000 37.43200000 37.41900000 37.39100000 37.40000000 37.35900000 37.37800000 37.42500000 37.48000000 37.34800000 37.38400000
37.59700000 37.59700000 37.59700000 37.59700000 37.59700000 37.59700000 37.59700000 37.59700000 37.59700000 37.59700000 37.59700000 37.59700000 37.59700000 37.59700000 37.59700000 36.02000000 36.45900000 36.72300000 36.97000000 36.94400000 37.34000000 37.42400000 37.42100000 37.37100000 37.31900000 37.37600000 37.41100000 37.46200000 37.53000000 37.54600000
37.59700000 37.59700000 37.59700000 37.59700000 37.59700000 37.59700000 37.59700000 37.59700000 37.59700000 37.59700000 37.59700000 37.59700000 37.59700000 37.59700000 37.59700000 37.59700000 36.00100000 36.17200000 36.80700000 36.76600000 37.31900000 37.40000000 37.42000000 37.36600000 37.33800000 37.37800000 37.38200000 37.42900000 37.41600000 37.56200000
37.59700000 37.59700000 37.59700000 37.59700000 37.59700000 37.59700000 37.59700000 37.59700000 37.59700000 37.59700000 37.59700000 37.59700000 37.59700000 37.59700000 37.59700000 37.59700000 37.59700000 37.59700000 36.12400000 37.02000000 36.80800000 37.36300000 37.42500000 37.32200000 37.35100000 37.36500000 37.38700000 37.33400000 37.37700000 37.47900000
37.59700000 37.59700000 37.59700000 37.59700000 37.59700000 37.59700000 37.59700000 37.59700000 37.59700000 37.59700000 37.59700000 37.59700000 37.59700000 37.59700000 37.59700000 37.59700000 37.59700000 37.59700000 37.59700000 36.93100000 36.80500000 37.36900000 37.38900000 37.34000000 37.42800000 37.38600000 37.37400000 37.34400000 37.36600000 37.40000000
37.59700000 37.59700000 37.59700000 37.59700000 37.59700000 37.59700000 37.59700000 37.59700000 37.59700000 37.59700000 37.59700000 37.59700000 37.59700000 37.59700000 37.59700000 37.59700000 37.59700000 37.59700000 37.59700000 36.77500000 36.77600000 37.36700000 37.32300000 37.38700000 37.40200000 37.43300000 37.40700000 37.36600000 37.34800000 37.41300000
37.59700000 37.59700000 37.59700000 37.59700000 37.59700000 37.59700000 37.59700000 37.59700000 37.59700000 37.59700000 37.59700000 37.59700000 37.59700000 37.59700000 37.59700000 37.59700000 37.59700000 37.59700000 37.59700000 36.83700000 36.93900000 37.37600000 37.31900000 37.41500000 37.39300000 37.41700000 37.43200000 37.34900000 37.38400000 37.35400000
37.59700000 37.59700000 37.59700000 37.59700000 37.59700000 37.59700000 37.59700000 37.59700000 37.59700000 37.59700000 37.59700000 37.59700000 37.59700000 37.59700000 37.59700000 37.59700000 37.59700000 37.59700000 37.59700000 36.45700000 36.72100000 37.30800000 37.39600000 37.39000000 37.39100000 37.37400000 37.34500000 37.29900000 37.30700000 37.37300000
37.59700000 37.59700000 37.59700000 37.59700000 37.59700000 37.59700000 37.59700000 37.59700000 37.59700000 37.59700000 37.59700000 37.59700000 37.59700000 37.59700000 37.59700000 37.59700000 37.59700000 37.59700000 37.59700000 37.59700000 36.61300000 37.15000000 37.33400000 37.35400000 37.36800000 37.34500000 37.31600000 37.30700000 37.27900000 37.32200000
37.59700000 37.59700000 37.59700000 37.59700000 37.59700000 37.59700000 37.59700000 37.59700000 37.59700000 37.59700000 37.59700000 37.59700000 37.59700000 37.59700000 37.59700000 37.59700000 37.59700000 37.59700000 37.59700000 37.59700000 37.59700000 36.72500000 37.28900000 37.34900000 37.35500000 37.33900000 37.32800000 37.29500000 37.27400000 37.32400000
37.59700000 37.59700000 37.59700000 37.59700000 37.59700000 37.59700000 37.59700000 37.59700000 37.59700000 37.59700000 37.59700000 37.59700000 37.59700000 37.59700000 37.59700000 37.59700000 37.59700000 37.59700000 37.59700000 37.59700000 37.59700000 36.52600000 37.13600000 37.31900000 37.31800000 37.31400000 37.27900000 37.22000000 37.29500000 37.32200000
37.59700000 37.59700000 37.59700000 37.59700000 37.59700000 37.59700000 37.59700000 37.59700000 37.59700000 37.59700000 37.59700000 37.59700000 37.59700000 37.59700000 37.59700000 37.59700000 37.59700000 37.59700000 37.59700000 37.59700000 37.59700000 37.59700000 36.85300000 37.12100000 37.20600000 37.18700000 37.21800000 37.28700000 37.27100000 37.29700000
37.59700000 37.59700000 37.59700000 37.59700000 37.59700000 37.59700000 37.59700000 37.59700000 37.59700000 37.59700000 37.59700000 37.59700000 37.59700000 37.59700000 37.59700000 37.59700000 37.59700000 37.59700000 37.59700000 37.59700000 37.59700000 37.59700000 37.59700000 36.66000000 37.19700000 37.23000000 37.23800000 37.24700000 37.23700000 37.29300000
36.98900000 36.93000000 36.92500000 36.99500000 37.20400000 37.21300000 37.23200000 37.23900000 37.19500000 37.16900000 37.10600000 36.98700000 36.86800000 36.66700000 36.81800000 36.88700000 37.04300000 37.01100000 37.06400000 37.04000000 36.99600000 36.97300000 36.83000000 36.53400000 36.55200000 36.32400000 36.59100000 36.60400000 36.58200000 36.70100000
36.92500000 36.84700000 36.94200000 37.16100000 37.16900000 37.17200000 37.18600000 37.17300000 37.14100000 37.06500000 36.96500000 36.85400000 36.56400000 36.89000000 36.87800000 37.08100000 36.99200000 37.08600000 37.04700000 37.01800000 36.97200000 36.88400000 36.79900000 36.64500000 36.78200000 37.12200000 37.05900000 37.08200000 36.98600000 36.93800000
36.93100000 36.93800000 36.92000000 37.10100000 37.11700000 37.07600000 37.06400000 37.03000000 36.96000000 36.88700000 36.64000000 36.46600000 36.90300000 36.89200000 36.94000000 37.09800000 36.99800000 37.06100000 36.98700000 36.91000000 36.85100000 36.70900000 37.22400000 37.16400000 37.01600000 37.06400000 37.00100000 36.98900000 36.92500000 36.86000000
36.58900000 37.05700000 37.02100000 36.88800000 37.01800000 37.02500000 36.94200000 36.59300000 36.64200000 36.70600000 36.82600000 36.93800000 36.90100000 36.92300000 36.98900000 37.03800000 36.98900000 36.98800000 36.89900000 36.73800000 37.16300000 37.26800000 37.24300000 37.24700000 37.26600000 37.14700000 36.99300000 36.88800000 36.84500000 36.83600000
36.73400000 36.98700000 37.02700000 37.17800000 36.98300000 36.90100000 36.73200000 36.55900000 36.62800000 36.96000000 36.94200000 36.93200000 36.93600000 36.93300000 37.03000000 37.01200000 36.94200000 36.89300000 36.90300000 37.22600000 37.23800000 37.18200000 37.15600000 37.16100000 37.18800000 37.25300000 37.28200000 36.80500000 36.61400000 36.64200000
36.72200000 36.75800000 36.79400000 36.82800000 37.28800000 37.11200000 36.94300000 36.87600000 36.84100000 36.82900000 36.82700000 36.85100000 36.86900000 36.90500000 37.04500000 37.05100000 36.78400000 37.00600000 37.21300000 37.22400000 37.16600000 37.07100000 37.00400000 37.05200000 37.15900000 37.21700000 37.32000000 37.27500000 36.69000000 36.63300000
35.85500000 36.56300000 36.55800000 36.70400000 36.88200000 37.34300000 37.03700000 36.92100000 36.96100000 36.97400000 37.03600000 37.00700000 36.99700000 37.01500000 37.04400000 37.15100000 36.87200000 37.17300000 37.21400000 37.20300000 37.12200000 37.01400000 37.00600000 37.11900000 37.18500000 37.35000000 37.45500000 37.40500000 37.25500000 36.73400000
35.66400000 36.11800000 36.52900000 36.26900000 36.52100000 36.77700000 37.31700000 37.39100000 37.09600000 36.90500000 36.93300000 36.96900000 37.01800000 37.03800000 37.02900000 37.09900000 37.02200000 37.13500000 37.19100000 37.18600000 37.17200000 37.17000000 37.16600000 37.24800000 37.40800000 37.41200000 37.45300000 37.46400000 37.28500000 37.30600000
35.95400000 35.53900000 35.80800000 36.01500000 36.49200000 36.27900000 36.98800000 37.31700000 37.40400000 37.42700000 36.98600000 36.95800000 36.99500000 37.07300000 37.06300000 37.15600000 37.20100000 37.18900000 37.19600000 37.25100000 37.11800000 37.31400000 37.28600000 37.33800000 37.38200000 37.38100000 37.43600000 37.47300000 37.29900000 37.26400000
36.04200000 35.90400000 35.90600000 36.14900000 36.11100000 36.15100000 36.39500000 37.19100000 37.27600000 37.37200000 37.25800000 36.96200000 36.97400000 36.96200000 37.03000000 37.21200000 37.24400000 37.23800000 37.04200000 37.35200000 37.37400000 37.33800000 37.35800000 37.37600000 37.43600000 37.44900000 37.46500000 37.35600000 37.28600000 37.22800000
35.83700000 37.59700000 35.83200000 35.79700000 36.42100000 36.05900000 35.82100000 36.50400000 37.13900000 37.07500000 37.15800000 37.35000000 36.98400000 36.99100000 36.99600000 37.05600000 37.06200000 37.33800000 37.33200000 37.36900000 37.32000000 37.27900000 37.36100000 37.32100000 37.33700000 37.34400000 37.32100000 37.28700000 37.26700000 37.18200000
37.59700000 37.59700000 37.59700000 37.59700000 35.75600000 36.27500000 36.09500000 35.70700000 36.49000000 37.05500000 36.56100000 36.85800000 36.97300000 37.29000000 37.32900000 37.32300000 37.26400000 37.16500000 37.32600000 37.36700000 37.22600000 37.34900000 37.27500000 37.28300000 37.36600000 37.36000000 37.27600000 37.34500000 37.21800000 37.15300000
37.59700000 37.59700000 37.59700000 37.59700000 37.59700000 35.76900000 35.79500000 36.00100000 36.46800000 36.48500000 36.59900000 36.27000000 36.57400000 36.48300000 36.70100000 37.12800000 37.09300000 36.99000000 37.34900000 37.39000000 37.20800000 37.27800000 37.25100000 37.23600000 37.30800000 37.39300000 37.36300000 37.32600000 37.23600000 37.18500000
37.59700000 37.59700000 37.59700000 37.59700000 37.59700000 37.59700000 37.59700000 35.76900000 35.76700000 35.93400000 36.34800000 36.32200000 36.14800000 36.44600000 36.35300000 36.10600000 36.59400000 36.91200000 37.21100000 37.43000000 37.38000000 37.21700000 37.21800000 37.19200000 37.32600000 37.38600000 37.45900000 37.33400000 37.39600000 37.21800000
37.59700000 37.59700000 37.59700000 37.59700000 37.59700000 37.59700000 37.59700000 37.59700000 37.59700000 37.59700000 37.59700000 37.59700000 37.59700000 37.59700000 37.59700000 36.19400000 36.39900000 36.97200000 36.96500000 37.35200000 37.43100000 37.41800000 37.39100000 37.39900000 37.35900000 37.37700000 37.42400000 37.47900000 37.34600000 37.38300000
37.59700000 37.59700000 37.59700000 37.59700000 37.59700000 37.59700000 37.59700000 37.59700000 37.59700000 37.59700000 37.59700000 37.59700000 37.59700000 37.59700000 37.59700000 37.59700000 36.42900000 36.72600000 36.96600000 36.92300000 37.33900000 37.42300000 37.42000000 37.37000000 37.31800000 37.37500000 37.41000000 37.46100000 37.52900000 37.54500000
37.59700000 37.59700000 37.59700000 37.59700000 37.59700000 37.59700000 37.59700000 37.59700000 37.59700000 37.59700000 37.59700000 37.59700000 37.59700000 37.59700000 37.59700000 37.59700000 37.59700000 36.28200000 36.76000000 36.74400000 37.31300000 37.39900000 37.41900000 37.36600000 37.33700000 37.37700000 37.38100000 37.42800000 37.41500000 37.56100000
37.59700000 37.59700000 37.59700000 37.59700000 37.59700000 37.59700000 37.59700000 37.59700000 37.59700000 37.59700000 37.59700000 37.59700000 37.59700000 37.59700000 37.59700000 37.59700000 37.59700000 37.59700000 37.59700000 37.00300000 36.80700000 37.36200000 37.42400000 37.32200000 37.35000000 37.36400000 37.38600000 37.33300000 37.37600000 37.47800000
37.59700000 37.59700000 37.59700000 37.59700000 37.59700000 37.59700000 37.59700000 37.59700000 37.59700000 37.59700000 37.59700000 37.59700000 37.59700000 37.59700000 37.59700000 37.59700000 37.59700000 37.59700000 37.59700000 37.59700000 36.80600000 37.36800000 37.38900000 37.33900000 37.42800000 37.38600000 37.37200000 37.34400000 37.36500000 37.39900000
37.59700000 37.59700000 37.59700000 37.59700000 37.59700000 37.59700000 37.59700000 37.59700000 37.59700000 37.59700000 37.59700000 37.59700000 37.59700000 37.59700000 37.59700000 37.59700000 37.59700000 37.59700000 37.59700000 37.59700000 36.65100000 37.36700000 37.32300000 37.38600000 37.40100000 37.43200000 37.40600000 37.36500000 37.34700000 37.41200000
37.59700000 37.59700000 37.59700000 37.59700000 37.59700000 37.59700000 37.59700000 37.59700000 37.59700000 37.59700000 37.59700000 37.59700000 37.59700000 37.59700000 37.59700000 37.59700000 37.59700000 37.59700000 37.59700000 37.59700000 36.37200000 37.37900000 37.31800000 37.41500000 37.39200000 37.41600000 37.43100000 37.34800000 37.38300000 37.35300000
37.59700000 37.59700000 37.59700000 37.59700000 37.59700000 37.59700000 37.59700000 37.59700000 37.59700000 37.59700000 37.59700000 37.59700000 37.59700000 37.59700000 37.59700000 37.59700000 37.59700000 37.59700000 37.59700000 37.59700000 36.54100000 37.32100000 37.39700000 37.39000000 37.39100000 37.37300000 37.34400000 37.29800000 37.30600000 37.37300000
37.59700000 37.59700000 37.59700000 37.59700000 37.59700000 37.59700000 37.59700000 37.59700000 37.59700000 37.59700000 37.59700000 37.59700000 37.59700000 37.59700000 37.59700000 37.59700000 37.59700000 37.59700000 37.59700000 37.59700000 37.59700000 37.14900000 37.35200000 37.35900000 37.36900000 37.34400000 37.31500000 37.30600000 37.27800000 37.32100000
37.59700000 37.59700000 37.59700000 37.59700000 37.59700000 37.59700000 37.59700000 37.59700000 37.59700000 37.59700000 37.59700000 37.59700000 37.59700000 37.59700000 37.59700000 37.59700000 37.59700000 37.59700000 37.59700000 37.59700000 37.59700000 36.69800000 37.28800000 37.35500000 37.35800000 37.33900000 37.32800000 37.29500000 37.27000000 37.32300000
37.59700000 37.59700000 37.59700000 37.59700000 37.59700000 37.59700000 37.59700000 37.59700000 37.59700000 37.59700000 37.59700000 37.59700000 37.59700000 37.59700000 37.59700000 37.59700000 37.59700000 37.59700000 37.59700000 37.59700000 37.59700000 37.59700000 37.13500000 37.32000000 37.32400000 37.31500000 37.28100000 37.22100000 37.29500000 37.32100000
37.59700000 37.59700000 37.59700000 37.59700000 37.59700000 37.59700000 37.59700000 37.59700000 37.59700000 37.59700000 37.59700000 37.59700000 37.59700000 37.59700000 37.59700000 37.59700000 37.59700000 37.59700000 37.59700000 37.59700000 37.59700000 37.59700000 36.83300000 37.12200000 37.19900000 37.18900000 37.21800000 37.28700000 37.26900000 37.29700000
37.59700000 37.59700000 37.59700000 37.59700000 37.59700000 37.59700000 37.59700000 37.59700000 37.59700000 37.59700000 37.59700000 37.59700000 37.59700000 37.59700000 37.59700000 37.59700000 37.59700000 37.59700000 37.59700000 37.59700000 37.59700000 37.59700000 37.59700000 36.65100000 37.19100000 37.22600000 37.24000000 37.24900000 37.24000000 37.29200000
