 25.18900000  25.05800000  25.10200000  24.86500000  25.16800000  25.08800000  25.21900000  25.23900000  25.14600000  24.96700000  25.06300000  25.10400000  24.75900000  24.16100000  24.46700000  24.93300000  25.25700000  25.04100000  25.03000000  25.03500000  25.03600000  24.88600000  24.57000000  24.05100000  24.00600000  23.47800000  23.97000000  24.09600000  24.20000000  24.38400000
 25.06700000  25.07400000  24.73200000  25.06900000  25.12600000  25.07000000  24.99400000  24.96800000  25.03700000  25.09900000  25.07200000  24.75100000  23.98100000  24.54500000  24.73800000  25.30000000  24.97300000  24.97900000  25.01200000  24.98000000  24.91100000  24.80400000  24.55200000  24.04000000  24.41400000  25.22900000  25.11600000  25.14100000  24.75200000  24.60300000
 25.03100000  25.08600000  25.11900000  24.95500000  25.02500000  25.04400000  25.06100000  25.05600000  24.97900000  24.79100000  24.00000000  23.80800000  24.52800000  24.75300000  25.16100000  25.24200000  25.00600000  24.99200000  24.87200000  24.73100000  24.64300000  24.20500000  25.49300000  25.34500000  25.08300000  25.09400000  24.92400000  24.87100000  24.85300000  24.81700000
 24.22200000  25.07100000  25.21400000  25.07700000  24.78300000  24.85900000  24.67300000  23.92700000  23.99800000  24.07100000  24.28200000  24.60700000  24.71900000  25.07800000  25.36600000  25.13100000  24.98200000  24.86000000  24.66400000  24.28400000  25.32000000  25.43300000  25.50000000  25.56800000  25.60300000  25.29600000  25.02200000  24.90300000  24.94100000  25.03400000
 23.60300000  24.71000000  24.89300000  25.31400000  25.26400000  25.03200000  24.18400000  23.88100000  23.96400000  24.81400000  24.90600000  24.94600000  25.06600000  25.26300000  25.49600000  25.10500000  24.87100000  24.65700000  24.75800000  25.35900000  25.37300000  25.19200000  25.07100000  25.10200000  25.32500000  25.71400000  25.60200000  24.85500000  24.75900000  24.94600000
 23.59400000  24.17800000  24.27200000  24.51400000  25.62400000  25.50300000  25.27000000  25.18400000  25.15700000  25.15200000  25.13900000  25.15500000  25.15600000  25.23000000  25.53400000  25.19700000  24.56700000  25.03500000  25.35600000  25.28900000  25.09100000  24.89900000  24.72000000  24.86800000  25.12500000  25.63400000  26.00800000  25.57200000  24.72800000  24.93400000
 23.56100000  24.19000000  23.97900000  24.06500000  24.55300000  25.79000000  25.46200000  25.34500000  25.43200000  25.43500000  25.50600000  25.45200000  25.37700000  25.34200000  25.49700000  25.40700000  24.72000000  25.38000000  25.28100000  25.21200000  24.95200000  24.76600000  24.72800000  25.02700000  25.48800000  26.06700000  26.34900000  26.16500000  25.62400000  25.02100000
 22.84800000  23.40400000  23.93100000  23.36400000  23.90700000  24.17700000  25.73900000  26.05000000  25.56800000  25.30900000  25.38800000  25.42800000  25.43700000  25.44500000  25.45500000  25.41800000  25.02200000  25.25500000  25.33500000  25.19800000  25.16700000  25.15000000  25.29100000  25.85900000  26.02900000  26.10000000  26.32900000  26.35100000  25.67400000  25.77400000
 22.82400000  23.25700000  23.24000000  22.91600000  23.51600000  23.74700000  24.60200000  25.74300000  26.14300000  26.22000000  25.38400000  25.40100000  25.45700000  25.56300000  25.56300000  25.48800000  25.45000000  25.39900000  25.43300000  25.57700000  25.54000000  26.00500000  25.81800000  25.86900000  25.97300000  25.94000000  26.15400000  26.29700000  25.77000000  25.87200000
 22.66800000  20.65800000  21.57100000  22.74600000  23.03800000  23.39200000  23.69000000  25.20600000  25.60200000  26.02100000  25.93600000  25.33500000  25.40500000  25.45100000  25.43500000  25.58000000  25.60200000  25.61100000  25.50600000  26.25300000  26.34700000  26.12700000  25.95900000  26.11400000  26.26400000  26.21300000  26.27200000  26.00000000  25.70800000  25.87100000
 23.45700000  21.90100000  20.29500000  22.61000000  22.85000000  22.96800000  22.96400000  23.72000000  24.94600000  24.89900000  25.31700000  26.02500000  25.37500000  25.39200000  25.44700000  25.43900000  25.45200000  26.09900000  26.18000000  26.38500000  26.09400000  25.76000000  26.07100000  26.24400000  26.06500000  25.96000000  25.77500000  25.72600000  25.89500000  25.93800000
 27.83300000  27.83300000  27.83300000  23.31200000  22.77700000  22.85700000  22.74800000  22.83400000  23.62400000  24.65900000  23.87500000  24.40800000  25.06300000  25.83400000  25.99700000  26.01100000  25.85800000  25.58100000  26.26100000  26.39700000  25.74100000  26.02500000  26.02800000  26.07400000  26.32400000  26.17200000  25.74500000  25.99700000  25.91600000  25.80400000
 27.83300000  27.83300000  27.83300000  27.83300000  23.32300000  23.04800000  22.60700000  22.55900000  23.13900000  23.50600000  23.73900000  23.26800000  23.70600000  24.00400000  24.37500000  25.07200000  25.09900000  25.12200000  26.34100000  26.38000000  25.75200000  25.88200000  26.05900000  25.92100000  26.02400000  26.48900000  26.15900000  25.99200000  25.90300000  26.02800000
 27.83300000  27.83300000  27.83300000  27.83300000  27.83300000  27.83300000  23.57900000  22.49300000  22.72500000  22.93000000  22.80100000  22.52700000  23.02200000  23.51900000  23.71400000  23.98400000  24.58300000  24.39300000  26.05300000  26.39400000  26.41300000  25.82100000  25.93800000  25.90200000  26.11900000  26.57100000  26.57700000  26.02100000  26.17500000  25.97200000
 27.83300000  27.83300000  27.83300000  27.83300000  27.83300000  27.83300000  27.83300000  27.83300000  27.83300000  27.83300000  27.83300000  27.83300000  22.73800000  21.16400000  21.01900000  23.50700000  24.44100000  24.62500000  24.88800000  26.43000000  26.44600000  26.47200000  26.46000000  26.53400000  26.40500000  26.67200000  26.59300000  26.60800000  26.09900000  26.06700000
 27.83300000  27.83300000  27.83300000  27.83300000  27.83300000  27.83300000  27.83300000  27.83300000  27.83300000  27.83300000  27.83300000  27.83300000  27.83300000  27.83300000  27.83300000  23.43900000  24.09500000  24.41000000  24.78300000  25.07800000  26.40300000  26.48600000  26.58500000  26.30600000  26.65900000  26.72500000  26.60900000  26.63500000  26.68000000  26.69200000
 27.83300000  27.83300000  27.83300000  27.83300000  27.83300000  27.83300000  27.83300000  27.83300000  27.83300000  27.83300000  27.83300000  27.83300000  27.83300000  27.83300000  27.83300000  27.83300000  23.48700000  22.81800000  24.48800000  24.13700000  26.25900000  26.44300000  26.49100000  26.44700000  26.76900000  26.80800000  26.73600000  26.69200000  26.75200000  26.85700000
 27.83300000  27.83300000  27.83300000  27.83300000  27.83300000  27.83300000  27.83300000  27.83300000  27.83300000  27.83300000  27.83300000  27.83300000  27.83300000  27.83300000  27.83300000  27.83300000  27.83300000  27.83300000  24.49000000  25.03700000  24.64500000  26.58600000  26.44500000  26.62200000  26.75000000  26.76700000  26.79900000  26.70200000  26.83100000  26.86100000
 27.83300000  27.83300000  27.83300000  27.83300000  27.83300000  27.83300000  27.83300000  27.83300000  27.83300000  27.83300000  27.83300000  27.83300000  27.83300000  27.83300000  27.83300000  27.83300000  27.83300000  27.83300000  27.83300000  25.28600000  24.58900000  26.63100000  26.47300000  26.72000000  26.89400000  26.76600000  26.77800000  26.78700000  26.86600000  26.93200000
 27.83300000  27.83300000  27.83300000  27.83300000  27.83300000  27.83300000  27.83300000  27.83300000  27.83300000  27.83300000  27.83300000  27.83300000  27.83300000  27.83300000  27.83300000  27.83300000  27.83300000  27.83300000  27.83300000  24.36900000  24.71000000  26.66600000  26.53400000  26.83100000  26.76200000  26.86300000  26.87500000  26.87300000  26.88000000  26.99400000
 27.83300000  27.83300000  27.83300000  27.83300000  27.83300000  27.83300000  27.83300000  27.83300000  27.83300000  27.83300000  27.83300000  27.83300000  27.83300000  27.83300000  27.83300000  27.83300000  27.83300000  27.83300000  27.83300000  24.99600000  25.42900000  26.70200000  26.66800000  26.90200000  26.68700000  26.86700000  26.90500000  26.78400000  26.99700000  26.96400000
 27.83300000  27.83300000  27.83300000  27.83300000  27.83300000  27.83300000  27.83300000  27.83300000  27.83300000  27.83300000  27.83300000  27.83300000  27.83300000  27.83300000  27.83300000  27.83300000  27.83300000  27.83300000  27.83300000  24.86900000  24.72400000  26.55400000  26.84600000  26.83700000  26.71000000  26.84500000  26.70900000  26.65600000  26.92700000  27.07200000
 27.83300000  27.83300000  27.83300000  27.83300000  27.83300000  27.83300000  27.83300000  27.83300000  27.83300000  27.83300000  27.83300000  27.83300000  27.83300000  27.83300000  27.83300000  27.83300000  27.83300000  27.83300000  27.83300000  27.83300000  24.93000000  26.09800000  26.72300000  26.73400000  26.73000000  26.81200000  26.66900000  26.46000000  26.52100000  26.98800000
 27.83300000  27.83300000  27.83300000  27.83300000  27.83300000  27.83300000  27.83300000  27.83300000  27.83300000  27.83300000  27.83300000  27.83300000  27.83300000  27.83300000  27.83300000  27.83300000  27.83300000  27.83300000  27.83300000  27.83300000  27.83300000  25.07200000  26.53700000  26.71000000  26.75000000  26.74300000  26.65000000  26.47400000  26.54100000  27.07100000
 27.83300000  27.83300000  27.83300000  27.83300000  27.83300000  27.83300000  27.83300000  27.83300000  27.83300000  27.83300000  27.83300000  27.83300000  27.83300000  27.83300000  27.83300000  27.83300000  27.83300000  27.83300000  27.83300000  27.83300000  27.83300000  24.95700000  26.15800000  26.63900000  26.61400000  26.54600000  26.47100000  26.39400000  26.94100000  27.12800000
 27.83300000  27.83300000  27.83300000  27.83300000  27.83300000  27.83300000  27.83300000  27.83300000  27.83300000  27.83300000  27.83300000  27.83300000  27.83300000  27.83300000  27.83300000  27.83300000  27.83300000  27.83300000  27.83300000  27.83300000  27.83300000  27.83300000  25.76700000  26.14400000  26.33000000  26.29400000  26.46800000  26.65600000  26.86400000  27.16800000
 27.83300000  27.83300000  27.83300000  27.83300000  27.83300000  27.83300000  27.83300000  27.83300000  27.83300000  27.83300000  27.83300000  27.83300000  27.83300000  27.83300000  27.83300000  27.83300000  27.83300000  27.83300000  27.83300000  27.83300000  27.83300000  27.83300000  27.83300000  25.73700000  26.35700000  26.49700000  26.45800000  26.60500000  26.75600000  27.20000000
 25.19600000  25.04900000  25.12100000  24.83900000  25.17300000  25.09600000  25.22900000  25.25400000  25.15500000  25.04000000  25.12000000  25.12000000  24.79500000  24.15100000  24.45700000  24.93900000  25.27300000  25.08700000  25.05900000  25.05500000  25.04700000  24.91300000  24.61300000  24.05200000  24.01800000  23.48200000  23.97000000  24.08900000  24.20500000  24.39900000
 25.07000000  25.08100000  24.73700000  25.07900000  25.13800000  25.08100000  25.00500000  24.97800000  25.04400000  25.10600000  25.08100000  24.76300000  23.97200000  24.55000000  24.74400000  25.31400000  24.98400000  24.99200000  25.02600000  24.99600000  24.92400000  24.81400000  24.56400000  24.05200000  24.41100000  25.23900000  25.12800000  25.15400000  24.76600000  24.61400000
 25.04400000  25.09300000  25.12500000  24.96500000  25.03600000  25.05500000  25.07200000  25.06700000  24.99100000  24.80300000  24.02500000  23.80400000  24.52900000  24.75600000  25.16700000  25.25400000  25.01700000  24.99900000  24.88600000  24.74200000  24.65700000  24.22100000  25.51000000  25.35800000  25.09300000  25.10500000  24.93300000  24.87800000  24.86200000  24.82700000
 24.39200000  25.07900000  25.22000000  25.07700000  24.79300000  24.87000000  24.68500000  23.95000000  24.00300000  24.08200000  24.28900000  24.61200000  24.72600000  25.08300000  25.37700000  25.14300000  24.99200000  24.87400000  24.67800000  24.29600000  25.32900000  25.44800000  25.50900000  25.57800000  25.61000000  25.30800000  25.03400000  24.91700000  24.96200000  25.05300000
 24.64700000  24.71800000  24.90900000  25.32400000  25.27300000  24.94800000  24.19400000  23.89000000  23.97000000  24.80800000  24.91500000  24.95500000  25.07500000  25.27500000  25.50800000  25.11700000  24.88100000  24.66700000  24.76900000  25.37700000  25.38600000  25.20600000  25.08200000  25.11000000  25.33200000  25.72400000  25.61400000  24.86800000  24.76700000  24.95900000
 24.67500000  24.17000000  24.27200000  24.52900000  25.63300000  25.51400000  25.28000000  25.19500000  25.16900000  25.16400000  25.15200000  25.16900000  25.17100000  25.24400000  25.54700000  25.20900000  24.57700000  25.04400000  25.37100000  25.30000000  25.10500000  24.90900000  24.73000000  24.87700000  25.13200000  25.64300000  26.02000000  25.58400000  24.74200000  24.94600000
 23.52400000  24.19200000  23.97300000  24.06800000  24.57700000  25.80300000  25.47300000  25.35700000  25.44400000  25.44500000  25.51800000  25.46400000  25.39000000  25.35200000  25.51000000  25.42100000  24.72900000  25.39400000  25.29500000  25.22200000  24.96300000  24.77500000  24.73400000  25.03400000  25.49000000  26.07900000  26.36200000  26.18200000  25.63300000  25.04800000
 22.81500000  23.41700000  23.93800000  23.35600000  23.91900000  24.24900000  25.75200000  26.06200000  25.58000000  25.32000000  25.40000000  25.44000000  25.45000000  25.45800000  25.46600000  25.43300000  25.03300000  25.26500000  25.34600000  25.20800000  25.17800000  25.15900000  25.29600000  25.86700000  26.04400000  26.11200000  26.34300000  26.36700000  25.68900000  25.85400000
 22.30300000  23.27300000  23.26400000  22.91500000  23.52700000  23.76300000  24.61000000  25.75700000  26.15900000  26.23400000  25.39500000  25.41100000  25.46900000  25.57700000  25.57300000  25.50200000  25.46000000  25.40600000  25.44300000  25.58400000  25.55500000  26.01400000  25.83200000  25.87900000  25.98100000  25.95100000  26.16900000  26.31400000  25.78700000  25.90300000
 19.45800000  18.43300000  18.72500000  21.97000000  23.05300000  23.41900000  23.77100000  25.21800000  25.61400000  26.03600000  25.94800000  25.34500000  25.41300000  25.46300000  25.44500000  25.59100000  25.61100000  25.62100000  25.51400000  26.26100000  26.36200000  26.14400000  25.96800000  26.12400000  26.27800000  26.22700000  26.28500000  26.01800000  25.71800000  25.88700000
 19.34300000  27.83300000  17.93700000  17.63500000  21.51700000  22.99500000  23.02900000  23.76100000  24.95800000  24.91400000  25.32800000  26.03600000  25.38400000  25.40100000  25.45800000  25.44800000  25.46600000  26.11100000  26.19200000  26.39900000  26.11300000  25.76800000  26.08300000  26.25500000  26.07800000  25.97400000  25.78700000  25.73600000  25.90700000  25.95300000
 27.83300000  27.83300000  27.83300000  27.83300000  18.94300000  20.68600000  21.74900000  22.64600000  23.63200000  24.67300000  23.90200000  24.42300000  25.08800000  25.84500000  26.00900000  26.02300000  25.86400000  25.59300000  26.27200000  26.40900000  25.75400000  26.03400000  26.03500000  26.08600000  26.33700000  26.18600000  25.75700000  26.00900000  25.92700000  25.81700000
 27.83300000  27.83300000  27.83300000  27.83300000  27.83300000  17.91600000  19.34300000  19.95800000  22.83100000  23.58500000  23.78800000  23.26600000  23.79200000  24.04100000  24.60500000  25.08300000  25.11100000  25.13300000  26.35500000  26.39100000  25.76500000  25.89300000  26.06800000  25.93500000  26.03300000  26.50500000  26.17400000  26.00600000  25.91500000  26.03900000
 27.83300000  27.83300000  27.83300000  27.83300000  27.83300000  27.83300000  27.83300000  18.16600000  17.53400000  18.49200000  21.94200000  21.89700000  20.68100000  22.38000000  23.48100000  23.99000000  24.59500000  24.39600000  26.06300000  26.40900000  26.42400000  25.83000000  25.94700000  25.91500000  26.13700000  26.58800000  26.59200000  26.03800000  26.19200000  25.97900000
 27.83300000  27.83300000  27.83300000  27.83300000  27.83300000  27.83300000  27.83300000  27.83300000  27.83300000  27.83300000  27.83300000  27.83300000  27.83300000  27.83300000  27.83300000  19.95400000  24.45300000  24.63800000  24.78800000  26.44600000  26.45900000  26.48500000  26.47400000  26.54800000  26.41500000  26.68900000  26.60900000  26.62400000  26.11000000  26.08300000
 27.83300000  27.83300000  27.83300000  27.83300000  27.83300000  27.83300000  27.83300000  27.83300000  27.83300000  27.83300000  27.83300000  27.83300000  27.83300000  27.83300000  27.83300000  27.83300000  23.72600000  24.43100000  24.79300000  25.01700000  26.42000000  26.49800000  26.60100000  26.32000000  26.67200000  26.74400000  26.62300000  26.65100000  26.69400000  26.71200000
 27.83300000  27.83300000  27.83300000  27.83300000  27.83300000  27.83300000  27.83300000  27.83300000  27.83300000  27.83300000  27.83300000  27.83300000  27.83300000  27.83300000  27.83300000  27.83300000  27.83300000  20.48600000  24.29900000  23.96900000  26.25800000  26.46200000  26.50400000  26.45400000  26.78300000  26.82500000  26.75200000  26.70900000  26.76500000  26.87300000
 27.83300000  27.83300000  27.83300000  27.83300000  27.83300000  27.83300000  27.83300000  27.83300000  27.83300000  27.83300000  27.83300000  27.83300000  27.83300000  27.83300000  27.83300000  27.83300000  27.83300000  27.83300000  27.83300000  24.99800000  24.62500000  26.60700000  26.45900000  26.63100000  26.76400000  26.78300000  26.81500000  26.71800000  26.84700000  26.87800000
 27.83300000  27.83300000  27.83300000  27.83300000  27.83300000  27.83300000  27.83300000  27.83300000  27.83300000  27.83300000  27.83300000  27.83300000  27.83300000  27.83300000  27.83300000  27.83300000  27.83300000  27.83300000  27.83300000  27.83300000  24.61200000  26.65300000  26.48300000  26.73300000  26.90900000  26.78000000  26.79200000  26.80100000  26.88100000  26.94700000
 27.83300000  27.83300000  27.83300000  27.83300000  27.83300000  27.83300000  27.83300000  27.83300000  27.83300000  27.83300000  27.83300000  27.83300000  27.83300000  27.83300000  27.83300000  27.83300000  27.83300000  27.83300000  27.83300000  27.83300000  23.08300000  26.68300000  26.54600000  26.84500000  26.77600000  26.87600000  26.88300000  26.88500000  26.89400000  27.01200000
 27.83300000  27.83300000  27.83300000  27.83300000  27.83300000  27.83300000  27.83300000  27.83300000  27.83300000  27.83300000  27.83300000  27.83300000  27.83300000  27.83300000  27.83300000  27.83300000  27.83300000  27.83300000  27.83300000  27.83300000  20.76000000  26.72100000  26.67900000  26.91500000  26.69900000  26.87900000  26.91900000  26.79300000  27.00400000  26.98200000
 27.83300000  27.83300000  27.83300000  27.83300000  27.83300000  27.83300000  27.83300000  27.83300000  27.83300000  27.83300000  27.83300000  27.83300000  27.83300000  27.83300000  27.83300000  27.83300000  27.83300000  27.83300000  27.83300000  27.83300000  22.73800000  26.57900000  26.85900000  26.85200000  26.72200000  26.85900000  26.72000000  26.67000000  26.93800000  27.08700000
 27.83300000  27.83300000  27.83300000  27.83300000  27.83300000  27.83300000  27.83300000  27.83300000  27.83300000  27.83300000  27.83300000  27.83300000  27.83300000  27.83300000  27.83300000  27.83300000  27.83300000  27.83300000  27.83300000  27.83300000  27.83300000  26.05100000  26.70000000  26.75000000  26.74200000  26.82500000  26.68300000  26.47400000  26.52800000  27.00300000
 27.83300000  27.83300000  27.83300000  27.83300000  27.83300000  27.83300000  27.83300000  27.83300000  27.83300000  27.83300000  27.83300000  27.83300000  27.83300000  27.83300000  27.83300000  27.83300000  27.83300000  27.83300000  27.83300000  27.83300000  27.83300000  24.46100000  26.51800000  26.68800000  26.75700000  26.75600000  26.66100000  26.48700000  26.53300000  27.08600000
 27.83300000  27.83300000  27.83300000  27.83300000  27.83300000  27.83300000  27.83300000  27.83300000  27.83300000  27.83300000  27.83300000  27.83300000  27.83300000  27.83300000  27.83300000  27.83300000  27.83300000  27.83300000  27.83300000  27.83300000  27.83300000  27.83300000  26.15800000  26.60200000  26.60500000  26.55300000  26.48300000  26.40700000  26.95100000  27.14400000
 27.83300000  27.83300000  27.83300000  27.83300000  27.83300000  27.83300000  27.83300000  27.83300000  27.83300000  27.83300000  27.83300000  27.83300000  27.83300000  27.83300000  27.83300000  27.83300000  27.83300000  27.83300000  27.83300000  27.83300000  27.83300000  27.83300000  25.73400000  26.12900000  26.27400000  26.27900000  26.47800000  26.66300000  26.86200000  27.18700000
 27.83300000  27.83300000  27.83300000  27.83300000  27.83300000  27.83300000  27.83300000  27.83300000  27.83300000  27.83300000  27.83300000  27.83300000  27.83300000  27.83300000  27.83300000  27.83300000  27.83300000  27.83300000  27.83300000  27.83300000  27.83300000  27.83300000  27.83300000  25.71900000  26.34200000  26.45600000  26.45500000  26.60700000  26.79200000  27.22000000
