 25.19400000  25.07300000  25.09100000  24.89600000  25.16200000  25.08200000  25.20700000  25.23500000  25.14600000  24.96400000  25.04800000  25.09900000  24.74100000  24.17400000  24.46600000  24.94000000  25.25000000  25.03800000  25.02800000  25.02800000  25.02400000  24.88400000  24.55200000  24.03400000  24.00400000  23.48100000  23.97000000  24.10900000  24.19800000  24.39000000
 25.07800000  25.06400000  24.66800000  25.06200000  25.11500000  25.05600000  24.98500000  24.96400000  25.02200000  25.08900000  25.06000000  24.73100000  23.96500000  24.53100000  24.73600000  25.29600000  24.96400000  24.97700000  25.00700000  24.97100000  24.90200000  24.79400000  24.54300000  23.99400000  24.47700000  25.22500000  25.10400000  25.12800000  24.72700000  24.57900000
 25.02700000  25.07500000  25.09400000  24.94500000  25.01700000  25.03700000  25.05400000  25.05000000  24.97600000  24.78700000  23.98000000  23.79000000  24.51200000  24.73900000  25.15700000  25.21700000  24.99600000  24.98100000  24.85600000  24.72300000  24.63200000  24.19100000  25.50700000  25.31300000  25.06800000  25.08300000  24.90500000  24.85900000  24.85200000  24.80500000
 24.21700000  25.06500000  25.20800000  25.05400000  24.77700000  24.85000000  24.66100000  23.92200000  23.99100000  24.06200000  24.27100000  24.58400000  24.70100000  25.06600000  25.35300000  25.10000000  24.97200000  24.85100000  24.65300000  24.27200000  25.35400000  25.43000000  25.48900000  25.55800000  25.59500000  25.29900000  25.01000000  24.89400000  24.93700000  25.02700000
 23.62100000  24.68400000  24.87800000  25.30500000  25.26300000  25.00300000  24.19100000  23.87600000  23.95200000  24.81700000  24.90000000  24.93100000  25.04600000  25.25000000  25.48400000  25.06800000  24.85800000  24.63600000  24.79600000  25.34600000  25.36900000  25.17300000  25.05400000  25.08800000  25.31200000  25.70300000  25.59300000  24.84100000  24.75200000  24.93300000
 23.60900000  24.16100000  24.24800000  24.48100000  25.61200000  25.49700000  25.25800000  25.17600000  25.15000000  25.14500000  25.12700000  25.14300000  25.14300000  25.21800000  25.52000000  25.17400000  24.55200000  25.04600000  25.33800000  25.28000000  25.07400000  24.88600000  24.69600000  24.85300000  25.11500000  25.63700000  26.00100000  25.56000000  24.73000000  24.92400000
 23.57000000  24.17500000  23.95000000  24.04100000  24.50000000  25.77000000  25.47200000  25.33100000  25.42100000  25.42800000  25.49600000  25.44200000  25.37100000  25.32800000  25.48500000  25.38000000  24.71300000  25.37100000  25.26500000  25.19100000  24.93700000  24.75700000  24.72100000  25.01800000  25.49400000  26.06300000  26.33500000  26.15900000  25.61300000  25.00900000
 22.85800000  23.36800000  23.91000000  23.32800000  23.88300000  24.13900000  25.71300000  26.04500000  25.59400000  25.30100000  25.37200000  25.41600000  25.42200000  25.42900000  25.43800000  25.40000000  24.98900000  25.25600000  25.32100000  25.18800000  25.15600000  25.14500000  25.29400000  25.85700000  25.99600000  26.07400000  26.31400000  26.34000000  25.66200000  25.80100000
 22.81700000  23.23400000  23.21900000  22.88400000  23.46900000  23.73000000  24.63600000  25.73100000  26.14000000  26.21100000  25.37600000  25.38600000  25.44500000  25.54700000  25.53800000  25.46900000  25.42800000  25.37500000  25.41500000  25.56800000  25.52600000  26.00600000  25.81700000  25.85500000  25.96800000  25.92600000  26.13700000  26.29000000  25.76700000  25.85800000
 22.59000000  20.52400000  21.47400000  22.72300000  23.00500000  23.36700000  23.67000000  25.17900000  25.57700000  25.96500000  25.92000000  25.31900000  25.39500000  25.43700000  25.41700000  25.57300000  25.58200000  25.59600000  25.48800000  26.24100000  26.33400000  26.12100000  25.94300000  26.09400000  26.25100000  26.20600000  26.25800000  25.99500000  25.69800000  25.86600000
 23.40700000  21.64800000  20.23700000  22.60200000  22.83000000  22.94500000  22.95000000  23.68200000  24.92000000  24.86400000  25.27000000  26.00300000  25.36300000  25.37900000  25.44000000  25.42900000  25.45300000  26.09400000  26.16100000  26.37600000  26.10100000  25.73900000  26.06100000  26.23800000  26.05600000  25.94300000  25.76100000  25.71500000  25.88600000  25.91800000
 27.83300000  27.83300000  27.83300000  23.17100000  22.71700000  22.83000000  22.72800000  22.82300000  23.61100000  24.62600000  23.80700000  24.33900000  25.13100000  25.83300000  25.98000000  25.99900000  25.83400000  25.56000000  26.26000000  26.38000000  25.73800000  26.00800000  26.01600000  26.05800000  26.31000000  26.17500000  25.73200000  25.98600000  25.90800000  25.79100000
 27.83300000  27.83300000  27.83300000  27.83300000  23.24100000  22.93500000  22.44500000  22.56500000  23.16500000  23.49400000  23.67100000  23.22400000  23.71000000  24.01300000  24.41800000  25.08600000  25.04200000  25.12900000  26.33300000  26.36900000  25.74000000  25.86400000  26.04400000  25.90800000  26.00000000  26.47600000  26.16200000  25.97500000  25.89000000  26.01700000
 27.83300000  27.83300000  27.83300000  27.83300000  27.83300000  27.83300000  23.50100000  22.38600000  22.63500000  22.88800000  22.77000000  22.44500000  23.00600000  23.53100000  23.72500000  23.98900000  24.57900000  24.34900000  26.03700000  26.38300000  26.40200000  25.80700000  25.92400000  25.89100000  26.11600000  26.55900000  26.56200000  26.01100000  26.16700000  25.96500000
 27.83300000  27.83300000  27.83300000  27.83300000  27.83300000  27.83300000  27.83300000  27.83300000  27.83300000  27.83300000  27.83300000  27.83300000  22.61900000  20.91000000  20.81300000  23.49300000  24.43600000  24.63700000  24.83600000  26.43100000  26.43500000  26.46400000  26.45800000  26.52700000  26.40200000  26.66200000  26.58000000  26.59200000  26.07800000  26.05700000
 27.83300000  27.83300000  27.83300000  27.83300000  27.83300000  27.83300000  27.83300000  27.83300000  27.83300000  27.83300000  27.83300000  27.83300000  27.83300000  27.83300000  27.83300000  23.43000000  24.07200000  24.33500000  24.76800000  25.19500000  26.39100000  26.47000000  26.57200000  26.28800000  26.65800000  26.71600000  26.59900000  26.62100000  26.66600000  26.67600000
 27.83300000  27.83300000  27.83300000  27.83300000  27.83300000  27.83300000  27.83300000  27.83300000  27.83300000  27.83300000  27.83300000  27.83300000  27.83300000  27.83300000  27.83300000  27.83300000  23.47100000  22.82100000  24.51900000  24.05500000  26.22000000  26.43200000  26.46700000  26.45600000  26.75900000  26.80000000  26.72700000  26.67700000  26.74500000  26.84600000
 27.83300000  27.83300000  27.83300000  27.83300000  27.83300000  27.83300000  27.83300000  27.83300000  27.83300000  27.83300000  27.83300000  27.83300000  27.83300000  27.83300000  27.83300000  27.83300000  27.83300000  27.83300000  24.48500000  25.03800000  24.67400000  26.58300000  26.44500000  26.62100000  26.74000000  26.75800000  26.78900000  26.69200000  26.82300000  26.84600000
 27.83300000  27.83300000  27.83300000  27.83300000  27.83300000  27.83300000  27.83300000  27.83300000  27.83300000  27.83300000  27.83300000  27.83300000  27.83300000  27.83300000  27.83300000  27.83300000  27.83300000  27.83300000  27.83300000  25.27100000  24.56500000  26.62700000  26.46300000  26.71700000  26.88700000  26.75500000  26.76900000  26.77900000  26.86400000  26.93500000
 27.83300000  27.83300000  27.83300000  27.83300000  27.83300000  27.83300000  27.83300000  27.83300000  27.83300000  27.83300000  27.83300000  27.83300000  27.83300000  27.83300000  27.83300000  27.83300000  27.83300000  27.83300000  27.83300000  24.35500000  24.64800000  26.65100000  26.53000000  26.82500000  26.74300000  26.85900000  26.86800000  26.87400000  26.87500000  26.99100000
 27.83300000  27.83300000  27.83300000  27.83300000  27.83300000  27.83300000  27.83300000  27.83300000  27.83300000  27.83300000  27.83300000  27.83300000  27.83300000  27.83300000  27.83300000  27.83300000  27.83300000  27.83300000  27.83300000  24.99800000  25.46200000  26.69900000  26.67200000  26.89000000  26.67800000  26.85600000  26.89000000  26.77100000  26.98200000  26.95800000
 27.83300000  27.83300000  27.83300000  27.83300000  27.83300000  27.83300000  27.83300000  27.83300000  27.83300000  27.83300000  27.83300000  27.83300000  27.83300000  27.83300000  27.83300000  27.83300000  27.83300000  27.83300000  27.83300000  24.67900000  24.69800000  26.55100000  26.83900000  26.82900000  26.70400000  26.83500000  26.70500000  26.61400000  26.89400000  27.06200000
 27.83300000  27.83300000  27.83300000  27.83300000  27.83300000  27.83300000  27.83300000  27.83300000  27.83300000  27.83300000  27.83300000  27.83300000  27.83300000  27.83300000  27.83300000  27.83300000  27.83300000  27.83300000  27.83300000  27.83300000  24.89700000  26.05400000  26.68100000  26.72000000  26.71600000  26.79900000  26.65600000  26.44500000  26.54600000  26.97800000
 27.83300000  27.83300000  27.83300000  27.83300000  27.83300000  27.83300000  27.83300000  27.83300000  27.83300000  27.83300000  27.83300000  27.83300000  27.83300000  27.83300000  27.83300000  27.83300000  27.83300000  27.83300000  27.83300000  27.83300000  27.83300000  25.07300000  26.49900000  26.67200000  26.73100000  26.72400000  26.63300000  26.45600000  26.60200000  27.06200000
 27.83300000  27.83300000  27.83300000  27.83300000  27.83300000  27.83300000  27.83300000  27.83300000  27.83300000  27.83300000  27.83300000  27.83300000  27.83300000  27.83300000  27.83300000  27.83300000  27.83300000  27.83300000  27.83300000  27.83300000  27.83300000  24.91300000  26.13200000  26.59700000  26.57900000  26.51800000  26.44600000  26.38100000  26.95400000  27.11200000
 27.83300000  27.83300000  27.83300000  27.83300000  27.83300000  27.83300000  27.83300000  27.83300000  27.83300000  27.83300000  27.83300000  27.83300000  27.83300000  27.83300000  27.83300000  27.83300000  27.83300000  27.83300000  27.83300000  27.83300000  27.83300000  27.83300000  25.72800000  26.12000000  26.27900000  26.24800000  26.45300000  26.63600000  26.82600000  27.15600000
 27.83300000  27.83300000  27.83300000  27.83300000  27.83300000  27.83300000  27.83300000  27.83300000  27.83300000  27.83300000  27.83300000  27.83300000  27.83300000  27.83300000  27.83300000  27.83300000  27.83300000  27.83300000  27.83300000  27.83300000  27.83300000  27.83300000  27.83300000  25.70300000  26.32200000  26.46600000  26.43400000  26.59000000  26.74900000  27.18200000
 25.20100000  25.05600000  25.11100000  24.86600000  25.17200000  25.09200000  25.21900000  25.25100000  25.15500000  25.03300000  25.11400000  25.11600000  24.77400000  24.13200000  24.45700000  24.93900000  25.26600000  25.08200000  25.05600000  25.04800000  25.03500000  24.91100000  24.59200000  24.03500000  24.01600000  23.48100000  23.97200000  24.10400000  24.20100000  24.40500000
 25.07400000  25.07700000  24.67600000  25.07500000  25.12800000  25.06900000  24.99800000  24.97300000  25.03000000  25.09800000  25.07300000  24.74800000  23.97200000  24.54200000  24.74500000  25.31400000  24.97700000  24.98800000  25.02100000  24.98700000  24.91800000  24.80900000  24.55800000  24.00800000  24.48400000  25.23700000  25.11900000  25.14400000  24.74300000  24.59200000
 25.04100000  25.08600000  25.10500000  24.95800000  25.02900000  25.05000000  25.06800000  25.06400000  24.98900000  24.80200000  23.99500000  23.79700000  24.52100000  24.74700000  25.16800000  25.23300000  25.01100000  24.99100000  24.87100000  24.73600000  24.64600000  24.20200000  25.52700000  25.32800000  25.08200000  25.09600000  24.91800000  24.87300000  24.86500000  24.82000000
 24.37700000  25.07800000  25.21800000  25.06100000  24.78800000  24.86500000  24.67600000  23.94100000  24.00200000  24.07400000  24.28200000  24.59400000  24.71200000  25.07700000  25.36800000  25.11400000  24.98700000  24.86600000  24.66700000  24.28100000  25.36600000  25.44900000  25.50300000  25.57300000  25.60300000  25.31300000  25.02400000  24.90600000  24.94800000  25.04800000
 24.58600000  24.69700000  24.89900000  25.31900000  25.27400000  24.92600000  24.20000000  23.88700000  23.96100000  24.81300000  24.91000000  24.94100000  25.05700000  25.26600000  25.50000000  25.08200000  24.87300000  24.65000000  24.80900000  25.36400000  25.38400000  25.19000000  25.06800000  25.10100000  25.32300000  25.71600000  25.60700000  24.85300000  24.76300000  24.94800000
 24.62200000  24.18400000  24.26400000  24.49800000  25.62500000  25.51300000  25.27200000  25.19000000  25.16400000  25.16000000  25.14300000  25.16000000  25.16000000  25.23500000  25.53500000  25.18600000  24.56500000  25.06000000  25.35700000  25.29500000  25.08900000  24.90000000  24.70900000  24.86600000  25.12600000  25.64800000  26.01400000  25.57800000  24.73700000  24.94000000
 23.52700000  24.19900000  23.96100000  24.05200000  24.52300000  25.78600000  25.48600000  25.34500000  25.43300000  25.44400000  25.51200000  25.45900000  25.39000000  25.34100000  25.50200000  25.39800000  24.72700000  25.38700000  25.28100000  25.20400000  24.94900000  24.76900000  24.73300000  25.03100000  25.50100000  26.07700000  26.35000000  26.17800000  25.62700000  25.03600000
 22.81000000  23.41800000  23.92400000  23.34100000  23.89900000  24.22600000  25.72900000  26.06000000  25.60900000  25.31700000  25.38700000  25.43100000  25.43800000  25.44600000  25.45000000  25.41800000  25.00100000  25.26900000  25.33600000  25.20100000  25.17000000  25.15500000  25.30000000  25.86800000  26.01200000  26.09000000  26.33100000  26.35700000  25.68000000  25.83400000
 22.35000000  23.26600000  23.26200000  22.89900000  23.48300000  23.74600000  24.64600000  25.74600000  26.15700000  26.22800000  25.39100000  25.39900000  25.45800000  25.56300000  25.55200000  25.48700000  25.44300000  25.38700000  25.42800000  25.57600000  25.54400000  26.01700000  25.83400000  25.87100000  25.98300000  25.94200000  26.15300000  26.30800000  25.78600000  25.89100000
 19.44200000  18.38900000  18.82500000  21.52100000  23.03000000  23.40100000  23.75900000  25.19300000  25.59200000  25.98100000  25.93400000  25.33100000  25.40800000  25.45200000  25.43200000  25.58800000  25.59600000  25.60700000  25.49900000  26.25400000  26.35100000  26.13900000  25.95500000  26.10800000  26.26900000  26.22300000  26.27400000  26.01300000  25.71000000  25.88100000
 19.35300000  27.83300000  17.93100000  17.65700000  21.33800000  22.99200000  23.03400000  23.74900000  24.93600000  24.87900000  25.28400000  26.01600000  25.37700000  25.39100000  25.45500000  25.44300000  25.46500000  26.11100000  26.17700000  26.39200000  26.12200000  25.75000000  26.07600000  26.25300000  26.07200000  25.96000000  25.77700000  25.72700000  25.90000000  25.93400000
 27.83300000  27.83300000  27.83300000  27.83300000  19.03600000  20.56800000  21.49600000  22.67800000  23.62800000  24.64200000  23.83600000  24.35500000  25.14800000  25.84700000  25.99600000  26.01400000  25.84600000  25.57300000  26.27700000  26.39600000  25.75500000  26.02100000  26.02500000  26.07500000  26.32600000  26.19200000  25.74800000  26.00100000  25.92200000  25.80500000
 27.83300000  27.83300000  27.83300000  27.83300000  27.83300000  17.96300000  19.49300000  20.09100000  22.94600000  23.57100000  23.71800000  23.23700000  23.76900000  24.09500000  24.58200000  25.09900000  25.05800000  25.14200000  26.34900000  26.38300000  25.75800000  25.87800000  26.05500000  25.92500000  26.01300000  26.49400000  26.18000000  25.99000000  25.90400000  26.03100000
 27.83300000  27.83300000  27.83300000  27.83300000  27.83300000  27.83300000  27.83300000  18.14100000  17.48300000  18.79800000  21.97900000  21.77700000  20.72500000  22.42500000  23.46300000  24.00900000  24.60900000  24.35700000  26.05000000  26.39900000  26.41600000  25.81900000  25.93800000  25.90600000  26.13600000  26.57700000  26.58000000  26.02900000  26.18400000  25.97300000
 27.83300000  27.83300000  27.83300000  27.83300000  27.83300000  27.83300000  27.83300000  27.83300000  27.83300000  27.83300000  27.83300000  27.83300000  27.83300000  27.83300000  27.83300000  20.02500000  24.43900000  24.65400000  24.69300000  26.44800000  26.45000000  26.48000000  26.47200000  26.54100000  26.41200000  26.68000000  26.59800000  26.60900000  26.09400000  26.07200000
 27.83300000  27.83300000  27.83300000  27.83300000  27.83300000  27.83300000  27.83300000  27.83300000  27.83300000  27.83300000  27.83300000  27.83300000  27.83300000  27.83300000  27.83300000  27.83300000  23.69700000  24.36500000  24.78400000  25.17500000  26.41000000  26.48500000  26.58900000  26.30500000  26.67100000  26.73600000  26.61600000  26.64100000  26.68200000  26.69700000
 27.83300000  27.83300000  27.83300000  27.83300000  27.83300000  27.83300000  27.83300000  27.83300000  27.83300000  27.83300000  27.83300000  27.83300000  27.83300000  27.83300000  27.83300000  27.83300000  27.83300000  20.51000000  24.04000000  23.27600000  26.23100000  26.45200000  26.48400000  26.46500000  26.77700000  26.81900000  26.74500000  26.69400000  26.76100000  26.86300000
 27.83300000  27.83300000  27.83300000  27.83300000  27.83300000  27.83300000  27.83300000  27.83300000  27.83300000  27.83300000  27.83300000  27.83300000  27.83300000  27.83300000  27.83300000  27.83300000  27.83300000  27.83300000  27.83300000  25.02200000  24.68100000  26.60400000  26.45900000  26.63100000  26.75600000  26.77500000  26.80700000  26.70900000  26.84000000  26.86600000
 27.83300000  27.83300000  27.83300000  27.83300000  27.83300000  27.83300000  27.83300000  27.83300000  27.83300000  27.83300000  27.83300000  27.83300000  27.83300000  27.83300000  27.83300000  27.83300000  27.83300000  27.83300000  27.83300000  27.83300000  24.59000000  26.65000000  26.47000000  26.73200000  26.90300000  26.77000000  26.78500000  26.79400000  26.88100000  26.95300000
 27.83300000  27.83300000  27.83300000  27.83300000  27.83300000  27.83300000  27.83300000  27.83300000  27.83300000  27.83300000  27.83300000  27.83300000  27.83300000  27.83300000  27.83300000  27.83300000  27.83300000  27.83300000  27.83300000  27.83300000  22.98100000  26.66900000  26.54400000  26.84100000  26.75900000  26.87100000  26.88000000  26.89000000  26.89100000  27.01100000
 27.83300000  27.83300000  27.83300000  27.83300000  27.83300000  27.83300000  27.83300000  27.83300000  27.83300000  27.83300000  27.83300000  27.83300000  27.83300000  27.83300000  27.83300000  27.83300000  27.83300000  27.83300000  27.83300000  27.83300000  21.03100000  26.71600000  26.68400000  26.90700000  26.69400000  26.87000000  26.90600000  26.78000000  26.99100000  26.97900000
 27.83300000  27.83300000  27.83300000  27.83300000  27.83300000  27.83300000  27.83300000  27.83300000  27.83300000  27.83300000  27.83300000  27.83300000  27.83300000  27.83300000  27.83300000  27.83300000  27.83300000  27.83300000  27.83300000  27.83300000  22.84700000  26.56900000  26.85400000  26.84500000  26.71800000  26.85000000  26.71700000  26.62800000  26.90700000  27.07800000
 27.83300000  27.83300000  27.83300000  27.83300000  27.83300000  27.83300000  27.83300000  27.83300000  27.83300000  27.83300000  27.83300000  27.83300000  27.83300000  27.83300000  27.83300000  27.83300000  27.83300000  27.83300000  27.83300000  27.83300000  27.83300000  26.00100000  26.69900000  26.73400000  26.72900000  26.81500000  26.67300000  26.46000000  26.55500000  26.99200000
 27.83300000  27.83300000  27.83300000  27.83300000  27.83300000  27.83300000  27.83300000  27.83300000  27.83300000  27.83300000  27.83300000  27.83300000  27.83300000  27.83300000  27.83300000  27.83300000  27.83300000  27.83300000  27.83300000  27.83300000  27.83300000  24.46200000  26.51400000  26.68500000  26.74400000  26.73800000  26.64700000  26.47100000  26.60100000  27.07900000
 27.83300000  27.83300000  27.83300000  27.83300000  27.83300000  27.83300000  27.83300000  27.83300000  27.83300000  27.83300000  27.83300000  27.83300000  27.83300000  27.83300000  27.83300000  27.83300000  27.83300000  27.83300000  27.83300000  27.83300000  27.83300000  27.83300000  26.15000000  26.60600000  26.59200000  26.53100000  26.46000000  26.39500000  26.96700000  27.13100000
 27.83300000  27.83300000  27.83300000  27.83300000  27.83300000  27.83300000  27.83300000  27.83300000  27.83300000  27.83300000  27.83300000  27.83300000  27.83300000  27.83300000  27.83300000  27.83300000  27.83300000  27.83300000  27.83300000  27.83300000  27.83300000  27.83300000  25.72400000  26.13300000  26.28300000  26.26000000  26.46700000  26.64900000  26.83600000  27.17500000
 27.83300000  27.83300000  27.83300000  27.83300000  27.83300000  27.83300000  27.83300000  27.83300000  27.83300000  27.83300000  27.83300000  27.83300000  27.83300000  27.83300000  27.83300000  27.83300000  27.83300000  27.83300000  27.83300000  27.83300000  27.83300000  27.83300000  27.83300000  25.72800000  26.33800000  26.47300000  26.44800000  26.60300000  26.79700000  27.20200000
