36.99000000 36.92700000 36.92700000 37.00300000 37.20400000 37.21200000 37.23100000 37.23900000 37.19600000 37.16900000 37.10300000 36.98500000 36.86400000 36.64200000 36.82200000 36.89200000 37.05100000 37.01900000 37.06500000 37.03900000 36.99400000 36.97300000 36.82600000 36.53600000 36.55400000 36.33600000 36.59600000 36.60900000 36.59200000 36.73000000
36.92200000 36.84800000 36.93000000 37.16400000 37.16400000 37.17400000 37.18600000 37.17200000 37.14100000 37.06500000 36.96300000 36.85100000 36.57300000 36.89300000 36.88000000 37.09500000 36.99200000 37.08700000 37.04700000 37.01700000 36.96900000 36.88200000 36.79900000 36.63000000 36.83800000 37.12600000 37.05800000 37.08300000 36.97800000 36.92900000
36.92500000 36.94700000 36.92100000 37.10000000 37.11400000 37.07300000 37.06400000 37.03100000 36.96300000 36.88700000 36.62400000 36.46800000 36.90800000 36.89100000 36.94500000 37.09300000 37.00900000 37.06000000 36.98000000 36.90800000 36.85000000 36.70000000 37.24500000 37.15000000 37.01600000 37.06700000 36.99900000 36.99300000 36.93100000 36.86100000
36.40000000 37.06900000 37.03100000 36.88200000 37.01700000 37.02300000 36.93700000 36.58900000 36.64600000 36.70700000 36.82500000 36.93600000 36.90300000 36.92400000 36.99100000 37.02500000 36.99700000 36.98700000 36.89700000 36.73100000 37.19900000 37.27100000 37.24100000 37.24700000 37.26300000 37.16200000 36.98900000 36.88200000 36.82500000 36.83400000
35.83200000 36.98000000 37.02000000 37.18400000 36.99500000 36.89300000 36.73700000 36.56100000 36.62500000 36.96600000 36.94400000 36.93200000 36.93600000 36.93300000 37.03300000 36.99500000 36.94700000 36.88900000 36.94100000 37.23100000 37.23800000 37.18200000 37.15300000 37.16200000 37.18800000 37.25400000 37.28400000 36.79800000 36.61200000 36.64500000
35.55000000 36.75500000 36.79100000 36.81400000 37.29000000 37.11600000 36.94600000 36.88000000 36.84600000 36.83400000 36.82800000 36.85000000 36.86800000 36.90400000 37.04400000 37.04000000 36.78500000 37.02500000 37.21800000 37.22500000 37.16900000 37.06800000 37.00100000 37.05300000 37.16000000 37.22000000 37.32200000 37.27800000 36.69000000 36.63900000
35.88600000 36.57400000 36.55100000 36.70200000 36.85100000 37.34600000 37.06100000 36.92000000 36.96100000 36.97700000 37.03600000 37.01000000 37.00000000 37.01500000 37.04600000 37.14900000 36.87900000 37.17700000 37.21300000 37.19800000 37.12100000 37.01500000 37.01200000 37.12500000 37.19000000 37.36300000 37.45700000 37.40800000 37.25600000 36.72600000
35.62400000 36.03300000 36.52800000 36.24800000 36.52400000 36.71500000 37.31200000 37.39600000 37.13100000 36.91100000 36.93100000 36.97000000 37.01600000 37.03700000 37.02900000 37.10200000 37.00800000 37.14100000 37.19700000 37.18900000 37.17400000 37.17200000 37.16800000 37.25700000 37.40000000 37.40900000 37.45200000 37.46700000 37.28700000 37.30500000
35.36500000 35.53400000 35.75600000 35.98500000 36.46100000 36.26900000 37.02000000 37.32000000 37.40900000 37.42700000 36.99100000 36.96000000 36.99700000 37.07300000 37.05900000 37.15600000 37.19500000 37.18400000 37.19400000 37.25100000 37.11200000 37.32100000 37.28800000 37.33800000 37.38700000 37.38200000 37.43600000 37.47500000 37.30100000 37.25700000
35.26600000 35.67400000 35.57600000 35.71200000 36.00100000 36.11700000 36.33000000 37.18300000 37.27000000 37.35300000 37.25800000 36.96000000 36.97400000 36.96700000 37.03200000 37.22100000 37.24300000 37.24000000 37.04400000 37.35400000 37.37500000 37.34000000 37.35500000 37.37200000 37.43600000 37.45100000 37.46600000 37.35900000 37.28800000 37.22800000
34.97500000 35.29300000 35.71200000 35.44500000 35.57000000 35.92000000 35.75200000 36.44300000 37.13600000 37.06200000 37.15100000 37.34300000 36.98700000 36.98900000 37.00000000 37.06200000 37.07300000 37.34400000 37.33200000 37.37200000 37.32500000 37.27500000 37.36200000 37.32200000 37.33700000 37.34400000 37.32200000 37.28800000 37.26600000 37.17900000
37.59700000 37.59700000 37.59700000 35.29300000 35.45800000 35.56200000 35.64500000 35.63800000 36.49400000 37.04200000 36.51000000 36.80300000 37.01300000 37.29600000 37.32900000 37.32500000 37.26000000 37.14100000 37.33400000 37.36900000 37.22900000 37.34700000 37.27500000 37.28600000 37.36900000 37.36400000 37.27600000 37.34500000 37.21800000 37.15400000
37.59700000 37.59700000 37.59700000 37.59700000 35.29400000 35.50800000 35.56700000 35.61900000 36.00800000 36.44700000 36.52300000 36.25800000 36.56200000 36.42700000 36.62100000 37.14200000 37.07300000 36.99200000 37.35400000 37.39600000 37.20800000 37.27600000 37.25200000 37.23600000 37.30300000 37.39300000 37.36700000 37.32500000 37.23400000 37.18300000
37.59700000 37.59700000 37.59700000 37.59700000 37.59700000 37.59700000 35.44600000 35.59000000 35.66900000 35.90100000 36.11600000 36.15100000 36.17800000 36.21600000 36.23600000 36.09600000 36.59300000 36.93400000 37.21000000 37.43000000 37.38700000 37.21500000 37.21900000 37.19300000 37.33000000 37.38600000 37.45900000 37.33500000 37.39700000 37.21800000
37.59700000 37.59700000 37.59700000 37.59700000 37.59700000 37.59700000 37.59700000 37.59700000 37.59700000 37.59700000 37.59700000 37.59700000 36.07100000 36.12700000 36.07700000 36.04800000 36.43300000 36.97300000 36.98500000 37.35700000 37.43300000 37.41700000 37.39600000 37.40000000 37.36000000 37.37700000 37.42400000 37.47800000 37.34500000 37.38800000
37.59700000 37.59700000 37.59700000 37.59700000 37.59700000 37.59700000 37.59700000 37.59700000 37.59700000 37.59700000 37.59700000 37.59700000 37.59700000 37.59700000 37.59700000 36.02200000 36.47500000 36.66600000 36.96500000 37.01600000 37.34300000 37.42400000 37.42200000 37.36900000 37.32000000 37.37600000 37.40900000 37.45800000 37.52900000 37.55000000
37.59700000 37.59700000 37.59700000 37.59700000 37.59700000 37.59700000 37.59700000 37.59700000 37.59700000 37.59700000 37.59700000 37.59700000 37.59700000 37.59700000 37.59700000 37.59700000 36.00300000 36.16200000 36.85600000 36.75700000 37.30500000 37.39700000 37.41900000 37.36200000 37.34000000 37.37900000 37.38200000 37.42600000 37.41500000 37.56200000
37.59700000 37.59700000 37.59700000 37.59700000 37.59700000 37.59700000 37.59700000 37.59700000 37.59700000 37.59700000 37.59700000 37.59700000 37.59700000 37.59700000 37.59700000 37.59700000 37.59700000 37.59700000 36.15900000 37.01800000 36.82400000 37.36700000 37.42200000 37.32100000 37.35300000 37.36600000 37.38700000 37.33400000 37.37800000 37.47900000
37.59700000 37.59700000 37.59700000 37.59700000 37.59700000 37.59700000 37.59700000 37.59700000 37.59700000 37.59700000 37.59700000 37.59700000 37.59700000 37.59700000 37.59700000 37.59700000 37.59700000 37.59700000 37.59700000 36.93500000 36.80500000 37.37000000 37.38000000 37.34600000 37.43000000 37.38700000 37.37400000 37.34500000 37.37000000 37.40100000
37.59700000 37.59700000 37.59700000 37.59700000 37.59700000 37.59700000 37.59700000 37.59700000 37.59700000 37.59700000 37.59700000 37.59700000 37.59700000 37.59700000 37.59700000 37.59700000 37.59700000 37.59700000 37.59700000 36.77000000 36.80600000 37.36900000 37.32000000 37.39100000 37.40400000 37.43600000 37.40800000 37.36800000 37.34900000 37.41400000
37.59700000 37.59700000 37.59700000 37.59700000 37.59700000 37.59700000 37.59700000 37.59700000 37.59700000 37.59700000 37.59700000 37.59700000 37.59700000 37.59700000 37.59700000 37.59700000 37.59700000 37.59700000 37.59700000 36.82400000 36.96500000 37.38000000 37.32800000 37.41600000 37.39500000 37.41600000 37.42700000 37.34200000 37.38000000 37.35600000
37.59700000 37.59700000 37.59700000 37.59700000 37.59700000 37.59700000 37.59700000 37.59700000 37.59700000 37.59700000 37.59700000 37.59700000 37.59700000 37.59700000 37.59700000 37.59700000 37.59700000 37.59700000 37.59700000 36.30300000 36.70100000 37.31400000 37.40200000 37.39000000 37.39100000 37.37400000 37.34100000 37.29500000 37.30100000 37.37400000
37.59700000 37.59700000 37.59700000 37.59700000 37.59700000 37.59700000 37.59700000 37.59700000 37.59700000 37.59700000 37.59700000 37.59700000 37.59700000 37.59700000 37.59700000 37.59700000 37.59700000 37.59700000 37.59700000 37.59700000 36.63900000 37.14200000 37.34300000 37.36100000 37.37200000 37.34500000 37.31600000 37.30700000 37.28700000 37.32300000
37.59700000 37.59700000 37.59700000 37.59700000 37.59700000 37.59700000 37.59700000 37.59700000 37.59700000 37.59700000 37.59700000 37.59700000 37.59700000 37.59700000 37.59700000 37.59700000 37.59700000 37.59700000 37.59700000 37.59700000 37.59700000 36.71600000 37.28200000 37.35100000 37.35800000 37.33900000 37.32800000 37.29400000 37.28900000 37.32500000
37.59700000 37.59700000 37.59700000 37.59700000 37.59700000 37.59700000 37.59700000 37.59700000 37.59700000 37.59700000 37.59700000 37.59700000 37.59700000 37.59700000 37.59700000 37.59700000 37.59700000 37.59700000 37.59700000 37.59700000 37.59700000 36.48800000 37.12600000 37.31800000 37.32000000 37.31400000 37.27600000 37.21800000 37.29500000 37.32000000
37.59700000 37.59700000 37.59700000 37.59700000 37.59700000 37.59700000 37.59700000 37.59700000 37.59700000 37.59700000 37.59700000 37.59700000 37.59700000 37.59700000 37.59700000 37.59700000 37.59700000 37.59700000 37.59700000 37.59700000 37.59700000 37.59700000 36.83200000 37.12300000 37.19900000 37.18100000 37.21600000 37.28500000 37.26900000 37.30000000
37.59700000 37.59700000 37.59700000 37.59700000 37.59700000 37.59700000 37.59700000 37.59700000 37.59700000 37.59700000 37.59700000 37.59700000 37.59700000 37.59700000 37.59700000 37.59700000 37.59700000 37.59700000 37.59700000 37.59700000 37.59700000 37.59700000 37.59700000 36.62500000 37.18000000 37.22900000 37.23800000 37.24600000 37.23600000 37.29400000
36.98800000 36.92700000 36.92300000 37.00000000 37.20400000 37.21200000 37.23000000 37.23800000 37.19600000 37.16700000 37.10400000 36.98600000 36.86700000 36.65600000 36.82100000 36.88900000 37.04900000 37.01800000 37.06400000 37.03900000 36.99500000 36.97200000 36.82900000 36.53100000 36.55300000 36.33300000 36.59600000 36.60900000 36.59200000 36.72800000
36.92200000 36.84800000 36.92800000 37.16300000 37.16400000 37.17400000 37.18600000 37.17100000 37.14000000 37.06500000 36.96200000 36.85000000 36.57200000 36.89100000 36.87900000 37.09400000 36.99100000 37.08600000 37.04700000 37.01500000 36.96900000 36.88200000 36.79900000 36.63200000 36.83500000 37.12500000 37.05700000 37.08200000 36.97700000 36.92800000
36.92500000 36.94600000 36.92200000 37.10000000 37.11300000 37.07300000 37.06400000 37.03100000 36.96200000 36.88600000 36.62700000 36.46800000 36.90700000 36.89100000 36.94400000 37.09300000 37.00800000 37.05900000 36.98000000 36.90800000 36.85000000 36.70000000 37.24500000 37.15000000 37.01500000 37.06600000 36.99900000 36.99200000 36.93000000 36.86000000
36.55800000 37.06800000 37.03000000 36.88800000 37.01600000 37.02200000 36.93800000 36.59300000 36.64500000 36.70700000 36.82500000 36.93600000 36.90200000 36.92300000 36.99100000 37.02400000 36.99600000 36.98600000 36.89700000 36.73100000 37.19800000 37.27100000 37.24000000 37.24600000 37.26200000 37.16200000 36.98900000 36.88200000 36.82500000 36.83400000
36.74600000 36.97900000 37.02000000 37.18300000 36.99400000 36.89200000 36.73700000 36.56000000 36.62300000 36.96200000 36.94400000 36.93100000 36.93500000 36.93200000 37.03200000 36.99500000 36.94600000 36.88800000 36.93900000 37.23000000 37.23700000 37.18200000 37.15300000 37.16100000 37.18700000 37.25300000 37.28300000 36.79800000 36.61100000 36.64400000
36.67900000 36.76200000 36.79100000 36.81500000 37.28900000 37.11600000 36.94500000 36.87900000 36.84500000 36.83300000 36.82700000 36.84900000 36.86700000 36.90300000 37.04400000 37.04000000 36.78400000 37.02400000 37.21700000 37.22400000 37.17100000 37.06800000 37.00100000 37.05300000 37.15900000 37.21900000 37.32100000 37.27800000 36.69000000 36.63800000
35.88200000 36.57800000 36.55000000 36.70100000 36.85500000 37.34500000 37.06000000 36.91900000 36.96100000 36.97500000 37.03500000 37.00900000 36.99900000 37.01500000 37.04500000 37.14800000 36.87800000 37.17600000 37.21300000 37.19700000 37.12100000 37.01500000 37.01100000 37.12400000 37.18900000 37.36100000 37.45600000 37.40700000 37.25500000 36.73900000
35.66700000 36.10000000 36.52800000 36.25400000 36.52600000 36.75900000 37.31100000 37.39500000 37.13000000 36.91100000 36.93100000 36.96900000 37.01500000 37.03700000 37.02800000 37.10100000 37.00700000 37.14100000 37.19600000 37.18800000 37.17300000 37.17100000 37.16700000 37.25600000 37.39900000 37.40800000 37.45200000 37.46600000 37.28600000 37.30800000
35.96100000 35.55500000 35.80700000 35.99400000 36.46400000 36.27000000 37.02000000 37.31900000 37.40800000 37.42600000 36.99000000 36.95900000 36.99600000 37.07300000 37.05800000 37.15500000 37.19500000 37.18300000 37.19300000 37.25000000 37.11600000 37.32000000 37.28800000 37.33700000 37.38600000 37.38200000 37.43500000 37.47500000 37.30100000 37.26200000
36.04800000 35.88500000 35.89400000 36.31400000 36.12500000 36.13600000 36.39000000 37.18300000 37.26900000 37.35200000 37.25700000 36.95900000 36.97300000 36.96600000 37.03100000 37.22000000 37.24200000 37.23900000 37.04400000 37.35300000 37.37400000 37.33900000 37.35400000 37.37100000 37.43500000 37.45000000 37.46500000 37.35800000 37.28700000 37.22900000
35.84400000 37.59700000 35.83300000 35.79700000 36.40100000 36.13000000 35.83300000 36.49600000 37.13500000 37.06100000 37.15000000 37.34300000 36.98600000 36.98800000 36.99900000 37.06100000 37.07200000 37.34200000 37.33100000 37.37100000 37.32500000 37.27400000 37.36200000 37.32100000 37.33700000 37.34300000 37.32100000 37.28700000 37.26600000 37.17900000
37.59700000 37.59700000 37.59700000 37.59700000 35.75500000 36.25100000 36.15400000 35.72800000 36.49500000 37.04200000 36.51700000 36.80400000 37.01300000 37.29400000 37.32800000 37.32400000 37.26000000 37.14100000 37.33300000 37.36900000 37.22900000 37.34600000 37.27500000 37.28500000 37.36800000 37.36300000 37.27600000 37.34500000 37.21700000 37.15400000
37.59700000 37.59700000 37.59700000 37.59700000 37.59700000 35.76800000 35.78200000 35.98000000 36.40100000 36.47800000 36.53600000 36.25800000 36.58000000 36.51200000 36.69700000 37.14100000 37.07200000 36.99100000 37.35200000 37.39500000 37.20800000 37.27600000 37.25100000 37.23500000 37.30200000 37.39200000 37.36600000 37.32400000 37.23300000 37.18300000
37.59700000 37.59700000 37.59700000 37.59700000 37.59700000 37.59700000 37.59700000 35.76900000 35.76300000 35.99700000 36.34100000 36.30600000 36.19700000 36.44200000 36.34600000 36.11700000 36.60300000 36.93200000 37.20800000 37.42900000 37.38600000 37.21400000 37.21800000 37.19300000 37.32900000 37.38500000 37.45800000 37.33500000 37.39700000 37.21700000
37.59700000 37.59700000 37.59700000 37.59700000 37.59700000 37.59700000 37.59700000 37.59700000 37.59700000 37.59700000 37.59700000 37.59700000 37.59700000 37.59700000 37.59700000 36.20600000 36.42600000 36.97200000 36.95800000 37.35600000 37.43300000 37.41600000 37.39600000 37.39900000 37.36000000 37.37600000 37.42200000 37.47700000 37.34500000 37.38800000
37.59700000 37.59700000 37.59700000 37.59700000 37.59700000 37.59700000 37.59700000 37.59700000 37.59700000 37.59700000 37.59700000 37.59700000 37.59700000 37.59700000 37.59700000 37.59700000 36.44200000 36.67400000 36.96300000 37.00700000 37.34200000 37.42300000 37.42100000 37.36800000 37.31900000 37.37500000 37.40800000 37.45800000 37.52900000 37.55000000
37.59700000 37.59700000 37.59700000 37.59700000 37.59700000 37.59700000 37.59700000 37.59700000 37.59700000 37.59700000 37.59700000 37.59700000 37.59700000 37.59700000 37.59700000 37.59700000 37.59700000 36.28600000 36.67600000 36.60600000 37.30300000 37.39500000 37.41800000 37.36200000 37.33900000 37.37800000 37.38100000 37.42500000 37.41400000 37.56100000
37.59700000 37.59700000 37.59700000 37.59700000 37.59700000 37.59700000 37.59700000 37.59700000 37.59700000 37.59700000 37.59700000 37.59700000 37.59700000 37.59700000 37.59700000 37.59700000 37.59700000 37.59700000 37.59700000 37.00700000 36.82500000 37.36600000 37.42100000 37.32000000 37.35300000 37.36600000 37.38600000 37.33300000 37.37700000 37.47800000
37.59700000 37.59700000 37.59700000 37.59700000 37.59700000 37.59700000 37.59700000 37.59700000 37.59700000 37.59700000 37.59700000 37.59700000 37.59700000 37.59700000 37.59700000 37.59700000 37.59700000 37.59700000 37.59700000 37.59700000 36.80300000 37.36900000 37.37900000 37.34500000 37.42900000 37.38600000 37.37300000 37.34400000 37.36900000 37.40000000
37.59700000 37.59700000 37.59700000 37.59700000 37.59700000 37.59700000 37.59700000 37.59700000 37.59700000 37.59700000 37.59700000 37.59700000 37.59700000 37.59700000 37.59700000 37.59700000 37.59700000 37.59700000 37.59700000 37.59700000 36.63200000 37.36800000 37.31900000 37.39000000 37.40300000 37.43500000 37.40700000 37.36800000 37.34800000 37.41300000
37.59700000 37.59700000 37.59700000 37.59700000 37.59700000 37.59700000 37.59700000 37.59700000 37.59700000 37.59700000 37.59700000 37.59700000 37.59700000 37.59700000 37.59700000 37.59700000 37.59700000 37.59700000 37.59700000 37.59700000 36.41200000 37.38000000 37.32700000 37.41500000 37.39400000 37.41500000 37.42600000 37.34100000 37.38000000 37.35600000
37.59700000 37.59700000 37.59700000 37.59700000 37.59700000 37.59700000 37.59700000 37.59700000 37.59700000 37.59700000 37.59700000 37.59700000 37.59700000 37.59700000 37.59700000 37.59700000 37.59700000 37.59700000 37.59700000 37.59700000 36.56300000 37.31500000 37.40100000 37.38900000 37.39000000 37.37300000 37.34000000 37.29500000 37.30000000 37.37300000
37.59700000 37.59700000 37.59700000 37.59700000 37.59700000 37.59700000 37.59700000 37.59700000 37.59700000 37.59700000 37.59700000 37.59700000 37.59700000 37.59700000 37.59700000 37.59700000 37.59700000 37.59700000 37.59700000 37.59700000 37.59700000 37.12900000 37.34400000 37.36100000 37.37100000 37.34400000 37.31600000 37.30700000 37.28600000 37.32200000
37.59700000 37.59700000 37.59700000 37.59700000 37.59700000 37.59700000 37.59700000 37.59700000 37.59700000 37.59700000 37.59700000 37.59700000 37.59700000 37.59700000 37.59700000 37.59700000 37.59700000 37.59700000 37.59700000 37.59700000 37.59700000 36.69900000 37.28300000 37.35100000 37.35800000 37.33800000 37.32700000 37.29400000 37.28500000 37.32400000
37.59700000 37.59700000 37.59700000 37.59700000 37.59700000 37.59700000 37.59700000 37.59700000 37.59700000 37.59700000 37.59700000 37.59700000 37.59700000 37.59700000 37.59700000 37.59700000 37.59700000 37.59700000 37.59700000 37.59700000 37.59700000 37.59700000 37.12900000 37.31800000 37.32200000 37.31400000 37.27700000 37.21800000 37.29500000 37.31900000
37.59700000 37.59700000 37.59700000 37.59700000 37.59700000 37.59700000 37.59700000 37.59700000 37.59700000 37.59700000 37.59700000 37.59700000 37.59700000 37.59700000 37.59700000 37.59700000 37.59700000 37.59700000 37.59700000 37.59700000 37.59700000 37.59700000 36.82500000 37.12300000 37.19800000 37.18200000 37.21700000 37.28500000 37.26300000 37.30000000
37.59700000 37.59700000 37.59700000 37.59700000 37.59700000 37.59700000 37.59700000 37.59700000 37.59700000 37.59700000 37.59700000 37.59700000 37.59700000 37.59700000 37.59700000 37.59700000 37.59700000 37.59700000 37.59700000 37.59700000 37.59700000 37.59700000 37.59700000 36.62800000 37.18100000 37.22900000 37.23900000 37.24600000 37.23800000 37.29300000
