 25.19200000  25.08600000  25.07600000  24.92200000  25.15400000  25.07500000  25.19300000  25.22900000  25.14500000  24.95900000  25.03900000  25.09400000  24.72400000  24.18700000  24.46600000  24.94600000  25.24300000  25.03500000  25.02600000  25.02200000  25.01300000  24.88300000  24.54300000  24.01700000  24.00100000  23.47900000  23.97200000  24.12200000  24.19500000  24.39500000
 25.08700000  25.05600000  24.60100000  25.05300000  25.10200000  25.04000000  24.97300000  24.95500000  25.00300000  25.08100000  25.04700000  24.70900000  23.97000000  24.52300000  24.73900000  25.29200000  24.95300000  24.97100000  25.00300000  24.96600000  24.89500000  24.78500000  24.54400000  23.97100000  24.56200000  25.21700000  25.09000000  25.11600000  24.69900000  24.55500000
 25.02300000  25.06900000  25.06700000  24.93300000  25.00600000  25.03000000  25.04600000  25.04300000  24.97300000  24.77500000  23.96400000  23.78300000  24.50300000  24.73300000  25.16100000  25.19400000  24.98600000  24.97200000  24.83700000  24.71600000  24.61800000  24.16700000  25.51500000  25.28500000  25.05400000  25.07000000  24.88900000  24.85600000  24.85600000  24.81000000
 24.21200000  25.06500000  25.20700000  25.02900000  24.76900000  24.84100000  24.64700000  23.92100000  23.98600000  24.05400000  24.26000000  24.57100000  24.68800000  25.06100000  25.34000000  25.06500000  24.96100000  24.84300000  24.63600000  24.25900000  25.38800000  25.43300000  25.48300000  25.55000000  25.58800000  25.30100000  24.99500000  24.87600000  24.91400000  25.01600000
 23.63900000  24.66000000  24.84900000  25.30200000  25.26000000  24.97500000  24.19100000  23.87300000  23.94400000  24.80800000  24.89000000  24.91300000  25.02900000  25.23900000  25.47300000  25.02200000  24.85000000  24.61800000  24.84700000  25.33100000  25.36200000  25.16600000  25.03700000  25.07300000  25.29800000  25.69300000  25.58000000  24.82600000  24.73900000  24.92400000
 23.62000000  24.15500000  24.23700000  24.46400000  25.60200000  25.49000000  25.24700000  25.17200000  25.14400000  25.13700000  25.11700000  25.13400000  25.13100000  25.20600000  25.51100000  25.14400000  24.53800000  25.06200000  25.32400000  25.27100000  25.07400000  24.87000000  24.67100000  24.83800000  25.11200000  25.64300000  25.99300000  25.56200000  24.71700000  24.91700000
 23.57900000  24.16900000  23.92600000  24.02100000  24.46000000  25.75400000  25.47600000  25.32200000  25.41200000  25.42100000  25.48600000  25.43300000  25.36700000  25.31500000  25.47600000  25.35200000  24.70900000  25.36100000  25.25100000  25.17200000  24.92600000  24.74800000  24.71900000  25.01900000  25.50400000  26.05700000  26.32000000  26.15200000  25.60500000  24.99900000
 22.84700000  23.33200000  23.89200000  23.29900000  23.86800000  24.10100000  25.69500000  26.03700000  25.61700000  25.29700000  25.36000000  25.40600000  25.40900000  25.41300000  25.42500000  25.39100000  24.96100000  25.25600000  25.30600000  25.17900000  25.14600000  25.13700000  25.30100000  25.85600000  25.97100000  26.05100000  26.30100000  26.33100000  25.65200000  25.77300000
 22.81100000  23.21100000  23.19800000  22.86100000  23.43500000  23.71900000  24.68900000  25.73100000  26.13700000  26.20100000  25.36600000  25.37500000  25.43600000  25.52900000  25.51800000  25.46400000  25.40800000  25.35700000  25.40100000  25.55900000  25.51200000  26.00200000  25.82000000  25.84400000  25.96700000  25.91700000  26.12000000  26.28100000  25.76300000  25.85200000
 22.51500000  20.37500000  21.37500000  22.70700000  22.98100000  23.34300000  23.67000000  25.15100000  25.54900000  25.90900000  25.90200000  25.30600000  25.38700000  25.42300000  25.40500000  25.56900000  25.56600000  25.58100000  25.47400000  26.23300000  26.32200000  26.11100000  25.92800000  26.07600000  26.24000000  26.19800000  26.24600000  25.98400000  25.68900000  25.87500000
 23.33300000  21.47700000  20.19600000  22.55800000  22.81200000  22.92900000  22.94100000  23.65300000  24.89200000  24.82300000  25.21800000  25.98500000  25.35200000  25.37000000  25.43400000  25.42100000  25.44600000  26.09400000  26.14300000  26.36800000  26.10800000  25.72200000  26.04900000  26.23100000  26.05100000  25.92700000  25.75100000  25.70500000  25.87900000  25.89900000
 27.83300000  27.83300000  27.83300000  23.06000000  22.66200000  22.80500000  22.70900000  22.81700000  23.61500000  24.59300000  23.74900000  24.28200000  25.16700000  25.82700000  25.97200000  25.99100000  25.81700000  25.54100000  26.26000000  26.36300000  25.73900000  25.99700000  26.00400000  26.04600000  26.30000000  26.16700000  25.71900000  25.97700000  25.90300000  25.78600000
 27.83300000  27.83300000  27.83300000  27.83300000  23.19200000  22.82000000  22.25500000  22.56900000  23.18500000  23.47700000  23.60600000  23.19300000  23.70700000  24.01600000  24.47700000  25.07700000  24.97900000  25.10200000  26.31900000  26.35800000  25.72700000  25.85400000  26.03100000  25.89800000  25.98100000  26.46500000  26.14900000  25.95900000  25.88000000  26.00100000
 27.83300000  27.83300000  27.83300000  27.83300000  27.83300000  27.83300000  23.43000000  22.25200000  22.48700000  22.82200000  22.73400000  22.37300000  22.94900000  23.52000000  23.72700000  23.99300000  24.57600000  24.30600000  26.00800000  26.37300000  26.39300000  25.79500000  25.91300000  25.88200000  26.11600000  26.54800000  26.55400000  25.99500000  26.15800000  25.95800000
 27.83300000  27.83300000  27.83300000  27.83300000  27.83300000  27.83300000  27.83300000  27.83300000  27.83300000  27.83300000  27.83300000  27.83300000  22.51300000  20.71800000  20.58700000  23.47600000  24.43300000  24.65600000  24.78900000  26.42800000  26.42200000  26.45600000  26.44800000  26.51700000  26.40000000  26.65400000  26.57100000  26.58200000  26.06200000  26.04600000
 27.83300000  27.83300000  27.83300000  27.83300000  27.83300000  27.83300000  27.83300000  27.83300000  27.83300000  27.83300000  27.83300000  27.83300000  27.83300000  27.83300000  27.83300000  23.42000000  24.04900000  24.26200000  24.75600000  25.38200000  26.38700000  26.45700000  26.55900000  26.27000000  26.65600000  26.70900000  26.59100000  26.61300000  26.65700000  26.66500000
 27.83300000  27.83300000  27.83300000  27.83300000  27.83300000  27.83300000  27.83300000  27.83300000  27.83300000  27.83300000  27.83300000  27.83300000  27.83300000  27.83300000  27.83300000  27.83300000  23.45600000  22.81800000  24.54400000  23.98100000  26.17200000  26.41800000  26.44500000  26.45900000  26.75000000  26.79100000  26.71800000  26.66400000  26.73600000  26.83600000
 27.83300000  27.83300000  27.83300000  27.83300000  27.83300000  27.83300000  27.83300000  27.83300000  27.83300000  27.83300000  27.83300000  27.83300000  27.83300000  27.83300000  27.83300000  27.83300000  27.83300000  27.83300000  24.47500000  25.02400000  24.69600000  26.57700000  26.44600000  26.61600000  26.72800000  26.74900000  26.77800000  26.68300000  26.81600000  26.83600000
 27.83300000  27.83300000  27.83300000  27.83300000  27.83300000  27.83300000  27.83300000  27.83300000  27.83300000  27.83300000  27.83300000  27.83300000  27.83300000  27.83300000  27.83300000  27.83300000  27.83300000  27.83300000  27.83300000  25.25000000  24.51800000  26.61800000  26.45300000  26.71100000  26.87600000  26.74600000  26.75900000  26.77100000  26.86300000  26.93200000
 27.83300000  27.83300000  27.83300000  27.83300000  27.83300000  27.83300000  27.83300000  27.83300000  27.83300000  27.83300000  27.83300000  27.83300000  27.83300000  27.83300000  27.83300000  27.83300000  27.83300000  27.83300000  27.83300000  24.33900000  24.54100000  26.64600000  26.52700000  26.82000000  26.72500000  26.85400000  26.86000000  26.87100000  26.86900000  26.98700000
 27.83300000  27.83300000  27.83300000  27.83300000  27.83300000  27.83300000  27.83300000  27.83300000  27.83300000  27.83300000  27.83300000  27.83300000  27.83300000  27.83300000  27.83300000  27.83300000  27.83300000  27.83300000  27.83300000  24.99800000  25.49700000  26.68700000  26.68300000  26.87900000  26.67100000  26.84300000  26.87200000  26.76000000  26.96700000  26.95300000
 27.83300000  27.83300000  27.83300000  27.83300000  27.83300000  27.83300000  27.83300000  27.83300000  27.83300000  27.83300000  27.83300000  27.83300000  27.83300000  27.83300000  27.83300000  27.83300000  27.83300000  27.83300000  27.83300000  24.65000000  24.66700000  26.54300000  26.83100000  26.81700000  26.69500000  26.82400000  26.69900000  26.57700000  26.86300000  27.05300000
 27.83300000  27.83300000  27.83300000  27.83300000  27.83300000  27.83300000  27.83300000  27.83300000  27.83300000  27.83300000  27.83300000  27.83300000  27.83300000  27.83300000  27.83300000  27.83300000  27.83300000  27.83300000  27.83300000  27.83300000  24.89900000  26.01500000  26.66600000  26.70400000  26.71000000  26.78600000  26.64500000  26.42700000  26.56600000  26.96200000
 27.83300000  27.83300000  27.83300000  27.83300000  27.83300000  27.83300000  27.83300000  27.83300000  27.83300000  27.83300000  27.83300000  27.83300000  27.83300000  27.83300000  27.83300000  27.83300000  27.83300000  27.83300000  27.83300000  27.83300000  27.83300000  25.07200000  26.47300000  26.65200000  26.72000000  26.70900000  26.61700000  26.43900000  26.62700000  27.05600000
 27.83300000  27.83300000  27.83300000  27.83300000  27.83300000  27.83300000  27.83300000  27.83300000  27.83300000  27.83300000  27.83300000  27.83300000  27.83300000  27.83300000  27.83300000  27.83300000  27.83300000  27.83300000  27.83300000  27.83300000  27.83300000  24.88400000  26.10700000  26.58000000  26.56300000  26.50100000  26.42500000  26.36700000  26.95400000  27.09800000
 27.83300000  27.83300000  27.83300000  27.83300000  27.83300000  27.83300000  27.83300000  27.83300000  27.83300000  27.83300000  27.83300000  27.83300000  27.83300000  27.83300000  27.83300000  27.83300000  27.83300000  27.83300000  27.83300000  27.83300000  27.83300000  27.83300000  25.70300000  26.10600000  26.25200000  26.22400000  26.43500000  26.62100000  26.77700000  27.16700000
 27.83300000  27.83300000  27.83300000  27.83300000  27.83300000  27.83300000  27.83300000  27.83300000  27.83300000  27.83300000  27.83300000  27.83300000  27.83300000  27.83300000  27.83300000  27.83300000  27.83300000  27.83300000  27.83300000  27.83300000  27.83300000  27.83300000  27.83300000  25.69100000  26.29900000  26.43400000  26.42000000  26.58600000  26.73700000  27.16100000
 25.20300000  25.07100000  25.09600000  24.89600000  25.16700000  25.08700000  25.20700000  25.24700000  25.15500000  25.02400000  25.10800000  25.11100000  24.75500000  24.12600000  24.45800000  24.94500000  25.25800000  25.07600000  25.05400000  25.04100000  25.02300000  24.90900000  24.57300000  24.01800000  24.01300000  23.47900000  23.97500000  24.11800000  24.19800000  24.41000000
 25.08400000  25.07300000  24.61100000  25.06900000  25.11700000  25.05500000  24.98900000  24.96800000  25.01300000  25.09100000  25.06300000  24.72900000  23.98100000  24.53400000  24.74800000  25.31200000  24.96800000  24.98400000  25.01800000  24.98400000  24.91000000  24.80000000  24.56300000  23.98800000  24.57200000  25.23200000  25.10500000  25.13300000  24.71600000  24.56800000
 25.03600000  25.08300000  25.08000000  24.94900000  25.02200000  25.04600000  25.06100000  25.05900000  24.98700000  24.79300000  23.97700000  23.79400000  24.51200000  24.74300000  25.17600000  25.21000000  25.00300000  24.98200000  24.85100000  24.73000000  24.63200000  24.18000000  25.53500000  25.30100000  25.06900000  25.08500000  24.90400000  24.87100000  24.87100000  24.82800000
 24.40500000  25.08100000  25.21800000  25.03600000  24.78400000  24.85700000  24.66400000  23.94100000  23.99900000  24.07000000  24.27300000  24.58500000  24.70100000  25.07500000  25.35700000  25.08100000  24.97800000  24.85700000  24.64900000  24.26900000  25.40200000  25.44800000  25.49900000  25.56500000  25.60000000  25.31100000  25.01000000  24.89100000  24.92700000  25.03700000
 24.53100000  24.67600000  24.86800000  25.32100000  25.27300000  24.90000000  24.20000000  23.88700000  23.95500000  24.80800000  24.90100000  24.92500000  25.04300000  25.25400000  25.48900000  25.03800000  24.86700000  24.63200000  24.86000000  25.35000000  25.37900000  25.18000000  25.05200000  25.08800000  25.31200000  25.70700000  25.59300000  24.84000000  24.75200000  24.93900000
 24.58500000  24.18500000  24.25500000  24.48500000  25.61700000  25.50700000  25.26300000  25.18800000  25.15800000  25.15300000  25.13300000  25.15000000  25.14700000  25.22300000  25.52700000  25.15700000  24.55200000  25.07700000  25.34400000  25.28700000  25.08800000  24.88500000  24.68700000  24.85300000  25.12300000  25.65600000  26.01000000  25.58100000  24.72700000  24.93300000
 23.53000000  24.19300000  23.94000000  24.03400000  24.48400000  25.77000000  25.49100000  25.33800000  25.42700000  25.43700000  25.50200000  25.45000000  25.38500000  25.33000000  25.49300000  25.37100000  24.72300000  25.37800000  25.26800000  25.18900000  24.93900000  24.76200000  24.73300000  25.03500000  25.51300000  26.07300000  26.33800000  26.17300000  25.62200000  25.02500000
 22.81000000  23.40900000  23.90800000  23.31900000  23.88300000  24.19300000  25.71100000  26.05500000  25.63100000  25.31200000  25.37500000  25.42300000  25.42600000  25.43000000  25.44100000  25.41700000  24.97400000  25.27000000  25.32200000  25.19400000  25.16100000  25.15100000  25.31000000  25.86800000  25.98800000  26.06900000  26.32000000  26.35300000  25.67200000  25.82100000
 22.47200000  23.29600000  23.25600000  22.88100000  23.45400000  23.73400000  24.70000000  25.74700000  26.15400000  26.21800000  25.38000000  25.39000000  25.45100000  25.54500000  25.53400000  25.48300000  25.42400000  25.37200000  25.41500000  25.56800000  25.53100000  26.01600000  25.83800000  25.86100000  25.98300000  25.93400000  26.13600000  26.30000000  25.78400000  25.87800000
 19.42500000  18.51900000  18.90400000  21.17400000  22.99500000  23.37800000  23.75300000  25.16600000  25.56500000  25.92400000  25.91600000  25.32000000  25.40100000  25.43900000  25.42200000  25.58600000  25.58200000  25.59600000  25.48600000  26.24800000  26.34000000  26.13100000  25.94300000  26.09000000  26.25700000  26.21600000  26.26300000  26.00200000  25.70300000  25.88800000
 19.35600000  27.83300000  17.91700000  17.68000000  21.17900000  22.92100000  23.02000000  23.74200000  24.91000000  24.84000000  25.23300000  26.00000000  25.36700000  25.38400000  25.45100000  25.43600000  25.46000000  26.10400000  26.16000000  26.38500000  26.13000000  25.73600000  26.06600000  26.24900000  26.07000000  25.94600000  25.76900000  25.72000000  25.89600000  25.91400000
 27.83300000  27.83300000  27.83300000  27.83300000  19.09500000  20.57700000  21.51100000  22.65600000  23.63100000  24.61000000  23.77600000  24.29700000  25.18400000  25.83900000  25.98800000  26.00800000  25.83200000  25.55400000  26.27600000  26.38200000  25.75700000  26.00800000  26.01300000  26.06400000  26.31600000  26.18600000  25.73600000  25.99400000  25.91800000  25.79900000
 27.83300000  27.83300000  27.83300000  27.83300000  27.83300000  18.02100000  19.63200000  20.13100000  23.02100000  23.53900000  23.63600000  23.20500000  23.73900000  24.12700000  24.57500000  25.09400000  24.99700000  25.11600000  26.33500000  26.37400000  25.74400000  25.86900000  26.04400000  25.91400000  25.99600000  26.48200000  26.16800000  25.97500000  25.89400000  26.01600000
 27.83300000  27.83300000  27.83300000  27.83300000  27.83300000  27.83300000  27.83300000  18.09200000  17.39300000  18.91900000  21.97400000  21.70200000  20.60700000  22.53400000  23.39700000  24.00800000  24.60800000  24.31500000  26.02100000  26.38900000  26.40900000  25.80900000  25.92800000  25.89800000  26.13500000  26.56500000  26.57100000  26.01300000  26.17400000  25.96700000
 27.83300000  27.83300000  27.83300000  27.83300000  27.83300000  27.83300000  27.83300000  27.83300000  27.83300000  27.83300000  27.83300000  27.83300000  27.83300000  27.83300000  27.83300000  20.12600000  24.42000000  24.67500000  24.66000000  26.44500000  26.43700000  26.47300000  26.46600000  26.53400000  26.41100000  26.67200000  26.58800000  26.59900000  26.07900000  26.06000000
 27.83300000  27.83300000  27.83300000  27.83300000  27.83300000  27.83300000  27.83300000  27.83300000  27.83300000  27.83300000  27.83300000  27.83300000  27.83300000  27.83300000  27.83300000  27.83300000  23.69300000  24.30100000  24.77300000  25.38300000  26.40700000  26.47200000  26.57700000  26.28800000  26.66700000  26.72900000  26.60800000  26.63100000  26.67200000  26.68500000
 27.83300000  27.83300000  27.83300000  27.83300000  27.83300000  27.83300000  27.83300000  27.83300000  27.83300000  27.83300000  27.83300000  27.83300000  27.83300000  27.83300000  27.83300000  27.83300000  27.83300000  20.53000000  23.12900000  22.71300000  26.18600000  26.44100000  26.46300000  26.47000000  26.76900000  26.81000000  26.73600000  26.68400000  26.75400000  26.85300000
 27.83300000  27.83300000  27.83300000  27.83300000  27.83300000  27.83300000  27.83300000  27.83300000  27.83300000  27.83300000  27.83300000  27.83300000  27.83300000  27.83300000  27.83300000  27.83300000  27.83300000  27.83300000  27.83300000  25.01800000  24.71500000  26.59900000  26.46100000  26.62900000  26.74500000  26.76700000  26.79700000  26.70200000  26.83500000  26.85800000
 27.83300000  27.83300000  27.83300000  27.83300000  27.83300000  27.83300000  27.83300000  27.83300000  27.83300000  27.83300000  27.83300000  27.83300000  27.83300000  27.83300000  27.83300000  27.83300000  27.83300000  27.83300000  27.83300000  27.83300000  24.54800000  26.64100000  26.46400000  26.72700000  26.89300000  26.76400000  26.77500000  26.78900000  26.88100000  26.94900000
 27.83300000  27.83300000  27.83300000  27.83300000  27.83300000  27.83300000  27.83300000  27.83300000  27.83300000  27.83300000  27.83300000  27.83300000  27.83300000  27.83300000  27.83300000  27.83300000  27.83300000  27.83300000  27.83300000  27.83300000  22.89000000  26.66400000  26.54200000  26.83600000  26.74200000  26.87000000  26.87500000  26.88800000  26.88600000  27.00700000
 27.83300000  27.83300000  27.83300000  27.83300000  27.83300000  27.83300000  27.83300000  27.83300000  27.83300000  27.83300000  27.83300000  27.83300000  27.83300000  27.83300000  27.83300000  27.83300000  27.83300000  27.83300000  27.83300000  27.83300000  21.33400000  26.70500000  26.69900000  26.89500000  26.68800000  26.85900000  26.88800000  26.77000000  26.97800000  26.97400000
 27.83300000  27.83300000  27.83300000  27.83300000  27.83300000  27.83300000  27.83300000  27.83300000  27.83300000  27.83300000  27.83300000  27.83300000  27.83300000  27.83300000  27.83300000  27.83300000  27.83300000  27.83300000  27.83300000  27.83300000  22.93200000  26.56100000  26.84600000  26.83300000  26.71000000  26.84000000  26.71300000  26.59300000  26.87600000  27.06800000
 27.83300000  27.83300000  27.83300000  27.83300000  27.83300000  27.83300000  27.83300000  27.83300000  27.83300000  27.83300000  27.83300000  27.83300000  27.83300000  27.83300000  27.83300000  27.83300000  27.83300000  27.83300000  27.83300000  27.83300000  27.83300000  26.00700000  26.68100000  26.71800000  26.72500000  26.80300000  26.66200000  26.44300000  26.57800000  26.97700000
 27.83300000  27.83300000  27.83300000  27.83300000  27.83300000  27.83300000  27.83300000  27.83300000  27.83300000  27.83300000  27.83300000  27.83300000  27.83300000  27.83300000  27.83300000  27.83300000  27.83300000  27.83300000  27.83300000  27.83300000  27.83300000  24.46200000  26.49100000  26.66500000  26.73300000  26.72800000  26.63400000  26.45300000  26.63100000  27.07200000
 27.83300000  27.83300000  27.83300000  27.83300000  27.83300000  27.83300000  27.83300000  27.83300000  27.83300000  27.83300000  27.83300000  27.83300000  27.83300000  27.83300000  27.83300000  27.83300000  27.83300000  27.83300000  27.83300000  27.83300000  27.83300000  27.83300000  26.12800000  26.59400000  26.57700000  26.51700000  26.44100000  26.38300000  26.96800000  27.11700000
 27.83300000  27.83300000  27.83300000  27.83300000  27.83300000  27.83300000  27.83300000  27.83300000  27.83300000  27.83300000  27.83300000  27.83300000  27.83300000  27.83300000  27.83300000  27.83300000  27.83300000  27.83300000  27.83300000  27.83300000  27.83300000  27.83300000  25.71900000  26.12100000  26.26400000  26.23700000  26.45200000  26.63600000  26.79000000  27.18500000
 27.83300000  27.83300000  27.83300000  27.83300000  27.83300000  27.83300000  27.83300000  27.83300000  27.83300000  27.83300000  27.83300000  27.83300000  27.83300000  27.83300000  27.83300000  27.83300000  27.83300000  27.83300000  27.83300000  27.83300000  27.83300000  27.83300000  27.83300000  25.71900000  26.31700000  26.44600000  26.43600000  26.60000000  26.78400000  27.18100000
