36.98900000 36.92500000 36.92500000 37.00600000 37.20400000 37.21200000 37.23000000 37.23800000 37.19700000 37.16800000 37.10200000 36.98300000 36.86300000 36.64600000 36.82300000 36.89300000 37.05400000 37.02400000 37.06500000 37.03900000 36.99400000 36.97200000 36.82600000 36.53200000 36.55500000 36.34100000 36.60200000 36.61200000 36.59800000 36.74400000
36.92000000 36.84900000 36.91900000 37.16300000 37.16000000 37.17500000 37.18600000 37.17100000 37.14000000 37.06600000 36.96200000 36.84900000 36.58200000 36.89500000 36.88000000 37.10200000 36.99200000 37.08600000 37.04700000 37.01500000 36.96700000 36.88000000 36.79800000 36.63200000 36.87800000 37.12700000 37.05600000 37.08400000 36.97100000 36.92200000
36.92000000 36.95200000 36.92300000 37.09900000 37.11000000 37.07200000 37.06500000 37.03100000 36.96400000 36.88500000 36.61800000 36.47000000 36.90800000 36.89100000 36.94900000 37.08900000 37.01500000 37.05900000 36.97500000 36.90700000 36.84800000 36.69200000 37.25400000 37.14300000 37.01400000 37.06800000 36.99800000 36.99700000 36.93600000 36.86300000
36.39600000 37.07600000 37.03900000 36.88400000 37.01600000 37.02100000 36.93400000 36.59400000 36.64900000 36.70800000 36.82400000 36.93700000 36.90400000 36.92600000 36.99300000 37.01600000 37.00100000 36.98600000 36.89400000 36.72800000 37.21800000 37.27100000 37.24000000 37.24600000 37.26100000 37.16600000 36.98600000 36.87600000 36.81000000 36.83300000
35.81700000 36.97000000 37.01100000 37.19000000 37.00100000 36.88900000 36.73800000 36.56200000 36.62300000 36.96500000 36.94600000 36.93200000 36.93500000 36.93300000 37.03300000 36.98100000 36.95000000 36.88600000 36.96800000 37.23300000 37.23600000 37.18000000 37.15300000 37.16100000 37.18700000 37.25300000 37.28300000 36.79600000 36.61000000 36.64500000
35.57200000 36.76600000 36.79600000 36.81300000 37.29200000 37.11700000 36.94600000 36.88200000 36.84900000 36.83500000 36.82700000 36.84800000 36.86700000 36.90200000 37.04500000 37.03300000 36.78500000 37.03700000 37.22000000 37.22500000 37.16900000 37.06400000 36.99900000 37.05400000 37.16100000 37.22200000 37.32300000 37.27900000 36.68900000 36.64100000
35.90700000 36.59400000 36.54500000 36.69900000 36.84200000 37.34600000 37.06900000 36.92000000 36.96100000 36.97600000 37.03600000 37.01100000 37.00200000 37.01600000 37.04600000 37.14500000 36.88300000 37.18000000 37.21300000 37.19500000 37.11900000 37.01700000 37.01600000 37.13400000 37.19100000 37.36800000 37.45800000 37.40900000 37.25600000 36.73200000
35.61400000 36.00700000 36.52700000 36.24300000 36.51500000 36.70100000 37.30900000 37.39800000 37.14700000 36.91500000 36.93100000 36.97000000 37.01500000 37.03600000 37.03000000 37.11200000 36.99900000 37.14400000 37.19900000 37.19000000 37.17500000 37.17400000 37.16900000 37.26400000 37.39400000 37.40700000 37.45200000 37.46600000 37.28700000 37.30900000
35.37700000 35.54700000 35.76200000 35.97700000 36.45000000 36.26200000 37.05000000 37.32400000 37.41100000 37.42600000 36.98900000 36.96000000 36.99900000 37.07200000 37.05600000 37.15500000 37.19100000 37.18100000 37.19300000 37.25000000 37.11200000 37.32300000 37.29100000 37.33800000 37.39000000 37.38300000 37.43500000 37.47600000 37.30200000 37.25900000
35.27200000 35.67700000 35.58800000 35.69600000 35.98900000 36.11200000 36.36400000 37.17700000 37.26400000 37.33800000 37.25600000 36.95900000 36.97300000 36.97100000 37.03300000 37.22700000 37.24200000 37.24000000 37.04700000 37.35500000 37.37500000 37.34000000 37.35400000 37.36900000 37.43600000 37.45200000 37.46500000 37.35900000 37.28800000 37.23000000
35.00000000 35.30300000 35.71400000 35.45300000 35.59200000 35.92400000 35.74900000 36.44100000 37.13000000 37.05000000 37.14200000 37.34000000 36.98900000 36.98700000 37.00200000 37.06600000 37.07800000 37.34300000 37.33000000 37.37400000 37.32900000 37.27400000 37.36100000 37.32300000 37.33800000 37.34300000 37.32200000 37.28900000 37.26600000 37.17600000
37.59700000 37.59700000 37.59700000 35.29400000 35.47000000 35.57900000 35.64700000 35.64100000 36.51000000 37.03400000 36.49300000 36.77300000 37.03100000 37.29400000 37.33000000 37.32600000 37.25700000 37.13100000 37.33700000 37.37100000 37.23000000 37.34600000 37.27600000 37.28800000 37.37000000 37.36400000 37.27500000 37.34500000 37.21700000 37.15400000
37.59700000 37.59700000 37.59700000 37.59700000 35.29200000 35.52200000 35.57900000 35.62800000 36.05900000 36.44800000 36.49100000 36.26400000 36.58900000 36.41700000 36.69500000 37.13600000 37.05600000 36.98500000 37.35200000 37.40000000 37.20700000 37.27600000 37.25300000 37.23600000 37.30000000 37.39300000 37.36500000 37.32300000 37.23100000 37.18000000
37.59700000 37.59700000 37.59700000 37.59700000 37.59700000 37.59700000 35.44900000 35.59700000 35.67500000 35.91400000 36.13400000 36.15400000 36.17100000 36.22500000 36.21800000 36.09600000 36.60000000 36.94100000 37.20300000 37.43000000 37.39100000 37.21500000 37.22000000 37.19400000 37.33100000 37.38600000 37.45900000 37.33400000 37.39800000 37.21700000
37.59700000 37.59700000 37.59700000 37.59700000 37.59700000 37.59700000 37.59700000 37.59700000 37.59700000 37.59700000 37.59700000 37.59700000 36.08000000 36.11500000 36.06100000 36.04800000 36.45000000 36.97000000 36.99100000 37.35800000 37.43400000 37.41600000 37.39800000 37.40100000 37.36000000 37.37700000 37.42300000 37.47700000 37.34400000 37.39300000
37.59700000 37.59700000 37.59700000 37.59700000 37.59700000 37.59700000 37.59700000 37.59700000 37.59700000 37.59700000 37.59700000 37.59700000 37.59700000 37.59700000 37.59700000 36.02400000 36.48400000 36.62700000 36.96700000 37.08600000 37.34500000 37.42400000 37.42200000 37.36900000 37.32000000 37.37600000 37.40800000 37.45600000 37.52900000 37.55400000
37.59700000 37.59700000 37.59700000 37.59700000 37.59700000 37.59700000 37.59700000 37.59700000 37.59700000 37.59700000 37.59700000 37.59700000 37.59700000 37.59700000 37.59700000 37.59700000 36.00500000 36.15700000 36.88200000 36.75200000 37.29700000 37.39700000 37.41800000 37.36100000 37.34100000 37.38000000 37.38100000 37.42500000 37.41500000 37.56000000
37.59700000 37.59700000 37.59700000 37.59700000 37.59700000 37.59700000 37.59700000 37.59700000 37.59700000 37.59700000 37.59700000 37.59700000 37.59700000 37.59700000 37.59700000 37.59700000 37.59700000 37.59700000 36.18000000 37.01200000 36.83400000 37.36600000 37.42100000 37.32000000 37.35500000 37.36800000 37.38700000 37.33400000 37.37900000 37.48000000
37.59700000 37.59700000 37.59700000 37.59700000 37.59700000 37.59700000 37.59700000 37.59700000 37.59700000 37.59700000 37.59700000 37.59700000 37.59700000 37.59700000 37.59700000 37.59700000 37.59700000 37.59700000 37.59700000 36.93700000 36.79900000 37.37100000 37.37800000 37.34900000 37.43100000 37.38900000 37.37300000 37.34600000 37.37300000 37.40100000
37.59700000 37.59700000 37.59700000 37.59700000 37.59700000 37.59700000 37.59700000 37.59700000 37.59700000 37.59700000 37.59700000 37.59700000 37.59700000 37.59700000 37.59700000 37.59700000 37.59700000 37.59700000 37.59700000 36.76500000 36.82300000 37.37300000 37.31700000 37.39400000 37.40400000 37.43700000 37.40900000 37.36900000 37.35000000 37.41500000
37.59700000 37.59700000 37.59700000 37.59700000 37.59700000 37.59700000 37.59700000 37.59700000 37.59700000 37.59700000 37.59700000 37.59700000 37.59700000 37.59700000 37.59700000 37.59700000 37.59700000 37.59700000 37.59700000 36.82000000 36.99400000 37.38100000 37.33500000 37.41600000 37.39500000 37.41600000 37.42300000 37.34000000 37.37800000 37.35800000
37.59700000 37.59700000 37.59700000 37.59700000 37.59700000 37.59700000 37.59700000 37.59700000 37.59700000 37.59700000 37.59700000 37.59700000 37.59700000 37.59700000 37.59700000 37.59700000 37.59700000 37.59700000 37.59700000 36.31000000 36.69900000 37.31600000 37.40200000 37.38900000 37.39100000 37.37500000 37.34000000 37.29400000 37.29800000 37.37400000
37.59700000 37.59700000 37.59700000 37.59700000 37.59700000 37.59700000 37.59700000 37.59700000 37.59700000 37.59700000 37.59700000 37.59700000 37.59700000 37.59700000 37.59700000 37.59700000 37.59700000 37.59700000 37.59700000 37.59700000 36.65800000 37.14200000 37.34400000 37.36200000 37.37200000 37.34500000 37.31700000 37.30700000 37.29000000 37.32300000
37.59700000 37.59700000 37.59700000 37.59700000 37.59700000 37.59700000 37.59700000 37.59700000 37.59700000 37.59700000 37.59700000 37.59700000 37.59700000 37.59700000 37.59700000 37.59700000 37.59700000 37.59700000 37.59700000 37.59700000 37.59700000 36.72400000 37.28000000 37.35100000 37.35800000 37.33900000 37.32800000 37.29400000 37.29000000 37.32500000
37.59700000 37.59700000 37.59700000 37.59700000 37.59700000 37.59700000 37.59700000 37.59700000 37.59700000 37.59700000 37.59700000 37.59700000 37.59700000 37.59700000 37.59700000 37.59700000 37.59700000 37.59700000 37.59700000 37.59700000 37.59700000 36.48100000 37.12000000 37.31700000 37.32100000 37.31400000 37.27400000 37.21800000 37.29400000 37.31900000
37.59700000 37.59700000 37.59700000 37.59700000 37.59700000 37.59700000 37.59700000 37.59700000 37.59700000 37.59700000 37.59700000 37.59700000 37.59700000 37.59700000 37.59700000 37.59700000 37.59700000 37.59700000 37.59700000 37.59700000 37.59700000 37.59700000 36.82900000 37.12200000 37.19300000 37.17800000 37.21600000 37.28300000 37.26800000 37.30300000
37.59700000 37.59700000 37.59700000 37.59700000 37.59700000 37.59700000 37.59700000 37.59700000 37.59700000 37.59700000 37.59700000 37.59700000 37.59700000 37.59700000 37.59700000 37.59700000 37.59700000 37.59700000 37.59700000 37.59700000 37.59700000 37.59700000 37.59700000 36.62200000 37.16800000 37.22400000 37.23700000 37.24400000 37.23700000 37.29400000
36.98700000 36.92400000 36.92200000 37.00400000 37.20400000 37.21100000 37.22900000 37.23700000 37.19600000 37.16600000 37.10300000 36.98400000 36.86600000 36.65800000 36.82300000 36.89000000 37.05200000 37.02200000 37.06400000 37.03800000 36.99400000 36.97100000 36.82800000 36.52800000 36.55300000 36.33900000 36.60100000 36.61100000 36.59800000 36.74200000
36.92000000 36.84800000 36.91800000 37.16300000 37.16000000 37.17400000 37.18500000 37.17000000 37.14000000 37.06500000 36.96200000 36.84900000 36.58100000 36.89400000 36.88000000 37.10000000 36.99100000 37.08500000 37.04600000 37.01400000 36.96700000 36.88000000 36.79800000 36.63300000 36.87500000 37.12600000 37.05500000 37.08300000 36.97000000 36.92100000
36.92100000 36.95100000 36.92300000 37.09800000 37.10900000 37.07100000 37.06400000 37.03100000 36.96400000 36.88500000 36.61900000 36.47000000 36.90700000 36.89000000 36.94800000 37.08900000 37.01400000 37.05800000 36.97400000 36.90700000 36.84800000 36.69300000 37.25300000 37.14300000 37.01300000 37.06700000 36.99700000 36.99600000 36.93500000 36.86300000
36.68500000 37.07600000 37.03800000 36.88900000 37.01500000 37.02000000 36.93400000 36.59700000 36.64800000 36.70800000 36.82300000 36.93600000 36.90300000 36.92500000 36.99200000 37.01500000 37.00000000 36.98500000 36.89400000 36.72800000 37.21700000 37.27100000 37.24000000 37.24600000 37.26100000 37.16500000 36.98600000 36.87600000 36.81000000 36.83200000
36.68300000 36.97000000 37.01100000 37.19000000 37.00000000 36.88700000 36.73800000 36.56100000 36.62200000 36.96200000 36.94500000 36.93100000 36.93500000 36.93200000 37.03200000 36.98100000 36.94900000 36.88500000 36.96600000 37.23200000 37.23500000 37.18000000 37.15200000 37.16000000 37.18500000 37.25200000 37.28200000 36.79600000 36.60900000 36.64500000
36.62300000 36.76300000 36.79600000 36.81400000 37.29100000 37.11700000 36.94600000 36.88100000 36.84800000 36.83500000 36.82600000 36.84800000 36.86600000 36.90100000 37.04400000 37.03200000 36.78400000 37.03600000 37.22000000 37.22400000 37.16800000 37.06400000 36.99900000 37.05200000 37.16000000 37.22100000 37.32100000 37.27800000 36.68900000 36.64000000
35.90300000 36.59700000 36.54500000 36.69900000 36.84600000 37.34500000 37.06900000 36.91900000 36.96100000 36.97500000 37.03500000 37.01100000 37.00100000 37.01500000 37.04600000 37.14400000 36.88200000 37.17800000 37.21200000 37.19400000 37.11900000 37.01600000 37.01400000 37.13200000 37.19000000 37.36700000 37.45700000 37.40800000 37.25600000 36.74400000
35.66800000 36.09200000 36.52700000 36.24700000 36.51500000 36.74300000 37.30900000 37.39700000 37.14700000 36.91400000 36.93000000 36.97000000 37.01400000 37.03500000 37.02900000 37.11300000 36.99800000 37.14300000 37.19900000 37.18900000 37.17400000 37.17300000 37.16900000 37.26300000 37.39400000 37.40600000 37.45100000 37.46500000 37.28700000 37.31100000
35.96800000 35.65800000 35.81000000 35.98300000 36.45200000 36.26200000 37.04900000 37.32400000 37.41000000 37.42500000 36.98900000 36.95900000 36.99800000 37.07200000 37.05500000 37.15400000 37.19000000 37.18100000 37.19200000 37.25000000 37.11600000 37.32200000 37.29000000 37.33700000 37.38900000 37.38200000 37.43400000 37.47500000 37.30100000 37.26200000
36.06200000 35.86200000 35.89100000 36.32300000 36.14900000 36.12800000 36.41600000 37.17600000 37.26300000 37.33700000 37.25400000 36.95900000 36.97200000 36.97000000 37.03200000 37.22600000 37.24100000 37.24000000 37.04700000 37.35400000 37.37400000 37.33900000 37.35300000 37.36800000 37.43500000 37.45100000 37.46500000 37.35900000 37.28700000 37.23000000
35.84100000 37.59700000 35.83200000 35.79600000 36.38100000 36.25000000 35.80400000 36.50300000 37.12900000 37.05000000 37.14100000 37.33900000 36.98800000 36.98600000 37.00100000 37.06500000 37.07800000 37.34200000 37.32900000 37.37300000 37.32800000 37.27200000 37.36100000 37.32200000 37.33700000 37.34300000 37.32200000 37.28800000 37.26600000 37.17600000
37.59700000 37.59700000 37.59700000 37.59700000 35.75400000 36.25700000 36.09100000 35.79300000 36.51100000 37.03300000 36.49800000 36.77400000 37.03100000 37.29300000 37.32900000 37.32500000 37.25600000 37.13000000 37.33500000 37.37000000 37.22900000 37.34500000 37.27500000 37.28700000 37.37000000 37.36300000 37.27400000 37.34400000 37.21700000 37.15400000
37.59700000 37.59700000 37.59700000 37.59700000 37.59700000 35.76700000 35.77600000 35.96700000 36.35600000 36.47100000 36.49800000 36.26300000 36.59300000 36.50800000 36.73200000 37.13500000 37.05500000 36.98500000 37.35100000 37.39900000 37.20700000 37.27500000 37.25200000 37.23500000 37.29900000 37.39200000 37.36400000 37.32200000 37.23100000 37.18000000
37.59700000 37.59700000 37.59700000 37.59700000 37.59700000 37.59700000 37.59700000 35.76900000 35.75900000 35.99800000 36.34000000 36.28100000 36.21500000 36.44000000 36.35300000 36.12200000 36.60600000 36.93900000 37.20100000 37.42900000 37.39100000 37.21400000 37.21900000 37.19300000 37.33000000 37.38500000 37.45800000 37.33300000 37.39700000 37.21700000
37.59700000 37.59700000 37.59700000 37.59700000 37.59700000 37.59700000 37.59700000 37.59700000 37.59700000 37.59700000 37.59700000 37.59700000 37.59700000 37.59700000 37.59700000 36.21600000 36.44200000 36.96900000 36.97100000 37.35700000 37.43300000 37.41500000 37.39700000 37.40000000 37.36000000 37.37600000 37.42200000 37.47500000 37.34300000 37.39300000
37.59700000 37.59700000 37.59700000 37.59700000 37.59700000 37.59700000 37.59700000 37.59700000 37.59700000 37.59700000 37.59700000 37.59700000 37.59700000 37.59700000 37.59700000 37.59700000 36.45300000 36.63900000 36.96600000 37.08100000 37.34400000 37.42300000 37.42100000 37.36800000 37.31900000 37.37500000 37.40700000 37.45500000 37.52900000 37.55400000
37.59700000 37.59700000 37.59700000 37.59700000 37.59700000 37.59700000 37.59700000 37.59700000 37.59700000 37.59700000 37.59700000 37.59700000 37.59700000 37.59700000 37.59700000 37.59700000 37.59700000 36.28700000 36.51800000 36.57200000 37.29500000 37.39500000 37.41700000 37.36000000 37.34000000 37.37900000 37.38000000 37.42300000 37.41400000 37.55900000
37.59700000 37.59700000 37.59700000 37.59700000 37.59700000 37.59700000 37.59700000 37.59700000 37.59700000 37.59700000 37.59700000 37.59700000 37.59700000 37.59700000 37.59700000 37.59700000 37.59700000 37.59700000 37.59700000 37.00200000 36.83600000 37.36500000 37.42100000 37.32000000 37.35400000 37.36700000 37.38600000 37.33300000 37.37800000 37.47900000
37.59700000 37.59700000 37.59700000 37.59700000 37.59700000 37.59700000 37.59700000 37.59700000 37.59700000 37.59700000 37.59700000 37.59700000 37.59700000 37.59700000 37.59700000 37.59700000 37.59700000 37.59700000 37.59700000 37.59700000 36.79800000 37.36900000 37.37700000 37.34800000 37.43000000 37.38800000 37.37200000 37.34500000 37.37200000 37.40100000
37.59700000 37.59700000 37.59700000 37.59700000 37.59700000 37.59700000 37.59700000 37.59700000 37.59700000 37.59700000 37.59700000 37.59700000 37.59700000 37.59700000 37.59700000 37.59700000 37.59700000 37.59700000 37.59700000 37.59700000 36.62300000 37.37200000 37.31600000 37.39300000 37.40400000 37.43500000 37.40800000 37.36900000 37.34900000 37.41500000
37.59700000 37.59700000 37.59700000 37.59700000 37.59700000 37.59700000 37.59700000 37.59700000 37.59700000 37.59700000 37.59700000 37.59700000 37.59700000 37.59700000 37.59700000 37.59700000 37.59700000 37.59700000 37.59700000 37.59700000 36.44600000 37.38000000 37.33400000 37.41500000 37.39500000 37.41500000 37.42200000 37.33900000 37.37700000 37.35700000
37.59700000 37.59700000 37.59700000 37.59700000 37.59700000 37.59700000 37.59700000 37.59700000 37.59700000 37.59700000 37.59700000 37.59700000 37.59700000 37.59700000 37.59700000 37.59700000 37.59700000 37.59700000 37.59700000 37.59700000 36.57100000 37.31500000 37.40100000 37.38800000 37.39000000 37.37400000 37.33900000 37.29300000 37.29800000 37.37300000
37.59700000 37.59700000 37.59700000 37.59700000 37.59700000 37.59700000 37.59700000 37.59700000 37.59700000 37.59700000 37.59700000 37.59700000 37.59700000 37.59700000 37.59700000 37.59700000 37.59700000 37.59700000 37.59700000 37.59700000 37.59700000 37.13300000 37.34400000 37.36100000 37.37100000 37.34500000 37.31600000 37.30600000 37.28900000 37.32200000
37.59700000 37.59700000 37.59700000 37.59700000 37.59700000 37.59700000 37.59700000 37.59700000 37.59700000 37.59700000 37.59700000 37.59700000 37.59700000 37.59700000 37.59700000 37.59700000 37.59700000 37.59700000 37.59700000 37.59700000 37.59700000 36.70000000 37.28000000 37.35000000 37.35800000 37.33900000 37.32800000 37.29300000 37.28800000 37.32500000
37.59700000 37.59700000 37.59700000 37.59700000 37.59700000 37.59700000 37.59700000 37.59700000 37.59700000 37.59700000 37.59700000 37.59700000 37.59700000 37.59700000 37.59700000 37.59700000 37.59700000 37.59700000 37.59700000 37.59700000 37.59700000 37.59700000 37.12200000 37.31800000 37.32100000 37.31400000 37.27400000 37.21700000 37.29300000 37.31800000
37.59700000 37.59700000 37.59700000 37.59700000 37.59700000 37.59700000 37.59700000 37.59700000 37.59700000 37.59700000 37.59700000 37.59700000 37.59700000 37.59700000 37.59700000 37.59700000 37.59700000 37.59700000 37.59700000 37.59700000 37.59700000 37.59700000 36.82800000 37.12300000 37.19400000 37.17900000 37.21600000 37.28200000 37.26400000 37.30300000
37.59700000 37.59700000 37.59700000 37.59700000 37.59700000 37.59700000 37.59700000 37.59700000 37.59700000 37.59700000 37.59700000 37.59700000 37.59700000 37.59700000 37.59700000 37.59700000 37.59700000 37.59700000 37.59700000 37.59700000 37.59700000 37.59700000 37.59700000 36.62200000 37.16900000 37.22400000 37.23900000 37.24400000 37.23800000 37.29300000
