0.00000000 0.00000000 0.00000000 0.00000000 0.00000000 0.00000000 0.00000000 0.00000000 0.00000000 0.00000000 0.00000000 0.00000000 0.00000000 0.00000000 0.00000000 0.00000000 0.00000000 0.00000000 0.00000000 0.00000000 0.00000000 0.00000000 0.00000000 0.00000000 0.00000000 0.00000000 0.00000000 0.00000000 0.00000000 0.00000000
0.00000000 -0.30700000 -0.28900000 -0.27900000 -0.20400000 -0.13800000 -0.04500000 0.08000000 0.13100000 0.20400000 0.18000000 0.13200000 -0.02500000 -0.16500000 -0.24700000 -0.13100000 -0.09000000 -0.03100000 0.02200000 0.05300000 0.07000000 0.08000000 0.01300000 -0.08000000 -0.13600000 -0.10300000 -0.10000000 -0.08400000 -0.10000000 -0.09300000
0.00000000 -0.29300000 -0.26000000 -0.22000000 -0.13300000 -0.04800000 0.01200000 0.08300000 0.12000000 0.09600000 0.05300000 -0.03200000 -0.12500000 -0.16600000 -0.19300000 -0.08600000 -0.03200000 0.01400000 0.02800000 0.04100000 0.04300000 -0.04200000 -0.09800000 -0.12600000 -0.12500000 -0.11000000 -0.09300000 -0.08000000 -0.10900000 -0.09700000
0.00000000 -0.22100000 -0.27500000 -0.21300000 -0.08800000 0.01700000 0.06300000 0.02700000 -0.01300000 -0.04100000 -0.05900000 -0.06600000 -0.07800000 -0.12300000 -0.10900000 -0.04200000 0.00700000 0.02900000 0.01700000 -0.02500000 -0.00700000 0.00700000 -0.04800000 -0.13500000 -0.17100000 -0.10600000 -0.08500000 -0.07600000 -0.11300000 -0.07700000
0.00000000 -0.08000000 -0.18700000 -0.29100000 -0.17800000 -0.08400000 0.04200000 -0.00100000 -0.07300000 -0.10900000 -0.06800000 -0.02400000 -0.01000000 -0.05900000 -0.04300000 0.00800000 0.02800000 0.04600000 0.02200000 0.04100000 0.12600000 0.13600000 -0.04800000 -0.25900000 -0.32900000 -0.25100000 -0.11900000 -0.07000000 -0.07900000 -0.06100000
0.00000000 -0.01300000 -0.10500000 -0.28600000 -0.31400000 -0.15100000 -0.07500000 -0.03600000 -0.03500000 -0.02800000 0.01800000 0.02800000 0.03400000 0.02200000 0.00200000 0.07400000 0.07700000 0.06600000 0.07100000 0.15500000 0.22600000 0.15800000 -0.07200000 -0.34200000 -0.42400000 -0.31600000 -0.13600000 -0.02200000 -0.03500000 -0.08900000
0.00000000 -0.00000000 -0.13100000 -0.23800000 -0.32400000 -0.27700000 -0.15200000 -0.08300000 -0.03800000 -0.01400000 -0.00200000 0.00900000 0.07400000 0.11900000 0.06900000 0.14200000 0.11200000 0.08300000 0.08200000 0.14300000 0.18700000 0.04400000 -0.24900000 -0.42800000 -0.42000000 -0.22200000 -0.09700000 -0.01000000 0.00700000 -0.10100000
0.00000000 -0.18200000 -0.08100000 -0.23200000 -0.22700000 -0.32400000 -0.25600000 -0.15900000 -0.10800000 -0.07800000 -0.04500000 -0.01200000 0.06200000 0.15300000 0.15100000 0.19600000 0.15300000 0.07700000 0.05400000 0.05500000 0.00600000 -0.13400000 -0.30000000 -0.32600000 -0.22700000 -0.11000000 -0.01300000 0.06400000 0.06300000 -0.01200000
0.00000000 -0.08700000 -0.12600000 -0.20300000 -0.21900000 -0.19700000 -0.27100000 -0.21300000 -0.17800000 -0.14300000 -0.08900000 -0.05300000 0.01400000 0.11800000 0.16200000 0.20700000 0.15600000 0.07700000 0.00800000 -0.04800000 -0.14700000 -0.15600000 -0.19500000 -0.18300000 -0.12800000 -0.03900000 0.02100000 0.06300000 0.09100000 -0.05800000
0.00000000 -0.14600000 -0.39400000 -0.33800000 -0.26200000 -0.21500000 -0.20400000 -0.22700000 -0.23200000 -0.23200000 -0.20400000 -0.13000000 -0.04600000 0.04200000 0.13200000 0.15000000 0.13900000 0.05500000 -0.04000000 -0.10400000 -0.13200000 -0.12800000 -0.12700000 -0.09100000 -0.10000000 -0.06000000 -0.01300000 0.03900000 0.02000000 0.02400000
0.00000000 -0.15100000 -0.14100000 -0.52000000 -0.30300000 -0.21600000 -0.12500000 -0.22400000 -0.15000000 -0.24800000 -0.31500000 -0.27700000 -0.14300000 -0.01500000 0.07400000 0.11500000 0.10400000 0.02900000 -0.13000000 -0.21400000 -0.13500000 -0.11100000 -0.04000000 -0.09100000 -0.12100000 -0.04800000 0.02700000 0.04600000 0.00500000 0.02900000
0.00000000 0.00000000 0.00000000 -0.03500000 -0.29700000 -0.19700000 -0.14300000 -0.17800000 -0.16100000 -0.15400000 -0.23700000 -0.33900000 -0.29900000 -0.14000000 -0.00300000 0.08300000 0.02700000 -0.11000000 -0.33900000 -0.24700000 -0.13300000 -0.05100000 0.03200000 -0.03300000 -0.10300000 -0.01400000 0.05100000 0.07100000 0.01200000 0.06100000
0.00000000 0.00000000 0.00000000 0.00000000 -0.07900000 -0.27700000 -0.17900000 -0.25700000 -0.20300000 -0.15400000 -0.18000000 -0.21800000 -0.33400000 -0.24900000 -0.02500000 -0.05000000 -0.12200000 -0.34400000 -0.53900000 -0.32500000 -0.14000000 -0.00900000 0.07600000 -0.02200000 -0.12400000 -0.02700000 0.10800000 0.13400000 0.08300000 0.04700000
0.00000000 0.00000000 0.00000000 0.00000000 0.00000000 0.00000000 -0.04500000 -0.23400000 -0.24200000 -0.26700000 -0.18100000 -0.17000000 -0.32700000 -0.24500000 -0.09800000 -0.08900000 -0.14400000 -0.41100000 -0.66700000 -0.46900000 -0.17700000 -0.03200000 0.03800000 -0.03200000 -0.12100000 -0.07000000 0.07600000 0.15500000 0.12800000 0.04500000
0.00000000 0.00000000 0.00000000 0.00000000 0.00000000 0.00000000 0.00000000 0.00000000 0.00000000 0.00000000 0.00000000 0.00000000 -0.08700000 -0.08600000 -0.05200000 -0.30100000 -0.09000000 -0.24100000 -0.58300000 -0.58900000 -0.35200000 -0.14500000 -0.04100000 -0.06100000 -0.16300000 -0.08900000 0.01400000 0.08400000 0.12200000 0.09900000
0.00000000 0.00000000 0.00000000 0.00000000 0.00000000 0.00000000 0.00000000 0.00000000 0.00000000 0.00000000 0.00000000 0.00000000 0.00000000 0.00000000 0.00000000 -0.14200000 -0.03900000 -0.20000000 -0.35900000 -0.43900000 -0.46000000 -0.32100000 -0.12300000 -0.09400000 -0.10100000 -0.03400000 -0.01900000 -0.01100000 0.02100000 0.02800000
0.00000000 0.00000000 0.00000000 0.00000000 0.00000000 0.00000000 0.00000000 0.00000000 0.00000000 0.00000000 0.00000000 0.00000000 0.00000000 0.00000000 0.00000000 0.00000000 -0.01400000 -0.09500000 -0.36100000 -0.31000000 -0.46600000 -0.48800000 -0.27800000 -0.14800000 -0.04800000 -0.03900000 -0.03100000 -0.04500000 -0.07900000 -0.07100000
0.00000000 0.00000000 0.00000000 0.00000000 0.00000000 0.00000000 0.00000000 0.00000000 0.00000000 0.00000000 0.00000000 0.00000000 0.00000000 0.00000000 0.00000000 0.00000000 0.00000000 0.00000000 -0.24100000 -0.21400000 -0.13200000 -0.66100000 -0.36200000 -0.12400000 -0.08600000 -0.05500000 -0.03900000 -0.04700000 -0.11900000 -0.12300000
0.00000000 0.00000000 0.00000000 0.00000000 0.00000000 0.00000000 0.00000000 0.00000000 0.00000000 0.00000000 0.00000000 0.00000000 0.00000000 0.00000000 0.00000000 0.00000000 0.00000000 0.00000000 0.00000000 -0.16100000 -0.28700000 -0.80600000 -0.30700000 -0.10300000 -0.06900000 -0.13200000 -0.15900000 -0.13500000 -0.11100000 -0.11500000
0.00000000 0.00000000 0.00000000 0.00000000 0.00000000 0.00000000 0.00000000 0.00000000 0.00000000 0.00000000 0.00000000 0.00000000 0.00000000 0.00000000 0.00000000 0.00000000 0.00000000 0.00000000 0.00000000 -0.23800000 -0.78600000 -0.66400000 -0.25400000 -0.04300000 -0.07800000 -0.07100000 -0.08200000 -0.12500000 -0.14700000 -0.11900000
0.00000000 0.00000000 0.00000000 0.00000000 0.00000000 0.00000000 0.00000000 0.00000000 0.00000000 0.00000000 0.00000000 0.00000000 0.00000000 0.00000000 0.00000000 0.00000000 0.00000000 0.00000000 0.00000000 -0.21600000 -0.80000000 -0.54500000 -0.27500000 -0.06100000 -0.00600000 0.02400000 -0.02900000 -0.19100000 -0.22800000 -0.13200000
0.00000000 0.00000000 0.00000000 0.00000000 0.00000000 0.00000000 0.00000000 0.00000000 0.00000000 0.00000000 0.00000000 0.00000000 0.00000000 0.00000000 0.00000000 0.00000000 0.00000000 0.00000000 0.00000000 -0.19300000 -0.51200000 -0.51500000 -0.23600000 -0.03100000 -0.01400000 0.05500000 0.01100000 -0.11600000 -0.33500000 -0.17100000
0.00000000 0.00000000 0.00000000 0.00000000 0.00000000 0.00000000 0.00000000 0.00000000 0.00000000 0.00000000 0.00000000 0.00000000 0.00000000 0.00000000 0.00000000 0.00000000 0.00000000 0.00000000 0.00000000 0.00000000 -0.11800000 -0.49000000 -0.23100000 -0.07400000 -0.01600000 0.03200000 0.00400000 -0.15400000 -0.44100000 -0.32100000
0.00000000 0.00000000 0.00000000 0.00000000 0.00000000 0.00000000 0.00000000 0.00000000 0.00000000 0.00000000 0.00000000 0.00000000 0.00000000 0.00000000 0.00000000 0.00000000 0.00000000 0.00000000 0.00000000 0.00000000 0.00000000 -0.27500000 -0.29400000 -0.14200000 -0.06800000 -0.01000000 -0.04200000 -0.21100000 -0.40000000 -0.44300000
0.00000000 0.00000000 0.00000000 0.00000000 0.00000000 0.00000000 0.00000000 0.00000000 0.00000000 0.00000000 0.00000000 0.00000000 0.00000000 0.00000000 0.00000000 0.00000000 0.00000000 0.00000000 0.00000000 0.00000000 0.00000000 -0.07700000 -0.29300000 -0.13200000 0.01000000 0.03900000 -0.02400000 -0.10200000 -0.29700000 -0.42800000
0.00000000 0.00000000 0.00000000 0.00000000 0.00000000 0.00000000 0.00000000 0.00000000 0.00000000 0.00000000 0.00000000 0.00000000 0.00000000 0.00000000 0.00000000 0.00000000 0.00000000 0.00000000 0.00000000 0.00000000 0.00000000 0.00000000 -0.17000000 -0.11000000 -0.07000000 -0.07200000 -0.05800000 -0.09400000 -0.12600000 -0.54300000
0.00000000 0.00000000 0.00000000 0.00000000 0.00000000 0.00000000 0.00000000 0.00000000 0.00000000 0.00000000 0.00000000 0.00000000 0.00000000 0.00000000 0.00000000 0.00000000 0.00000000 0.00000000 0.00000000 0.00000000 0.00000000 0.00000000 0.00000000 -0.07700000 -0.12800000 -0.17300000 -0.14400000 -0.17700000 -0.07300000 -0.44700000
0.00000000 0.00000000 0.00000000 0.00000000 0.00000000 0.00000000 0.00000000 0.00000000 0.00000000 0.00000000 0.00000000 0.00000000 0.00000000 0.00000000 0.00000000 0.00000000 0.00000000 0.00000000 0.00000000 0.00000000 0.00000000 0.00000000 0.00000000 0.00000000 0.00000000 0.00000000 0.00000000 0.00000000 0.00000000 0.00000000
0.00000000 -0.27600000 -0.26300000 -0.25100000 -0.17700000 -0.11000000 -0.01800000 0.10100000 0.15500000 0.22400000 0.20200000 0.15000000 -0.01000000 -0.15300000 -0.23700000 -0.11900000 -0.07900000 -0.02100000 0.03300000 0.06300000 0.08100000 0.09100000 0.02400000 -0.06600000 -0.12300000 -0.09400000 -0.09300000 -0.07900000 -0.09600000 -0.08700000
0.00000000 -0.27200000 -0.22400000 -0.19200000 -0.10500000 -0.02000000 0.04000000 0.10800000 0.14200000 0.11500000 0.06900000 -0.01500000 -0.11000000 -0.15400000 -0.17900000 -0.07300000 -0.02000000 0.02300000 0.03900000 0.05300000 0.05600000 -0.02500000 -0.08200000 -0.11100000 -0.11200000 -0.10200000 -0.08700000 -0.07500000 -0.10500000 -0.09200000
0.00000000 -0.19500000 -0.25700000 -0.14900000 -0.06300000 0.04500000 0.08900000 0.05300000 0.00900000 -0.01800000 -0.04100000 -0.04900000 -0.06500000 -0.11000000 -0.09500000 -0.03000000 0.01800000 0.03900000 0.02800000 -0.01300000 0.00400000 0.02000000 -0.03400000 -0.12300000 -0.16100000 -0.10400000 -0.07700000 -0.07000000 -0.10700000 -0.07200000
0.00000000 -0.05300000 -0.15700000 -0.26500000 -0.15800000 0.01500000 0.06400000 0.02400000 -0.05400000 -0.08000000 -0.04900000 -0.00700000 0.00600000 -0.04500000 -0.03100000 0.01900000 0.03900000 0.05700000 0.03300000 0.05600000 0.14200000 0.14900000 -0.03400000 -0.24800000 -0.32200000 -0.24400000 -0.11200000 -0.06700000 -0.07700000 -0.06000000
0.00000000 0.04100000 -0.07200000 -0.24900000 -0.29100000 -0.12600000 -0.04800000 -0.01400000 -0.01600000 -0.00800000 0.03600000 0.04400000 0.05000000 0.03500000 0.01400000 0.08300000 0.08700000 0.07600000 0.08300000 0.17000000 0.23900000 0.17500000 -0.05500000 -0.32600000 -0.41900000 -0.31000000 -0.13200000 -0.01700000 -0.03600000 -0.08800000
0.00000000 0.04400000 -0.09300000 -0.20100000 -0.28500000 -0.25100000 -0.13000000 -0.05900000 -0.01700000 0.00700000 0.01900000 0.02600000 0.09100000 0.13300000 0.08100000 0.15400000 0.12200000 0.09300000 0.09500000 0.15700000 0.20200000 0.06000000 -0.23500000 -0.41900000 -0.41200000 -0.22000000 -0.09400000 -0.00700000 0.00800000 -0.08600000
0.00000000 -0.02900000 -0.03100000 -0.16700000 -0.18200000 -0.24300000 -0.23000000 -0.13700000 -0.09100000 -0.05800000 -0.02400000 0.00600000 0.07900000 0.16700000 0.16300000 0.20500000 0.16200000 0.08600000 0.06700000 0.06800000 0.02200000 -0.11900000 -0.28800000 -0.32100000 -0.22300000 -0.10700000 -0.01100000 0.06500000 0.06400000 -0.01200000
0.00000000 -0.02400000 -0.02300000 -0.11200000 -0.16200000 -0.15000000 -0.24400000 -0.18600000 -0.15300000 -0.12000000 -0.06900000 -0.03500000 0.03200000 0.13400000 0.17500000 0.21500000 0.16600000 0.08700000 0.01900000 -0.03900000 -0.12800000 -0.14700000 -0.18500000 -0.17700000 -0.12400000 -0.03700000 0.02200000 0.06300000 0.09000000 -0.04800000
0.00000000 -0.04900000 -0.06600000 -0.21800000 -0.12100000 -0.13300000 -0.09700000 -0.19900000 -0.20600000 -0.21000000 -0.18400000 -0.10900000 -0.02800000 0.06000000 0.14500000 0.16100000 0.14800000 0.06500000 -0.02800000 -0.09200000 -0.12100000 -0.12100000 -0.11900000 -0.08600000 -0.09600000 -0.05700000 -0.01000000 0.03800000 0.02100000 0.02400000
0.00000000 0.00000000 0.05600000 -0.19900000 -0.19100000 -0.08900000 -0.02600000 -0.10100000 -0.11700000 -0.22000000 -0.29300000 -0.26000000 -0.12300000 0.00200000 0.09000000 0.12800000 0.11700000 0.03600000 -0.12000000 -0.20400000 -0.12700000 -0.10400000 -0.03500000 -0.08600000 -0.11600000 -0.04600000 0.02600000 0.04700000 0.00400000 0.02700000
0.00000000 0.00000000 0.00000000 0.00000000 -0.11100000 -0.17400000 -0.04000000 -0.04900000 -0.12000000 -0.12100000 -0.19500000 -0.31500000 -0.27600000 -0.12400000 0.01300000 0.09700000 0.03700000 -0.10200000 -0.33200000 -0.24000000 -0.12800000 -0.04700000 0.03800000 -0.03100000 -0.10300000 -0.01000000 0.05100000 0.06800000 0.00900000 0.06100000
0.00000000 0.00000000 0.00000000 0.00000000 0.00000000 -0.14500000 -0.02200000 -0.14600000 -0.06700000 -0.09100000 -0.13400000 -0.19100000 -0.29500000 -0.17200000 0.03500000 -0.03500000 -0.10800000 -0.33600000 -0.53300000 -0.32200000 -0.13400000 -0.00600000 0.07900000 -0.02100000 -0.12300000 -0.02800000 0.10900000 0.13100000 0.07900000 0.04600000
0.00000000 0.00000000 0.00000000 0.00000000 0.00000000 0.00000000 0.00000000 0.04800000 0.04400000 -0.03300000 -0.01300000 -0.02400000 -0.14400000 -0.05000000 0.00100000 -0.04600000 -0.12100000 -0.40300000 -0.66300000 -0.46600000 -0.17600000 -0.02800000 0.04000000 -0.03200000 -0.12400000 -0.07200000 0.07400000 0.15300000 0.12300000 0.04100000
0.00000000 0.00000000 0.00000000 0.00000000 0.00000000 0.00000000 0.00000000 0.00000000 0.00000000 0.00000000 0.00000000 0.00000000 0.00000000 0.00000000 0.00000000 -0.10900000 -0.06800000 -0.22900000 -0.54500000 -0.58600000 -0.35200000 -0.14200000 -0.04000000 -0.06100000 -0.16100000 -0.09100000 0.01000000 0.08200000 0.12100000 0.09400000
0.00000000 0.00000000 0.00000000 0.00000000 0.00000000 0.00000000 0.00000000 0.00000000 0.00000000 0.00000000 0.00000000 0.00000000 0.00000000 0.00000000 0.00000000 0.00000000 -0.01000000 -0.18000000 -0.35300000 -0.43600000 -0.45900000 -0.32200000 -0.12400000 -0.09500000 -0.10100000 -0.03700000 -0.02100000 -0.01200000 0.01700000 0.02400000
0.00000000 0.00000000 0.00000000 0.00000000 0.00000000 0.00000000 0.00000000 0.00000000 0.00000000 0.00000000 0.00000000 0.00000000 0.00000000 0.00000000 0.00000000 0.00000000 0.00000000 0.02500000 -0.30400000 -0.24400000 -0.46800000 -0.48900000 -0.28100000 -0.14500000 -0.05100000 -0.04200000 -0.03500000 -0.04700000 -0.08200000 -0.07100000
0.00000000 0.00000000 0.00000000 0.00000000 0.00000000 0.00000000 0.00000000 0.00000000 0.00000000 0.00000000 0.00000000 0.00000000 0.00000000 0.00000000 0.00000000 0.00000000 0.00000000 0.00000000 0.00000000 -0.21600000 -0.11900000 -0.66600000 -0.36500000 -0.12400000 -0.09000000 -0.05900000 -0.04400000 -0.05100000 -0.12300000 -0.12500000
0.00000000 0.00000000 0.00000000 0.00000000 0.00000000 0.00000000 0.00000000 0.00000000 0.00000000 0.00000000 0.00000000 0.00000000 0.00000000 0.00000000 0.00000000 0.00000000 0.00000000 0.00000000 0.00000000 0.00000000 -0.28600000 -0.81600000 -0.30900000 -0.10800000 -0.07400000 -0.13600000 -0.16400000 -0.14100000 -0.11600000 -0.11900000
0.00000000 0.00000000 0.00000000 0.00000000 0.00000000 0.00000000 0.00000000 0.00000000 0.00000000 0.00000000 0.00000000 0.00000000 0.00000000 0.00000000 0.00000000 0.00000000 0.00000000 0.00000000 0.00000000 0.00000000 -0.42400000 -0.67300000 -0.25800000 -0.04900000 -0.08400000 -0.07600000 -0.08900000 -0.13200000 -0.15300000 -0.12500000
0.00000000 0.00000000 0.00000000 0.00000000 0.00000000 0.00000000 0.00000000 0.00000000 0.00000000 0.00000000 0.00000000 0.00000000 0.00000000 0.00000000 0.00000000 0.00000000 0.00000000 0.00000000 0.00000000 0.00000000 -0.43800000 -0.55700000 -0.28200000 -0.06800000 -0.01300000 0.01700000 -0.03500000 -0.19600000 -0.23400000 -0.13900000
0.00000000 0.00000000 0.00000000 0.00000000 0.00000000 0.00000000 0.00000000 0.00000000 0.00000000 0.00000000 0.00000000 0.00000000 0.00000000 0.00000000 0.00000000 0.00000000 0.00000000 0.00000000 0.00000000 0.00000000 -0.15400000 -0.52600000 -0.24500000 -0.03800000 -0.02100000 0.04800000 0.00500000 -0.12500000 -0.34400000 -0.17800000
0.00000000 0.00000000 0.00000000 0.00000000 0.00000000 0.00000000 0.00000000 0.00000000 0.00000000 0.00000000 0.00000000 0.00000000 0.00000000 0.00000000 0.00000000 0.00000000 0.00000000 0.00000000 0.00000000 0.00000000 0.00000000 -0.50500000 -0.24100000 -0.08400000 -0.02500000 0.02200000 -0.00800000 -0.16200000 -0.45100000 -0.33300000
0.00000000 0.00000000 0.00000000 0.00000000 0.00000000 0.00000000 0.00000000 0.00000000 0.00000000 0.00000000 0.00000000 0.00000000 0.00000000 0.00000000 0.00000000 0.00000000 0.00000000 0.00000000 0.00000000 0.00000000 0.00000000 -0.13600000 -0.30600000 -0.14800000 -0.07800000 -0.02300000 -0.05500000 -0.22300000 -0.40400000 -0.45500000
0.00000000 0.00000000 0.00000000 0.00000000 0.00000000 0.00000000 0.00000000 0.00000000 0.00000000 0.00000000 0.00000000 0.00000000 0.00000000 0.00000000 0.00000000 0.00000000 0.00000000 0.00000000 0.00000000 0.00000000 0.00000000 0.00000000 -0.30600000 -0.14100000 0.00100000 0.02700000 -0.03600000 -0.11500000 -0.30800000 -0.44400000
0.00000000 0.00000000 0.00000000 0.00000000 0.00000000 0.00000000 0.00000000 0.00000000 0.00000000 0.00000000 0.00000000 0.00000000 0.00000000 0.00000000 0.00000000 0.00000000 0.00000000 0.00000000 0.00000000 0.00000000 0.00000000 0.00000000 -0.18300000 -0.11700000 -0.07700000 -0.08100000 -0.06800000 -0.10400000 -0.14300000 -0.55700000
0.00000000 0.00000000 0.00000000 0.00000000 0.00000000 0.00000000 0.00000000 0.00000000 0.00000000 0.00000000 0.00000000 0.00000000 0.00000000 0.00000000 0.00000000 0.00000000 0.00000000 0.00000000 0.00000000 0.00000000 0.00000000 0.00000000 0.00000000 -0.09200000 -0.13400000 -0.18200000 -0.15400000 -0.18600000 -0.09500000 -0.45800000
