25.18800000 25.09700000 25.06000000 24.95200000 25.14600000 25.06800000 25.17800000 25.22300000 25.14500000 24.95300000 25.03700000 25.08900000 24.70700000 24.19800000 24.46600000 24.95200000 25.23600000 25.03200000 25.02200000 25.01500000 25.00600000 24.88100000 24.52600000 24.01100000 23.99900000 23.48500000 23.97300000 24.13500000 24.19300000 24.39900000
25.09600000 25.05100000 24.54200000 25.04300000 25.09000000 25.02400000 24.96200000 24.94400000 24.98500000 25.07000000 25.03600000 24.69400000 23.97300000 24.52200000 24.74700000 25.28500000 24.94400000 24.96300000 25.00200000 24.95900000 24.88600000 24.77300000 24.53700000 23.96300000 24.63500000 25.20900000 25.07200000 25.10100000 24.67000000 24.53100000
25.01800000 25.06500000 25.03900000 24.92300000 24.99400000 25.02500000 25.03800000 25.03500000 24.96600000 24.75700000 23.93900000 23.77600000 24.50200000 24.73300000 25.16500000 25.17200000 24.97600000 24.96400000 24.81400000 24.70800000 24.60400000 24.14900000 25.51000000 25.26200000 25.04000000 25.05600000 24.87600000 24.85200000 24.86100000 24.81400000
24.20600000 25.06700000 25.20700000 25.00300000 24.76100000 24.83000000 24.63200000 23.92300000 23.97900000 24.04800000 24.24700000 24.56100000 24.67900000 25.06000000 25.32600000 25.03400000 24.95000000 24.83200000 24.61400000 24.25100000 25.40400000 25.42400000 25.47700000 25.54000000 25.58300000 25.29500000 24.97900000 24.85800000 24.89400000 25.00200000
23.65500000 24.63300000 24.81900000 25.31100000 25.26500000 24.94800000 24.18500000 23.86900000 23.93700000 24.79100000 24.88000000 24.90100000 25.01400000 25.22700000 25.45900000 24.97600000 24.83900000 24.60100000 24.89200000 25.31700000 25.35400000 25.14600000 25.02000000 25.05500000 25.28300000 25.68400000 25.57800000 24.81500000 24.72600000 24.91200000
23.62600000 24.14900000 24.23300000 24.45600000 25.59400000 25.47900000 25.24000000 25.16800000 25.13700000 25.13000000 25.10700000 25.12300000 25.11800000 25.19200000 25.50200000 25.10900000 24.52600000 25.07600000 25.31100000 25.26200000 25.05400000 24.84900000 24.65200000 24.82500000 25.11000000 25.64900000 25.98500000 25.55600000 24.70400000 24.90700000
23.57900000 24.17100000 23.90200000 24.00400000 24.42500000 25.73900000 25.47200000 25.31700000 25.40500000 25.41200000 25.47400000 25.42200000 25.36000000 25.30300000 25.47000000 25.32000000 24.70300000 25.35300000 25.23800000 25.15600000 24.91100000 24.73800000 24.71700000 25.02400000 25.51500000 26.04900000 26.30400000 26.14700000 25.59600000 24.98800000
22.82300000 23.29700000 23.87400000 23.27600000 23.85400000 24.06700000 25.68100000 26.03100000 25.63100000 25.29000000 25.34900000 25.39900000 25.40000000 25.39700000 25.41500000 25.40400000 24.93400000 25.25500000 25.29000000 25.17100000 25.13600000 25.12800000 25.30700000 25.85300000 25.94700000 26.03000000 26.28800000 26.32600000 25.64600000 25.75700000
22.80900000 23.19100000 23.17600000 22.84100000 23.41300000 23.70400000 24.76300000 25.73800000 26.13400000 26.19000000 25.35100000 25.36800000 25.43000000 25.51000000 25.50000000 25.45600000 25.38700000 25.34200000 25.38800000 25.54500000 25.49700000 25.99500000 25.82300000 25.83300000 25.96400000 25.90700000 26.10700000 26.26900000 25.75800000 25.85300000
22.45100000 20.23300000 21.26300000 22.69400000 22.96300000 23.31800000 23.68300000 25.12100000 25.52100000 25.86000000 25.88500000 25.29500000 25.38300000 25.41100000 25.39700000 25.56300000 25.55100000 25.56900000 25.46300000 26.22300000 26.31400000 26.10200000 25.91700000 26.05900000 26.22900000 26.19100000 26.23600000 25.97400000 25.68000000 25.87500000
23.24900000 21.41700000 20.16900000 22.46000000 22.79400000 22.91500000 22.94000000 23.63500000 24.85500000 24.77600000 25.16500000 25.96300000 25.34200000 25.36400000 25.43000000 25.41300000 25.43900000 26.08500000 26.12900000 26.35900000 26.11700000 25.70800000 26.03400000 26.22400000 26.04500000 25.91300000 25.74500000 25.69700000 25.87300000 25.87700000
27.83300000 27.83300000 27.83300000 22.95400000 22.60400000 22.77700000 22.69000000 22.81600000 23.63700000 24.55600000 23.70200000 24.22800000 25.19900000 25.82200000 25.97000000 25.98300000 25.79600000 25.52500000 26.25700000 26.34700000 25.73700000 25.98400000 25.99100000 26.03600000 26.29000000 26.15200000 25.70500000 25.96900000 25.89900000 25.77000000
27.83300000 27.83300000 27.83300000 27.83300000 23.15500000 22.73500000 22.09300000 22.55100000 23.18500000 23.45000000 23.53800000 23.15100000 23.69700000 24.02300000 24.54700000 25.06000000 24.91800000 25.05300000 26.30400000 26.34600000 25.71500000 25.84400000 26.01900000 25.88700000 25.96800000 26.45400000 26.11900000 25.94400000 25.87000000 25.97900000
27.83300000 27.83300000 27.83300000 27.83300000 27.83300000 27.83300000 23.34100000 22.12900000 22.31700000 22.74300000 22.69400000 22.32700000 22.84700000 23.49400000 23.72000000 23.99400000 24.57200000 24.26000000 25.97700000 26.36200000 26.38500000 25.78300000 25.90300000 25.87400000 26.11500000 26.53700000 26.54300000 25.97800000 26.14700000 25.95200000
27.83300000 27.83300000 27.83300000 27.83300000 27.83300000 27.83300000 27.83300000 27.83300000 27.83300000 27.83300000 27.83300000 27.83300000 22.40500000 20.53900000 20.33800000 23.45900000 24.42700000 24.67000000 24.75100000 26.41700000 26.40700000 26.44800000 26.44300000 26.51000000 26.39600000 26.64500000 26.56000000 26.57100000 26.04200000 26.04600000
27.83300000 27.83300000 27.83300000 27.83300000 27.83300000 27.83300000 27.83300000 27.83300000 27.83300000 27.83300000 27.83300000 27.83300000 27.83300000 27.83300000 27.83300000 23.40700000 24.02900000 24.20300000 24.75000000 25.56200000 26.38300000 26.44400000 26.54500000 26.25700000 26.64800000 26.70000000 26.58200000 26.60300000 26.64400000 26.67100000
27.83300000 27.83300000 27.83300000 27.83300000 27.83300000 27.83300000 27.83300000 27.83300000 27.83300000 27.83300000 27.83300000 27.83300000 27.83300000 27.83300000 27.83300000 27.83300000 23.44100000 22.80800000 24.57100000 23.91800000 26.13000000 26.40700000 26.42400000 26.45500000 26.74100000 26.78000000 26.70700000 26.65500000 26.72800000 26.83500000
27.83300000 27.83300000 27.83300000 27.83300000 27.83300000 27.83300000 27.83300000 27.83300000 27.83300000 27.83300000 27.83300000 27.83300000 27.83300000 27.83300000 27.83300000 27.83300000 27.83300000 27.83300000 24.45100000 24.98500000 24.70700000 26.57000000 26.44200000 26.60900000 26.71500000 26.73800000 26.76700000 26.67600000 26.81300000 26.82600000
27.83300000 27.83300000 27.83300000 27.83300000 27.83300000 27.83300000 27.83300000 27.83300000 27.83300000 27.83300000 27.83300000 27.83300000 27.83300000 27.83300000 27.83300000 27.83300000 27.83300000 27.83300000 27.83300000 25.22400000 24.45600000 26.59800000 26.45400000 26.70400000 26.86200000 26.74100000 26.74800000 26.76700000 26.85800000 26.92300000
27.83300000 27.83300000 27.83300000 27.83300000 27.83300000 27.83300000 27.83300000 27.83300000 27.83300000 27.83300000 27.83300000 27.83300000 27.83300000 27.83300000 27.83300000 27.83300000 27.83300000 27.83300000 27.83300000 24.30900000 24.53600000 26.64600000 26.52500000 26.81500000 26.70900000 26.84900000 26.84800000 26.86200000 26.86200000 26.98400000
27.83300000 27.83300000 27.83300000 27.83300000 27.83300000 27.83300000 27.83300000 27.83300000 27.83300000 27.83300000 27.83300000 27.83300000 27.83300000 27.83300000 27.83300000 27.83300000 27.83300000 27.83300000 27.83300000 24.98800000 25.53100000 26.67600000 26.69400000 26.86400000 26.66400000 26.83100000 26.85200000 26.75400000 26.95200000 26.94700000
27.83300000 27.83300000 27.83300000 27.83300000 27.83300000 27.83300000 27.83300000 27.83300000 27.83300000 27.83300000 27.83300000 27.83300000 27.83300000 27.83300000 27.83300000 27.83300000 27.83300000 27.83300000 27.83300000 24.62500000 24.63700000 26.53200000 26.81700000 26.80100000 26.68500000 26.81300000 26.69200000 26.54700000 26.83200000 27.04300000
27.83300000 27.83300000 27.83300000 27.83300000 27.83300000 27.83300000 27.83300000 27.83300000 27.83300000 27.83300000 27.83300000 27.83300000 27.83300000 27.83300000 27.83300000 27.83300000 27.83300000 27.83300000 27.83300000 27.83300000 24.90400000 26.01600000 26.64700000 26.68900000 26.70100000 26.77400000 26.63200000 26.40900000 26.55700000 26.94400000
27.83300000 27.83300000 27.83300000 27.83300000 27.83300000 27.83300000 27.83300000 27.83300000 27.83300000 27.83300000 27.83300000 27.83300000 27.83300000 27.83300000 27.83300000 27.83300000 27.83300000 27.83300000 27.83300000 27.83300000 27.83300000 25.06600000 26.45300000 26.64000000 26.70500000 26.70200000 26.60900000 26.42400000 26.62400000 27.05000000
27.83300000 27.83300000 27.83300000 27.83300000 27.83300000 27.83300000 27.83300000 27.83300000 27.83300000 27.83300000 27.83300000 27.83300000 27.83300000 27.83300000 27.83300000 27.83300000 27.83300000 27.83300000 27.83300000 27.83300000 27.83300000 24.87000000 26.08300000 26.56400000 26.54600000 26.48700000 26.40400000 26.35200000 26.94200000 27.08900000
27.83300000 27.83300000 27.83300000 27.83300000 27.83300000 27.83300000 27.83300000 27.83300000 27.83300000 27.83300000 27.83300000 27.83300000 27.83300000 27.83300000 27.83300000 27.83300000 27.83300000 27.83300000 27.83300000 27.83300000 27.83300000 27.83300000 25.69700000 26.09000000 26.22200000 26.20000000 26.41900000 26.60700000 26.73100000 27.16700000
27.83300000 27.83300000 27.83300000 27.83300000 27.83300000 27.83300000 27.83300000 27.83300000 27.83300000 27.83300000 27.83300000 27.83300000 27.83300000 27.83300000 27.83300000 27.83300000 27.83300000 27.83300000 27.83300000 27.83300000 27.83300000 27.83300000 27.83300000 25.68600000 26.27900000 26.39100000 26.40200000 26.57600000 26.71900000 27.14000000
25.20000000 25.08400000 25.08000000 24.93600000 25.16200000 25.08200000 25.19500000 25.24100000 25.15500000 25.01500000 25.10500000 25.10700000 24.73600000 24.13400000 24.45900000 24.95100000 25.25100000 25.07100000 25.04900000 25.03300000 25.02000000 24.90600000 24.55400000 24.02100000 24.01200000 23.47800000 23.97600000 24.13200000 24.19700000 24.41300000
25.09300000 25.06800000 24.55400000 25.06000000 25.10700000 25.04100000 24.97900000 24.96100000 24.99800000 25.08400000 25.05300000 24.71400000 23.98600000 24.53500000 24.75800000 25.30500000 24.96000000 24.97800000 25.01800000 24.97800000 24.90100000 24.78900000 24.55700000 23.97900000 24.64600000 25.22400000 25.08800000 25.12000000 24.68800000 24.54400000
25.03100000 25.08000000 25.05200000 24.94000000 25.01100000 25.04100000 25.05400000 25.05100000 24.98200000 24.77700000 23.95400000 23.79000000 24.51400000 24.74500000 25.18100000 25.18800000 24.99300000 24.97300000 24.82800000 24.72300000 24.61900000 24.16400000 25.53000000 25.27900000 25.05600000 25.07100000 24.89200000 24.86900000 24.87800000 24.83300000
24.38900000 25.08400000 25.21800000 25.00700000 24.77800000 24.84700000 24.65000000 23.94300000 23.99300000 24.06300000 24.26100000 24.57500000 24.69300000 25.07400000 25.34500000 25.05000000 24.96700000 24.84800000 24.63100000 24.26200000 25.41700000 25.44000000 25.49400000 25.55600000 25.59700000 25.30800000 24.99500000 24.87500000 24.91000000 25.02200000
24.51400000 24.65100000 24.83900000 25.32800000 25.27800000 24.87300000 24.19500000 23.88300000 23.94900000 24.79600000 24.89200000 24.91500000 25.02800000 25.24200000 25.47600000 24.99400000 24.85700000 24.61600000 24.90500000 25.33600000 25.37100000 25.16300000 25.03500000 25.07100000 25.29600000 25.70000000 25.59500000 24.83100000 24.74100000 24.92800000
24.63600000 24.16800000 24.25000000 24.47700000 25.60900000 25.49600000 25.25700000 25.18400000 25.15200000 25.14500000 25.12300000 25.13900000 25.13500000 25.20900000 25.51800000 25.12500000 24.54200000 25.09200000 25.33100000 25.27800000 25.06900000 24.86600000 24.66800000 24.83900000 25.12300000 25.66300000 26.00400000 25.57600000 24.71600000 24.92300000
23.53300000 24.19300000 23.91800000 24.01800000 24.44900000 25.75600000 25.48900000 25.33300000 25.42100000 25.42700000 25.48900000 25.43900000 25.37800000 25.31800000 25.48700000 25.33800000 24.71800000 25.37100000 25.25500000 25.17300000 24.92800000 24.75500000 24.73300000 25.04100000 25.52700000 26.06700000 26.32400000 26.17000000 25.61300000 25.01500000
22.81100000 23.40200000 23.89100000 23.29600000 23.87000000 24.16000000 25.69800000 26.05100000 25.64500000 25.30500000 25.36300000 25.41600000 25.41900000 25.41500000 25.43200000 25.42200000 24.94800000 25.27000000 25.30600000 25.18700000 25.15300000 25.14600000 25.32000000 25.86700000 25.96600000 26.04900000 26.30800000 26.34800000 25.66800000 25.79200000
22.62000000 23.35500000 23.24000000 22.86200000 23.43000000 23.72000000 24.77300000 25.75400000 26.15100000 26.20700000 25.36600000 25.38300000 25.44400000 25.52500000 25.51700000 25.47400000 25.40300000 25.35700000 25.40300000 25.55600000 25.51900000 26.01100000 25.84300000 25.85000000 25.98100000 25.92600000 26.12600000 26.28800000 25.77900000 25.87100000
19.40600000 18.76900000 18.97600000 21.03600000 22.96600000 23.35200000 23.77300000 25.13700000 25.53800000 25.87600000 25.90000000 25.30900000 25.40000000 25.42700000 25.41400000 25.58100000 25.56700000 25.58500000 25.47600000 26.23900000 26.33300000 26.12200000 25.93300000 26.07400000 26.24900000 26.21100000 26.25500000 25.99200000 25.69400000 25.88500000
19.34600000 27.83300000 17.89800000 17.69500000 21.11000000 22.72600000 23.01700000 23.74100000 24.87300000 24.79500000 25.18200000 25.97900000 25.35800000 25.37900000 25.44600000 25.42900000 25.45700000 26.09900000 26.14700000 26.37800000 26.13800000 25.72300000 26.05200000 26.24300000 26.06800000 25.93200000 25.76200000 25.71200000 25.88900000 25.89200000
27.83300000 27.83300000 27.83300000 27.83300000 19.07200000 20.62900000 21.87600000 22.55100000 23.65500000 24.57400000 23.72600000 24.24500000 25.21800000 25.83900000 25.98700000 26.00200000 25.81200000 25.53900000 26.27200000 26.36600000 25.75200000 25.99700000 26.00400000 26.05400000 26.30700000 26.17300000 25.72100000 25.98500000 25.91400000 25.78200000
27.83300000 27.83300000 27.83300000 27.83300000 27.83300000 18.07100000 19.68700000 20.08300000 23.03800000 23.50600000 23.56300000 23.16400000 23.71700000 24.14300000 24.60500000 25.08000000 24.93600000 25.06800000 26.32000000 26.36300000 25.73400000 25.86100000 26.03300000 25.90400000 25.98300000 26.47200000 26.13900000 25.96000000 25.88500000 25.99400000
27.83300000 27.83300000 27.83300000 27.83300000 27.83300000 27.83300000 27.83300000 18.02300000 17.30100000 18.77600000 21.90500000 21.65800000 20.42100000 22.63100000 23.33500000 24.01100000 24.60000000 24.26900000 25.98900000 26.37800000 26.40300000 25.79900000 25.91900000 25.89100000 26.13300000 26.55500000 26.56100000 25.99800000 26.16300000 25.96100000
27.83300000 27.83300000 27.83300000 27.83300000 27.83300000 27.83300000 27.83300000 27.83300000 27.83300000 27.83300000 27.83300000 27.83300000 27.83300000 27.83300000 27.83300000 20.19700000 24.39300000 24.68900000 24.70400000 26.43400000 26.42200000 26.46500000 26.46000000 26.52600000 26.40800000 26.66300000 26.57900000 26.59000000 26.06100000 26.06000000
27.83300000 27.83300000 27.83300000 27.83300000 27.83300000 27.83300000 27.83300000 27.83300000 27.83300000 27.83300000 27.83300000 27.83300000 27.83300000 27.83300000 27.83300000 27.83300000 23.69400000 24.24700000 24.76700000 25.57100000 26.40400000 26.45900000 26.56300000 26.27500000 26.66000000 26.72000000 26.60000000 26.62300000 26.66100000 26.69700000
27.83300000 27.83300000 27.83300000 27.83300000 27.83300000 27.83300000 27.83300000 27.83300000 27.83300000 27.83300000 27.83300000 27.83300000 27.83300000 27.83300000 27.83300000 27.83300000 27.83300000 20.52300000 22.25100000 22.83000000 26.14400000 26.43100000 26.44300000 26.46800000 26.76000000 26.80000000 26.72600000 26.67700000 26.74800000 26.85200000
27.83300000 27.83300000 27.83300000 27.83300000 27.83300000 27.83300000 27.83300000 27.83300000 27.83300000 27.83300000 27.83300000 27.83300000 27.83300000 27.83300000 27.83300000 27.83300000 27.83300000 27.83300000 27.83300000 24.98000000 24.72700000 26.59200000 26.45900000 26.62400000 26.73200000 26.75600000 26.78600000 26.69500000 26.83400000 26.84600000
27.83300000 27.83300000 27.83300000 27.83300000 27.83300000 27.83300000 27.83300000 27.83300000 27.83300000 27.83300000 27.83300000 27.83300000 27.83300000 27.83300000 27.83300000 27.83300000 27.83300000 27.83300000 27.83300000 27.83300000 24.49000000 26.62200000 26.46700000 26.72100000 26.88000000 26.76100000 26.76500000 26.78600000 26.87700000 26.94100000
27.83300000 27.83300000 27.83300000 27.83300000 27.83300000 27.83300000 27.83300000 27.83300000 27.83300000 27.83300000 27.83300000 27.83300000 27.83300000 27.83300000 27.83300000 27.83300000 27.83300000 27.83300000 27.83300000 27.83300000 22.84400000 26.66400000 26.53800000 26.83100000 26.72700000 26.86700000 26.86500000 26.87900000 26.88000000 27.00500000
27.83300000 27.83300000 27.83300000 27.83300000 27.83300000 27.83300000 27.83300000 27.83300000 27.83300000 27.83300000 27.83300000 27.83300000 27.83300000 27.83300000 27.83300000 27.83300000 27.83300000 27.83300000 27.83300000 27.83300000 21.60100000 26.69200000 26.70900000 26.87900000 26.68000000 26.84600000 26.86900000 26.76400000 26.96400000 26.96700000
27.83300000 27.83300000 27.83300000 27.83300000 27.83300000 27.83300000 27.83300000 27.83300000 27.83300000 27.83300000 27.83300000 27.83300000 27.83300000 27.83300000 27.83300000 27.83300000 27.83300000 27.83300000 27.83300000 27.83300000 22.94300000 26.54900000 26.83300000 26.81700000 26.70000000 26.82800000 26.70600000 26.56200000 26.84500000 27.05800000
27.83300000 27.83300000 27.83300000 27.83300000 27.83300000 27.83300000 27.83300000 27.83300000 27.83300000 27.83300000 27.83300000 27.83300000 27.83300000 27.83300000 27.83300000 27.83300000 27.83300000 27.83300000 27.83300000 27.83300000 27.83300000 26.03400000 26.66200000 26.70600000 26.71700000 26.79100000 26.64800000 26.42200000 26.56900000 26.95900000
27.83300000 27.83300000 27.83300000 27.83300000 27.83300000 27.83300000 27.83300000 27.83300000 27.83300000 27.83300000 27.83300000 27.83300000 27.83300000 27.83300000 27.83300000 27.83300000 27.83300000 27.83300000 27.83300000 27.83300000 27.83300000 24.43200000 26.47000000 26.65600000 26.72100000 26.72000000 26.62800000 26.44100000 26.63200000 27.06300000
27.83300000 27.83300000 27.83300000 27.83300000 27.83300000 27.83300000 27.83300000 27.83300000 27.83300000 27.83300000 27.83300000 27.83300000 27.83300000 27.83300000 27.83300000 27.83300000 27.83300000 27.83300000 27.83300000 27.83300000 27.83300000 27.83300000 26.10500000 26.58200000 26.56300000 26.50300000 26.42000000 26.36900000 26.95500000 27.10700000
27.83300000 27.83300000 27.83300000 27.83300000 27.83300000 27.83300000 27.83300000 27.83300000 27.83300000 27.83300000 27.83300000 27.83300000 27.83300000 27.83300000 27.83300000 27.83300000 27.83300000 27.83300000 27.83300000 27.83300000 27.83300000 27.83300000 25.72300000 26.10600000 26.23800000 26.21600000 26.43500000 26.62300000 26.75300000 27.18100000
27.83300000 27.83300000 27.83300000 27.83300000 27.83300000 27.83300000 27.83300000 27.83300000 27.83300000 27.83300000 27.83300000 27.83300000 27.83300000 27.83300000 27.83300000 27.83300000 27.83300000 27.83300000 27.83300000 27.83300000 27.83300000 27.83300000 27.83300000 25.71600000 26.29800000 26.40500000 26.41900000 26.59100000 26.75800000 27.16000000
