 25.67300000  25.38000000  25.58800000  25.66400000  25.09700000  24.90600000  25.40100000  25.59700000  25.57300000  25.51200000  25.43400000  25.30800000  25.24500000  24.34400000  24.25500000  25.44900000  25.70300000  25.78500000  25.44200000  25.42600000  25.43900000  25.41400000  25.31100000  24.96500000  24.11300000  23.89100000  24.28000000  24.77600000  24.65200000  24.67300000
 25.37700000  25.24900000  25.47100000  25.32400000  24.58800000  25.30500000  25.50800000  25.50800000  25.44700000  25.37500000  25.24200000  25.08900000  24.14400000  24.17300000  24.87900000  25.27400000  25.70800000  25.43500000  25.42200000  25.38400000  25.40400000  25.29200000  25.10400000  24.54100000  23.77500000  24.40200000  24.54600000  24.57100000  24.95300000  25.21600000
 25.25600000  25.42000000  25.49300000  25.42700000  24.57300000  25.12100000  25.35000000  25.32600000  25.19700000  24.87300000  24.19200000  23.96600000  24.20200000  24.66200000  24.80900000  25.50300000  25.67600000  25.40200000  25.37900000  25.28200000  25.19700000  25.11000000  24.58700000  24.47300000  25.19000000  25.67600000  25.60400000  25.54800000  25.18900000  25.11200000
 24.75300000  25.35100000  25.46100000  25.54400000  25.09200000  24.48100000  24.49900000  24.21400000  24.05700000  24.27200000  24.63700000  24.85700000  24.91500000  24.87900000  24.92700000  25.64400000  25.68800000  25.35100000  25.28600000  25.17500000  24.93300000  24.79400000  25.64000000  25.91100000  25.97300000  25.71000000  25.54800000  25.40000000  25.33500000  25.44600000
 24.66400000  24.39800000  25.29700000  25.43500000  25.55500000  25.12900000  24.66600000  24.39100000  24.62100000  24.94400000  24.99400000  25.24500000  25.44300000  25.48200000  25.56000000  25.72700000  25.72300000  25.30700000  24.99900000  24.94600000  25.70100000  25.89700000  25.75100000  25.72700000  25.76900000  25.94500000  25.71900000  25.45000000  25.36400000  25.31200000
 24.24200000  24.02500000  25.02800000  25.44400000  25.46700000  25.54800000  25.64800000  25.52200000  25.54100000  25.65300000  25.62200000  25.66200000  25.85000000  25.93600000  25.96200000  25.80600000  25.71500000  25.52700000  25.30600000  25.74700000  25.76000000  25.63300000  25.52900000  25.40200000  25.57700000  25.89000000  25.95000000  26.06400000  25.36900000  25.16800000
 24.02700000  23.69300000  24.82400000  25.11000000  25.52300000  25.57300000  25.51900000  25.50600000  25.51500000  25.57600000  25.76800000  25.82300000  25.82500000  25.90100000  25.98100000  25.80800000  25.83400000  25.83100000  25.69200000  25.72300000  25.56600000  25.38200000  25.09100000  25.01200000  25.35500000  25.77400000  26.17400000  26.06600000  26.11200000  25.56800000
 23.91200000  23.62000000  24.41100000  24.50400000  25.06100000  25.67800000  25.81500000  25.69500000  25.71400000  25.78300000  25.92900000  25.89400000  25.87900000  25.95100000  25.98900000  25.81800000  25.91600000  25.92300000  25.77700000  25.66200000  25.58800000  25.44300000  25.31200000  25.38800000  25.64300000  26.10000000  26.52300000  26.42900000  25.98500000  26.16300000
 23.68700000  24.01500000  24.15800000  24.46200000  24.28400000  24.64000000  25.17000000  26.02400000  25.77800000  25.77100000  25.87200000  25.88300000  25.87600000  25.87500000  25.84800000  25.84700000  25.89600000  26.02700000  26.09000000  26.11100000  25.94900000  25.81700000  25.84300000  26.07000000  26.46800000  26.93300000  26.80800000  26.53600000  25.99600000  26.23800000
 23.44800000  23.28200000  23.78700000  24.05900000  24.11500000  24.25500000  24.31500000  24.87100000  26.26100000  26.28000000  26.08900000  25.94300000  25.77300000  25.71800000  25.77600000  25.83300000  25.80500000  25.88900000  26.00200000  26.93500000  26.96200000  26.93500000  26.96000000  26.93100000  26.70200000  26.55700000  26.71000000  26.27200000  26.05900000  26.23800000
 24.35400000  23.49400000  23.60600000  23.67400000  23.63000000  23.72600000  24.08500000  24.17000000  24.59500000  25.69500000  26.46800000  26.65900000  26.72000000  26.66000000  25.94300000  25.72300000  25.97400000  26.75500000  26.34500000  26.31000000  26.39600000  26.36300000  26.34100000  26.44000000  26.53000000  26.62100000  26.45000000  26.02600000  26.38800000  26.31500000
 27.83300000  27.83300000  27.83300000  24.16500000  23.57000000  23.41700000  23.61800000  23.64400000  23.80100000  24.28000000  24.90900000  26.10500000  26.04000000  26.34800000  26.52300000  26.37400000  26.09800000  25.76300000  26.22100000  26.86400000  26.17700000  26.39800000  26.50200000  26.23900000  26.24600000  26.46800000  26.56800000  26.30500000  26.52200000  26.41500000
 27.83300000  27.83300000  27.83300000  27.83300000  23.91600000  23.69100000  23.39400000  23.55200000  23.47600000  23.81500000  24.41200000  25.26000000  25.53100000  24.73000000  24.52300000  25.06700000  25.03800000  24.75400000  26.51600000  26.83000000  26.06600000  26.24600000  26.16900000  26.42600000  26.57600000  26.75900000  26.55900000  26.30000000  26.55000000  26.41700000
 27.83300000  27.83300000  27.83300000  27.83300000  27.83300000  27.83300000  24.62600000  24.07500000  23.42700000  23.47100000  23.74200000  23.80500000  24.25600000  23.88900000  23.36600000  23.83800000  24.54100000  24.63700000  26.22800000  26.87500000  26.45900000  26.05900000  26.23100000  26.30700000  26.35300000  26.76500000  26.98800000  26.75100000  26.28300000  26.41300000
 27.83300000  27.83300000  27.83300000  27.83300000  27.83300000  27.83300000  27.83300000  27.83300000  27.83300000  27.83300000  27.83300000  27.83300000  23.41000000  23.29300000  22.89400000  23.62600000  24.21300000  24.58800000  25.72400000  26.44800000  26.96800000  26.91200000  26.39700000  26.23800000  26.35000000  26.88700000  27.01800000  27.09700000  26.83700000  26.38800000
 27.83300000  27.83300000  27.83300000  27.83300000  27.83300000  27.83300000  27.83300000  27.83300000  27.83300000  27.83300000  27.83300000  27.83300000  27.83300000  27.83300000  27.83300000  23.77200000  24.07600000  24.62500000  25.20200000  25.98000000  26.55900000  26.98700000  26.90400000  27.01200000  26.46000000  26.96700000  27.06100000  27.01800000  27.10500000  27.19100000
 27.83300000  27.83300000  27.83300000  27.83300000  27.83300000  27.83300000  27.83300000  27.83300000  27.83300000  27.83300000  27.83300000  27.83300000  27.83300000  27.83300000  27.83300000  27.83300000  24.04700000  24.29700000  25.45700000  25.56900000  25.32200000  26.86700000  26.92000000  27.01600000  26.63600000  27.01700000  27.17200000  27.01200000  27.01100000  27.21100000
 27.83300000  27.83300000  27.83300000  27.83300000  27.83300000  27.83300000  27.83300000  27.83300000  27.83300000  27.83300000  27.83300000  27.83300000  27.83300000  27.83300000  27.83300000  27.83300000  27.83300000  27.83300000  23.44800000  25.63500000  25.81000000  25.75400000  26.91900000  26.99200000  26.75800000  27.09300000  27.24100000  27.20400000  27.07400000  27.06200000
 27.83300000  27.83300000  27.83300000  27.83300000  27.83300000  27.83300000  27.83300000  27.83300000  27.83300000  27.83300000  27.83300000  27.83300000  27.83300000  27.83300000  27.83300000  27.83300000  27.83300000  27.83300000  27.83300000  25.87700000  25.60100000  26.30600000  26.91300000  26.98700000  26.83000000  27.13900000  27.19700000  27.18100000  27.19700000  27.15100000
 27.83300000  27.83300000  27.83300000  27.83300000  27.83300000  27.83300000  27.83300000  27.83300000  27.83300000  27.83300000  27.83300000  27.83300000  27.83300000  27.83300000  27.83300000  27.83300000  27.83300000  27.83300000  27.83300000  25.98600000  22.22400000  26.44200000  26.88600000  26.82700000  26.99300000  27.27300000  27.35100000  27.20100000  27.18600000  27.23600000
 27.83300000  27.83300000  27.83300000  27.83300000  27.83300000  27.83300000  27.83300000  27.83300000  27.83300000  27.83300000  27.83300000  27.83300000  27.83300000  27.83300000  27.83300000  27.83300000  27.83300000  27.83300000  27.83300000  25.91500000  23.05700000  26.47300000  26.95600000  26.85900000  27.16500000  27.32300000  27.09700000  27.26400000  27.26000000  27.23800000
 27.83300000  27.83300000  27.83300000  27.83300000  27.83300000  27.83300000  27.83300000  27.83300000  27.83300000  27.83300000  27.83300000  27.83300000  27.83300000  27.83300000  27.83300000  27.83300000  27.83300000  27.83300000  27.83300000  25.58500000  23.47200000  26.35900000  27.16600000  27.04200000  27.31500000  27.10800000  27.09300000  27.27300000  27.28200000  27.33400000
 27.83300000  27.83300000  27.83300000  27.83300000  27.83300000  27.83300000  27.83300000  27.83300000  27.83300000  27.83300000  27.83300000  27.83300000  27.83300000  27.83300000  27.83300000  27.83300000  27.83300000  27.83300000  27.83300000  27.83300000  25.85600000  25.34100000  27.02100000  27.23800000  27.15200000  27.07300000  27.25900000  27.21200000  27.34100000  27.36900000
 27.83300000  27.83300000  27.83300000  27.83300000  27.83300000  27.83300000  27.83300000  27.83300000  27.83300000  27.83300000  27.83300000  27.83300000  27.83300000  27.83300000  27.83300000  27.83300000  27.83300000  27.83300000  27.83300000  27.83300000  27.83300000  24.49500000  26.26400000  27.06800000  27.09300000  27.05300000  27.19300000  27.06800000  27.09500000  27.33600000
 27.83300000  27.83300000  27.83300000  27.83300000  27.83300000  27.83300000  27.83300000  27.83300000  27.83300000  27.83300000  27.83300000  27.83300000  27.83300000  27.83300000  27.83300000  27.83300000  27.83300000  27.83300000  27.83300000  27.83300000  27.83300000  25.92800000  26.31100000  26.83300000  26.98700000  27.01600000  26.94800000  26.90200000  26.89400000  27.04200000
 27.83300000  27.83300000  27.83300000  27.83300000  27.83300000  27.83300000  27.83300000  27.83300000  27.83300000  27.83300000  27.83300000  27.83300000  27.83300000  27.83300000  27.83300000  27.83300000  27.83300000  27.83300000  27.83300000  27.83300000  27.83300000  27.83300000  26.40400000  26.85300000  26.64100000  26.75500000  26.73900000  26.83900000  26.84200000  27.20500000
 27.83300000  27.83300000  27.83300000  27.83300000  27.83300000  27.83300000  27.83300000  27.83300000  27.83300000  27.83300000  27.83300000  27.83300000  27.83300000  27.83300000  27.83300000  27.83300000  27.83300000  27.83300000  27.83300000  27.83300000  27.83300000  27.83300000  27.83300000  26.27300000  26.94500000  26.83000000  26.94800000  26.98200000  27.11300000  27.35000000
 25.72600000  25.37900000  25.62200000  25.70800000  25.17600000  24.94200000  25.41300000  25.60900000  25.58800000  25.54000000  25.44800000  25.33300000  25.28900000  24.35100000  24.26900000  25.45200000  25.72900000  25.81400000  25.47500000  25.48000000  25.44900000  25.42000000  25.29300000  24.95700000  24.11600000  23.88700000  24.28500000  24.73300000  24.66100000  24.68500000
 25.39500000  25.26300000  25.48900000  25.34000000  24.60300000  25.32300000  25.52600000  25.52700000  25.46600000  25.39200000  25.26000000  25.10300000  24.15500000  24.18600000  24.89500000  25.29000000  25.72300000  25.45000000  25.43700000  25.40100000  25.41900000  25.30600000  25.11600000  24.55200000  23.78800000  24.41700000  24.55900000  24.58300000  24.97600000  25.25100000
 25.27300000  25.44000000  25.51200000  25.44600000  24.58800000  25.13700000  25.36700000  25.34300000  25.21200000  24.88500000  24.20500000  23.98000000  24.21500000  24.67600000  24.82300000  25.51800000  25.69000000  25.41700000  25.39300000  25.29700000  25.21000000  25.12300000  24.60200000  24.48300000  25.20900000  25.69400000  25.62000000  25.56100000  25.20300000  25.12900000
 24.79000000  25.37000000  25.47400000  25.56200000  25.10900000  24.49500000  24.51300000  24.22700000  24.07000000  24.28400000  24.65100000  24.87300000  24.93100000  24.89300000  24.94200000  25.65700000  25.70400000  25.36600000  25.30000000  25.19000000  24.94700000  24.80700000  25.65400000  25.92600000  25.98800000  25.72500000  25.56500000  25.41600000  25.35000000  25.46300000
 24.61500000  24.45500000  25.31600000  25.44900000  25.57000000  25.14300000  24.68200000  24.40300000  24.63700000  24.96000000  25.01000000  25.26200000  25.46100000  25.50000000  25.57600000  25.74200000  25.73800000  25.31900000  25.01100000  24.95900000  25.71600000  25.91100000  25.76200000  25.74600000  25.78800000  25.96100000  25.73600000  25.46500000  25.37900000  25.32700000
 24.09700000  24.07500000  25.04800000  25.46500000  25.48300000  25.56500000  25.66500000  25.54100000  25.56100000  25.67000000  25.63800000  25.67900000  25.86600000  25.95100000  25.97900000  25.82300000  25.73000000  25.54400000  25.31800000  25.76200000  25.77400000  25.64700000  25.54600000  25.42300000  25.59500000  25.90500000  25.96600000  26.07800000  25.38300000  25.17900000
 23.99400000  24.18000000  24.86600000  25.12900000  25.54200000  25.59200000  25.53600000  25.52300000  25.53200000  25.59200000  25.78500000  25.83700000  25.84100000  25.91700000  25.99700000  25.82300000  25.85000000  25.84700000  25.70600000  25.74000000  25.58300000  25.39700000  25.10500000  25.02800000  25.37000000  25.78800000  26.18800000  26.08100000  26.12800000  25.58200000
 23.66500000  23.36600000  25.14900000  24.52600000  25.08200000  25.69500000  25.83300000  25.71400000  25.73200000  25.80200000  25.94800000  25.91200000  25.89600000  25.96800000  26.00600000  25.83500000  25.93300000  25.94100000  25.79500000  25.68000000  25.60400000  25.46000000  25.33000000  25.40400000  25.65800000  26.11600000  26.53800000  26.44300000  25.99600000  26.17600000
 21.21400000  21.68600000  24.62200000  24.48700000  24.30600000  24.65900000  25.18700000  26.04100000  25.79700000  25.79000000  25.89100000  25.90200000  25.89400000  25.89300000  25.86600000  25.86500000  25.91300000  26.04600000  26.10700000  26.12800000  25.97000000  25.83800000  25.86300000  26.08900000  26.48600000  26.94800000  26.82100000  26.54700000  26.00600000  26.24600000
 20.12500000  20.45400000  23.72300000  24.07900000  24.13500000  24.26900000  24.33500000  24.88900000  26.27800000  26.29900000  26.11000000  25.96200000  25.79200000  25.73600000  25.79300000  25.85000000  25.82300000  25.90500000  26.01900000  26.94800000  26.97700000  26.95000000  26.97500000  26.94400000  26.71300000  26.57000000  26.72100000  26.28000000  26.06800000  26.24500000
 22.13300000  27.83300000  21.37800000  22.00000000  23.28600000  23.65300000  24.11500000  24.49000000  24.62200000  25.70800000  26.48700000  26.68300000  26.74200000  26.67300000  25.96400000  25.74100000  25.99600000  26.76800000  26.36200000  26.32700000  26.41000000  26.37500000  26.35400000  26.45200000  26.54300000  26.63200000  26.45600000  26.03800000  26.39800000  26.32200000
 27.83300000  27.83300000  27.83300000  27.83300000  20.89100000  21.38700000  22.62900000  23.29700000  23.51900000  24.34800000  24.91900000  26.12500000  26.05700000  26.36200000  26.53900000  26.39100000  26.11200000  25.77400000  26.23200000  26.87800000  26.18800000  26.41100000  26.51300000  26.24600000  26.25300000  26.47300000  26.57700000  26.31500000  26.52800000  26.42000000
 27.83300000  27.83300000  27.83300000  27.83300000  27.83300000  20.76800000  20.29600000  21.15300000  21.80500000  23.02300000  24.40200000  25.25600000  25.55300000  24.75000000  24.53500000  25.08500000  25.05100000  24.78400000  26.53000000  26.84200000  26.07400000  26.25400000  26.17600000  26.43500000  26.58200000  26.76400000  26.56200000  26.30400000  26.55500000  26.42100000
 27.83300000  27.83300000  27.83300000  27.83300000  27.83300000  27.83300000  27.83300000  23.56500000  21.31700000  20.93800000  22.47000000  23.68800000  24.22300000  23.69800000  23.02000000  23.67400000  24.55100000  24.66500000  26.23800000  26.88600000  26.46700000  26.06700000  26.24000000  26.31400000  26.35900000  26.77300000  26.99600000  26.75100000  26.28500000  26.41500000
 27.83300000  27.83300000  27.83300000  27.83300000  27.83300000  27.83300000  27.83300000  27.83300000  27.83300000  27.83300000  27.83300000  27.83300000  27.83300000  27.83300000  27.83300000  20.40900000  24.17400000  24.56900000  25.73300000  26.45500000  26.97700000  26.92000000  26.40300000  26.24500000  26.35700000  26.89500000  27.02300000  27.10100000  26.83900000  26.39100000
 27.83300000  27.83300000  27.83300000  27.83300000  27.83300000  27.83300000  27.83300000  27.83300000  27.83300000  27.83300000  27.83300000  27.83300000  27.83300000  27.83300000  27.83300000  27.83300000  22.94500000  23.21400000  25.21700000  25.98800000  26.56300000  26.99300000  26.91100000  27.01600000  26.46400000  26.97300000  27.06300000  27.02800000  27.11500000  27.19400000
 27.83300000  27.83300000  27.83300000  27.83300000  27.83300000  27.83300000  27.83300000  27.83300000  27.83300000  27.83300000  27.83300000  27.83300000  27.83300000  27.83300000  27.83300000  27.83300000  27.83300000  21.31100000  24.61000000  25.50800000  25.24100000  26.87200000  26.92400000  27.02400000  26.63800000  27.01600000  27.17500000  27.01500000  27.01700000  27.21600000
 27.83300000  27.83300000  27.83300000  27.83300000  27.83300000  27.83300000  27.83300000  27.83300000  27.83300000  27.83300000  27.83300000  27.83300000  27.83300000  27.83300000  27.83300000  27.83300000  27.83300000  27.83300000  27.83300000  25.36300000  25.77600000  25.64700000  26.92500000  26.99900000  26.75500000  27.09100000  27.24400000  27.21000000  27.08200000  27.06900000
 27.83300000  27.83300000  27.83300000  27.83300000  27.83300000  27.83300000  27.83300000  27.83300000  27.83300000  27.83300000  27.83300000  27.83300000  27.83300000  27.83300000  27.83300000  27.83300000  27.83300000  27.83300000  27.83300000  27.83300000  25.44100000  26.52100000  26.91800000  26.99200000  26.82000000  27.13900000  27.20100000  27.19200000  27.20400000  27.15400000
 27.83300000  27.83300000  27.83300000  27.83300000  27.83300000  27.83300000  27.83300000  27.83300000  27.83300000  27.83300000  27.83300000  27.83300000  27.83300000  27.83300000  27.83300000  27.83300000  27.83300000  27.83300000  27.83300000  27.83300000  21.34200000  26.54700000  26.89100000  26.82900000  26.98700000  27.27400000  27.35700000  27.20900000  27.19200000  27.24100000
 27.83300000  27.83300000  27.83300000  27.83300000  27.83300000  27.83300000  27.83300000  27.83300000  27.83300000  27.83300000  27.83300000  27.83300000  27.83300000  27.83300000  27.83300000  27.83300000  27.83300000  27.83300000  27.83300000  27.83300000  19.15600000  26.65200000  26.96100000  26.86600000  27.16800000  27.32700000  27.10400000  27.27300000  27.26600000  27.24300000
 27.83300000  27.83300000  27.83300000  27.83300000  27.83300000  27.83300000  27.83300000  27.83300000  27.83300000  27.83300000  27.83300000  27.83300000  27.83300000  27.83300000  27.83300000  27.83300000  27.83300000  27.83300000  27.83300000  27.83300000  19.88100000  26.44400000  27.17200000  27.04800000  27.31900000  27.11300000  27.10000000  27.28000000  27.28800000  27.34300000
 27.83300000  27.83300000  27.83300000  27.83300000  27.83300000  27.83300000  27.83300000  27.83300000  27.83300000  27.83300000  27.83300000  27.83300000  27.83300000  27.83300000  27.83300000  27.83300000  27.83300000  27.83300000  27.83300000  27.83300000  27.83300000  25.33900000  27.02600000  27.24400000  27.15800000  27.07900000  27.26500000  27.21700000  27.34700000  27.37300000
 27.83300000  27.83300000  27.83300000  27.83300000  27.83300000  27.83300000  27.83300000  27.83300000  27.83300000  27.83300000  27.83300000  27.83300000  27.83300000  27.83300000  27.83300000  27.83300000  27.83300000  27.83300000  27.83300000  27.83300000  27.83300000  22.35500000  26.39800000  27.07300000  27.09800000  27.05600000  27.19900000  27.07300000  27.09800000  27.34100000
 27.83300000  27.83300000  27.83300000  27.83300000  27.83300000  27.83300000  27.83300000  27.83300000  27.83300000  27.83300000  27.83300000  27.83300000  27.83300000  27.83300000  27.83300000  27.83300000  27.83300000  27.83300000  27.83300000  27.83300000  27.83300000  27.83300000  26.09200000  26.83800000  26.99300000  27.02100000  26.95400000  26.90600000  26.89700000  27.04600000
 27.83300000  27.83300000  27.83300000  27.83300000  27.83300000  27.83300000  27.83300000  27.83300000  27.83300000  27.83300000  27.83300000  27.83300000  27.83300000  27.83300000  27.83300000  27.83300000  27.83300000  27.83300000  27.83300000  27.83300000  27.83300000  27.83300000  23.99200000  26.84000000  26.64600000  26.76300000  26.74100000  26.84200000  26.84700000  27.20900000
 27.83300000  27.83300000  27.83300000  27.83300000  27.83300000  27.83300000  27.83300000  27.83300000  27.83300000  27.83300000  27.83300000  27.83300000  27.83300000  27.83300000  27.83300000  27.83300000  27.83300000  27.83300000  27.83300000  27.83300000  27.83300000  27.83300000  27.83300000  26.81200000  26.95300000  26.83000000  26.94800000  26.98500000  27.12300000  27.35300000
