25.18500000 25.10200000 25.05300000 24.96800000 25.14300000 25.06500000 25.17200000 25.22000000 25.14500000 24.95000000 25.03800000 25.08800000 24.69900000 24.20300000 24.46600000 24.95500000 25.23300000 25.03100000 25.02000000 25.01200000 25.00400000 24.87900000 24.51900000 24.00600000 23.99900000 23.48800000 23.97400000 24.14100000 24.19200000 24.40100000
25.09900000 25.05100000 24.51900000 25.03800000 25.08500000 25.01700000 24.95700000 24.94000000 24.97800000 25.06600000 25.03100000 24.68900000 23.97300000 24.52200000 24.75100000 25.28100000 24.94000000 24.95900000 25.00100000 24.95600000 24.88100000 24.76500000 24.53300000 23.96000000 24.65300000 25.20400000 25.06300000 25.09400000 24.65600000 24.51900000
25.01500000 25.06300000 25.02500000 24.91900000 24.98800000 25.02300000 25.03400000 25.03000000 24.96200000 24.75000000 23.92900000 23.77300000 24.50300000 24.73500000 25.16600000 25.16200000 24.97100000 24.95900000 24.80200000 24.70500000 24.59800000 24.14300000 25.50400000 25.25300000 25.03500000 25.04900000 24.87100000 24.85100000 24.86400000 24.81400000
24.20300000 25.06700000 25.20700000 24.99100000 24.75800000 24.82500000 24.62400000 23.92500000 23.97600000 24.04400000 24.24000000 24.55500000 24.67500000 25.06100000 25.32100000 25.02000000 24.94400000 24.82700000 24.60500000 24.24700000 25.40600000 25.41900000 25.47300000 25.53500000 25.58200000 25.29600000 24.97200000 24.85000000 24.88700000 24.99400000
23.66200000 24.62100000 24.80700000 25.31300000 25.27100000 24.93600000 24.18200000 23.86700000 23.93300000 24.78300000 24.87700000 24.89700000 25.00800000 25.22200000 25.45300000 24.95700000 24.83300000 24.59300000 24.91100000 25.31100000 25.35000000 25.13700000 25.01200000 25.04700000 25.27500000 25.68000000 25.57800000 24.81100000 24.72300000 24.90700000
23.62100000 24.14300000 24.22700000 24.45100000 25.59100000 25.47200000 25.23900000 25.16700000 25.13400000 25.12600000 25.10200000 25.11800000 25.11200000 25.18500000 25.49800000 25.09200000 24.52200000 25.08400000 25.30500000 25.25700000 25.04400000 24.83900000 24.64200000 24.82000000 25.11000000 25.65200000 25.98200000 25.55300000 24.69900000 24.90200000
23.57800000 24.17300000 23.88900000 23.99700000 24.40700000 25.73300000 25.46900000 25.31400000 25.40200000 25.40600000 25.46800000 25.41700000 25.35600000 25.29800000 25.46800000 25.30700000 24.70200000 25.35100000 25.23200000 25.14800000 24.90500000 24.73500000 24.71800000 25.02600000 25.52200000 26.04600000 26.29800000 26.14700000 25.59200000 24.98400000
22.80900000 23.28200000 23.86600000 23.26700000 23.84800000 24.05500000 25.67600000 26.02900000 25.63400000 25.28600000 25.34300000 25.39500000 25.39800000 25.39300000 25.41200000 25.40300000 24.92200000 25.25500000 25.28300000 25.16600000 25.13200000 25.12500000 25.31100000 25.85300000 25.93600000 26.02100000 26.28200000 26.32400000 25.64500000 25.74200000
22.81300000 23.18000000 23.16500000 22.83200000 23.40200000 23.69500000 24.80900000 25.74300000 26.13300000 26.18400000 25.34300000 25.36500000 25.42700000 25.50100000 25.49200000 25.45100000 25.37600000 25.33500000 25.38100000 25.53700000 25.49200000 25.99400000 25.82800000 25.82800000 25.96300000 25.90400000 26.10300000 26.26400000 25.75600000 25.85100000
22.42700000 20.17300000 21.20800000 22.68900000 22.95800000 23.30600000 23.69100000 25.10500000 25.50900000 25.84000000 25.87700000 25.28900000 25.38600000 25.40700000 25.39300000 25.56100000 25.54400000 25.56300000 25.45800000 26.21800000 26.31100000 26.09900000 25.91500000 26.05100000 26.22600000 26.18800000 26.23300000 25.97200000 25.67500000 25.87200000
23.20800000 21.42400000 20.15900000 22.39100000 22.78600000 22.90900000 22.94400000 23.63300000 24.83100000 24.75300000 25.13900000 25.95100000 25.33800000 25.36200000 25.42800000 25.41200000 25.44100000 26.08200000 26.12500000 26.35600000 26.12100000 25.70200000 26.02800000 26.22200000 26.04300000 25.90700000 25.74200000 25.69300000 25.86900000 25.86500000
27.83300000 27.83300000 27.83300000 22.90200000 22.57400000 22.76400000 22.68200000 22.81800000 23.65700000 24.53500000 23.68200000 24.20400000 25.22300000 25.82200000 25.97000000 25.98000000 25.78500000 25.52000000 26.25500000 26.34000000 25.73400000 25.97800000 25.98700000 26.03100000 26.28500000 26.14300000 25.69800000 25.96400000 25.89700000 25.76000000
27.83300000 27.83300000 27.83300000 27.83300000 23.13700000 22.70200000 22.03800000 22.53000000 23.17800000 23.43300000 23.50500000 23.12300000 23.69200000 24.03000000 24.58600000 25.05100000 24.89000000 25.02700000 26.29700000 26.34200000 25.71300000 25.84100000 26.01500000 25.88300000 25.96400000 26.44900000 26.10200000 25.93700000 25.86700000 25.96700000
27.83300000 27.83300000 27.83300000 27.83300000 27.83300000 27.83300000 23.29200000 22.08000000 22.23300000 22.70300000 22.67400000 22.31100000 22.78800000 23.48000000 23.71500000 23.99600000 24.57000000 24.23700000 25.96300000 26.35600000 26.38300000 25.77800000 25.89900000 25.87100000 26.11300000 26.53200000 26.53900000 25.97500000 26.14100000 25.95000000
27.83300000 27.83300000 27.83300000 27.83300000 27.83300000 27.83300000 27.83300000 27.83300000 27.83300000 27.83300000 27.83300000 27.83300000 22.35200000 20.45300000 20.22200000 23.45000000 24.42400000 24.67400000 24.73700000 26.41000000 26.40100000 26.44500000 26.44000000 26.50600000 26.39300000 26.64000000 26.55600000 26.56600000 26.03100000 26.04600000
27.83300000 27.83300000 27.83300000 27.83300000 27.83300000 27.83300000 27.83300000 27.83300000 27.83300000 27.83300000 27.83300000 27.83300000 27.83300000 27.83300000 27.83300000 23.40000000 24.02100000 24.18000000 24.74900000 25.63000000 26.38100000 26.43800000 26.53800000 26.25200000 26.64200000 26.69500000 26.57800000 26.59900000 26.63800000 26.67700000
27.83300000 27.83300000 27.83300000 27.83300000 27.83300000 27.83300000 27.83300000 27.83300000 27.83300000 27.83300000 27.83300000 27.83300000 27.83300000 27.83300000 27.83300000 27.83300000 23.43400000 22.80200000 24.58500000 23.89000000 26.11800000 26.40400000 26.41500000 26.45300000 26.73700000 26.77400000 26.70200000 26.65200000 26.72400000 26.83400000
27.83300000 27.83300000 27.83300000 27.83300000 27.83300000 27.83300000 27.83300000 27.83300000 27.83300000 27.83300000 27.83300000 27.83300000 27.83300000 27.83300000 27.83300000 27.83300000 27.83300000 27.83300000 24.43600000 24.95500000 24.70900000 26.56600000 26.43900000 26.60800000 26.70900000 26.73200000 26.76200000 26.67200000 26.81200000 26.82100000
27.83300000 27.83300000 27.83300000 27.83300000 27.83300000 27.83300000 27.83300000 27.83300000 27.83300000 27.83300000 27.83300000 27.83300000 27.83300000 27.83300000 27.83300000 27.83300000 27.83300000 27.83300000 27.83300000 25.21000000 24.42000000 26.58500000 26.45600000 26.70100000 26.85400000 26.73900000 26.74300000 26.76600000 26.85500000 26.91900000
27.83300000 27.83300000 27.83300000 27.83300000 27.83300000 27.83300000 27.83300000 27.83300000 27.83300000 27.83300000 27.83300000 27.83300000 27.83300000 27.83300000 27.83300000 27.83300000 27.83300000 27.83300000 27.83300000 24.28700000 24.58800000 26.64600000 26.52400000 26.81300000 26.70100000 26.84600000 26.84100000 26.85700000 26.85900000 26.98300000
27.83300000 27.83300000 27.83300000 27.83300000 27.83300000 27.83300000 27.83300000 27.83300000 27.83300000 27.83300000 27.83300000 27.83300000 27.83300000 27.83300000 27.83300000 27.83300000 27.83300000 27.83300000 27.83300000 24.98000000 25.54700000 26.67100000 26.69500000 26.85500000 26.66000000 26.82500000 26.84100000 26.75100000 26.94400000 26.94400000
27.83300000 27.83300000 27.83300000 27.83300000 27.83300000 27.83300000 27.83300000 27.83300000 27.83300000 27.83300000 27.83300000 27.83300000 27.83300000 27.83300000 27.83300000 27.83300000 27.83300000 27.83300000 27.83300000 24.61700000 24.62800000 26.52600000 26.81000000 26.79200000 26.68100000 26.80800000 26.68900000 26.53300000 26.81600000 27.03800000
27.83300000 27.83300000 27.83300000 27.83300000 27.83300000 27.83300000 27.83300000 27.83300000 27.83300000 27.83300000 27.83300000 27.83300000 27.83300000 27.83300000 27.83300000 27.83300000 27.83300000 27.83300000 27.83300000 27.83300000 24.90500000 26.03000000 26.64000000 26.68600000 26.69600000 26.77000000 26.62500000 26.39500000 26.54200000 26.93600000
27.83300000 27.83300000 27.83300000 27.83300000 27.83300000 27.83300000 27.83300000 27.83300000 27.83300000 27.83300000 27.83300000 27.83300000 27.83300000 27.83300000 27.83300000 27.83300000 27.83300000 27.83300000 27.83300000 27.83300000 27.83300000 25.06500000 26.44600000 26.63400000 26.69900000 26.69800000 26.60600000 26.42100000 26.61900000 27.04400000
27.83300000 27.83300000 27.83300000 27.83300000 27.83300000 27.83300000 27.83300000 27.83300000 27.83300000 27.83300000 27.83300000 27.83300000 27.83300000 27.83300000 27.83300000 27.83300000 27.83300000 27.83300000 27.83300000 27.83300000 27.83300000 24.86100000 26.07100000 26.55800000 26.53900000 26.48100000 26.39300000 26.34500000 26.93400000 27.08400000
27.83300000 27.83300000 27.83300000 27.83300000 27.83300000 27.83300000 27.83300000 27.83300000 27.83300000 27.83300000 27.83300000 27.83300000 27.83300000 27.83300000 27.83300000 27.83300000 27.83300000 27.83300000 27.83300000 27.83300000 27.83300000 27.83300000 25.70000000 26.08200000 26.20400000 26.19000000 26.41100000 26.60000000 26.71100000 27.15600000
27.83300000 27.83300000 27.83300000 27.83300000 27.83300000 27.83300000 27.83300000 27.83300000 27.83300000 27.83300000 27.83300000 27.83300000 27.83300000 27.83300000 27.83300000 27.83300000 27.83300000 27.83300000 27.83300000 27.83300000 27.83300000 27.83300000 27.83300000 25.68700000 26.27000000 26.36900000 26.39200000 26.56700000 26.71000000 27.12800000
25.19800000 25.09000000 25.07300000 24.95600000 25.15900000 25.07900000 25.18900000 25.23800000 25.15500000 25.01000000 25.10400000 25.10500000 24.72700000 24.13900000 24.46000000 24.95500000 25.24700000 25.06800000 25.04700000 25.03000000 25.02000000 24.90400000 24.54500000 24.01300000 24.01100000 23.48000000 23.97700000 24.13900000 24.19600000 24.41600000
25.09700000 25.06400000 24.53100000 25.05400000 25.10100000 25.03300000 24.97500000 24.95700000 24.99100000 25.08000000 25.04900000 24.70900000 23.98700000 24.53600000 24.76100000 25.30000000 24.95600000 24.97400000 25.01700000 24.97400000 24.89600000 24.78200000 24.55300000 23.97500000 24.65200000 25.22000000 25.07900000 25.11300000 24.67500000 24.53300000
25.02800000 25.07800000 25.03700000 24.93500000 25.00400000 25.03900000 25.05100000 25.04700000 24.97900000 24.77000000 23.94500000 23.78700000 24.51600000 24.74800000 25.18200000 25.17800000 24.99000000 24.96800000 24.81700000 24.72000000 24.61500000 24.15800000 25.52500000 25.27000000 25.05000000 25.06400000 24.88700000 24.86800000 24.88100000 24.83200000
24.37900000 25.08400000 25.21900000 24.99400000 24.77500000 24.84200000 24.64200000 23.94700000 23.99000000 24.06000000 24.25400000 24.56900000 24.69000000 25.07500000 25.34000000 25.03700000 24.96000000 24.84300000 24.62200000 24.25900000 25.42200000 25.43600000 25.49000000 25.55000000 25.59700000 25.31000000 24.98900000 24.86700000 24.90300000 25.01400000
24.52400000 24.63700000 24.82700000 25.32700000 25.28400000 24.86100000 24.19200000 23.88000000 23.94500000 24.78900000 24.88900000 24.91100000 25.02200000 25.23700000 25.47000000 24.97400000 24.85100000 24.60800000 24.92400000 25.32900000 25.36700000 25.15400000 25.02800000 25.06100000 25.28800000 25.69600000 25.59700000 24.82700000 24.73900000 24.92300000
24.66900000 24.15700000 24.24400000 24.47100000 25.60600000 25.48900000 25.25600000 25.18200000 25.14900000 25.14100000 25.11800000 25.13400000 25.13000000 25.20100000 25.51400000 25.10900000 24.53800000 25.09900000 25.32400000 25.27400000 25.06000000 24.85500000 24.65700000 24.83300000 25.12300000 25.66700000 26.00100000 25.57300000 24.71200000 24.91800000
23.53500000 24.19600000 23.90600000 24.01100000 24.43200000 25.75000000 25.48500000 25.33000000 25.41700000 25.42100000 25.48300000 25.43300000 25.37300000 25.31300000 25.48500000 25.32500000 24.71700000 25.37000000 25.24900000 25.16500000 24.92200000 24.75100000 24.73200000 25.04200000 25.53400000 26.06400000 26.31700000 26.16900000 25.60900000 25.00800000
22.81000000 23.40100000 23.88300000 23.28600000 23.86300000 24.14800000 25.69300000 26.04800000 25.64800000 25.30000000 25.35800000 25.41200000 25.41500000 25.41100000 25.42800000 25.42100000 24.93600000 25.27000000 25.30000000 25.18400000 25.14900000 25.14200000 25.32300000 25.86700000 25.95500000 26.04000000 26.30200000 26.34600000 25.66700000 25.77900000
22.67400000 23.37700000 23.22800000 22.85200000 23.41800000 23.71100000 24.82000000 25.76000000 26.15000000 26.20100000 25.35700000 25.38000000 25.44100000 25.51600000 25.50800000 25.46900000 25.39200000 25.35000000 25.39700000 25.54900000 25.51300000 26.00900000 25.84700000 25.84500000 25.98000000 25.92200000 26.12200000 26.28300000 25.77600000 25.86900000
19.44000000 18.86800000 19.01800000 21.05100000 22.96500000 23.33800000 23.78800000 25.12200000 25.52500000 25.85700000 25.89200000 25.30400000 25.40000000 25.42300000 25.41000000 25.57800000 25.56000000 25.58000000 25.47200000 26.23400000 26.32900000 26.11900000 25.93100000 26.06600000 26.24600000 26.20900000 26.25100000 25.99000000 25.68900000 25.88200000
19.33700000 27.83300000 17.88600000 17.69700000 21.13200000 22.63200000 23.02700000 23.73900000 24.84900000 24.77200000 25.15600000 25.96700000 25.35400000 25.37700000 25.44400000 25.43000000 25.45900000 26.09700000 26.14200000 26.37400000 26.14200000 25.71700000 26.04500000 26.24100000 26.06700000 25.92600000 25.75900000 25.70700000 25.88500000 25.87900000
27.83300000 27.83300000 27.83300000 27.83300000 19.01900000 20.65300000 22.14500000 22.50500000 23.67500000 24.55400000 23.70500000 24.22100000 25.23900000 25.83900000 25.98400000 25.99900000 25.80000000 25.53400000 26.27000000 26.35700000 25.75000000 25.99200000 26.00000000 26.04900000 26.30200000 26.16400000 25.71400000 25.98000000 25.91200000 25.77200000
27.83300000 27.83300000 27.83300000 27.83300000 27.83300000 18.08000000 19.65700000 20.04400000 23.04100000 23.48500000 23.52900000 23.13700000 23.70800000 24.15200000 24.63200000 25.07300000 24.90800000 25.04100000 26.31300000 26.35800000 25.73100000 25.85700000 26.02900000 25.90100000 25.97800000 26.46700000 26.12200000 25.95300000 25.88200000 25.98100000
27.83300000 27.83300000 27.83300000 27.83300000 27.83300000 27.83300000 27.83300000 17.98500000 17.26300000 18.63700000 21.83400000 21.62000000 20.34100000 22.63800000 23.33500000 24.01500000 24.59700000 24.24700000 25.97500000 26.37200000 26.40000000 25.79400000 25.91400000 25.88700000 26.13100000 26.55000000 26.55700000 25.99400000 26.15700000 25.95900000
27.83300000 27.83300000 27.83300000 27.83300000 27.83300000 27.83300000 27.83300000 27.83300000 27.83300000 27.83300000 27.83300000 27.83300000 27.83300000 27.83300000 27.83300000 20.19300000 24.37600000 24.69200000 24.72100000 26.42600000 26.41600000 26.46100000 26.45700000 26.52300000 26.40600000 26.65800000 26.57400000 26.58600000 26.05100000 26.06000000
27.83300000 27.83300000 27.83300000 27.83300000 27.83300000 27.83300000 27.83300000 27.83300000 27.83300000 27.83300000 27.83300000 27.83300000 27.83300000 27.83300000 27.83300000 27.83300000 23.68900000 24.22500000 24.76600000 25.64100000 26.40100000 26.45300000 26.55600000 26.27100000 26.65600000 26.71500000 26.59600000 26.62000000 26.65600000 26.70000000
27.83300000 27.83300000 27.83300000 27.83300000 27.83300000 27.83300000 27.83300000 27.83300000 27.83300000 27.83300000 27.83300000 27.83300000 27.83300000 27.83300000 27.83300000 27.83300000 27.83300000 20.50500000 22.12500000 23.09700000 26.13200000 26.42700000 26.43300000 26.46600000 26.75500000 26.79400000 26.72100000 26.67300000 26.74500000 26.85000000
27.83300000 27.83300000 27.83300000 27.83300000 27.83300000 27.83300000 27.83300000 27.83300000 27.83300000 27.83300000 27.83300000 27.83300000 27.83300000 27.83300000 27.83300000 27.83300000 27.83300000 27.83300000 27.83300000 24.94700000 24.72500000 26.58800000 26.45600000 26.62200000 26.72700000 26.75000000 26.78200000 26.69100000 26.83300000 26.83900000
27.83300000 27.83300000 27.83300000 27.83300000 27.83300000 27.83300000 27.83300000 27.83300000 27.83300000 27.83300000 27.83300000 27.83300000 27.83300000 27.83300000 27.83300000 27.83300000 27.83300000 27.83300000 27.83300000 27.83300000 24.45500000 26.60900000 26.46800000 26.71900000 26.87300000 26.75800000 26.76100000 26.78400000 26.87400000 26.93700000
27.83300000 27.83300000 27.83300000 27.83300000 27.83300000 27.83300000 27.83300000 27.83300000 27.83300000 27.83300000 27.83300000 27.83300000 27.83300000 27.83300000 27.83300000 27.83300000 27.83300000 27.83300000 27.83300000 27.83300000 22.84000000 26.66400000 26.53700000 26.83000000 26.72000000 26.86400000 26.85900000 26.87500000 26.87700000 27.00300000
27.83300000 27.83300000 27.83300000 27.83300000 27.83300000 27.83300000 27.83300000 27.83300000 27.83300000 27.83300000 27.83300000 27.83300000 27.83300000 27.83300000 27.83300000 27.83300000 27.83300000 27.83300000 27.83300000 27.83300000 21.66900000 26.68400000 26.71000000 26.87100000 26.67600000 26.84000000 26.85800000 26.76100000 26.95700000 26.96400000
27.83300000 27.83300000 27.83300000 27.83300000 27.83300000 27.83300000 27.83300000 27.83300000 27.83300000 27.83300000 27.83300000 27.83300000 27.83300000 27.83300000 27.83300000 27.83300000 27.83300000 27.83300000 27.83300000 27.83300000 22.91700000 26.54200000 26.82500000 26.80700000 26.69500000 26.82300000 26.70200000 26.54600000 26.83000000 27.05300000
27.83300000 27.83300000 27.83300000 27.83300000 27.83300000 27.83300000 27.83300000 27.83300000 27.83300000 27.83300000 27.83300000 27.83300000 27.83300000 27.83300000 27.83300000 27.83300000 27.83300000 27.83300000 27.83300000 27.83300000 27.83300000 26.05700000 26.65300000 26.70400000 26.71100000 26.78700000 26.64100000 26.40900000 26.55500000 26.95000000
27.83300000 27.83300000 27.83300000 27.83300000 27.83300000 27.83300000 27.83300000 27.83300000 27.83300000 27.83300000 27.83300000 27.83300000 27.83300000 27.83300000 27.83300000 27.83300000 27.83300000 27.83300000 27.83300000 27.83300000 27.83300000 24.40500000 26.46400000 26.65100000 26.71500000 26.71500000 26.62400000 26.43800000 26.62900000 27.05700000
27.83300000 27.83300000 27.83300000 27.83300000 27.83300000 27.83300000 27.83300000 27.83300000 27.83300000 27.83300000 27.83300000 27.83300000 27.83300000 27.83300000 27.83300000 27.83300000 27.83300000 27.83300000 27.83300000 27.83300000 27.83300000 27.83300000 26.09400000 26.57600000 26.55500000 26.49700000 26.40800000 26.36200000 26.94700000 27.10300000
27.83300000 27.83300000 27.83300000 27.83300000 27.83300000 27.83300000 27.83300000 27.83300000 27.83300000 27.83300000 27.83300000 27.83300000 27.83300000 27.83300000 27.83300000 27.83300000 27.83300000 27.83300000 27.83300000 27.83300000 27.83300000 27.83300000 25.73000000 26.09900000 26.22000000 26.20600000 26.42700000 26.61600000 26.73300000 27.17200000
27.83300000 27.83300000 27.83300000 27.83300000 27.83300000 27.83300000 27.83300000 27.83300000 27.83300000 27.83300000 27.83300000 27.83300000 27.83300000 27.83300000 27.83300000 27.83300000 27.83300000 27.83300000 27.83300000 27.83300000 27.83300000 27.83300000 27.83300000 25.72000000 26.28800000 26.38400000 26.40900000 26.58300000 26.74400000 27.14900000
