36.98800000 36.92100000 36.92300000 37.01200000 37.20300000 37.21100000 37.22800000 37.23900000 37.19700000 37.16700000 37.10000000 36.98100000 36.86300000 36.64500000 36.82500000 36.89400000 37.05800000 37.02500000 37.06500000 37.03700000 36.99200000 36.97100000 36.82000000 36.52800000 36.55800000 36.34700000 36.60900000 36.61500000 36.60500000 36.76200000
36.91600000 36.84800000 36.90800000 37.16200000 37.15600000 37.17700000 37.18600000 37.17000000 37.13900000 37.06500000 36.96200000 36.84900000 36.59200000 36.90000000 36.88100000 37.11100000 36.99300000 37.08500000 37.04600000 37.01300000 36.96600000 36.87800000 36.79900000 36.63500000 36.90500000 37.12700000 37.05300000 37.08400000 36.96100000 36.91100000
36.91400000 36.96000000 36.92300000 37.09600000 37.10100000 37.07000000 37.06600000 37.02900000 36.96300000 36.88200000 36.61000000 36.47400000 36.91300000 36.89100000 36.95400000 37.08400000 37.02400000 37.05600000 36.96600000 36.90500000 36.84600000 36.68700000 37.25900000 37.13700000 37.01100000 37.06800000 36.99800000 37.00400000 36.94400000 36.86600000
36.39600000 37.08600000 37.05200000 36.88300000 37.01400000 37.01700000 36.92700000 36.60000000 36.65200000 36.70700000 36.82100000 36.93800000 36.90500000 36.92900000 36.99400000 37.00600000 37.00700000 36.98300000 36.88600000 36.72600000 37.23300000 37.26900000 37.23900000 37.24500000 37.26000000 37.17800000 36.98100000 36.86700000 36.79600000 36.83200000
35.78700000 36.95600000 36.99900000 37.19700000 37.01800000 36.88400000 36.73900000 36.56200000 36.62000000 36.96400000 36.94700000 36.93300000 36.93600000 36.93300000 37.03200000 36.96200000 36.95200000 36.88100000 37.00200000 37.23500000 37.23400000 37.17900000 37.15000000 37.15800000 37.18300000 37.25200000 37.28300000 36.79600000 36.60800000 36.64600000
35.62300000 36.75800000 36.80100000 36.80900000 37.29600000 37.11500000 36.94600000 36.88700000 36.85100000 36.83700000 36.82600000 36.84700000 36.86400000 36.89800000 37.04700000 37.02100000 36.78500000 37.05500000 37.22400000 37.22500000 37.16400000 37.05600000 36.99500000 37.05400000 37.16100000 37.22600000 37.32400000 37.27900000 36.69200000 36.64400000
35.94500000 36.63900000 36.53600000 36.69400000 36.82800000 37.34700000 37.07300000 36.92000000 36.96100000 36.97400000 37.03500000 37.01200000 37.00500000 37.01800000 37.04800000 37.13600000 36.88800000 37.18300000 37.21300000 37.19200000 37.11800000 37.02000000 37.02200000 37.14300000 37.19400000 37.37700000 37.45900000 37.41300000 37.25700000 36.74100000
35.59200000 35.97500000 36.52800000 36.23800000 36.48700000 36.69200000 37.30800000 37.40000000 37.16100000 36.91600000 36.93100000 36.97100000 37.01400000 37.03300000 37.03000000 37.12000000 36.98600000 37.14800000 37.20200000 37.19100000 37.17600000 37.17600000 37.17300000 37.27500000 37.38600000 37.40300000 37.45200000 37.46700000 37.28900000 37.31300000
35.39200000 35.57300000 35.77600000 35.96900000 36.43600000 36.24500000 37.10800000 37.33400000 37.41200000 37.42100000 36.98300000 36.96100000 37.00600000 37.06900000 37.05300000 37.15300000 37.18400000 37.18000000 37.19200000 37.25000000 37.11600000 37.32900000 37.29600000 37.33900000 37.39400000 37.38400000 37.43400000 37.47600000 37.30300000 37.26300000
35.27300000 35.68100000 35.59800000 35.67100000 35.98700000 36.09300000 36.42700000 37.16600000 37.25600000 37.32200000 37.25200000 36.95900000 36.97000000 36.97700000 37.03300000 37.23200000 37.24100000 37.24100000 37.05200000 37.35700000 37.37600000 37.34000000 37.35600000 37.36300000 37.43500000 37.45300000 37.46600000 37.36200000 37.28800000 37.22900000
35.02300000 35.26300000 35.71700000 35.47000000 35.62800000 35.93500000 35.74700000 36.46500000 37.10800000 37.03200000 37.12300000 37.33400000 36.99200000 36.98500000 37.00500000 37.07400000 37.08400000 37.34400000 37.32700000 37.37500000 37.33400000 37.27200000 37.35800000 37.32500000 37.34000000 37.34300000 37.32300000 37.29000000 37.26600000 37.17200000
37.59700000 37.59700000 37.59700000 35.30000000 35.48600000 35.59800000 35.64600000 35.65500000 36.55400000 37.01200000 36.47700000 36.73800000 37.07200000 37.29700000 37.33100000 37.32700000 37.25200000 37.12300000 37.34000000 37.37300000 37.23100000 37.34500000 37.27700000 37.29000000 37.37200000 37.36200000 37.27200000 37.34300000 37.21500000 37.15100000
37.59700000 37.59700000 37.59700000 37.59700000 35.28800000 35.53400000 35.58300000 35.64200000 36.12100000 36.43900000 36.44400000 36.27300000 36.61900000 36.41000000 36.82000000 37.12500000 37.02700000 36.97400000 37.35000000 37.40500000 37.20800000 37.27700000 37.25400000 37.23600000 37.29800000 37.39400000 37.35900000 37.32000000 37.22700000 37.17600000
37.59700000 37.59700000 37.59700000 37.59700000 37.59700000 37.59700000 35.45800000 35.60100000 35.67400000 35.91100000 36.14500000 36.16100000 36.15300000 36.22900000 36.19600000 36.10000000 36.60500000 36.94200000 37.19600000 37.42800000 37.39800000 37.21400000 37.22100000 37.19500000 37.33300000 37.38500000 37.46000000 37.33300000 37.39800000 37.21600000
37.59700000 37.59700000 37.59700000 37.59700000 37.59700000 37.59700000 37.59700000 37.59700000 37.59700000 37.59700000 37.59700000 37.59700000 36.09300000 36.09600000 36.03400000 36.04900000 36.46900000 36.96300000 36.98900000 37.35500000 37.43400000 37.41500000 37.40000000 37.40300000 37.36100000 37.37600000 37.42100000 37.47600000 37.34000000 37.39900000
37.59700000 37.59700000 37.59700000 37.59700000 37.59700000 37.59700000 37.59700000 37.59700000 37.59700000 37.59700000 37.59700000 37.59700000 37.59700000 37.59700000 37.59700000 36.02500000 36.49900000 36.58400000 36.97600000 37.16600000 37.34900000 37.42400000 37.42300000 37.36900000 37.32100000 37.37700000 37.40800000 37.45700000 37.52900000 37.55600000
37.59700000 37.59700000 37.59700000 37.59700000 37.59700000 37.59700000 37.59700000 37.59700000 37.59700000 37.59700000 37.59700000 37.59700000 37.59700000 37.59700000 37.59700000 37.59700000 36.01200000 36.15100000 36.91500000 36.73900000 37.29400000 37.39800000 37.41700000 37.36000000 37.34200000 37.38100000 37.38000000 37.42200000 37.41400000 37.55800000
37.59700000 37.59700000 37.59700000 37.59700000 37.59700000 37.59700000 37.59700000 37.59700000 37.59700000 37.59700000 37.59700000 37.59700000 37.59700000 37.59700000 37.59700000 37.59700000 37.59700000 37.59700000 36.20200000 36.99300000 36.84800000 37.36500000 37.41900000 37.32000000 37.35700000 37.36900000 37.38700000 37.33400000 37.38100000 37.48000000
37.59700000 37.59700000 37.59700000 37.59700000 37.59700000 37.59700000 37.59700000 37.59700000 37.59700000 37.59700000 37.59700000 37.59700000 37.59700000 37.59700000 37.59700000 37.59700000 37.59700000 37.59700000 37.59700000 36.94300000 36.78900000 37.37100000 37.37400000 37.35400000 37.43100000 37.39000000 37.37300000 37.34800000 37.37500000 37.40200000
37.59700000 37.59700000 37.59700000 37.59700000 37.59700000 37.59700000 37.59700000 37.59700000 37.59700000 37.59700000 37.59700000 37.59700000 37.59700000 37.59700000 37.59700000 37.59700000 37.59700000 37.59700000 37.59700000 36.74400000 36.88200000 37.37800000 37.31300000 37.40000000 37.40600000 37.43700000 37.40700000 37.36900000 37.35000000 37.41700000
37.59700000 37.59700000 37.59700000 37.59700000 37.59700000 37.59700000 37.59700000 37.59700000 37.59700000 37.59700000 37.59700000 37.59700000 37.59700000 37.59700000 37.59700000 37.59700000 37.59700000 37.59700000 37.59700000 36.81600000 37.03800000 37.37900000 37.34400000 37.41400000 37.39600000 37.41400000 37.41500000 37.33800000 37.37300000 37.36000000
37.59700000 37.59700000 37.59700000 37.59700000 37.59700000 37.59700000 37.59700000 37.59700000 37.59700000 37.59700000 37.59700000 37.59700000 37.59700000 37.59700000 37.59700000 37.59700000 37.59700000 37.59700000 37.59700000 36.36800000 36.70900000 37.31500000 37.40100000 37.38700000 37.39000000 37.37600000 37.33900000 37.29000000 37.29600000 37.37300000
37.59700000 37.59700000 37.59700000 37.59700000 37.59700000 37.59700000 37.59700000 37.59700000 37.59700000 37.59700000 37.59700000 37.59700000 37.59700000 37.59700000 37.59700000 37.59700000 37.59700000 37.59700000 37.59700000 37.59700000 36.67400000 37.16100000 37.34500000 37.36400000 37.37200000 37.34600000 37.31700000 37.30500000 37.28700000 37.32500000
37.59700000 37.59700000 37.59700000 37.59700000 37.59700000 37.59700000 37.59700000 37.59700000 37.59700000 37.59700000 37.59700000 37.59700000 37.59700000 37.59700000 37.59700000 37.59700000 37.59700000 37.59700000 37.59700000 37.59700000 37.59700000 36.73700000 37.28100000 37.35000000 37.35900000 37.34100000 37.32900000 37.29500000 37.29000000 37.32600000
37.59700000 37.59700000 37.59700000 37.59700000 37.59700000 37.59700000 37.59700000 37.59700000 37.59700000 37.59700000 37.59700000 37.59700000 37.59700000 37.59700000 37.59700000 37.59700000 37.59700000 37.59700000 37.59700000 37.59700000 37.59700000 36.47700000 37.11400000 37.31800000 37.32000000 37.31400000 37.27000000 37.21700000 37.29200000 37.31800000
37.59700000 37.59700000 37.59700000 37.59700000 37.59700000 37.59700000 37.59700000 37.59700000 37.59700000 37.59700000 37.59700000 37.59700000 37.59700000 37.59700000 37.59700000 37.59700000 37.59700000 37.59700000 37.59700000 37.59700000 37.59700000 37.59700000 36.83800000 37.12200000 37.17800000 37.17400000 37.21600000 37.28200000 37.26500000 37.30300000
37.59700000 37.59700000 37.59700000 37.59700000 37.59700000 37.59700000 37.59700000 37.59700000 37.59700000 37.59700000 37.59700000 37.59700000 37.59700000 37.59700000 37.59700000 37.59700000 37.59700000 37.59700000 37.59700000 37.59700000 37.59700000 37.59700000 37.59700000 36.63100000 37.15900000 37.21500000 37.23600000 37.24200000 37.24000000 37.29300000
36.98700000 36.92100000 36.92000000 37.01100000 37.20300000 37.21000000 37.22700000 37.23800000 37.19600000 37.16500000 37.10100000 36.98200000 36.86500000 36.65900000 36.82500000 36.89200000 37.05700000 37.02300000 37.06400000 37.03700000 36.99300000 36.97000000 36.82800000 36.52300000 36.55700000 36.34500000 36.60800000 36.61500000 36.60400000 36.75800000
36.91600000 36.84800000 36.90700000 37.16100000 37.15500000 37.17600000 37.18500000 37.17000000 37.13800000 37.06400000 36.96200000 36.84900000 36.59100000 36.89900000 36.88100000 37.10900000 36.99300000 37.08400000 37.04600000 37.01400000 36.96600000 36.87700000 36.79900000 36.63500000 36.89800000 37.12600000 37.05200000 37.08300000 36.96100000 36.91100000
36.91500000 36.96000000 36.92300000 37.09600000 37.10100000 37.07000000 37.06500000 37.02800000 36.96200000 36.88200000 36.61000000 36.47300000 36.91200000 36.89100000 36.95300000 37.08400000 37.02300000 37.05500000 36.96600000 36.90500000 36.84600000 36.68700000 37.25800000 37.13600000 37.01000000 37.06700000 36.99700000 37.00300000 36.94300000 36.86500000
36.74000000 37.08500000 37.05100000 36.88600000 37.01400000 37.01600000 36.92700000 36.60100000 36.65100000 36.70700000 36.82000000 36.93700000 36.90400000 36.92800000 36.99300000 37.00500000 37.00600000 36.98300000 36.88600000 36.72600000 37.23300000 37.26800000 37.23800000 37.24400000 37.25900000 37.17800000 36.98100000 36.86700000 36.79600000 36.83100000
36.62600000 36.95600000 37.00000000 37.19600000 37.01700000 36.87900000 36.73900000 36.56200000 36.61800000 36.96100000 36.94700000 36.93200000 36.93500000 36.93200000 37.03100000 36.96200000 36.95100000 36.88100000 36.99900000 37.23400000 37.23400000 37.17800000 37.14900000 37.15700000 37.18200000 37.25100000 37.28200000 36.79500000 36.60700000 36.64500000
36.55000000 36.75600000 36.80000000 36.80900000 37.29500000 37.11400000 36.94500000 36.88600000 36.85000000 36.83600000 36.82600000 36.84600000 36.86300000 36.89700000 37.04600000 37.02000000 36.78500000 37.05300000 37.22300000 37.22400000 37.16300000 37.05600000 36.99500000 37.05300000 37.16100000 37.22500000 37.32200000 37.27800000 36.69200000 36.64300000
35.94200000 36.64100000 36.53500000 36.69300000 36.83200000 37.34600000 37.07200000 36.91900000 36.96100000 36.97300000 37.03500000 37.01200000 37.00400000 37.01700000 37.04700000 37.13600000 36.88700000 37.18200000 37.21200000 37.19100000 37.11800000 37.01900000 37.02100000 37.14100000 37.19300000 37.37600000 37.45800000 37.41300000 37.25600000 36.75000000
35.67000000 36.09700000 36.52700000 36.24000000 36.48700000 36.73300000 37.30700000 37.40000000 37.16100000 36.91600000 36.93000000 36.97000000 37.01300000 37.03300000 37.02900000 37.11900000 36.98600000 37.14700000 37.20200000 37.19000000 37.17500000 37.17500000 37.17200000 37.27400000 37.38600000 37.40300000 37.45100000 37.46600000 37.28800000 37.31700000
35.97800000 35.81200000 35.81100000 35.97400000 36.43700000 36.24600000 37.10700000 37.33300000 37.41100000 37.42100000 36.98300000 36.96000000 37.00500000 37.06900000 37.05200000 37.15100000 37.18300000 37.17900000 37.19100000 37.24900000 37.11800000 37.32800000 37.29500000 37.33800000 37.39400000 37.38400000 37.43300000 37.47500000 37.30300000 37.26500000
36.04600000 35.83800000 35.89100000 36.32900000 36.11100000 36.09900000 36.48600000 37.16500000 37.25600000 37.32100000 37.25100000 36.95900000 36.96900000 36.97700000 37.03200000 37.23100000 37.24000000 37.24100000 37.05200000 37.35600000 37.37500000 37.33900000 37.35500000 37.36200000 37.43400000 37.45200000 37.46600000 37.36200000 37.28800000 37.22900000
35.83600000 37.59700000 35.83000000 35.79500000 36.38500000 36.35500000 35.80200000 36.51600000 37.10700000 37.03100000 37.12300000 37.33300000 36.99100000 36.98400000 37.00400000 37.07300000 37.08400000 37.34300000 37.32600000 37.37400000 37.33300000 37.27100000 37.35800000 37.32400000 37.33900000 37.34200000 37.32200000 37.29000000 37.26600000 37.17200000
37.59700000 37.59700000 37.59700000 37.59700000 35.75400000 36.26000000 35.82100000 35.90200000 36.55500000 37.01100000 36.47900000 36.73900000 37.07200000 37.29600000 37.32900000 37.32700000 37.25100000 37.12200000 37.33900000 37.37200000 37.23100000 37.34400000 37.27600000 37.28900000 37.37100000 37.36100000 37.27100000 37.34300000 37.21500000 37.15100000
37.59700000 37.59700000 37.59700000 37.59700000 37.59700000 35.76700000 35.77900000 35.95300000 36.32100000 36.45500000 36.44800000 36.27300000 36.61800000 36.48400000 36.83400000 37.12400000 37.02600000 36.97300000 37.34900000 37.40400000 37.20700000 37.27600000 37.25300000 37.23600000 37.29700000 37.39300000 37.35800000 37.31900000 37.22600000 37.17600000
37.59700000 37.59700000 37.59700000 37.59700000 37.59700000 37.59700000 37.59700000 35.76900000 35.75400000 35.95000000 36.34500000 36.25200000 36.23000000 36.44700000 36.34300000 36.11500000 36.60900000 36.94000000 37.19400000 37.42700000 37.39700000 37.21300000 37.22000000 37.19400000 37.33200000 37.38400000 37.45900000 37.33200000 37.39700000 37.21500000
37.59700000 37.59700000 37.59700000 37.59700000 37.59700000 37.59700000 37.59700000 37.59700000 37.59700000 37.59700000 37.59700000 37.59700000 37.59700000 37.59700000 37.59700000 36.21500000 36.46200000 36.96200000 36.98500000 37.35400000 37.43300000 37.41400000 37.40000000 37.40300000 37.36000000 37.37600000 37.42000000 37.47500000 37.33900000 37.39900000
37.59700000 37.59700000 37.59700000 37.59700000 37.59700000 37.59700000 37.59700000 37.59700000 37.59700000 37.59700000 37.59700000 37.59700000 37.59700000 37.59700000 37.59700000 37.59700000 36.47000000 36.59900000 36.97500000 37.16300000 37.34800000 37.42300000 37.42200000 37.36800000 37.32000000 37.37500000 37.40800000 37.45600000 37.52800000 37.55400000
37.59700000 37.59700000 37.59700000 37.59700000 37.59700000 37.59700000 37.59700000 37.59700000 37.59700000 37.59700000 37.59700000 37.59700000 37.59700000 37.59700000 37.59700000 37.59700000 37.59700000 36.28400000 36.46800000 36.66000000 37.29300000 37.39700000 37.41600000 37.35900000 37.34100000 37.38000000 37.37900000 37.42100000 37.41300000 37.55700000
37.59700000 37.59700000 37.59700000 37.59700000 37.59700000 37.59700000 37.59700000 37.59700000 37.59700000 37.59700000 37.59700000 37.59700000 37.59700000 37.59700000 37.59700000 37.59700000 37.59700000 37.59700000 37.59700000 36.98100000 36.84900000 37.36300000 37.41900000 37.32000000 37.35600000 37.36800000 37.38600000 37.33300000 37.38000000 37.47800000
37.59700000 37.59700000 37.59700000 37.59700000 37.59700000 37.59700000 37.59700000 37.59700000 37.59700000 37.59700000 37.59700000 37.59700000 37.59700000 37.59700000 37.59700000 37.59700000 37.59700000 37.59700000 37.59700000 37.59700000 36.78700000 37.36900000 37.37300000 37.35200000 37.43000000 37.38900000 37.37200000 37.34700000 37.37400000 37.40100000
37.59700000 37.59700000 37.59700000 37.59700000 37.59700000 37.59700000 37.59700000 37.59700000 37.59700000 37.59700000 37.59700000 37.59700000 37.59700000 37.59700000 37.59700000 37.59700000 37.59700000 37.59700000 37.59700000 37.59700000 36.62300000 37.37700000 37.31200000 37.39900000 37.40500000 37.43600000 37.40600000 37.36800000 37.34900000 37.41600000
37.59700000 37.59700000 37.59700000 37.59700000 37.59700000 37.59700000 37.59700000 37.59700000 37.59700000 37.59700000 37.59700000 37.59700000 37.59700000 37.59700000 37.59700000 37.59700000 37.59700000 37.59700000 37.59700000 37.59700000 36.47500000 37.37800000 37.34300000 37.41300000 37.39500000 37.41300000 37.41500000 37.33700000 37.37200000 37.35900000
37.59700000 37.59700000 37.59700000 37.59700000 37.59700000 37.59700000 37.59700000 37.59700000 37.59700000 37.59700000 37.59700000 37.59700000 37.59700000 37.59700000 37.59700000 37.59700000 37.59700000 37.59700000 37.59700000 37.59700000 36.56600000 37.31400000 37.40000000 37.38600000 37.38900000 37.37500000 37.33800000 37.28900000 37.29500000 37.37200000
37.59700000 37.59700000 37.59700000 37.59700000 37.59700000 37.59700000 37.59700000 37.59700000 37.59700000 37.59700000 37.59700000 37.59700000 37.59700000 37.59700000 37.59700000 37.59700000 37.59700000 37.59700000 37.59700000 37.59700000 37.59700000 37.16100000 37.34400000 37.36300000 37.37200000 37.34600000 37.31600000 37.30400000 37.28500000 37.32300000
37.59700000 37.59700000 37.59700000 37.59700000 37.59700000 37.59700000 37.59700000 37.59700000 37.59700000 37.59700000 37.59700000 37.59700000 37.59700000 37.59700000 37.59700000 37.59700000 37.59700000 37.59700000 37.59700000 37.59700000 37.59700000 36.70000000 37.28000000 37.34900000 37.35800000 37.34000000 37.32800000 37.29400000 37.28900000 37.32600000
37.59700000 37.59700000 37.59700000 37.59700000 37.59700000 37.59700000 37.59700000 37.59700000 37.59700000 37.59700000 37.59700000 37.59700000 37.59700000 37.59700000 37.59700000 37.59700000 37.59700000 37.59700000 37.59700000 37.59700000 37.59700000 37.59700000 37.11600000 37.31700000 37.32000000 37.31300000 37.26900000 37.21700000 37.29100000 37.31700000
37.59700000 37.59700000 37.59700000 37.59700000 37.59700000 37.59700000 37.59700000 37.59700000 37.59700000 37.59700000 37.59700000 37.59700000 37.59700000 37.59700000 37.59700000 37.59700000 37.59700000 37.59700000 37.59700000 37.59700000 37.59700000 37.59700000 36.84100000 37.12300000 37.17900000 37.17500000 37.21600000 37.28100000 37.26300000 37.30200000
37.59700000 37.59700000 37.59700000 37.59700000 37.59700000 37.59700000 37.59700000 37.59700000 37.59700000 37.59700000 37.59700000 37.59700000 37.59700000 37.59700000 37.59700000 37.59700000 37.59700000 37.59700000 37.59700000 37.59700000 37.59700000 37.59700000 37.59700000 36.63200000 37.15900000 37.21500000 37.23600000 37.24200000 37.23900000 37.29100000
