 25.18300000  25.10700000  25.04700000  24.98400000  25.14100000  25.06200000  25.16600000  25.21700000  25.14500000  24.94700000  25.03800000  25.08600000  24.69100000  24.20800000  24.46600000  24.95800000  25.22900000  25.02900000  25.01900000  25.00900000  25.00300000  24.87600000  24.51900000  23.99800000  23.99700000  23.48900000  23.97500000  24.14700000  24.19200000  24.40300000
 25.10300000  25.05000000  24.49800000  25.03200000  25.08000000  25.00900000  24.95300000  24.93500000  24.97200000  25.06200000  25.02700000  24.68400000  23.97300000  24.52300000  24.75400000  25.27700000  24.93600000  24.95600000  24.99900000  24.95200000  24.87400000  24.75700000  24.52900000  23.95600000  24.65600000  25.19800000  25.05400000  25.08600000  24.64400000  24.50800000
 25.01200000  25.06200000  25.01100000  24.91400000  24.98200000  25.02000000  25.03100000  25.02600000  24.95800000  24.74300000  23.92100000  23.77100000  24.50400000  24.73800000  25.16700000  25.15200000  24.96800000  24.95400000  24.79200000  24.70100000  24.59300000  24.13800000  25.49900000  25.24500000  25.02800000  25.04200000  24.86600000  24.85100000  24.86700000  24.81300000
 24.20100000  25.06600000  25.20800000  24.98000000  24.75500000  24.82000000  24.61600000  23.92400000  23.97300000  24.04000000  24.23300000  24.55000000  24.67200000  25.06400000  25.31600000  25.00800000  24.93700000  24.82200000  24.59600000  24.24400000  25.41100000  25.41300000  25.46700000  25.52900000  25.58500000  25.30100000  24.96600000  24.84200000  24.88100000  24.98700000
 23.67000000  24.60700000  24.79500000  25.31500000  25.27900000  24.92500000  24.17900000  23.86500000  23.92900000  24.77600000  24.87600000  24.89500000  25.00300000  25.21800000  25.44800000  24.94000000  24.82700000  24.58400000  24.92700000  25.30400000  25.34600000  25.12700000  25.00700000  25.03900000  25.26800000  25.67600000  25.58000000  24.80700000  24.71900000  24.90300000
 23.62100000  24.13600000  24.22000000  24.44300000  25.58900000  25.46600000  25.23900000  25.16500000  25.13200000  25.12300000  25.09700000  25.11300000  25.10800000  25.17700000  25.49300000  25.07600000  24.51900000  25.09100000  25.29800000  25.25200000  25.03400000  24.82800000  24.63000000  24.81400000  25.11000000  25.65500000  25.97900000  25.54900000  24.69500000  24.89800000
 23.57800000  24.17600000  23.87600000  23.99000000  24.38800000  25.72900000  25.46600000  25.31100000  25.39900000  25.40100000  25.46300000  25.41200000  25.35100000  25.29300000  25.46600000  25.29600000  24.70200000  25.34900000  25.22600000  25.13900000  24.89900000  24.73200000  24.71700000  25.02800000  25.52900000  26.04500000  26.29100000  26.14700000  25.58800000  24.98000000
 22.79600000  23.26900000  23.85700000  23.25800000  23.84100000  24.04600000  25.67200000  26.02700000  25.63500000  25.28100000  25.33800000  25.39200000  25.39500000  25.39000000  25.40900000  25.40100000  24.90900000  25.25600000  25.27700000  25.16100000  25.12800000  25.12200000  25.31400000  25.85200000  25.92400000  26.01300000  26.27700000  26.32200000  25.64400000  25.72600000
 22.81800000  23.16700000  23.15400000  22.82300000  23.39000000  23.68400000  24.85900000  25.74800000  26.13100000  26.17600000  25.33500000  25.36300000  25.42400000  25.49300000  25.48400000  25.44700000  25.36500000  25.32700000  25.37400000  25.52800000  25.49000000  25.99500000  25.83200000  25.82300000  25.96300000  25.90100000  26.10000000  26.26100000  25.75400000  25.85000000
 22.40600000  20.12100000  21.15900000  22.68500000  22.95400000  23.29600000  23.69900000  25.09000000  25.49700000  25.82100000  25.87000000  25.28400000  25.38800000  25.40600000  25.39000000  25.55900000  25.53700000  25.55800000  25.45300000  26.21400000  26.30600000  26.09400000  25.91200000  26.04300000  26.22300000  26.18600000  26.22900000  25.97300000  25.67100000  25.86800000
 23.16800000  21.45000000  20.15100000  22.31100000  22.77800000  22.90200000  22.95000000  23.63500000  24.80600000  24.73000000  25.11300000  25.93800000  25.33600000  25.35900000  25.42600000  25.41300000  25.44300000  26.07900000  26.12000000  26.35300000  26.12500000  25.69700000  26.02100000  26.22000000  26.04200000  25.90100000  25.74000000  25.68900000  25.86600000  25.85200000
 27.83300000  27.83300000  27.83300000  22.88500000  22.54200000  22.75200000  22.67400000  22.82000000  23.68200000  24.51100000  23.66400000  24.18200000  25.24500000  25.82100000  25.96800000  25.97800000  25.77500000  25.51700000  26.25400000  26.33100000  25.73200000  25.97100000  25.98300000  26.02600000  26.28100000  26.13400000  25.69100000  25.96000000  25.89500000  25.75000000
 27.83300000  27.83300000  27.83300000  27.83300000  23.11800000  22.67500000  22.00000000  22.50000000  23.16800000  23.41300000  23.47300000  23.09000000  23.68400000  24.03900000  24.62400000  25.04400000  24.86300000  25.00200000  26.29200000  26.33700000  25.71300000  25.83700000  26.01200000  25.88000000  25.95800000  26.44400000  26.08600000  25.93100000  25.86400000  25.95400000
 27.83300000  27.83300000  27.83300000  27.83300000  27.83300000  27.83300000  23.23800000  22.03800000  22.15200000  22.66200000  22.65400000  22.29400000  22.72900000  23.46900000  23.71000000  23.99900000  24.56800000  24.21600000  25.95000000  26.35000000  26.38000000  25.77400000  25.89500000  25.86700000  26.11100000  26.52800000  26.53400000  25.97100000  26.13500000  25.94800000
 27.83300000  27.83300000  27.83300000  27.83300000  27.83300000  27.83300000  27.83300000  27.83300000  27.83300000  27.83300000  27.83300000  27.83300000  22.29700000  20.36900000  20.11500000  23.44100000  24.41900000  24.67600000  24.72600000  26.40200000  26.39600000  26.44000000  26.43600000  26.50100000  26.39000000  26.63500000  26.55100000  26.56200000  26.02100000  26.04400000
 27.83300000  27.83300000  27.83300000  27.83300000  27.83300000  27.83300000  27.83300000  27.83300000  27.83300000  27.83300000  27.83300000  27.83300000  27.83300000  27.83300000  27.83300000  23.39300000  24.01300000  24.15900000  24.74600000  25.67600000  26.37800000  26.43200000  26.53000000  26.24800000  26.63600000  26.68900000  26.57400000  26.59600000  26.63200000  26.68300000
 27.83300000  27.83300000  27.83300000  27.83300000  27.83300000  27.83300000  27.83300000  27.83300000  27.83300000  27.83300000  27.83300000  27.83300000  27.83300000  27.83300000  27.83300000  27.83300000  23.42700000  22.79500000  24.60200000  23.86400000  26.11600000  26.40100000  26.40600000  26.45100000  26.73200000  26.76900000  26.69700000  26.64800000  26.72100000  26.83100000
 27.83300000  27.83300000  27.83300000  27.83300000  27.83300000  27.83300000  27.83300000  27.83300000  27.83300000  27.83300000  27.83300000  27.83300000  27.83300000  27.83300000  27.83300000  27.83300000  27.83300000  27.83300000  24.42000000  24.91900000  24.70600000  26.56200000  26.43600000  26.60700000  26.70400000  26.72500000  26.75800000  26.66800000  26.81000000  26.81500000
 27.83300000  27.83300000  27.83300000  27.83300000  27.83300000  27.83300000  27.83300000  27.83300000  27.83300000  27.83300000  27.83300000  27.83300000  27.83300000  27.83300000  27.83300000  27.83300000  27.83300000  27.83300000  27.83300000  25.19300000  24.37600000  26.57200000  26.45700000  26.69800000  26.84800000  26.73400000  26.73900000  26.76300000  26.85100000  26.91500000
 27.83300000  27.83300000  27.83300000  27.83300000  27.83300000  27.83300000  27.83300000  27.83300000  27.83300000  27.83300000  27.83300000  27.83300000  27.83300000  27.83300000  27.83300000  27.83300000  27.83300000  27.83300000  27.83300000  24.26200000  24.65300000  26.64600000  26.52200000  26.81100000  26.69500000  26.84300000  26.83500000  26.85200000  26.85700000  26.98000000
 27.83300000  27.83300000  27.83300000  27.83300000  27.83300000  27.83300000  27.83300000  27.83300000  27.83300000  27.83300000  27.83300000  27.83300000  27.83300000  27.83300000  27.83300000  27.83300000  27.83300000  27.83300000  27.83300000  24.97000000  25.56300000  26.66300000  26.69500000  26.84900000  26.65500000  26.81900000  26.82900000  26.74900000  26.93700000  26.94100000
 27.83300000  27.83300000  27.83300000  27.83300000  27.83300000  27.83300000  27.83300000  27.83300000  27.83300000  27.83300000  27.83300000  27.83300000  27.83300000  27.83300000  27.83300000  27.83300000  27.83300000  27.83300000  27.83300000  24.63500000  24.62500000  26.51800000  26.80300000  26.78200000  26.67700000  26.80400000  26.68500000  26.51700000  26.80000000  27.03300000
 27.83300000  27.83300000  27.83300000  27.83300000  27.83300000  27.83300000  27.83300000  27.83300000  27.83300000  27.83300000  27.83300000  27.83300000  27.83300000  27.83300000  27.83300000  27.83300000  27.83300000  27.83300000  27.83300000  27.83300000  24.90400000  26.04500000  26.63100000  26.68500000  26.69100000  26.76700000  26.61900000  26.38400000  26.52500000  26.92700000
 27.83300000  27.83300000  27.83300000  27.83300000  27.83300000  27.83300000  27.83300000  27.83300000  27.83300000  27.83300000  27.83300000  27.83300000  27.83300000  27.83300000  27.83300000  27.83300000  27.83300000  27.83300000  27.83300000  27.83300000  27.83300000  25.06700000  26.44300000  26.62700000  26.69300000  26.69300000  26.60300000  26.41600000  26.61700000  27.03800000
 27.83300000  27.83300000  27.83300000  27.83300000  27.83300000  27.83300000  27.83300000  27.83300000  27.83300000  27.83300000  27.83300000  27.83300000  27.83300000  27.83300000  27.83300000  27.83300000  27.83300000  27.83300000  27.83300000  27.83300000  27.83300000  24.85300000  26.06100000  26.55200000  26.53100000  26.47400000  26.38100000  26.33900000  26.92500000  27.08000000
 27.83300000  27.83300000  27.83300000  27.83300000  27.83300000  27.83300000  27.83300000  27.83300000  27.83300000  27.83300000  27.83300000  27.83300000  27.83300000  27.83300000  27.83300000  27.83300000  27.83300000  27.83300000  27.83300000  27.83300000  27.83300000  27.83300000  25.70500000  26.07500000  26.18400000  26.18100000  26.40300000  26.59200000  26.69500000  27.14300000
 27.83300000  27.83300000  27.83300000  27.83300000  27.83300000  27.83300000  27.83300000  27.83300000  27.83300000  27.83300000  27.83300000  27.83300000  27.83300000  27.83300000  27.83300000  27.83300000  27.83300000  27.83300000  27.83300000  27.83300000  27.83300000  27.83300000  27.83300000  25.69200000  26.26200000  26.35000000  26.38100000  26.55600000  26.70000000  27.11700000
 25.19500000  25.09600000  25.06700000  24.97600000  25.15700000  25.07700000  25.18300000  25.23500000  25.15500000  25.00500000  25.10200000  25.10400000  24.71900000  24.13600000  24.46000000  24.95700000  25.24400000  25.06500000  25.04400000  25.02700000  25.01900000  24.90100000  24.53600000  24.00500000  24.01000000  23.48400000  23.97800000  24.14600000  24.19600000  24.41900000
 25.10100000  25.06000000  24.51100000  25.04800000  25.09600000  25.02500000  24.97100000  24.95300000  24.98600000  25.07600000  25.04400000  24.70400000  23.98600000  24.53700000  24.76300000  25.29600000  24.95200000  24.97000000  25.01500000  24.97000000  24.89000000  24.77400000  24.54900000  23.97100000  24.65700000  25.21500000  25.07100000  25.10600000  24.66300000  24.52200000
 25.02500000  25.07700000  25.02400000  24.93100000  24.99800000  25.03600000  25.04700000  25.04200000  24.97500000  24.76300000  23.93800000  23.78500000  24.51800000  24.75100000  25.18300000  25.16900000  24.98600000  24.96300000  24.80900000  24.71700000  24.61100000  24.15300000  25.52400000  25.26100000  25.04200000  25.05900000  24.88300000  24.86800000  24.88500000  24.83000000
 24.37700000  25.08300000  25.22000000  24.98400000  24.77100000  24.83700000  24.63400000  23.94300000  23.98800000  24.05600000  24.24700000  24.56400000  24.68700000  25.07700000  25.33500000  25.02400000  24.95400000  24.83800000  24.61300000  24.25700000  25.42700000  25.43000000  25.48400000  25.54300000  25.60000000  25.31500000  24.98400000  24.86000000  24.89800000  25.00700000
 24.53300000  24.62400000  24.81500000  25.33000000  25.29200000  24.85200000  24.18900000  23.87800000  23.94100000  24.78300000  24.88700000  24.90900000  25.01700000  25.23300000  25.46500000  24.95700000  24.84400000  24.60000000  24.94000000  25.32200000  25.36200000  25.14400000  25.02400000  25.05300000  25.28100000  25.69200000  25.60000000  24.82300000  24.73300000  24.91900000
 24.68300000  24.14700000  24.23700000  24.46300000  25.60300000  25.48200000  25.25600000  25.17900000  25.14500000  25.13800000  25.11300000  25.12900000  25.12500000  25.19300000  25.50900000  25.09300000  24.53500000  25.10600000  25.31700000  25.26900000  25.05000000  24.84500000  24.64500000  24.82700000  25.12300000  25.67000000  25.99900000  25.56900000  24.70900000  24.91300000
 23.53700000  24.19800000  23.89200000  24.00400000  24.41200000  25.74600000  25.48200000  25.32700000  25.41400000  25.41600000  25.47800000  25.42800000  25.36800000  25.30900000  25.48300000  25.31300000  24.71700000  25.36800000  25.24500000  25.15600000  24.91600000  24.74900000  24.73200000  25.04300000  25.54200000  26.06200000  26.31000000  26.16900000  25.60400000  25.00300000
 22.80600000  23.40100000  23.87400000  23.27600000  23.85700000  24.13900000  25.69000000  26.04500000  25.65000000  25.29600000  25.35300000  25.40700000  25.41100000  25.40800000  25.42500000  25.41900000  24.92400000  25.27300000  25.29700000  25.17900000  25.14500000  25.13900000  25.32600000  25.86700000  25.94300000  26.03100000  26.29700000  26.34500000  25.66600000  25.76600000
 22.71400000  23.39100000  23.21500000  22.84200000  23.40600000  23.70100000  24.87000000  25.76500000  26.14800000  26.19300000  25.34900000  25.37700000  25.43700000  25.50800000  25.50000000  25.46400000  25.38100000  25.34300000  25.39100000  25.54200000  25.50900000  26.01100000  25.85100000  25.83900000  25.97900000  25.92000000  26.11800000  26.28200000  25.77400000  25.86700000
 19.44800000  18.92400000  19.04700000  21.11500000  22.97200000  23.32100000  23.80200000  25.10600000  25.51300000  25.83900000  25.88500000  25.29800000  25.39900000  25.42300000  25.40700000  25.57600000  25.55400000  25.57500000  25.46800000  26.23100000  26.32500000  26.11400000  25.92900000  26.05800000  26.24200000  26.20600000  26.24700000  25.99000000  25.68500000  25.87800000
 19.32300000  27.83300000  17.87500000  17.69800000  21.19600000  22.58600000  23.04200000  23.73400000  24.82400000  24.74900000  25.12800000  25.95500000  25.35100000  25.37500000  25.44300000  25.43100000  25.46000000  26.09500000  26.13600000  26.37000000  26.14700000  25.71300000  26.03900000  26.23900000  26.06500000  25.92000000  25.75700000  25.70300000  25.88100000  25.86700000
 27.83300000  27.83300000  27.83300000  27.83300000  18.94200000  20.67400000  22.36900000  22.50500000  23.70000000  24.52800000  23.68500000  24.19900000  25.26200000  25.83900000  25.98100000  25.99700000  25.79000000  25.53100000  26.26900000  26.34800000  25.74900000  25.98700000  25.99700000  26.04400000  26.29800000  26.15500000  25.70700000  25.97500000  25.91000000  25.76200000
 27.83300000  27.83300000  27.83300000  27.83300000  27.83300000  18.07400000  19.58500000  20.01000000  23.05000000  23.46000000  23.49600000  23.10400000  23.70000000  24.16600000  24.66300000  25.06700000  24.88100000  25.01600000  26.30800000  26.35300000  25.73100000  25.85300000  26.02600000  25.89900000  25.97300000  26.46200000  26.10500000  25.94700000  25.88000000  25.96800000
 27.83300000  27.83300000  27.83300000  27.83300000  27.83300000  27.83300000  27.83300000  17.94800000  17.23200000  18.48500000  21.73700000  21.54400000  20.28500000  22.60800000  23.36400000  24.01900000  24.59400000  24.22500000  25.96300000  26.36600000  26.39700000  25.78900000  25.91000000  25.88400000  26.13000000  26.54600000  26.55300000  25.98700000  26.15300000  25.95700000
 27.83300000  27.83300000  27.83300000  27.83300000  27.83300000  27.83300000  27.83300000  27.83300000  27.83300000  27.83300000  27.83300000  27.83300000  27.83300000  27.83300000  27.83300000  20.15500000  24.36500000  24.69400000  24.72600000  26.41900000  26.41000000  26.45700000  26.45300000  26.51800000  26.40300000  26.65400000  26.57000000  26.58100000  26.04000000  26.05900000
 27.83300000  27.83300000  27.83300000  27.83300000  27.83300000  27.83300000  27.83300000  27.83300000  27.83300000  27.83300000  27.83300000  27.83300000  27.83300000  27.83300000  27.83300000  27.83300000  23.67700000  24.20600000  24.76400000  25.68800000  26.39800000  26.44800000  26.54800000  26.26800000  26.65200000  26.71000000  26.59200000  26.61700000  26.65000000  26.70100000
 27.83300000  27.83300000  27.83300000  27.83300000  27.83300000  27.83300000  27.83300000  27.83300000  27.83300000  27.83300000  27.83300000  27.83300000  27.83300000  27.83300000  27.83300000  27.83300000  27.83300000  20.48100000  22.20200000  23.38900000  26.12900000  26.42400000  26.42400000  26.46300000  26.75000000  26.79000000  26.71600000  26.66900000  26.74200000  26.84700000
 27.83300000  27.83300000  27.83300000  27.83300000  27.83300000  27.83300000  27.83300000  27.83300000  27.83300000  27.83300000  27.83300000  27.83300000  27.83300000  27.83300000  27.83300000  27.83300000  27.83300000  27.83300000  27.83300000  24.90800000  24.71600000  26.58400000  26.45400000  26.62000000  26.72300000  26.74400000  26.77800000  26.68700000  26.83100000  26.83400000
 27.83300000  27.83300000  27.83300000  27.83300000  27.83300000  27.83300000  27.83300000  27.83300000  27.83300000  27.83300000  27.83300000  27.83300000  27.83300000  27.83300000  27.83300000  27.83300000  27.83300000  27.83300000  27.83300000  27.83300000  24.41200000  26.59600000  26.47000000  26.71700000  26.86900000  26.75400000  26.75700000  26.78200000  26.87200000  26.93300000
 27.83300000  27.83300000  27.83300000  27.83300000  27.83300000  27.83300000  27.83300000  27.83300000  27.83300000  27.83300000  27.83300000  27.83300000  27.83300000  27.83300000  27.83300000  27.83300000  27.83300000  27.83300000  27.83300000  27.83300000  22.84800000  26.66300000  26.53600000  26.82800000  26.71400000  26.86200000  26.85300000  26.87100000  26.87600000  27.00100000
 27.83300000  27.83300000  27.83300000  27.83300000  27.83300000  27.83300000  27.83300000  27.83300000  27.83300000  27.83300000  27.83300000  27.83300000  27.83300000  27.83300000  27.83300000  27.83300000  27.83300000  27.83300000  27.83300000  27.83300000  21.70000000  26.67400000  26.71000000  26.86600000  26.67100000  26.83400000  26.84700000  26.76000000  26.95000000  26.96000000
 27.83300000  27.83300000  27.83300000  27.83300000  27.83300000  27.83300000  27.83300000  27.83300000  27.83300000  27.83300000  27.83300000  27.83300000  27.83300000  27.83300000  27.83300000  27.83300000  27.83300000  27.83300000  27.83300000  27.83300000  22.87200000  26.53500000  26.81800000  26.79800000  26.69200000  26.81900000  26.69800000  26.52600000  26.81400000  27.04800000
 27.83300000  27.83300000  27.83300000  27.83300000  27.83300000  27.83300000  27.83300000  27.83300000  27.83300000  27.83300000  27.83300000  27.83300000  27.83300000  27.83300000  27.83300000  27.83300000  27.83300000  27.83300000  27.83300000  27.83300000  27.83300000  26.07800000  26.64600000  26.70300000  26.70600000  26.78300000  26.63800000  26.39900000  26.53700000  26.94200000
 27.83300000  27.83300000  27.83300000  27.83300000  27.83300000  27.83300000  27.83300000  27.83300000  27.83300000  27.83300000  27.83300000  27.83300000  27.83300000  27.83300000  27.83300000  27.83300000  27.83300000  27.83300000  27.83300000  27.83300000  27.83300000  24.37400000  26.46100000  26.64400000  26.71000000  26.70900000  26.62000000  26.43100000  26.62700000  27.05100000
 27.83300000  27.83300000  27.83300000  27.83300000  27.83300000  27.83300000  27.83300000  27.83300000  27.83300000  27.83300000  27.83300000  27.83300000  27.83300000  27.83300000  27.83300000  27.83300000  27.83300000  27.83300000  27.83300000  27.83300000  27.83300000  27.83300000  26.08400000  26.57000000  26.54700000  26.48800000  26.39800000  26.35400000  26.93700000  27.09800000
 27.83300000  27.83300000  27.83300000  27.83300000  27.83300000  27.83300000  27.83300000  27.83300000  27.83300000  27.83300000  27.83300000  27.83300000  27.83300000  27.83300000  27.83300000  27.83300000  27.83300000  27.83300000  27.83300000  27.83300000  27.83300000  27.83300000  25.73700000  26.09200000  26.20000000  26.19600000  26.42000000  26.60800000  26.71700000  27.16100000
 27.83300000  27.83300000  27.83300000  27.83300000  27.83300000  27.83300000  27.83300000  27.83300000  27.83300000  27.83300000  27.83300000  27.83300000  27.83300000  27.83300000  27.83300000  27.83300000  27.83300000  27.83300000  27.83300000  27.83300000  27.83300000  27.83300000  27.83300000  25.72800000  26.27900000  26.36500000  26.39800000  26.57200000  26.73400000  27.13800000
