 25.18000000  25.11200000  25.04100000  24.99900000  25.13700000  25.05900000  25.16000000  25.21500000  25.14500000  24.94400000  25.03700000  25.08500000  24.68300000  24.21200000  24.46700000  24.95800000  25.22600000  25.02800000  25.01700000  25.00600000  25.00200000  24.87300000  24.51500000  23.99000000  23.99700000  23.49100000  23.97600000  24.15400000  24.19100000  24.40600000
 25.10600000  25.04700000  24.48200000  25.02700000  25.07500000  25.00200000  24.94900000  24.93100000  24.96700000  25.05800000  25.02200000  24.67800000  23.97300000  24.52400000  24.75500000  25.27200000  24.93200000  24.95200000  24.99700000  24.94800000  24.86800000  24.74900000  24.52500000  23.94900000  24.65800000  25.19100000  25.04500000  25.07700000  24.63200000  24.49900000
 25.00900000  25.06200000  24.99900000  24.91000000  24.97600000  25.01800000  25.02700000  25.02100000  24.95300000  24.73700000  23.91600000  23.76800000  24.50600000  24.74200000  25.16700000  25.14300000  24.96500000  24.94900000  24.78600000  24.69800000  24.58900000  24.13400000  25.49600000  25.23700000  25.02000000  25.03600000  24.86200000  24.85100000  24.87100000  24.81000000
 24.19800000  25.06400000  25.20900000  24.97200000  24.75100000  24.81500000  24.60700000  23.92000000  23.97200000  24.03500000  24.22700000  24.54500000  24.66900000  25.06700000  25.31100000  24.99500000  24.93100000  24.81700000  24.58600000  24.24100000  25.41600000  25.40800000  25.46000000  25.52000000  25.58900000  25.30800000  24.96000000  24.83500000  24.87600000  24.98000000
 23.67700000  24.59400000  24.78300000  25.31700000  25.28900000  24.91600000  24.17800000  23.86300000  23.92600000  24.77300000  24.87500000  24.89400000  25.00000000  25.21500000  25.44300000  24.92500000  24.82100000  24.57600000  24.94300000  25.29700000  25.34000000  25.11600000  25.00300000  25.03100000  25.26200000  25.67100000  25.58400000  24.80400000  24.71400000  24.89900000
 23.62900000  24.12700000  24.21200000  24.43400000  25.58800000  25.46000000  25.23900000  25.16400000  25.12800000  25.12100000  25.09300000  25.10900000  25.10400000  25.17100000  25.48900000  25.06000000  24.51500000  25.09900000  25.29100000  25.24700000  25.02400000  24.81900000  24.61700000  24.80800000  25.11000000  25.65900000  25.97700000  25.54500000  24.69300000  24.89300000
 23.57800000  24.17800000  23.86200000  23.98400000  24.36600000  25.72600000  25.46500000  25.30800000  25.39500000  25.39600000  25.45900000  25.40700000  25.34600000  25.28900000  25.46400000  25.28300000  24.70300000  25.34600000  25.22100000  25.13100000  24.89400000  24.73100000  24.71600000  25.02800000  25.53700000  26.04300000  26.28500000  26.14700000  25.58400000  24.97700000
 22.78300000  23.25700000  23.84700000  23.24900000  23.83300000  24.03700000  25.66900000  26.02300000  25.63500000  25.27600000  25.33400000  25.38800000  25.39200000  25.38700000  25.40500000  25.39800000  24.89700000  25.25800000  25.27500000  25.15700000  25.12400000  25.11900000  25.31900000  25.85200000  25.91300000  26.00400000  26.27200000  26.32200000  25.64400000  25.71100000
 22.82300000  23.15400000  23.14100000  22.81300000  23.37900000  23.67200000  24.90700000  25.75200000  26.12800000  26.16800000  25.32700000  25.36000000  25.42200000  25.48500000  25.47600000  25.44200000  25.35400000  25.32100000  25.36800000  25.52200000  25.48900000  26.00000000  25.83700000  25.81700000  25.96400000  25.89900000  26.09700000  26.26100000  25.75300000  25.85000000
 22.38800000  20.07600000  21.11400000  22.68100000  22.95100000  23.28500000  23.70700000  25.07300000  25.48500000  25.80200000  25.86300000  25.27900000  25.38900000  25.40500000  25.38700000  25.55800000  25.53300000  25.55400000  25.45000000  26.21200000  26.30200000  26.08900000  25.91100000  26.03500000  26.21900000  26.18400000  26.22500000  25.97500000  25.66800000  25.86300000
 23.12900000  21.49400000  20.14500000  22.22600000  22.76900000  22.89500000  22.95600000  23.64000000  24.78000000  24.70900000  25.08400000  25.92500000  25.33400000  25.35700000  25.42400000  25.41500000  25.44200000  26.07800000  26.11400000  26.34900000  26.13100000  25.69300000  26.01500000  26.21800000  26.04100000  25.89600000  25.73800000  25.68500000  25.86300000  25.83900000
 27.83300000  27.83300000  27.83300000  22.86200000  22.50900000  22.74200000  22.66700000  22.82200000  23.70800000  24.48300000  23.64800000  24.16200000  25.26900000  25.81900000  25.96700000  25.97500000  25.76700000  25.51500000  26.25400000  26.32300000  25.73100000  25.96600000  25.98100000  26.02100000  26.27800000  26.12500000  25.68500000  25.95500000  25.89300000  25.73900000
 27.83300000  27.83300000  27.83300000  27.83300000  23.09800000  22.65200000  21.97400000  22.46100000  23.15500000  23.39000000  23.44000000  23.05300000  23.67500000  24.05000000  24.66100000  25.04000000  24.83600000  24.97900000  26.28800000  26.33300000  25.71300000  25.83300000  26.01000000  25.87700000  25.95300000  26.44000000  26.07200000  25.92700000  25.86200000  25.94100000
 27.83300000  27.83300000  27.83300000  27.83300000  27.83300000  27.83300000  23.17800000  22.00100000  22.07200000  22.62000000  22.63400000  22.27600000  22.67100000  23.45700000  23.70400000  24.00300000  24.56600000  24.19500000  25.94000000  26.34400000  26.37800000  25.77000000  25.89100000  25.86300000  26.10900000  26.52400000  26.53000000  25.96600000  26.13000000  25.94600000
 27.83300000  27.83300000  27.83300000  27.83300000  27.83300000  27.83300000  27.83300000  27.83300000  27.83300000  27.83300000  27.83300000  27.83300000  22.24300000  20.28700000  20.01400000  23.43000000  24.41400000  24.67700000  24.71500000  26.39500000  26.39100000  26.43700000  26.43200000  26.49600000  26.38700000  26.62900000  26.54600000  26.55700000  26.01100000  26.04000000
 27.83300000  27.83300000  27.83300000  27.83300000  27.83300000  27.83300000  27.83300000  27.83300000  27.83300000  27.83300000  27.83300000  27.83300000  27.83300000  27.83300000  27.83300000  23.38600000  24.00500000  24.13900000  24.74100000  25.69900000  26.37500000  26.42600000  26.52300000  26.24500000  26.63200000  26.68300000  26.56900000  26.59400000  26.62600000  26.68200000
 27.83300000  27.83300000  27.83300000  27.83300000  27.83300000  27.83300000  27.83300000  27.83300000  27.83300000  27.83300000  27.83300000  27.83300000  27.83300000  27.83300000  27.83300000  27.83300000  23.41900000  22.79000000  24.62000000  23.84100000  26.12200000  26.40000000  26.39800000  26.44900000  26.72700000  26.76500000  26.69100000  26.64400000  26.71800000  26.82700000
 27.83300000  27.83300000  27.83300000  27.83300000  27.83300000  27.83300000  27.83300000  27.83300000  27.83300000  27.83300000  27.83300000  27.83300000  27.83300000  27.83300000  27.83300000  27.83300000  27.83300000  27.83300000  24.40400000  24.88100000  24.69700000  26.55800000  26.43300000  26.60600000  26.70000000  26.71800000  26.75400000  26.66400000  26.80800000  26.81000000
 27.83300000  27.83300000  27.83300000  27.83300000  27.83300000  27.83300000  27.83300000  27.83300000  27.83300000  27.83300000  27.83300000  27.83300000  27.83300000  27.83300000  27.83300000  27.83300000  27.83300000  27.83300000  27.83300000  25.17400000  24.32100000  26.56000000  26.45600000  26.69600000  26.84600000  26.72900000  26.73500000  26.76000000  26.84900000  26.91300000
 27.83300000  27.83300000  27.83300000  27.83300000  27.83300000  27.83300000  27.83300000  27.83300000  27.83300000  27.83300000  27.83300000  27.83300000  27.83300000  27.83300000  27.83300000  27.83300000  27.83300000  27.83300000  27.83300000  24.23900000  24.70700000  26.64500000  26.52000000  26.80900000  26.68900000  26.83900000  26.83000000  26.84900000  26.85500000  26.97700000
 27.83300000  27.83300000  27.83300000  27.83300000  27.83300000  27.83300000  27.83300000  27.83300000  27.83300000  27.83300000  27.83300000  27.83300000  27.83300000  27.83300000  27.83300000  27.83300000  27.83300000  27.83300000  27.83300000  24.95900000  25.57700000  26.65400000  26.69400000  26.84500000  26.64900000  26.81400000  26.81600000  26.74800000  26.92900000  26.93700000
 27.83300000  27.83300000  27.83300000  27.83300000  27.83300000  27.83300000  27.83300000  27.83300000  27.83300000  27.83300000  27.83300000  27.83300000  27.83300000  27.83300000  27.83300000  27.83300000  27.83300000  27.83300000  27.83300000  24.65500000  24.62400000  26.51100000  26.79700000  26.77300000  26.67400000  26.80000000  26.68000000  26.49800000  26.78400000  27.02800000
 27.83300000  27.83300000  27.83300000  27.83300000  27.83300000  27.83300000  27.83300000  27.83300000  27.83300000  27.83300000  27.83300000  27.83300000  27.83300000  27.83300000  27.83300000  27.83300000  27.83300000  27.83300000  27.83300000  27.83300000  24.89900000  26.05900000  26.62500000  26.68400000  26.68600000  26.76500000  26.62100000  26.38000000  26.50600000  26.91900000
 27.83300000  27.83300000  27.83300000  27.83300000  27.83300000  27.83300000  27.83300000  27.83300000  27.83300000  27.83300000  27.83300000  27.83300000  27.83300000  27.83300000  27.83300000  27.83300000  27.83300000  27.83300000  27.83300000  27.83300000  27.83300000  25.06900000  26.44200000  26.62100000  26.68800000  26.68700000  26.59900000  26.41000000  26.61800000  27.03200000
 27.83300000  27.83300000  27.83300000  27.83300000  27.83300000  27.83300000  27.83300000  27.83300000  27.83300000  27.83300000  27.83300000  27.83300000  27.83300000  27.83300000  27.83300000  27.83300000  27.83300000  27.83300000  27.83300000  27.83300000  27.83300000  24.84900000  26.05300000  26.54700000  26.52300000  26.46700000  26.37200000  26.33200000  26.91600000  27.07500000
 27.83300000  27.83300000  27.83300000  27.83300000  27.83300000  27.83300000  27.83300000  27.83300000  27.83300000  27.83300000  27.83300000  27.83300000  27.83300000  27.83300000  27.83300000  27.83300000  27.83300000  27.83300000  27.83300000  27.83300000  27.83300000  27.83300000  25.71000000  26.06900000  26.16300000  26.17300000  26.39600000  26.58400000  26.68200000  27.13000000
 27.83300000  27.83300000  27.83300000  27.83300000  27.83300000  27.83300000  27.83300000  27.83300000  27.83300000  27.83300000  27.83300000  27.83300000  27.83300000  27.83300000  27.83300000  27.83300000  27.83300000  27.83300000  27.83300000  27.83300000  27.83300000  27.83300000  27.83300000  25.70200000  26.25200000  26.33400000  26.37100000  26.54500000  26.69300000  27.10700000
 25.19300000  25.10200000  25.06100000  24.99600000  25.15100000  25.07400000  25.17700000  25.23300000  25.15500000  25.00000000  25.10100000  25.10200000  24.71000000  24.13700000  24.46100000  24.95700000  25.24000000  25.06300000  25.04200000  25.02300000  25.01800000  24.89800000  24.52800000  23.99700000  24.00900000  23.48700000  23.98000000  24.15200000  24.19600000  24.42200000
 25.10500000  25.05700000  24.49400000  25.04300000  25.09100000  25.01800000  24.96600000  24.94800000  24.98100000  25.07200000  25.03900000  24.69700000  23.98600000  24.53700000  24.76500000  25.29100000  24.94800000  24.96700000  25.01300000  24.96500000  24.88300000  24.76700000  24.54400000  23.96300000  24.66400000  25.20800000  25.06300000  25.09800000  24.65200000  24.51200000
 25.02200000  25.07700000  25.01100000  24.92600000  24.99200000  25.03400000  25.04400000  25.03700000  24.97000000  24.75600000  23.93400000  23.78200000  24.51900000  24.75500000  25.18300000  25.16100000  24.98300000  24.95900000  24.80300000  24.71400000  24.60700000  24.14900000  25.52100000  25.25200000  25.03300000  25.05400000  24.88000000  24.86900000  24.88800000  24.82600000
 24.38700000  25.08100000  25.22100000  24.97500000  24.76700000  24.83200000  24.62400000  23.93700000  23.98600000  24.05100000  24.24000000  24.55900000  24.68300000  25.08100000  25.33000000  25.01200000  24.94700000  24.83300000  24.60400000  24.25400000  25.43300000  25.42500000  25.47600000  25.53600000  25.60000000  25.32300000  24.97900000  24.85200000  24.89400000  25.00000000
 24.55800000  24.61100000  24.80300000  25.33300000  25.30100000  24.84600000  24.18800000  23.87600000  23.93800000  24.78000000  24.88600000  24.90700000  25.01400000  25.23000000  25.46000000  24.94200000  24.83700000  24.59200000  24.95600000  25.31500000  25.35700000  25.13300000  25.01700000  25.04600000  25.27400000  25.68600000  25.60400000  24.81900000  24.72800000  24.91400000
 24.68600000  24.13700000  24.22800000  24.45300000  25.60200000  25.47600000  25.25600000  25.17700000  25.14200000  25.13500000  25.10900000  25.12400000  25.12100000  25.18700000  25.50500000  25.07800000  24.53100000  25.11400000  25.30900000  25.26400000  25.04100000  24.83600000  24.63200000  24.82200000  25.12200000  25.67500000  25.99700000  25.56400000  24.70700000  24.90900000
 23.53800000  24.20000000  23.87800000  23.99800000  24.39000000  25.74200000  25.48000000  25.32300000  25.41100000  25.41100000  25.47500000  25.42200000  25.36300000  25.30600000  25.48000000  25.30000000  24.71900000  25.36500000  25.24000000  25.14800000  24.91000000  24.74700000  24.73100000  25.04400000  25.55000000  26.06100000  26.30500000  26.16900000  25.60000000  24.99700000
 22.79900000  23.40100000  23.86300000  23.26700000  23.84900000  24.12900000  25.68600000  26.04100000  25.65000000  25.29100000  25.34900000  25.40300000  25.40700000  25.40500000  25.42100000  25.41700000  24.91200000  25.27500000  25.29400000  25.17500000  25.14000000  25.13500000  25.33000000  25.86800000  25.93200000  26.02200000  26.29100000  26.34400000  25.66500000  25.75500000
 22.73900000  23.39200000  23.19900000  22.83200000  23.39500000  23.68900000  24.91900000  25.77000000  26.14500000  26.18600000  25.34100000  25.37400000  25.43500000  25.50100000  25.49200000  25.46000000  25.37000000  25.33700000  25.38400000  25.53600000  25.50600000  26.01500000  25.85600000  25.83400000  25.98100000  25.91800000  26.11400000  26.28100000  25.77200000  25.86600000
 19.43700000  18.93200000  19.03400000  21.21200000  22.97800000  23.30500000  23.81200000  25.09000000  25.50100000  25.82100000  25.87900000  25.29300000  25.39900000  25.42200000  25.40400000  25.57600000  25.55000000  25.57000000  25.46600000  26.22800000  26.32100000  26.10900000  25.92700000  26.05000000  26.23800000  26.20200000  26.24200000  25.99300000  25.68300000  25.87400000
 19.31100000  27.83300000  17.86400000  17.69700000  21.30100000  22.60900000  23.06200000  23.72500000  24.79900000  24.72900000  25.09900000  25.94300000  25.35000000  25.37200000  25.44100000  25.43200000  25.45900000  26.09300000  26.13000000  26.36600000  26.15300000  25.70800000  26.03200000  26.23600000  26.06300000  25.91500000  25.75400000  25.69900000  25.87800000  25.85400000
 27.83300000  27.83300000  27.83300000  27.83300000  18.85500000  20.69000000  22.48100000  22.57000000  23.72800000  24.50000000  23.66800000  24.17900000  25.28700000  25.83600000  25.97800000  25.99400000  25.78200000  25.53000000  26.26900000  26.33900000  25.74800000  25.98100000  25.99500000  26.03900000  26.29400000  26.14600000  25.70100000  25.97000000  25.90700000  25.75000000
 27.83300000  27.83300000  27.83300000  27.83300000  27.83300000  18.05500000  19.47500000  19.98900000  23.06300000  23.43500000  23.46200000  23.06700000  23.69000000  24.18600000  24.69300000  25.06600000  24.85400000  24.99200000  26.30300000  26.34900000  25.73100000  25.84800000  26.02400000  25.89600000  25.96900000  26.45800000  26.09100000  25.94200000  25.87800000  25.95500000
 27.83300000  27.83300000  27.83300000  27.83300000  27.83300000  27.83300000  27.83300000  17.91600000  17.21000000  18.34700000  21.62300000  21.41900000  20.26200000  22.55000000  23.41300000  24.02500000  24.59100000  24.20500000  25.95300000  26.36000000  26.39300000  25.78500000  25.90700000  25.88000000  26.12900000  26.54200000  26.54900000  25.97900000  26.14900000  25.95600000
 27.83300000  27.83300000  27.83300000  27.83300000  27.83300000  27.83300000  27.83300000  27.83300000  27.83300000  27.83300000  27.83300000  27.83300000  27.83300000  27.83300000  27.83300000  20.08300000  24.35200000  24.69500000  24.72300000  26.41100000  26.40400000  26.45300000  26.44900000  26.51400000  26.40000000  26.64900000  26.56700000  26.57700000  26.03100000  26.05600000
 27.83300000  27.83300000  27.83300000  27.83300000  27.83300000  27.83300000  27.83300000  27.83300000  27.83300000  27.83300000  27.83300000  27.83300000  27.83300000  27.83300000  27.83300000  27.83300000  23.65600000  24.19000000  24.75900000  25.71200000  26.39400000  26.44200000  26.54100000  26.26400000  26.64900000  26.70500000  26.58800000  26.61400000  26.64500000  26.69600000
 27.83300000  27.83300000  27.83300000  27.83300000  27.83300000  27.83300000  27.83300000  27.83300000  27.83300000  27.83300000  27.83300000  27.83300000  27.83300000  27.83300000  27.83300000  27.83300000  27.83300000  20.45800000  22.39900000  23.58800000  26.13500000  26.42200000  26.41500000  26.46200000  26.74600000  26.78600000  26.71100000  26.66500000  26.74000000  26.84300000
 27.83300000  27.83300000  27.83300000  27.83300000  27.83300000  27.83300000  27.83300000  27.83300000  27.83300000  27.83300000  27.83300000  27.83300000  27.83300000  27.83300000  27.83300000  27.83300000  27.83300000  27.83300000  27.83300000  24.87000000  24.70100000  26.58000000  26.45100000  26.61900000  26.72000000  26.73800000  26.77500000  26.68300000  26.82900000  26.82900000
 27.83300000  27.83300000  27.83300000  27.83300000  27.83300000  27.83300000  27.83300000  27.83300000  27.83300000  27.83300000  27.83300000  27.83300000  27.83300000  27.83300000  27.83300000  27.83300000  27.83300000  27.83300000  27.83300000  27.83300000  24.35700000  26.58300000  26.47000000  26.71500000  26.86700000  26.74900000  26.75400000  26.77900000  26.87200000  26.93300000
 27.83300000  27.83300000  27.83300000  27.83300000  27.83300000  27.83300000  27.83300000  27.83300000  27.83300000  27.83300000  27.83300000  27.83300000  27.83300000  27.83300000  27.83300000  27.83300000  27.83300000  27.83300000  27.83300000  27.83300000  22.86700000  26.66100000  26.53500000  26.82700000  26.70800000  26.85800000  26.84900000  26.87200000  26.87400000  26.99800000
 27.83300000  27.83300000  27.83300000  27.83300000  27.83300000  27.83300000  27.83300000  27.83300000  27.83300000  27.83300000  27.83300000  27.83300000  27.83300000  27.83300000  27.83300000  27.83300000  27.83300000  27.83300000  27.83300000  27.83300000  21.73400000  26.66400000  26.70900000  26.86300000  26.66500000  26.82900000  26.83400000  26.76000000  26.94200000  26.95600000
 27.83300000  27.83300000  27.83300000  27.83300000  27.83300000  27.83300000  27.83300000  27.83300000  27.83300000  27.83300000  27.83300000  27.83300000  27.83300000  27.83300000  27.83300000  27.83300000  27.83300000  27.83300000  27.83300000  27.83300000  22.82100000  26.52700000  26.81100000  26.78800000  26.68900000  26.81500000  26.69400000  26.50700000  26.79800000  27.04200000
 27.83300000  27.83300000  27.83300000  27.83300000  27.83300000  27.83300000  27.83300000  27.83300000  27.83300000  27.83300000  27.83300000  27.83300000  27.83300000  27.83300000  27.83300000  27.83300000  27.83300000  27.83300000  27.83300000  27.83300000  27.83300000  26.09400000  26.64000000  26.70000000  26.70000000  26.78000000  26.64200000  26.39500000  26.51800000  26.93300000
 27.83300000  27.83300000  27.83300000  27.83300000  27.83300000  27.83300000  27.83300000  27.83300000  27.83300000  27.83300000  27.83300000  27.83300000  27.83300000  27.83300000  27.83300000  27.83300000  27.83300000  27.83300000  27.83300000  27.83300000  27.83300000  24.34400000  26.45900000  26.63700000  26.70400000  26.70300000  26.61500000  26.42500000  26.62700000  27.04400000
 27.83300000  27.83300000  27.83300000  27.83300000  27.83300000  27.83300000  27.83300000  27.83300000  27.83300000  27.83300000  27.83300000  27.83300000  27.83300000  27.83300000  27.83300000  27.83300000  27.83300000  27.83300000  27.83300000  27.83300000  27.83300000  27.83300000  26.07500000  26.56400000  26.53900000  26.48200000  26.38900000  26.34700000  26.92800000  27.09300000
 27.83300000  27.83300000  27.83300000  27.83300000  27.83300000  27.83300000  27.83300000  27.83300000  27.83300000  27.83300000  27.83300000  27.83300000  27.83300000  27.83300000  27.83300000  27.83300000  27.83300000  27.83300000  27.83300000  27.83300000  27.83300000  27.83300000  25.74300000  26.08700000  26.17900000  26.18800000  26.41200000  26.59900000  26.70400000  27.14800000
 27.83300000  27.83300000  27.83300000  27.83300000  27.83300000  27.83300000  27.83300000  27.83300000  27.83300000  27.83300000  27.83300000  27.83300000  27.83300000  27.83300000  27.83300000  27.83300000  27.83300000  27.83300000  27.83300000  27.83300000  27.83300000  27.83300000  27.83300000  25.73800000  26.26800000  26.34800000  26.38600000  26.56000000  26.72600000  27.12800000
