36.98700000 36.91900000 36.92100000 37.01700000 37.20100000 37.20800000 37.22700000 37.24100000 37.19700000 37.16600000 37.09900000 36.98100000 36.86200000 36.64400000 36.82600000 36.89500000 37.06100000 37.02500000 37.06500000 37.03600000 36.99100000 36.97100000 36.81900000 36.52400000 36.56200000 36.35100000 36.61200000 36.61800000 36.61000000 36.76700000
36.91400000 36.84800000 36.90300000 37.16000000 37.15300000 37.17700000 37.18500000 37.16900000 37.13700000 37.06400000 36.96100000 36.84800000 36.59700000 36.90200000 36.88200000 37.11700000 36.99500000 37.08300000 37.04500000 37.01400000 36.96600000 36.87600000 36.79900000 36.63400000 36.91200000 37.12400000 37.05100000 37.08400000 36.95500000 36.90500000
36.91000000 36.96800000 36.92100000 37.09400000 37.09600000 37.06900000 37.06600000 37.02500000 36.95900000 36.88100000 36.60500000 36.47800000 36.91600000 36.89200000 36.95700000 37.08000000 37.03000000 37.05500000 36.96200000 36.90400000 36.84500000 36.68700000 37.25900000 37.13200000 37.00900000 37.06800000 37.00000000 37.00900000 36.95000000 36.86600000
36.39700000 37.09100000 37.06300000 36.87900000 37.01300000 37.01300000 36.92000000 36.59700000 36.65500000 36.70400000 36.81900000 36.93900000 36.90500000 36.93100000 36.99500000 36.99900000 37.01000000 36.98200000 36.88200000 36.72600000 37.24700000 37.26600000 37.23700000 37.24300000 37.25700000 37.19500000 36.97700000 36.86000000 36.78800000 36.83200000
35.77500000 36.94900000 36.99100000 37.20300000 37.03600000 36.88000000 36.74000000 36.56400000 36.61900000 36.96300000 36.94800000 36.93400000 36.93600000 36.93200000 37.03100000 36.95400000 36.95300000 36.87800000 37.02100000 37.23700000 37.23300000 37.17700000 37.14900000 37.15600000 37.18100000 37.25000000 37.28200000 36.79600000 36.60700000 36.64700000
35.66500000 36.74600000 36.80000000 36.80000000 37.29900000 37.11100000 36.94400000 36.89100000 36.85300000 36.83900000 36.82700000 36.84600000 36.86300000 36.89700000 37.04800000 37.01400000 36.78500000 37.06700000 37.22600000 37.22400000 37.16200000 37.05100000 36.99100000 37.05300000 37.16200000 37.23000000 37.32500000 37.27900000 36.69600000 36.64500000
35.97000000 36.67000000 36.52700000 36.68900000 36.81100000 37.34700000 37.07800000 36.91900000 36.96100000 36.97500000 37.03600000 37.01300000 37.00500000 37.02000000 37.04800000 37.13000000 36.89400000 37.18700000 37.21300000 37.19100000 37.11800000 37.02100000 37.02500000 37.14600000 37.19700000 37.38600000 37.45900000 37.41700000 37.25600000 36.74600000
35.57700000 35.95700000 36.52600000 36.23500000 36.47600000 36.68900000 37.30800000 37.40200000 37.16700000 36.91600000 36.93100000 36.97100000 37.01400000 37.03200000 37.03000000 37.12400000 36.97900000 37.15100000 37.20400000 37.19100000 37.17700000 37.17700000 37.17600000 37.28500000 37.38000000 37.40100000 37.45100000 37.46800000 37.28900000 37.31600000
35.39200000 35.59000000 35.78500000 35.96200000 36.42400000 36.23000000 37.14400000 37.33900000 37.41300000 37.41700000 36.98000000 36.96100000 37.01200000 37.06700000 37.05100000 37.15400000 37.18000000 37.17900000 37.19200000 37.24900000 37.11700000 37.33700000 37.30000000 37.33900000 37.39800000 37.38500000 37.43400000 37.47600000 37.30500000 37.26600000
35.27300000 35.68100000 35.59300000 35.65100000 35.99100000 36.06900000 36.46400000 37.15700000 37.25100000 37.31200000 37.25000000 36.96000000 36.96600000 36.98300000 37.03300000 37.23600000 37.24100000 37.24200000 37.05500000 37.35900000 37.37700000 37.33800000 37.35800000 37.35900000 37.43500000 37.45300000 37.46700000 37.36600000 37.28900000 37.22900000
35.03100000 35.20700000 35.71700000 35.48300000 35.64200000 35.93700000 35.75100000 36.49400000 37.09200000 37.02100000 37.10600000 37.33300000 36.99500000 36.98500000 37.00800000 37.08000000 37.08500000 37.34400000 37.32500000 37.37500000 37.33600000 37.27100000 37.35600000 37.32600000 37.34100000 37.34200000 37.32300000 37.29100000 37.26600000 37.17000000
37.59700000 37.59700000 37.59700000 35.31500000 35.49700000 35.59900000 35.64300000 35.66900000 36.59100000 36.99000000 36.47000000 36.71800000 37.10600000 37.30000000 37.33200000 37.32800000 37.25000000 37.12000000 37.34400000 37.37400000 37.23300000 37.34400000 37.27800000 37.29100000 37.37300000 37.36100000 37.26900000 37.34100000 37.21300000 37.14800000
37.59700000 37.59700000 37.59700000 37.59700000 35.28500000 35.53700000 35.58000000 35.65500000 36.14700000 36.42400000 36.41300000 36.27300000 36.62400000 36.41200000 36.89600000 37.11800000 37.00400000 36.96800000 37.35000000 37.40900000 37.21000000 37.27800000 37.25400000 37.23700000 37.29900000 37.39400000 37.35500000 37.31900000 37.22400000 37.17300000
37.59700000 37.59700000 37.59700000 37.59700000 37.59700000 37.59700000 35.46500000 35.60100000 35.67500000 35.90000000 36.14600000 36.16600000 36.14500000 36.22300000 36.18400000 36.10500000 36.60700000 36.94000000 37.19600000 37.42700000 37.40200000 37.21400000 37.22100000 37.19500000 37.33500000 37.38500000 37.46000000 37.33100000 37.39800000 37.21500000
37.59700000 37.59700000 37.59700000 37.59700000 37.59700000 37.59700000 37.59700000 37.59700000 37.59700000 37.59700000 37.59700000 37.59700000 36.10100000 36.08300000 36.01900000 36.04900000 36.48300000 36.95700000 36.98300000 37.35300000 37.43400000 37.41500000 37.40200000 37.40500000 37.36100000 37.37700000 37.42100000 37.47700000 37.33700000 37.40100000
37.59700000 37.59700000 37.59700000 37.59700000 37.59700000 37.59700000 37.59700000 37.59700000 37.59700000 37.59700000 37.59700000 37.59700000 37.59700000 37.59700000 37.59700000 36.02500000 36.50600000 36.55800000 36.98000000 37.18800000 37.35300000 37.42400000 37.42300000 37.37000000 37.32200000 37.37700000 37.40900000 37.45900000 37.52700000 37.55300000
37.59700000 37.59700000 37.59700000 37.59700000 37.59700000 37.59700000 37.59700000 37.59700000 37.59700000 37.59700000 37.59700000 37.59700000 37.59700000 37.59700000 37.59700000 37.59700000 36.01500000 36.14600000 36.93500000 36.72700000 37.30000000 37.39800000 37.41600000 37.35900000 37.34400000 37.38200000 37.37900000 37.42000000 37.41400000 37.55700000
37.59700000 37.59700000 37.59700000 37.59700000 37.59700000 37.59700000 37.59700000 37.59700000 37.59700000 37.59700000 37.59700000 37.59700000 37.59700000 37.59700000 37.59700000 37.59700000 37.59700000 37.59700000 36.20300000 36.97600000 36.85200000 37.36600000 37.41700000 37.32000000 37.35800000 37.36900000 37.38700000 37.33400000 37.38200000 37.48000000
37.59700000 37.59700000 37.59700000 37.59700000 37.59700000 37.59700000 37.59700000 37.59700000 37.59700000 37.59700000 37.59700000 37.59700000 37.59700000 37.59700000 37.59700000 37.59700000 37.59700000 37.59700000 37.59700000 36.94900000 36.77600000 37.36900000 37.36900000 37.35600000 37.43100000 37.38900000 37.37300000 37.34800000 37.37700000 37.40200000
37.59700000 37.59700000 37.59700000 37.59700000 37.59700000 37.59700000 37.59700000 37.59700000 37.59700000 37.59700000 37.59700000 37.59700000 37.59700000 37.59700000 37.59700000 37.59700000 37.59700000 37.59700000 37.59700000 36.72900000 36.91800000 37.37900000 37.31100000 37.40300000 37.40700000 37.43900000 37.40400000 37.36800000 37.35100000 37.41700000
37.59700000 37.59700000 37.59700000 37.59700000 37.59700000 37.59700000 37.59700000 37.59700000 37.59700000 37.59700000 37.59700000 37.59700000 37.59700000 37.59700000 37.59700000 37.59700000 37.59700000 37.59700000 37.59700000 36.81100000 37.06000000 37.37700000 37.34900000 37.41400000 37.39700000 37.41500000 37.40700000 37.33700000 37.37000000 37.36100000
37.59700000 37.59700000 37.59700000 37.59700000 37.59700000 37.59700000 37.59700000 37.59700000 37.59700000 37.59700000 37.59700000 37.59700000 37.59700000 37.59700000 37.59700000 37.59700000 37.59700000 37.59700000 37.59700000 36.40200000 36.71200000 37.31300000 37.40000000 37.38600000 37.39000000 37.37700000 37.33800000 37.28700000 37.29400000 37.37200000
37.59700000 37.59700000 37.59700000 37.59700000 37.59700000 37.59700000 37.59700000 37.59700000 37.59700000 37.59700000 37.59700000 37.59700000 37.59700000 37.59700000 37.59700000 37.59700000 37.59700000 37.59700000 37.59700000 37.59700000 36.67600000 37.17100000 37.34600000 37.36500000 37.37200000 37.34700000 37.31800000 37.30600000 37.28300000 37.32500000
37.59700000 37.59700000 37.59700000 37.59700000 37.59700000 37.59700000 37.59700000 37.59700000 37.59700000 37.59700000 37.59700000 37.59700000 37.59700000 37.59700000 37.59700000 37.59700000 37.59700000 37.59700000 37.59700000 37.59700000 37.59700000 36.74600000 37.28400000 37.35000000 37.35900000 37.34200000 37.32900000 37.29600000 37.29100000 37.32700000
37.59700000 37.59700000 37.59700000 37.59700000 37.59700000 37.59700000 37.59700000 37.59700000 37.59700000 37.59700000 37.59700000 37.59700000 37.59700000 37.59700000 37.59700000 37.59700000 37.59700000 37.59700000 37.59700000 37.59700000 37.59700000 36.48600000 37.11400000 37.31800000 37.32000000 37.31400000 37.26700000 37.21800000 37.29000000 37.31800000
37.59700000 37.59700000 37.59700000 37.59700000 37.59700000 37.59700000 37.59700000 37.59700000 37.59700000 37.59700000 37.59700000 37.59700000 37.59700000 37.59700000 37.59700000 37.59700000 37.59700000 37.59700000 37.59700000 37.59700000 37.59700000 37.59700000 36.84200000 37.12300000 37.16700000 37.17400000 37.21700000 37.28100000 37.26400000 37.30200000
37.59700000 37.59700000 37.59700000 37.59700000 37.59700000 37.59700000 37.59700000 37.59700000 37.59700000 37.59700000 37.59700000 37.59700000 37.59700000 37.59700000 37.59700000 37.59700000 37.59700000 37.59700000 37.59700000 37.59700000 37.59700000 37.59700000 37.59700000 36.63900000 37.15500000 37.21200000 37.23500000 37.24100000 37.24100000 37.29200000
36.98600000 36.91900000 36.91800000 37.01500000 37.20100000 37.20800000 37.22600000 37.24000000 37.19700000 37.16400000 37.10000000 36.98200000 36.86500000 36.66100000 36.82600000 36.89300000 37.06000000 37.02300000 37.06400000 37.03600000 36.99200000 36.97000000 36.82300000 36.52000000 36.56100000 36.34900000 36.61200000 36.61700000 36.60900000 36.76400000
36.91300000 36.84800000 36.90200000 37.15900000 37.15300000 37.17700000 37.18400000 37.16900000 37.13600000 37.06400000 36.96100000 36.84700000 36.59600000 36.90100000 36.88200000 37.11600000 36.99400000 37.08300000 37.04500000 37.01400000 36.96500000 36.87500000 36.79900000 36.63400000 36.90700000 37.12400000 37.05000000 37.08300000 36.95500000 36.90400000
36.91100000 36.96700000 36.92100000 37.09400000 37.09500000 37.06900000 37.06600000 37.02500000 36.95900000 36.88000000 36.60600000 36.47700000 36.91500000 36.89100000 36.95600000 37.08000000 37.02900000 37.05500000 36.96200000 36.90500000 36.84500000 36.68600000 37.25800000 37.13200000 37.00800000 37.06700000 36.99900000 37.00800000 36.94900000 36.86600000
36.72500000 37.09000000 37.06200000 36.88100000 37.01200000 37.01300000 36.92100000 36.59800000 36.65400000 36.70400000 36.81800000 36.93800000 36.90500000 36.93000000 36.99500000 36.99900000 37.00900000 36.98200000 36.88200000 36.72600000 37.24700000 37.26600000 37.23600000 37.24200000 37.25600000 37.19500000 36.97700000 36.86000000 36.78800000 36.83100000
36.69300000 36.94900000 36.99100000 37.20300000 37.03500000 36.87500000 36.74000000 36.56400000 36.61700000 36.96100000 36.94700000 36.93300000 36.93600000 36.93100000 37.03100000 36.95400000 36.95200000 36.87800000 37.01900000 37.23600000 37.23300000 37.17600000 37.14900000 37.15500000 37.18000000 37.24900000 37.28100000 36.79600000 36.60600000 36.64600000
36.55100000 36.74600000 36.80000000 36.80000000 37.29700000 37.11100000 36.94400000 36.89100000 36.85200000 36.83800000 36.82600000 36.84600000 36.86200000 36.89600000 37.04700000 37.01300000 36.78500000 37.06500000 37.22500000 37.22400000 37.16200000 37.05100000 36.99000000 37.05200000 37.16100000 37.22900000 37.32400000 37.27700000 36.69600000 36.64400000
35.96800000 36.67200000 36.52700000 36.68900000 36.81500000 37.34600000 37.07700000 36.91900000 36.96100000 36.97400000 37.03500000 37.01200000 37.00500000 37.01900000 37.04800000 37.12900000 36.89300000 37.18600000 37.21200000 37.19000000 37.11700000 37.02000000 37.02400000 37.14500000 37.19600000 37.38400000 37.45800000 37.41700000 37.25600000 36.75400000
35.66600000 36.09800000 36.52600000 36.23700000 36.47800000 36.72800000 37.30700000 37.40100000 37.16700000 36.91600000 36.93100000 36.97000000 37.01300000 37.03100000 37.03000000 37.12300000 36.97800000 37.15100000 37.20400000 37.19000000 37.17600000 37.17700000 37.17500000 37.28400000 37.37900000 37.40000000 37.45100000 37.46800000 37.28900000 37.32100000
35.97500000 35.79200000 35.81000000 35.96800000 36.42500000 36.23100000 37.14200000 37.33800000 37.41200000 37.41700000 36.97900000 36.96100000 37.01100000 37.06700000 37.05000000 37.15300000 37.17900000 37.17800000 37.19000000 37.24800000 37.11800000 37.33700000 37.29900000 37.33900000 37.39700000 37.38400000 37.43300000 37.47600000 37.30400000 37.26800000
36.04800000 35.84200000 35.88600000 36.33000000 36.05600000 36.07400000 36.51900000 37.15600000 37.25000000 37.31100000 37.25000000 36.95900000 36.96500000 36.98200000 37.03200000 37.23500000 37.24100000 37.24100000 37.05500000 37.35800000 37.37600000 37.33700000 37.35700000 37.35900000 37.43400000 37.45300000 37.46600000 37.36600000 37.28900000 37.22900000
35.83400000 37.59700000 35.82900000 35.79500000 36.37200000 36.27700000 35.83000000 36.52300000 37.09100000 37.02100000 37.10600000 37.33200000 36.99500000 36.98400000 37.00700000 37.07900000 37.08500000 37.34400000 37.32400000 37.37400000 37.33500000 37.27100000 37.35500000 37.32500000 37.34000000 37.34100000 37.32200000 37.29100000 37.26600000 37.17000000
37.59700000 37.59700000 37.59700000 37.59700000 35.75600000 36.26000000 35.74500000 35.87400000 36.59200000 36.98900000 36.47200000 36.71900000 37.10600000 37.29900000 37.32900000 37.32700000 37.24900000 37.12000000 37.34300000 37.37300000 37.23200000 37.34300000 37.27700000 37.29000000 37.37200000 37.36000000 37.26900000 37.34000000 37.21300000 37.14800000
37.59700000 37.59700000 37.59700000 37.59700000 37.59700000 35.76800000 35.78500000 35.94000000 36.28700000 36.44000000 36.41600000 36.27300000 36.62300000 36.49900000 36.90200000 37.11800000 37.00400000 36.96800000 37.34900000 37.40800000 37.21000000 37.27800000 37.25400000 37.23700000 37.29800000 37.39300000 37.35500000 37.31900000 37.22400000 37.17300000
37.59700000 37.59700000 37.59700000 37.59700000 37.59700000 37.59700000 37.59700000 35.76800000 35.75100000 35.91900000 36.34700000 36.25500000 36.24800000 36.46100000 36.31800000 36.12000000 36.61000000 36.93900000 37.19400000 37.42600000 37.40100000 37.21300000 37.22100000 37.19400000 37.33400000 37.38400000 37.45900000 37.33000000 37.39700000 37.21400000
37.59700000 37.59700000 37.59700000 37.59700000 37.59700000 37.59700000 37.59700000 37.59700000 37.59700000 37.59700000 37.59700000 37.59700000 37.59700000 37.59700000 37.59700000 36.19600000 36.47200000 36.95700000 36.98200000 37.35200000 37.43300000 37.41400000 37.40100000 37.40400000 37.36000000 37.37600000 37.42000000 37.47600000 37.33700000 37.40100000
37.59700000 37.59700000 37.59700000 37.59700000 37.59700000 37.59700000 37.59700000 37.59700000 37.59700000 37.59700000 37.59700000 37.59700000 37.59700000 37.59700000 37.59700000 37.59700000 36.47800000 36.57800000 36.97800000 37.18500000 37.35200000 37.42300000 37.42200000 37.36900000 37.32100000 37.37600000 37.40800000 37.45800000 37.52600000 37.55200000
37.59700000 37.59700000 37.59700000 37.59700000 37.59700000 37.59700000 37.59700000 37.59700000 37.59700000 37.59700000 37.59700000 37.59700000 37.59700000 37.59700000 37.59700000 37.59700000 37.59700000 36.28000000 36.54000000 36.69700000 37.29800000 37.39700000 37.41500000 37.35800000 37.34300000 37.38100000 37.37800000 37.41900000 37.41300000 37.55600000
37.59700000 37.59700000 37.59700000 37.59700000 37.59700000 37.59700000 37.59700000 37.59700000 37.59700000 37.59700000 37.59700000 37.59700000 37.59700000 37.59700000 37.59700000 37.59700000 37.59700000 37.59700000 37.59700000 36.96500000 36.85200000 37.36500000 37.41600000 37.31900000 37.35700000 37.36800000 37.38600000 37.33400000 37.38100000 37.47900000
37.59700000 37.59700000 37.59700000 37.59700000 37.59700000 37.59700000 37.59700000 37.59700000 37.59700000 37.59700000 37.59700000 37.59700000 37.59700000 37.59700000 37.59700000 37.59700000 37.59700000 37.59700000 37.59700000 37.59700000 36.77500000 37.36800000 37.36900000 37.35500000 37.43000000 37.38800000 37.37200000 37.34800000 37.37600000 37.40200000
37.59700000 37.59700000 37.59700000 37.59700000 37.59700000 37.59700000 37.59700000 37.59700000 37.59700000 37.59700000 37.59700000 37.59700000 37.59700000 37.59700000 37.59700000 37.59700000 37.59700000 37.59700000 37.59700000 37.59700000 36.63400000 37.37800000 37.31100000 37.40200000 37.40600000 37.43800000 37.40300000 37.36700000 37.35000000 37.41700000
37.59700000 37.59700000 37.59700000 37.59700000 37.59700000 37.59700000 37.59700000 37.59700000 37.59700000 37.59700000 37.59700000 37.59700000 37.59700000 37.59700000 37.59700000 37.59700000 37.59700000 37.59700000 37.59700000 37.59700000 36.49200000 37.37600000 37.34800000 37.41300000 37.39600000 37.41400000 37.40700000 37.33700000 37.37000000 37.36000000
37.59700000 37.59700000 37.59700000 37.59700000 37.59700000 37.59700000 37.59700000 37.59700000 37.59700000 37.59700000 37.59700000 37.59700000 37.59700000 37.59700000 37.59700000 37.59700000 37.59700000 37.59700000 37.59700000 37.59700000 36.55800000 37.31200000 37.39900000 37.38500000 37.38900000 37.37600000 37.33700000 37.28700000 37.29400000 37.37100000
37.59700000 37.59700000 37.59700000 37.59700000 37.59700000 37.59700000 37.59700000 37.59700000 37.59700000 37.59700000 37.59700000 37.59700000 37.59700000 37.59700000 37.59700000 37.59700000 37.59700000 37.59700000 37.59700000 37.59700000 37.59700000 37.16900000 37.34500000 37.36400000 37.37200000 37.34700000 37.31700000 37.30500000 37.28100000 37.32400000
37.59700000 37.59700000 37.59700000 37.59700000 37.59700000 37.59700000 37.59700000 37.59700000 37.59700000 37.59700000 37.59700000 37.59700000 37.59700000 37.59700000 37.59700000 37.59700000 37.59700000 37.59700000 37.59700000 37.59700000 37.59700000 36.70000000 37.28300000 37.34900000 37.35800000 37.34100000 37.32800000 37.29500000 37.29000000 37.32600000
37.59700000 37.59700000 37.59700000 37.59700000 37.59700000 37.59700000 37.59700000 37.59700000 37.59700000 37.59700000 37.59700000 37.59700000 37.59700000 37.59700000 37.59700000 37.59700000 37.59700000 37.59700000 37.59700000 37.59700000 37.59700000 37.59700000 37.11500000 37.31700000 37.31900000 37.31300000 37.26700000 37.21700000 37.28900000 37.31700000
37.59700000 37.59700000 37.59700000 37.59700000 37.59700000 37.59700000 37.59700000 37.59700000 37.59700000 37.59700000 37.59700000 37.59700000 37.59700000 37.59700000 37.59700000 37.59700000 37.59700000 37.59700000 37.59700000 37.59700000 37.59700000 37.59700000 36.84400000 37.12400000 37.16700000 37.17300000 37.21600000 37.28000000 37.26200000 37.30100000
37.59700000 37.59700000 37.59700000 37.59700000 37.59700000 37.59700000 37.59700000 37.59700000 37.59700000 37.59700000 37.59700000 37.59700000 37.59700000 37.59700000 37.59700000 37.59700000 37.59700000 37.59700000 37.59700000 37.59700000 37.59700000 37.59700000 37.59700000 36.64000000 37.15500000 37.21100000 37.23400000 37.24000000 37.24000000 37.29100000
