 25.17800000  25.11700000  25.03400000  25.01100000  25.13000000  25.05800000  25.15500000  25.21400000  25.14600000  24.94100000  25.03700000  25.08300000  24.67500000  24.20700000  24.46700000  24.95700000  25.22200000  25.02600000  25.01500000  25.00300000  25.00100000  24.87000000  24.51800000  23.98300000  23.99600000  23.49400000  23.97700000  24.15700000  24.19100000  24.40900000
 25.10900000  25.04300000  24.46800000  25.02200000  25.07000000  24.99400000  24.94400000  24.92700000  24.96300000  25.05400000  25.01700000  24.66900000  23.97300000  24.52400000  24.75700000  25.26700000  24.92900000  24.94800000  24.99500000  24.94400000  24.86300000  24.74200000  24.52000000  23.93900000  24.66900000  25.18200000  25.03700000  25.06800000  24.62200000  24.49000000
 25.00600000  25.06300000  24.98900000  24.90600000  24.97100000  25.01500000  25.02500000  25.01700000  24.94800000  24.73200000  23.91100000  23.76600000  24.50700000  24.74700000  25.16800000  25.13500000  24.96200000  24.94400000  24.78000000  24.69500000  24.58500000  24.13200000  25.49100000  25.22800000  25.01100000  25.03000000  24.85800000  24.85200000  24.87400000  24.80500000
 24.19500000  25.06300000  25.21100000  24.96500000  24.74700000  24.81100000  24.59600000  23.91300000  23.97200000  24.03000000  24.22100000  24.54100000  24.66700000  25.07100000  25.30700000  24.98300000  24.92500000  24.81200000  24.57800000  24.23800000  25.42100000  25.40500000  25.45200000  25.51100000  25.58800000  25.31800000  24.95500000  24.82700000  24.87200000  24.97300000
 23.68400000  24.58200000  24.77000000  25.31800000  25.30100000  24.90800000  24.17900000  23.86300000  23.92600000  24.77200000  24.87500000  24.89300000  24.99800000  25.21200000  25.43800000  24.91200000  24.81300000  24.56800000  24.96000000  25.29000000  25.33400000  25.10500000  24.99700000  25.02300000  25.25400000  25.66400000  25.58800000  24.80000000  24.70800000  24.89500000
 23.63700000  24.11700000  24.20200000  24.42100000  25.58600000  25.45500000  25.23800000  25.16300000  25.12500000  25.11900000  25.08900000  25.10400000  25.10100000  25.16600000  25.48500000  25.04500000  24.51000000  25.10900000  25.28600000  25.24200000  25.01500000  24.81100000  24.60500000  24.80100000  25.10900000  25.66400000  25.97600000  25.54100000  24.69200000  24.88800000
 23.57900000  24.17700000  23.84800000  23.97800000  24.33900000  25.72300000  25.46600000  25.30400000  25.39200000  25.39300000  25.45700000  25.40300000  25.34100000  25.28600000  25.46100000  25.26900000  24.70400000  25.34300000  25.21800000  25.12300000  24.88900000  24.72900000  24.71500000  25.02900000  25.54600000  26.04300000  26.28000000  26.14800000  25.57900000  24.97400000
 22.77200000  23.24400000  23.83500000  23.23900000  23.82200000  24.02800000  25.66500000  26.01900000  25.63600000  25.27200000  25.33100000  25.38300000  25.38700000  25.38300000  25.40100000  25.39500000  24.88500000  25.25900000  25.27300000  25.15300000  25.12100000  25.11700000  25.32500000  25.85300000  25.90000000  25.99600000  26.26600000  26.32200000  25.64300000  25.69600000
 22.82700000  23.13800000  23.12600000  22.80100000  23.36800000  23.65800000  24.94900000  25.75600000  26.12500000  26.15900000  25.31900000  25.35800000  25.42000000  25.47900000  25.46900000  25.43900000  25.34300000  25.31500000  25.36200000  25.51700000  25.48800000  26.00700000  25.84200000  25.81300000  25.96700000  25.89800000  26.09300000  26.26100000  25.75200000  25.84900000
 22.37500000  20.04100000  21.06600000  22.67600000  22.94800000  23.27300000  23.71300000  25.05600000  25.47100000  25.78300000  25.85600000  25.27400000  25.39100000  25.40400000  25.38400000  25.55800000  25.53000000  25.55000000  25.45000000  26.21100000  26.29900000  26.08200000  25.90900000  26.02700000  26.21500000  26.18100000  26.22100000  25.97900000  25.66700000  25.85900000
 23.10300000  21.56700000  20.14900000  22.14000000  22.75900000  22.88600000  22.95900000  23.64600000  24.75500000  24.69100000  25.05100000  25.91200000  25.33200000  25.35300000  25.42200000  25.41500000  25.44000000  26.07700000  26.10800000  26.34500000  26.13500000  25.68800000  26.00800000  26.21600000  26.04000000  25.89100000  25.73600000  25.68100000  25.86000000  25.82600000
 27.83300000  27.83300000  27.83300000  22.83800000  22.47400000  22.73400000  22.65900000  22.82300000  23.73500000  24.45400000  23.63200000  24.14300000  25.29500000  25.81700000  25.96700000  25.97100000  25.76100000  25.51500000  26.25500000  26.31500000  25.73200000  25.96100000  25.98000000  26.01600000  26.27400000  26.11700000  25.68100000  25.94900000  25.89100000  25.72800000
 27.83300000  27.83300000  27.83300000  27.83300000  23.07800000  22.63100000  21.95100000  22.41600000  23.13700000  23.36200000  23.40600000  23.01200000  23.66400000  24.06000000  24.69600000  25.03900000  24.80900000  24.95900000  26.28500000  26.32900000  25.71300000  25.82800000  26.00900000  25.87300000  25.94900000  26.43700000  26.06000000  25.92300000  25.86000000  25.92700000
 27.83300000  27.83300000  27.83300000  27.83300000  27.83300000  27.83300000  23.11100000  21.96800000  21.99100000  22.57700000  22.61300000  22.25400000  22.61600000  23.44400000  23.69900000  24.00600000  24.56300000  24.17400000  25.93200000  26.33900000  26.37500000  25.76600000  25.88900000  25.85900000  26.10700000  26.52000000  26.52600000  25.96000000  26.12700000  25.94400000
 27.83300000  27.83300000  27.83300000  27.83300000  27.83300000  27.83300000  27.83300000  27.83300000  27.83300000  27.83300000  27.83300000  27.83300000  22.18800000  20.20600000  19.92600000  23.41800000  24.41100000  24.67600000  24.70500000  26.38800000  26.38600000  26.43300000  26.42700000  26.49200000  26.38400000  26.62400000  26.54200000  26.55200000  26.00400000  26.03500000
 27.83300000  27.83300000  27.83300000  27.83300000  27.83300000  27.83300000  27.83300000  27.83300000  27.83300000  27.83300000  27.83300000  27.83300000  27.83300000  27.83300000  27.83300000  23.38100000  23.99600000  24.11800000  24.73300000  25.70500000  26.37200000  26.42100000  26.51500000  26.24100000  26.62800000  26.67600000  26.56400000  26.59200000  26.62000000  26.67800000
 27.83300000  27.83300000  27.83300000  27.83300000  27.83300000  27.83300000  27.83300000  27.83300000  27.83300000  27.83300000  27.83300000  27.83300000  27.83300000  27.83300000  27.83300000  27.83300000  23.41200000  22.78600000  24.64300000  23.82300000  26.13400000  26.39900000  26.38900000  26.44900000  26.72200000  26.76100000  26.68700000  26.64000000  26.71600000  26.82300000
 27.83300000  27.83300000  27.83300000  27.83300000  27.83300000  27.83300000  27.83300000  27.83300000  27.83300000  27.83300000  27.83300000  27.83300000  27.83300000  27.83300000  27.83300000  27.83300000  27.83300000  27.83300000  24.38500000  24.84600000  24.68300000  26.55400000  26.43100000  26.60500000  26.69600000  26.71400000  26.75000000  26.66000000  26.80700000  26.80600000
 27.83300000  27.83300000  27.83300000  27.83300000  27.83300000  27.83300000  27.83300000  27.83300000  27.83300000  27.83300000  27.83300000  27.83300000  27.83300000  27.83300000  27.83300000  27.83300000  27.83300000  27.83300000  27.83300000  25.15100000  24.25300000  26.55100000  26.45500000  26.69400000  26.84300000  26.72300000  26.73100000  26.75800000  26.85000000  26.91500000
 27.83300000  27.83300000  27.83300000  27.83300000  27.83300000  27.83300000  27.83300000  27.83300000  27.83300000  27.83300000  27.83300000  27.83300000  27.83300000  27.83300000  27.83300000  27.83300000  27.83300000  27.83300000  27.83300000  24.21900000  24.73100000  26.64300000  26.51800000  26.80700000  26.68300000  26.83600000  26.82600000  26.85000000  26.85400000  26.97500000
 27.83300000  27.83300000  27.83300000  27.83300000  27.83300000  27.83300000  27.83300000  27.83300000  27.83300000  27.83300000  27.83300000  27.83300000  27.83300000  27.83300000  27.83300000  27.83300000  27.83300000  27.83300000  27.83300000  24.95100000  25.58700000  26.64500000  26.69200000  26.84200000  26.64200000  26.80700000  26.80200000  26.74800000  26.92000000  26.93400000
 27.83300000  27.83300000  27.83300000  27.83300000  27.83300000  27.83300000  27.83300000  27.83300000  27.83300000  27.83300000  27.83300000  27.83300000  27.83300000  27.83300000  27.83300000  27.83300000  27.83300000  27.83300000  27.83300000  24.66100000  24.62100000  26.50400000  26.79100000  26.76400000  26.67200000  26.79500000  26.67500000  26.47800000  26.76900000  27.02300000
 27.83300000  27.83300000  27.83300000  27.83300000  27.83300000  27.83300000  27.83300000  27.83300000  27.83300000  27.83300000  27.83300000  27.83300000  27.83300000  27.83300000  27.83300000  27.83300000  27.83300000  27.83300000  27.83300000  27.83300000  24.89300000  26.06400000  26.62100000  26.68000000  26.68100000  26.76100000  26.62300000  26.37700000  26.48700000  26.91400000
 27.83300000  27.83300000  27.83300000  27.83300000  27.83300000  27.83300000  27.83300000  27.83300000  27.83300000  27.83300000  27.83300000  27.83300000  27.83300000  27.83300000  27.83300000  27.83300000  27.83300000  27.83300000  27.83300000  27.83300000  27.83300000  25.07000000  26.44200000  26.61500000  26.68400000  26.68200000  26.59400000  26.40300000  26.62300000  27.02500000
 27.83300000  27.83300000  27.83300000  27.83300000  27.83300000  27.83300000  27.83300000  27.83300000  27.83300000  27.83300000  27.83300000  27.83300000  27.83300000  27.83300000  27.83300000  27.83300000  27.83300000  27.83300000  27.83300000  27.83300000  27.83300000  24.84800000  26.04700000  26.54200000  26.51600000  26.46100000  26.36500000  26.32500000  26.90800000  27.06900000
 27.83300000  27.83300000  27.83300000  27.83300000  27.83300000  27.83300000  27.83300000  27.83300000  27.83300000  27.83300000  27.83300000  27.83300000  27.83300000  27.83300000  27.83300000  27.83300000  27.83300000  27.83300000  27.83300000  27.83300000  27.83300000  27.83300000  25.71000000  26.06500000  26.14300000  26.16500000  26.38800000  26.57500000  26.67100000  27.11800000
 27.83300000  27.83300000  27.83300000  27.83300000  27.83300000  27.83300000  27.83300000  27.83300000  27.83300000  27.83300000  27.83300000  27.83300000  27.83300000  27.83300000  27.83300000  27.83300000  27.83300000  27.83300000  27.83300000  27.83300000  27.83300000  27.83300000  27.83300000  25.71200000  26.24000000  26.32000000  26.36000000  26.53300000  26.69000000  27.09800000
 25.19100000  25.10700000  25.05500000  25.01200000  25.14400000  25.07200000  25.17100000  25.23200000  25.15600000  24.99500000  25.09900000  25.10000000  24.70100000  24.14500000  24.46200000  24.95600000  25.23700000  25.06000000  25.04000000  25.02000000  25.01700000  24.89500000  24.52000000  23.98900000  24.00900000  23.49100000  23.98200000  24.15200000  24.19500000  24.42300000
 25.10800000  25.05300000  24.48000000  25.03900000  25.08600000  25.01000000  24.96100000  24.94300000  24.97700000  25.06700000  25.03300000  24.68800000  23.98600000  24.53700000  24.76600000  25.28600000  24.94500000  24.96300000  25.01000000  24.96100000  24.88000000  24.75900000  24.53900000  23.95200000  24.67800000  25.20000000  25.05600000  25.08900000  24.64100000  24.50300000
 25.01900000  25.07700000  25.00100000  24.92200000  24.98700000  25.03100000  25.04100000  25.03300000  24.96400000  24.75100000  23.92400000  23.78000000  24.51900000  24.75900000  25.18300000  25.15200000  24.98000000  24.95500000  24.79700000  24.71100000  24.60200000  24.14600000  25.51600000  25.24400000  25.02400000  25.04900000  24.87700000  24.87100000  24.89100000  24.82000000
 24.41000000  25.07900000  25.22300000  24.97000000  24.76300000  24.82700000  24.61400000  23.93000000  23.98600000  24.04400000  24.23500000  24.55500000  24.68000000  25.08500000  25.32600000  24.99900000  24.94200000  24.82900000  24.59500000  24.25000000  25.43800000  25.42100000  25.46700000  25.52700000  25.59800000  25.33300000  24.97300000  24.84500000  24.89000000  24.99300000
 24.57400000  24.59900000  24.78900000  25.33400000  25.31200000  24.84200000  24.18800000  23.87500000  23.93700000  24.78100000  24.88700000  24.90700000  25.01200000  25.22700000  25.45500000  24.93000000  24.82900000  24.58300000  24.97300000  25.30700000  25.35100000  25.12100000  25.01000000  25.03800000  25.26700000  25.68000000  25.60700000  24.81500000  24.72300000  24.91100000
 24.68300000  24.12700000  24.21900000  24.43900000  25.59900000  25.47000000  25.25400000  25.17600000  25.13900000  25.13400000  25.10500000  25.12000000  25.11700000  25.18300000  25.50100000  25.06300000  24.52700000  25.12400000  25.30500000  25.25800000  25.03100000  24.82700000  24.61900000  24.81500000  25.12200000  25.67900000  25.99500000  25.56000000  24.70500000  24.90500000
 23.53900000  24.19900000  23.86400000  23.99200000  24.36300000  25.73800000  25.48100000  25.31800000  25.40700000  25.40800000  25.47300000  25.41800000  25.35700000  25.30400000  25.47800000  25.28700000  24.72100000  25.36100000  25.23500000  25.13900000  24.90500000  24.74400000  24.72900000  25.04500000  25.55900000  26.06000000  26.30000000  26.16900000  25.59400000  24.99400000
 22.79100000  23.39800000  23.85100000  23.25700000  23.83800000  24.11700000  25.68200000  26.03800000  25.65200000  25.28700000  25.34600000  25.39800000  25.40300000  25.40100000  25.41700000  25.41400000  24.90100000  25.27500000  25.29100000  25.17000000  25.13600000  25.13200000  25.33700000  25.87100000  25.91900000  26.01400000  26.28500000  26.34300000  25.66400000  25.74400000
 22.75100000  23.37500000  23.17900000  22.82100000  23.38300000  23.67500000  24.96200000  25.77400000  26.14200000  26.17700000  25.33300000  25.37200000  25.43400000  25.49400000  25.48400000  25.45700000  25.35900000  25.33100000  25.37800000  25.53000000  25.50400000  26.02300000  25.86100000  25.83000000  25.98500000  25.91700000  26.10900000  26.28100000  25.77000000  25.86700000
 19.42200000  18.89800000  18.95200000  21.32000000  22.97900000  23.29300000  23.81700000  25.07300000  25.48800000  25.80200000  25.87200000  25.28800000  25.40100000  25.42000000  25.40100000  25.57600000  25.54700000  25.56500000  25.46400000  26.22700000  26.31700000  26.10100000  25.92600000  26.04300000  26.23300000  26.19900000  26.23700000  25.99600000  25.68100000  25.87000000
 19.30100000  27.83300000  17.85600000  17.69600000  21.43500000  22.69200000  23.07900000  23.71700000  24.77400000  24.71200000  25.06700000  25.93100000  25.34800000  25.36800000  25.43900000  25.43200000  25.45600000  26.09000000  26.12400000  26.36200000  26.15800000  25.70400000  26.02600000  26.23400000  26.06100000  25.90900000  25.75200000  25.69500000  25.87500000  25.84100000
 27.83300000  27.83300000  27.83300000  27.83300000  18.76900000  20.70000000  22.50200000  22.67700000  23.75500000  24.47200000  23.65200000  24.16100000  25.31300000  25.83400000  25.97800000  25.99000000  25.77500000  25.53000000  26.27000000  26.33200000  25.74900000  25.97700000  25.99500000  26.03400000  26.29000000  26.13700000  25.69700000  25.96400000  25.90500000  25.73900000
 27.83300000  27.83300000  27.83300000  27.83300000  27.83300000  18.02900000  19.34200000  19.98500000  23.07500000  23.40900000  23.42700000  23.02600000  23.67800000  24.21100000  24.72100000  25.06200000  24.82700000  24.97100000  26.30000000  26.34500000  25.73100000  25.84300000  26.02300000  25.89200000  25.96500000  26.45500000  26.07800000  25.93800000  25.87600000  25.94200000
 27.83300000  27.83300000  27.83300000  27.83300000  27.83300000  27.83300000  27.83300000  17.88900000  17.19600000  18.24200000  21.50400000  21.25100000  20.27200000  22.48500000  23.46700000  24.03400000  24.58700000  24.18500000  25.94500000  26.35400000  26.39000000  25.78100000  25.90400000  25.87700000  26.12800000  26.53900000  26.54500000  25.97300000  26.14500000  25.95400000
 27.83300000  27.83300000  27.83300000  27.83300000  27.83300000  27.83300000  27.83300000  27.83300000  27.83300000  27.83300000  27.83300000  27.83300000  27.83300000  27.83300000  27.83300000  19.97900000  24.33300000  24.69500000  24.71700000  26.40400000  26.39900000  26.44900000  26.44400000  26.50900000  26.39700000  26.64400000  26.56300000  26.57200000  26.02300000  26.05000000
 27.83300000  27.83300000  27.83300000  27.83300000  27.83300000  27.83300000  27.83300000  27.83300000  27.83300000  27.83300000  27.83300000  27.83300000  27.83300000  27.83300000  27.83300000  27.83300000  23.62600000  24.17300000  24.74900000  25.71700000  26.39000000  26.43700000  26.53400000  26.26100000  26.64600000  26.70000000  26.58300000  26.61100000  26.64000000  26.68900000
 27.83300000  27.83300000  27.83300000  27.83300000  27.83300000  27.83300000  27.83300000  27.83300000  27.83300000  27.83300000  27.83300000  27.83300000  27.83300000  27.83300000  27.83300000  27.83300000  27.83300000  20.44000000  22.62300000  23.67100000  26.14700000  26.42100000  26.40600000  26.46200000  26.74100000  26.78300000  26.70700000  26.66100000  26.73700000  26.83800000
 27.83300000  27.83300000  27.83300000  27.83300000  27.83300000  27.83300000  27.83300000  27.83300000  27.83300000  27.83300000  27.83300000  27.83300000  27.83300000  27.83300000  27.83300000  27.83300000  27.83300000  27.83300000  27.83300000  24.83800000  24.67900000  26.57600000  26.44800000  26.62000000  26.71600000  26.73500000  26.77100000  26.67900000  26.82700000  26.82500000
 27.83300000  27.83300000  27.83300000  27.83300000  27.83300000  27.83300000  27.83300000  27.83300000  27.83300000  27.83300000  27.83300000  27.83300000  27.83300000  27.83300000  27.83300000  27.83300000  27.83300000  27.83300000  27.83300000  27.83300000  24.28800000  26.57200000  26.47100000  26.71300000  26.86400000  26.74300000  26.75000000  26.77600000  26.87200000  26.93600000
 27.83300000  27.83300000  27.83300000  27.83300000  27.83300000  27.83300000  27.83300000  27.83300000  27.83300000  27.83300000  27.83300000  27.83300000  27.83300000  27.83300000  27.83300000  27.83300000  27.83300000  27.83300000  27.83300000  27.83300000  22.89500000  26.65900000  26.53300000  26.82500000  26.70300000  26.85500000  26.84300000  26.87400000  26.87400000  26.99800000
 27.83300000  27.83300000  27.83300000  27.83300000  27.83300000  27.83300000  27.83300000  27.83300000  27.83300000  27.83300000  27.83300000  27.83300000  27.83300000  27.83300000  27.83300000  27.83300000  27.83300000  27.83300000  27.83300000  27.83300000  21.81100000  26.65400000  26.70800000  26.85900000  26.65900000  26.82300000  26.82000000  26.76000000  26.93400000  26.95200000
 27.83300000  27.83300000  27.83300000  27.83300000  27.83300000  27.83300000  27.83300000  27.83300000  27.83300000  27.83300000  27.83300000  27.83300000  27.83300000  27.83300000  27.83300000  27.83300000  27.83300000  27.83300000  27.83300000  27.83300000  22.78400000  26.51900000  26.80500000  26.78000000  26.68700000  26.81000000  26.69000000  26.48900000  26.78300000  27.03600000
 27.83300000  27.83300000  27.83300000  27.83300000  27.83300000  27.83300000  27.83300000  27.83300000  27.83300000  27.83300000  27.83300000  27.83300000  27.83300000  27.83300000  27.83300000  27.83300000  27.83300000  27.83300000  27.83300000  27.83300000  27.83300000  26.09900000  26.63500000  26.69500000  26.69500000  26.77700000  26.64300000  26.39400000  26.49900000  26.92600000
 27.83300000  27.83300000  27.83300000  27.83300000  27.83300000  27.83300000  27.83300000  27.83300000  27.83300000  27.83300000  27.83300000  27.83300000  27.83300000  27.83300000  27.83300000  27.83300000  27.83300000  27.83300000  27.83300000  27.83300000  27.83300000  24.32200000  26.45800000  26.63100000  26.69900000  26.69700000  26.61000000  26.41900000  26.63100000  27.03800000
 27.83300000  27.83300000  27.83300000  27.83300000  27.83300000  27.83300000  27.83300000  27.83300000  27.83300000  27.83300000  27.83300000  27.83300000  27.83300000  27.83300000  27.83300000  27.83300000  27.83300000  27.83300000  27.83300000  27.83300000  27.83300000  27.83300000  26.06800000  26.55700000  26.53100000  26.47700000  26.38200000  26.34000000  26.91900000  27.08700000
 27.83300000  27.83300000  27.83300000  27.83300000  27.83300000  27.83300000  27.83300000  27.83300000  27.83300000  27.83300000  27.83300000  27.83300000  27.83300000  27.83300000  27.83300000  27.83300000  27.83300000  27.83300000  27.83300000  27.83300000  27.83300000  27.83300000  25.74300000  26.08200000  26.15900000  26.18000000  26.40500000  26.59000000  26.69300000  27.13500000
 27.83300000  27.83300000  27.83300000  27.83300000  27.83300000  27.83300000  27.83300000  27.83300000  27.83300000  27.83300000  27.83300000  27.83300000  27.83300000  27.83300000  27.83300000  27.83300000  27.83300000  27.83300000  27.83300000  27.83300000  27.83300000  27.83300000  27.83300000  25.74800000  26.25800000  26.33400000  26.37600000  26.54800000  26.72200000  27.11900000
