36.98700000 36.91800000 36.92100000 37.01900000 37.19900000 37.20700000 37.22600000 37.24100000 37.19700000 37.16500000 37.09900000 36.98100000 36.86200000 36.64400000 36.82600000 36.89600000 37.06300000 37.02500000 37.06400000 37.03500000 36.99100000 36.97000000 36.81900000 36.52400000 36.56500000 36.35500000 36.61500000 36.62000000 36.61300000 36.77200000
36.91200000 36.84800000 36.90200000 37.15900000 37.15200000 37.17700000 37.18500000 37.16800000 37.13600000 37.06300000 36.96000000 36.84600000 36.59900000 36.90300000 36.88200000 37.11900000 36.99600000 37.08200000 37.04400000 37.01400000 36.96500000 36.87400000 36.79900000 36.63200000 36.92300000 37.12200000 37.05000000 37.08400000 36.95200000 36.90200000
36.90700000 36.97300000 36.91900000 37.09300000 37.09300000 37.06900000 37.06600000 37.02300000 36.95700000 36.88000000 36.60100000 36.48000000 36.91700000 36.89200000 36.95900000 37.07700000 37.03200000 37.05500000 36.96000000 36.90400000 36.84500000 36.68700000 37.25700000 37.13000000 37.00800000 37.06800000 37.00100000 37.01100000 36.95300000 36.86700000
36.39100000 37.09200000 37.07000000 36.87700000 37.01200000 37.01200000 36.91600000 36.59400000 36.65600000 36.70300000 36.81800000 36.93900000 36.90500000 36.93200000 36.99600000 36.99600000 37.01200000 36.98200000 36.88100000 36.72700000 37.25400000 37.26500000 37.23500000 37.24100000 37.25700000 37.20600000 36.97500000 36.85700000 36.78300000 36.83100000
35.77300000 36.94600000 36.98500000 37.20500000 37.04800000 36.87800000 36.74100000 36.56600000 36.62000000 36.96400000 36.94800000 36.93400000 36.93700000 36.93200000 37.03100000 36.95100000 36.95300000 36.87700000 37.03100000 37.23800000 37.23200000 37.17600000 37.14800000 37.15500000 37.18000000 37.24900000 37.28200000 36.79600000 36.60600000 36.64700000
35.68400000 36.74100000 36.79900000 36.79200000 37.29900000 37.11000000 36.94300000 36.89400000 36.85500000 36.84100000 36.82800000 36.84600000 36.86300000 36.89700000 37.04800000 37.01000000 36.78500000 37.07300000 37.22600000 37.22400000 37.16200000 37.04900000 36.98800000 37.05300000 37.16200000 37.23200000 37.32600000 37.27800000 36.69900000 36.64600000
35.98100000 36.68000000 36.52400000 36.68700000 36.79600000 37.34700000 37.08400000 36.91900000 36.96200000 36.97600000 37.03600000 37.01300000 37.00500000 37.02000000 37.04900000 37.12700000 36.89800000 37.18800000 37.21300000 37.19000000 37.11800000 37.02200000 37.02700000 37.14800000 37.19900000 37.39100000 37.45900000 37.41900000 37.25600000 36.75000000
35.57100000 35.94500000 36.52500000 36.23100000 36.47700000 36.68400000 37.30700000 37.40200000 37.17200000 36.91700000 36.93200000 36.97100000 37.01400000 37.03100000 37.03100000 37.12600000 36.97600000 37.15300000 37.20500000 37.19100000 37.17800000 37.17800000 37.17700000 37.29200000 37.37600000 37.40000000 37.45100000 37.46900000 37.28900000 37.31800000
35.38900000 35.59900000 35.78900000 35.95700000 36.41700000 36.22100000 37.15700000 37.34200000 37.41300000 37.41500000 36.97800000 36.96100000 37.01500000 37.06600000 37.05000000 37.15700000 37.17800000 37.17800000 37.19100000 37.24900000 37.11700000 37.34300000 37.30300000 37.34000000 37.40000000 37.38600000 37.43400000 37.47700000 37.30500000 37.26700000
35.27500000 35.67900000 35.58900000 35.63900000 35.99200000 36.05600000 36.47800000 37.15200000 37.24700000 37.30600000 37.25000000 36.96000000 36.96500000 36.98500000 37.03400000 37.23800000 37.24200000 37.24200000 37.05600000 37.36100000 37.37700000 37.33700000 37.35900000 37.35700000 37.43400000 37.45400000 37.46700000 37.36800000 37.29000000 37.22800000
35.02600000 35.16500000 35.71300000 35.48800000 35.64300000 35.93500000 35.75300000 36.50800000 37.08600000 37.01700000 37.09500000 37.33100000 36.99700000 36.98500000 37.00900000 37.08200000 37.08400000 37.34400000 37.32400000 37.37500000 37.33800000 37.27100000 37.35400000 37.32600000 37.34100000 37.34100000 37.32200000 37.29100000 37.26500000 37.16900000
37.59700000 37.59700000 37.59700000 35.32100000 35.50100000 35.59600000 35.64100000 35.67800000 36.60800000 36.97800000 36.46800000 36.70900000 37.12200000 37.30200000 37.33400000 37.32700000 37.24900000 37.11900000 37.34700000 37.37400000 37.23400000 37.34400000 37.27800000 37.29100000 37.37400000 37.36100000 37.26800000 37.33900000 37.21200000 37.14600000
37.59700000 37.59700000 37.59700000 37.59700000 35.28300000 35.53700000 35.58000000 35.66100000 36.15500000 36.41400000 36.39600000 36.27100000 36.62100000 36.41500000 36.93000000 37.11500000 36.99100000 36.96700000 37.35100000 37.41000000 37.21100000 37.27900000 37.25400000 37.23700000 37.29900000 37.39400000 37.35400000 37.31900000 37.22400000 37.17200000
37.59700000 37.59700000 37.59700000 37.59700000 37.59700000 37.59700000 35.46800000 35.59900000 35.67700000 35.89300000 36.14400000 36.16800000 36.14200000 36.21800000 36.17700000 36.10700000 36.60800000 36.93800000 37.19600000 37.42700000 37.40400000 37.21400000 37.22100000 37.19500000 37.33600000 37.38500000 37.46000000 37.33000000 37.39800000 37.21500000
37.59700000 37.59700000 37.59700000 37.59700000 37.59700000 37.59700000 37.59700000 37.59700000 37.59700000 37.59700000 37.59700000 37.59700000 36.10400000 36.07700000 36.01300000 36.04800000 36.48900000 36.95300000 36.98000000 37.35200000 37.43400000 37.41400000 37.40200000 37.40500000 37.36100000 37.37700000 37.42100000 37.47800000 37.33700000 37.40100000
37.59700000 37.59700000 37.59700000 37.59700000 37.59700000 37.59700000 37.59700000 37.59700000 37.59700000 37.59700000 37.59700000 37.59700000 37.59700000 37.59700000 37.59700000 36.02500000 36.50800000 36.54400000 36.97900000 37.19300000 37.35600000 37.42400000 37.42300000 37.37000000 37.32300000 37.37800000 37.40900000 37.46000000 37.52600000 37.55000000
37.59700000 37.59700000 37.59700000 37.59700000 37.59700000 37.59700000 37.59700000 37.59700000 37.59700000 37.59700000 37.59700000 37.59700000 37.59700000 37.59700000 37.59700000 37.59700000 36.01400000 36.14200000 36.94300000 36.72100000 37.30300000 37.39700000 37.41500000 37.35700000 37.34400000 37.38200000 37.37900000 37.41900000 37.41400000 37.55600000
37.59700000 37.59700000 37.59700000 37.59700000 37.59700000 37.59700000 37.59700000 37.59700000 37.59700000 37.59700000 37.59700000 37.59700000 37.59700000 37.59700000 37.59700000 37.59700000 37.59700000 37.59700000 36.19600000 36.96900000 36.85100000 37.36700000 37.41500000 37.32100000 37.35800000 37.37000000 37.38700000 37.33400000 37.38200000 37.48100000
37.59700000 37.59700000 37.59700000 37.59700000 37.59700000 37.59700000 37.59700000 37.59700000 37.59700000 37.59700000 37.59700000 37.59700000 37.59700000 37.59700000 37.59700000 37.59700000 37.59700000 37.59700000 37.59700000 36.95000000 36.76600000 37.36900000 37.36700000 37.35800000 37.43100000 37.38800000 37.37300000 37.34900000 37.37800000 37.40300000
37.59700000 37.59700000 37.59700000 37.59700000 37.59700000 37.59700000 37.59700000 37.59700000 37.59700000 37.59700000 37.59700000 37.59700000 37.59700000 37.59700000 37.59700000 37.59700000 37.59700000 37.59700000 37.59700000 36.72400000 36.92700000 37.38000000 37.31100000 37.40400000 37.40700000 37.44000000 37.40200000 37.36800000 37.35100000 37.41800000
37.59700000 37.59700000 37.59700000 37.59700000 37.59700000 37.59700000 37.59700000 37.59700000 37.59700000 37.59700000 37.59700000 37.59700000 37.59700000 37.59700000 37.59700000 37.59700000 37.59700000 37.59700000 37.59700000 36.80900000 37.06700000 37.37600000 37.35200000 37.41400000 37.39700000 37.41500000 37.40300000 37.33700000 37.36900000 37.36200000
37.59700000 37.59700000 37.59700000 37.59700000 37.59700000 37.59700000 37.59700000 37.59700000 37.59700000 37.59700000 37.59700000 37.59700000 37.59700000 37.59700000 37.59700000 37.59700000 37.59700000 37.59700000 37.59700000 36.40400000 36.70900000 37.31200000 37.40000000 37.38600000 37.39000000 37.37800000 37.33800000 37.28700000 37.29400000 37.37200000
37.59700000 37.59700000 37.59700000 37.59700000 37.59700000 37.59700000 37.59700000 37.59700000 37.59700000 37.59700000 37.59700000 37.59700000 37.59700000 37.59700000 37.59700000 37.59700000 37.59700000 37.59700000 37.59700000 37.59700000 36.67500000 37.17200000 37.34600000 37.36600000 37.37200000 37.34800000 37.31800000 37.30600000 37.28100000 37.32600000
37.59700000 37.59700000 37.59700000 37.59700000 37.59700000 37.59700000 37.59700000 37.59700000 37.59700000 37.59700000 37.59700000 37.59700000 37.59700000 37.59700000 37.59700000 37.59700000 37.59700000 37.59700000 37.59700000 37.59700000 37.59700000 36.74800000 37.28500000 37.35000000 37.35900000 37.34200000 37.32900000 37.29600000 37.29100000 37.32700000
37.59700000 37.59700000 37.59700000 37.59700000 37.59700000 37.59700000 37.59700000 37.59700000 37.59700000 37.59700000 37.59700000 37.59700000 37.59700000 37.59700000 37.59700000 37.59700000 37.59700000 37.59700000 37.59700000 37.59700000 37.59700000 36.49000000 37.11500000 37.31800000 37.32000000 37.31400000 37.26700000 37.21800000 37.28900000 37.31800000
37.59700000 37.59700000 37.59700000 37.59700000 37.59700000 37.59700000 37.59700000 37.59700000 37.59700000 37.59700000 37.59700000 37.59700000 37.59700000 37.59700000 37.59700000 37.59700000 37.59700000 37.59700000 37.59700000 37.59700000 37.59700000 37.59700000 36.84000000 37.12500000 37.16300000 37.17400000 37.21700000 37.28000000 37.26400000 37.30100000
37.59700000 37.59700000 37.59700000 37.59700000 37.59700000 37.59700000 37.59700000 37.59700000 37.59700000 37.59700000 37.59700000 37.59700000 37.59700000 37.59700000 37.59700000 37.59700000 37.59700000 37.59700000 37.59700000 37.59700000 37.59700000 37.59700000 37.59700000 36.64100000 37.15200000 37.21100000 37.23500000 37.24000000 37.24200000 37.29200000
36.98500000 36.91700000 36.91800000 37.01700000 37.19900000 37.20700000 37.22600000 37.24000000 37.19800000 37.16300000 37.10000000 36.98200000 36.86400000 36.66400000 36.82600000 36.89400000 37.06100000 37.02300000 37.06400000 37.03600000 36.99200000 36.97000000 36.82000000 36.52000000 36.56400000 36.35400000 36.61400000 36.61900000 36.61200000 36.77000000
36.91200000 36.84800000 36.90100000 37.15800000 37.15200000 37.17700000 37.18400000 37.16800000 37.13500000 37.06300000 36.96000000 36.84500000 36.59800000 36.90200000 36.88200000 37.11900000 36.99500000 37.08200000 37.04400000 37.01300000 36.96500000 36.87400000 36.79900000 36.63100000 36.91900000 37.12200000 37.04900000 37.08300000 36.95200000 36.90100000
36.90900000 36.97200000 36.91900000 37.09300000 37.09300000 37.06900000 37.06600000 37.02300000 36.95700000 36.88000000 36.60100000 36.47900000 36.91700000 36.89100000 36.95800000 37.07700000 37.03200000 37.05500000 36.96000000 36.90400000 36.84400000 36.68600000 37.25600000 37.12900000 37.00700000 37.06700000 37.00000000 37.00900000 36.95200000 36.86600000
36.70600000 37.09200000 37.06900000 36.87900000 37.01100000 37.01100000 36.91700000 36.59500000 36.65600000 36.70200000 36.81800000 36.93800000 36.90500000 36.93100000 36.99500000 36.99500000 37.01100000 36.98100000 36.88100000 36.72600000 37.25400000 37.26400000 37.23400000 37.24100000 37.25600000 37.20600000 36.97400000 36.85600000 36.78300000 36.83100000
36.72600000 36.94600000 36.98600000 37.20500000 37.04600000 36.87300000 36.74100000 36.56600000 36.61900000 36.96200000 36.94800000 36.93400000 36.93600000 36.93100000 37.03000000 36.95000000 36.95200000 36.87600000 37.02900000 37.23700000 37.23200000 37.17500000 37.14700000 37.15400000 37.17900000 37.24800000 37.28100000 36.79600000 36.60600000 36.64600000
36.57900000 36.74100000 36.79800000 36.79300000 37.29700000 37.10900000 36.94300000 36.89300000 36.85400000 36.84000000 36.82700000 36.84600000 36.86200000 36.89600000 37.04700000 37.01000000 36.78500000 37.07100000 37.22500000 37.22300000 37.16100000 37.04900000 36.98800000 37.05200000 37.16200000 37.23100000 37.32500000 37.27700000 36.69900000 36.64600000
35.97900000 36.68200000 36.52300000 36.68700000 36.80100000 37.34600000 37.08300000 36.91800000 36.96200000 36.97600000 37.03500000 37.01200000 37.00500000 37.02000000 37.04800000 37.12600000 36.89600000 37.18700000 37.21300000 37.19000000 37.11700000 37.02100000 37.02600000 37.14700000 37.19800000 37.39000000 37.45800000 37.41800000 37.25600000 36.75800000
35.66100000 36.09100000 36.52500000 36.23300000 36.47800000 36.72200000 37.30700000 37.40100000 37.17100000 36.91600000 36.93100000 36.97000000 37.01300000 37.03100000 37.03000000 37.12500000 36.97500000 37.15200000 37.20400000 37.19100000 37.17700000 37.17800000 37.17700000 37.29100000 37.37600000 37.39900000 37.45000000 37.46800000 37.28900000 37.32300000
35.96900000 35.76500000 35.80900000 35.96400000 36.41800000 36.22300000 37.15500000 37.34100000 37.41200000 37.41400000 36.97700000 36.96100000 37.01400000 37.06600000 37.04900000 37.15500000 37.17700000 37.17700000 37.19000000 37.24800000 37.11700000 37.34300000 37.30200000 37.33900000 37.39900000 37.38500000 37.43300000 37.47600000 37.30500000 37.26900000
36.04700000 35.84900000 35.87900000 36.31800000 36.04600000 36.06300000 36.52800000 37.15200000 37.24600000 37.30600000 37.24900000 36.96000000 36.96400000 36.98500000 37.03300000 37.23700000 37.24100000 37.24100000 37.05600000 37.36000000 37.37700000 37.33600000 37.35800000 37.35700000 37.43400000 37.45300000 37.46700000 37.36700000 37.28900000 37.22800000
35.83300000 37.59700000 35.82900000 35.79400000 36.33800000 36.18500000 35.84100000 36.52900000 37.08500000 37.01700000 37.09500000 37.33000000 36.99600000 36.98400000 37.00900000 37.08200000 37.08400000 37.34400000 37.32300000 37.37500000 37.33700000 37.27000000 37.35400000 37.32500000 37.34000000 37.34100000 37.32200000 37.29100000 37.26500000 37.16900000
37.59700000 37.59700000 37.59700000 37.59700000 35.75700000 36.26000000 35.74600000 35.82900000 36.60900000 36.97800000 36.47000000 36.70900000 37.12200000 37.30000000 37.33200000 37.32700000 37.24900000 37.11800000 37.34500000 37.37300000 37.23300000 37.34300000 37.27700000 37.29000000 37.37300000 37.36000000 37.26800000 37.33900000 37.21200000 37.14600000
37.59700000 37.59700000 37.59700000 37.59700000 37.59700000 35.76800000 35.78700000 35.93200000 36.27300000 36.43200000 36.39900000 36.27100000 36.62000000 36.51600000 36.93200000 37.11500000 36.99100000 36.96600000 37.35000000 37.40900000 37.21100000 37.27800000 37.25400000 37.23700000 37.29800000 37.39300000 37.35400000 37.31900000 37.22300000 37.17100000
37.59700000 37.59700000 37.59700000 37.59700000 37.59700000 37.59700000 37.59700000 35.76800000 35.75100000 35.91200000 36.34500000 36.25600000 36.26000000 36.46800000 36.30200000 36.12400000 36.61100000 36.93800000 37.19400000 37.42600000 37.40300000 37.21300000 37.22100000 37.19400000 37.33400000 37.38400000 37.45800000 37.33000000 37.39800000 37.21400000
37.59700000 37.59700000 37.59700000 37.59700000 37.59700000 37.59700000 37.59700000 37.59700000 37.59700000 37.59700000 37.59700000 37.59700000 37.59700000 37.59700000 37.59700000 36.18100000 36.47700000 36.95300000 36.98000000 37.35100000 37.43300000 37.41400000 37.40200000 37.40400000 37.36000000 37.37600000 37.42000000 37.47700000 37.33600000 37.40100000
37.59700000 37.59700000 37.59700000 37.59700000 37.59700000 37.59700000 37.59700000 37.59700000 37.59700000 37.59700000 37.59700000 37.59700000 37.59700000 37.59700000 37.59700000 37.59700000 36.48000000 36.56900000 36.97800000 37.19000000 37.35400000 37.42300000 37.42200000 37.36900000 37.32200000 37.37700000 37.40800000 37.46000000 37.52500000 37.54900000
37.59700000 37.59700000 37.59700000 37.59700000 37.59700000 37.59700000 37.59700000 37.59700000 37.59700000 37.59700000 37.59700000 37.59700000 37.59700000 37.59700000 37.59700000 37.59700000 37.59700000 36.28000000 36.57300000 36.69600000 37.30100000 37.39600000 37.41400000 37.35700000 37.34300000 37.38100000 37.37800000 37.41800000 37.41300000 37.55500000
37.59700000 37.59700000 37.59700000 37.59700000 37.59700000 37.59700000 37.59700000 37.59700000 37.59700000 37.59700000 37.59700000 37.59700000 37.59700000 37.59700000 37.59700000 37.59700000 37.59700000 37.59700000 37.59700000 36.96000000 36.85000000 37.36600000 37.41400000 37.32000000 37.35700000 37.36900000 37.38600000 37.33400000 37.38100000 37.48000000
37.59700000 37.59700000 37.59700000 37.59700000 37.59700000 37.59700000 37.59700000 37.59700000 37.59700000 37.59700000 37.59700000 37.59700000 37.59700000 37.59700000 37.59700000 37.59700000 37.59700000 37.59700000 37.59700000 37.59700000 36.76500000 37.36700000 37.36600000 37.35600000 37.43000000 37.38700000 37.37200000 37.34800000 37.37700000 37.40300000
37.59700000 37.59700000 37.59700000 37.59700000 37.59700000 37.59700000 37.59700000 37.59700000 37.59700000 37.59700000 37.59700000 37.59700000 37.59700000 37.59700000 37.59700000 37.59700000 37.59700000 37.59700000 37.59700000 37.59700000 36.64200000 37.37900000 37.31000000 37.40300000 37.40600000 37.43900000 37.40100000 37.36700000 37.35000000 37.41700000
37.59700000 37.59700000 37.59700000 37.59700000 37.59700000 37.59700000 37.59700000 37.59700000 37.59700000 37.59700000 37.59700000 37.59700000 37.59700000 37.59700000 37.59700000 37.59700000 37.59700000 37.59700000 37.59700000 37.59700000 36.51000000 37.37500000 37.35000000 37.41300000 37.39600000 37.41400000 37.40200000 37.33700000 37.36800000 37.36000000
37.59700000 37.59700000 37.59700000 37.59700000 37.59700000 37.59700000 37.59700000 37.59700000 37.59700000 37.59700000 37.59700000 37.59700000 37.59700000 37.59700000 37.59700000 37.59700000 37.59700000 37.59700000 37.59700000 37.59700000 36.55700000 37.31100000 37.39900000 37.38500000 37.38900000 37.37700000 37.33700000 37.28600000 37.29400000 37.37100000
37.59700000 37.59700000 37.59700000 37.59700000 37.59700000 37.59700000 37.59700000 37.59700000 37.59700000 37.59700000 37.59700000 37.59700000 37.59700000 37.59700000 37.59700000 37.59700000 37.59700000 37.59700000 37.59700000 37.59700000 37.59700000 37.16700000 37.34500000 37.36500000 37.37200000 37.34700000 37.31700000 37.30600000 37.28000000 37.32500000
37.59700000 37.59700000 37.59700000 37.59700000 37.59700000 37.59700000 37.59700000 37.59700000 37.59700000 37.59700000 37.59700000 37.59700000 37.59700000 37.59700000 37.59700000 37.59700000 37.59700000 37.59700000 37.59700000 37.59700000 37.59700000 36.70100000 37.28400000 37.34900000 37.35800000 37.34100000 37.32800000 37.29600000 37.29000000 37.32600000
37.59700000 37.59700000 37.59700000 37.59700000 37.59700000 37.59700000 37.59700000 37.59700000 37.59700000 37.59700000 37.59700000 37.59700000 37.59700000 37.59700000 37.59700000 37.59700000 37.59700000 37.59700000 37.59700000 37.59700000 37.59700000 37.59700000 37.11500000 37.31700000 37.31900000 37.31300000 37.26700000 37.21700000 37.28800000 37.31700000
37.59700000 37.59700000 37.59700000 37.59700000 37.59700000 37.59700000 37.59700000 37.59700000 37.59700000 37.59700000 37.59700000 37.59700000 37.59700000 37.59700000 37.59700000 37.59700000 37.59700000 37.59700000 37.59700000 37.59700000 37.59700000 37.59700000 36.84100000 37.12500000 37.16300000 37.17300000 37.21700000 37.27900000 37.26200000 37.30000000
37.59700000 37.59700000 37.59700000 37.59700000 37.59700000 37.59700000 37.59700000 37.59700000 37.59700000 37.59700000 37.59700000 37.59700000 37.59700000 37.59700000 37.59700000 37.59700000 37.59700000 37.59700000 37.59700000 37.59700000 37.59700000 37.59700000 37.59700000 36.64200000 37.15200000 37.21000000 37.23400000 37.23900000 37.24100000 37.29100000
