25.17300000 25.12500000 25.01800000 25.02800000 25.11700000 25.05500000 25.14600000 25.21300000 25.14400000 24.93500000 25.03600000 25.07900000 24.66000000 24.21000000 24.46800000 24.95500000 25.21500000 25.02300000 25.01100000 24.99700000 24.99700000 24.86300000 24.51800000 23.97100000 23.99300000 23.49000000 23.98300000 24.15300000 24.18800000 24.41400000
25.11400000 25.03500000 24.45000000 25.01600000 25.06100000 24.98100000 24.93500000 24.91700000 24.95600000 25.04700000 25.00500000 24.64300000 23.97700000 24.52400000 24.76300000 25.26300000 24.92400000 24.94100000 24.98900000 24.93700000 24.86300000 24.72900000 24.50300000 23.90800000 24.72700000 25.16400000 25.02600000 25.05000000 24.60200000 24.47600000
24.99900000 25.06700000 24.97500000 24.89900000 24.96200000 25.01000000 25.02100000 25.00900000 24.93700000 24.72400000 23.88500000 23.76500000 24.50900000 24.75500000 25.17000000 25.11600000 24.95500000 24.93700000 24.77000000 24.68800000 24.57700000 24.13300000 25.47800000 25.21000000 24.99300000 25.01900000 24.85300000 24.85600000 24.88100000 24.79700000
24.18700000 25.05900000 25.21800000 24.95900000 24.73900000 24.80100000 24.57400000 23.89600000 23.97500000 24.01700000 24.21400000 24.53800000 24.66100000 25.07800000 25.29900000 24.95600000 24.91600000 24.80400000 24.56300000 24.23200000 25.42800000 25.40300000 25.43400000 25.49000000 25.58800000 25.34300000 24.94300000 24.81200000 24.86200000 24.96100000
23.69700000 24.55900000 24.74000000 25.31200000 25.33000000 24.89900000 24.18000000 23.86500000 23.93500000 24.78600000 24.87900000 24.89600000 24.99900000 25.20500000 25.43000000 24.88800000 24.79900000 24.55100000 24.99600000 25.27500000 25.31800000 25.08200000 24.98200000 25.00700000 25.23900000 25.65000000 25.59700000 24.79300000 24.70000000 24.89100000
23.65100000 24.09900000 24.18300000 24.38600000 25.57700000 25.44800000 25.23400000 25.16400000 25.12300000 25.11900000 25.08400000 25.09600000 25.09500000 25.16300000 25.47800000 25.01700000 24.50100000 25.13200000 25.27800000 25.23300000 24.99900000 24.79400000 24.58000000 24.78700000 25.10900000 25.67700000 25.97800000 25.53700000 24.69100000 24.88200000
23.58700000 24.16700000 23.82500000 23.96400000 24.26500000 25.71300000 25.47800000 25.29500000 25.38700000 25.39300000 25.45600000 25.39600000 25.33100000 25.28300000 25.45500000 25.24400000 24.71000000 25.33700000 25.21000000 25.10800000 24.88200000 24.72500000 24.71500000 25.03300000 25.56900000 26.04200000 26.27400000 26.15100000 25.57100000 24.97200000
22.75800000 23.21900000 23.80400000 23.21500000 23.79200000 23.99400000 25.65400000 26.01000000 25.64500000 25.26600000 25.32700000 25.37300000 25.37800000 25.37600000 25.39300000 25.38900000 24.86600000 25.25800000 25.26800000 25.14400000 25.11400000 25.11300000 25.34700000 25.86100000 25.87500000 25.98100000 26.25600000 26.32100000 25.64200000 25.67300000
22.82300000 23.10100000 23.08500000 22.77900000 23.34400000 23.62700000 25.00500000 25.76100000 26.11600000 26.13900000 25.30400000 25.35600000 25.42000000 25.46700000 25.45800000 25.43700000 25.32500000 25.30400000 25.35100000 25.51100000 25.49200000 26.03200000 25.85200000 25.81000000 25.97900000 25.89800000 26.08600000 26.26000000 25.74900000 25.85900000
22.37600000 20.05400000 20.93300000 22.66600000 22.93700000 23.24200000 23.72000000 25.02000000 25.43900000 25.74100000 25.84200000 25.26500000 25.39300000 25.40000000 25.38100000 25.55900000 25.52600000 25.54200000 25.45200000 26.21400000 26.29400000 26.06100000 25.91000000 26.01200000 26.20800000 26.17800000 26.21300000 25.98200000 25.66500000 25.85100000
23.10500000 21.80200000 20.24600000 21.98500000 22.73500000 22.86700000 22.95500000 23.66000000 24.71400000 24.66000000 24.97600000 25.88800000 25.32800000 25.34800000 25.41700000 25.41500000 25.43400000 26.07600000 26.09600000 26.33800000 26.14300000 25.68200000 25.99600000 26.21200000 26.03700000 25.87900000 25.73000000 25.67700000 25.85600000 25.80200000
27.83300000 27.83300000 27.83300000 22.78400000 22.40100000 22.72400000 22.64100000 22.82200000 23.78100000 24.39900000 23.60500000 24.11100000 25.33500000 25.80800000 25.97200000 25.96100000 25.74400000 25.52100000 26.26100000 26.30800000 25.73400000 25.95500000 25.98400000 26.00600000 26.26800000 26.10600000 25.67600000 25.93900000 25.88600000 25.70700000
27.83300000 27.83300000 27.83300000 27.83300000 23.04200000 22.59300000 21.90400000 22.31500000 23.09900000 23.29400000 23.33500000 22.93800000 23.63800000 24.07800000 24.76100000 25.04200000 24.75400000 24.92900000 26.28300000 26.32300000 25.71300000 25.81900000 26.01000000 25.86500000 25.94600000 26.43300000 26.04400000 25.91600000 25.85700000 25.90500000
27.83300000 27.83300000 27.83300000 27.83300000 27.83300000 27.83300000 22.97400000 21.92000000 21.83400000 22.48700000 22.57400000 22.20600000 22.51400000 23.41400000 23.69100000 24.01300000 24.55800000 24.13800000 25.92200000 26.32800000 26.36900000 25.76000000 25.88500000 25.85400000 26.10500000 26.51500000 26.51800000 25.94900000 26.12200000 25.93900000
27.83300000 27.83300000 27.83300000 27.83300000 27.83300000 27.83300000 27.83300000 27.83300000 27.83300000 27.83300000 27.83300000 27.83300000 22.08300000 20.05400000 19.78600000 23.38800000 24.40500000 24.67700000 24.68300000 26.37500000 26.37900000 26.42800000 26.41800000 26.48500000 26.38100000 26.61500000 26.53500000 26.54500000 25.99600000 26.01700000
27.83300000 27.83300000 27.83300000 27.83300000 27.83300000 27.83300000 27.83300000 27.83300000 27.83300000 27.83300000 27.83300000 27.83300000 27.83300000 27.83300000 27.83300000 23.37400000 23.97200000 24.07400000 24.70700000 25.69300000 26.36700000 26.41000000 26.50000000 26.23200000 26.63000000 26.66500000 26.55700000 26.58900000 26.61500000 26.66600000
27.83300000 27.83300000 27.83300000 27.83300000 27.83300000 27.83300000 27.83300000 27.83300000 27.83300000 27.83300000 27.83300000 27.83300000 27.83300000 27.83300000 27.83300000 27.83300000 23.39700000 22.78400000 24.70300000 23.79400000 26.15000000 26.39900000 26.37100000 26.45600000 26.71400000 26.75600000 26.67900000 26.63300000 26.71400000 26.81500000
27.83300000 27.83300000 27.83300000 27.83300000 27.83300000 27.83300000 27.83300000 27.83300000 27.83300000 27.83300000 27.83300000 27.83300000 27.83300000 27.83300000 27.83300000 27.83300000 27.83300000 27.83300000 24.34000000 24.80200000 24.64200000 26.54400000 26.42700000 26.60600000 26.69000000 26.71000000 26.74400000 26.65400000 26.80500000 26.80300000
27.83300000 27.83300000 27.83300000 27.83300000 27.83300000 27.83300000 27.83300000 27.83300000 27.83300000 27.83300000 27.83300000 27.83300000 27.83300000 27.83300000 27.83300000 27.83300000 27.83300000 27.83300000 27.83300000 25.10000000 24.06800000 26.53800000 26.45200000 26.69100000 26.83600000 26.71200000 26.72700000 26.75300000 26.85400000 26.92200000
27.83300000 27.83300000 27.83300000 27.83300000 27.83300000 27.83300000 27.83300000 27.83300000 27.83300000 27.83300000 27.83300000 27.83300000 27.83300000 27.83300000 27.83300000 27.83300000 27.83300000 27.83300000 27.83300000 24.19700000 24.69300000 26.63500000 26.51700000 26.80100000 26.67300000 26.83000000 26.81700000 26.85200000 26.85500000 26.97700000
27.83300000 27.83300000 27.83300000 27.83300000 27.83300000 27.83300000 27.83300000 27.83300000 27.83300000 27.83300000 27.83300000 27.83300000 27.83300000 27.83300000 27.83300000 27.83300000 27.83300000 27.83300000 27.83300000 24.94900000 25.58400000 26.62900000 26.69300000 26.83400000 26.62900000 26.79600000 26.77100000 26.74500000 26.90500000 26.92300000
27.83300000 27.83300000 27.83300000 27.83300000 27.83300000 27.83300000 27.83300000 27.83300000 27.83300000 27.83300000 27.83300000 27.83300000 27.83300000 27.83300000 27.83300000 27.83300000 27.83300000 27.83300000 27.83300000 24.67300000 24.59200000 26.48800000 26.78200000 26.75100000 26.66800000 26.78600000 26.66700000 26.44200000 26.74700000 27.01300000
27.83300000 27.83300000 27.83300000 27.83300000 27.83300000 27.83300000 27.83300000 27.83300000 27.83300000 27.83300000 27.83300000 27.83300000 27.83300000 27.83300000 27.83300000 27.83300000 27.83300000 27.83300000 27.83300000 27.83300000 24.88000000 26.04300000 26.61400000 26.66900000 26.67500000 26.75400000 26.61800000 26.37800000 26.46400000 26.91200000
27.83300000 27.83300000 27.83300000 27.83300000 27.83300000 27.83300000 27.83300000 27.83300000 27.83300000 27.83300000 27.83300000 27.83300000 27.83300000 27.83300000 27.83300000 27.83300000 27.83300000 27.83300000 27.83300000 27.83300000 27.83300000 25.05800000 26.43500000 26.60300000 26.67700000 26.67200000 26.58200000 26.38900000 26.64700000 27.01000000
27.83300000 27.83300000 27.83300000 27.83300000 27.83300000 27.83300000 27.83300000 27.83300000 27.83300000 27.83300000 27.83300000 27.83300000 27.83300000 27.83300000 27.83300000 27.83300000 27.83300000 27.83300000 27.83300000 27.83300000 27.83300000 24.83500000 26.03600000 26.52900000 26.50500000 26.45200000 26.35400000 26.31500000 26.89400000 27.06100000
27.83300000 27.83300000 27.83300000 27.83300000 27.83300000 27.83300000 27.83300000 27.83300000 27.83300000 27.83300000 27.83300000 27.83300000 27.83300000 27.83300000 27.83300000 27.83300000 27.83300000 27.83300000 27.83300000 27.83300000 27.83300000 27.83300000 25.69200000 26.05800000 26.11200000 26.15200000 26.37500000 26.55800000 26.65500000 27.09700000
27.83300000 27.83300000 27.83300000 27.83300000 27.83300000 27.83300000 27.83300000 27.83300000 27.83300000 27.83300000 27.83300000 27.83300000 27.83300000 27.83300000 27.83300000 27.83300000 27.83300000 27.83300000 27.83300000 27.83300000 27.83300000 27.83300000 27.83300000 25.73600000 26.21700000 26.29800000 26.34000000 26.51200000 26.69300000 27.08100000
25.18700000 25.11700000 25.03800000 25.03600000 25.13000000 25.06900000 25.16200000 25.23000000 25.15600000 24.98700000 25.09500000 25.09500000 24.68500000 24.16000000 24.46400000 24.95400000 25.22900000 25.05500000 25.03400000 25.01300000 25.01400000 24.88500000 24.53400000 23.97600000 24.00600000 23.48900000 23.98900000 24.14400000 24.19300000 24.42800000
25.11300000 25.04700000 24.46000000 25.03200000 25.07600000 24.99600000 24.95200000 24.93200000 24.96800000 25.05900000 25.02000000 24.66200000 23.99000000 24.53600000 24.77100000 25.28500000 24.94000000 24.95600000 25.00400000 24.95400000 24.87800000 24.74400000 24.52000000 23.92600000 24.73900000 25.18300000 25.04700000 25.07100000 24.62000000 24.48700000
25.01200000 25.07900000 24.98500000 24.91500000 24.97700000 25.02600000 25.03700000 25.02400000 24.95200000 24.74200000 23.89600000 23.77700000 24.52100000 24.76700000 25.18400000 25.13300000 24.97200000 24.95000000 24.78600000 24.70300000 24.59200000 24.14600000 25.50400000 25.22700000 25.00800000 25.04000000 24.87200000 24.87500000 24.89600000 24.81200000
24.46500000 25.07500000 25.22800000 24.96700000 24.75300000 24.81700000 24.59100000 23.91100000 23.98900000 24.02900000 24.22600000 24.55200000 24.67400000 25.09100000 25.31600000 24.97300000 24.93300000 24.81900000 24.58000000 24.24300000 25.44400000 25.42100000 25.45200000 25.50800000 25.60200000 25.36000000 24.96000000 24.82900000 24.87700000 24.98300000
24.57200000 24.57400000 24.75900000 25.32800000 25.34000000 24.84300000 24.18700000 23.87700000 23.94500000 24.79400000 24.89100000 24.90900000 25.01200000 25.22100000 25.44700000 24.90600000 24.81500000 24.56600000 25.00800000 25.29200000 25.33500000 25.09800000 24.99600000 25.02200000 25.25300000 25.66700000 25.61500000 24.80600000 24.71400000 24.90400000
24.63600000 24.11000000 24.19900000 24.40400000 25.58800000 25.46200000 25.24800000 25.17600000 25.13800000 25.13200000 25.09900000 25.11100000 25.11000000 25.18000000 25.49500000 25.03600000 24.51700000 25.14600000 25.29600000 25.24900000 25.01500000 24.81000000 24.59500000 24.80200000 25.12200000 25.69200000 25.99500000 25.55400000 24.70300000 24.89900000
23.54900000 24.18800000 23.84000000 23.97800000 24.29100000 25.72800000 25.49300000 25.30700000 25.40300000 25.40800000 25.47000000 25.41000000 25.34700000 25.29900000 25.47200000 25.26300000 24.72600000 25.35300000 25.22500000 25.12400000 24.89700000 24.73900000 24.72900000 25.04800000 25.58200000 26.05900000 26.29100000 26.17100000 25.58500000 24.99100000
22.78100000 23.37700000 23.82200000 23.23200000 23.80900000 24.08200000 25.67100000 26.02900000 25.66000000 25.28100000 25.34200000 25.38700000 25.39400000 25.39200000 25.40900000 25.40700000 24.88100000 25.27300000 25.28400000 25.15900000 25.12800000 25.12800000 25.35800000 25.87800000 25.89200000 25.99600000 26.27300000 26.33900000 25.66000000 25.72600000
22.69700000 23.31000000 23.13000000 22.79800000 23.35800000 23.64400000 25.01800000 25.77800000 26.13400000 26.15600000 25.31800000 25.37100000 25.43400000 25.48200000 25.47300000 25.45400000 25.34100000 25.31900000 25.36500000 25.52200000 25.50700000 26.04700000 25.87100000 25.82600000 25.99600000 25.91400000 26.10000000 26.27800000 25.76600000 25.87700000
19.39200000 18.67000000 18.60000000 21.52200000 22.97500000 23.27000000 23.81100000 25.03600000 25.45600000 25.75800000 25.85800000 25.27900000 25.40300000 25.41500000 25.39700000 25.57500000 25.54200000 25.55600000 25.46400000 26.23000000 26.31100000 26.07800000 25.92500000 26.02700000 26.22500000 26.19400000 26.22800000 25.99800000 25.67800000 25.86100000
19.29400000 27.83300000 17.84900000 17.69900000 21.72600000 22.85200000 23.08700000 23.70700000 24.73200000 24.67800000 24.99100000 25.90700000 25.34300000 25.36500000 25.43200000 25.43000000 25.44800000 26.08500000 26.11100000 26.35400000 26.16500000 25.69600000 26.01200000 26.23000000 26.05600000 25.89600000 25.74600000 25.69000000 25.87000000 25.81700000
27.83300000 27.83300000 27.83300000 27.83300000 18.63200000 20.69400000 22.46400000 22.81800000 23.80300000 24.41800000 23.62400000 24.12700000 25.35300000 25.82300000 25.98600000 25.97900000 25.75500000 25.53500000 26.27700000 26.32600000 25.75100000 25.96900000 25.99900000 26.02400000 26.28300000 26.12400000 25.69100000 25.95300000 25.90000000 25.71600000
27.83300000 27.83300000 27.83300000 27.83300000 27.83300000 17.97900000 19.07500000 20.01600000 23.08100000 23.34800000 23.35500000 22.95300000 23.65100000 24.27500000 24.77800000 25.05800000 24.76900000 24.94100000 26.29800000 26.33900000 25.73100000 25.83300000 26.02300000 25.88300000 25.96100000 26.45000000 26.06100000 25.93000000 25.87100000 25.91800000
27.83300000 27.83300000 27.83300000 27.83300000 27.83300000 27.83300000 27.83300000 17.85200000 17.18300000 18.16000000 21.29400000 20.85400000 20.35500000 22.40700000 23.55300000 24.04700000 24.57900000 24.14700000 25.93400000 26.34300000 26.38400000 25.77400000 25.89900000 25.87000000 26.12500000 26.53300000 26.53800000 25.96300000 26.13900000 25.94900000
27.83300000 27.83300000 27.83300000 27.83300000 27.83300000 27.83300000 27.83300000 27.83300000 27.83300000 27.83300000 27.83300000 27.83300000 27.83300000 27.83300000 27.83300000 19.71300000 24.28600000 24.69400000 24.69600000 26.39000000 26.39300000 26.44400000 26.43500000 26.50300000 26.39400000 26.63500000 26.55500000 26.56300000 26.01200000 26.03300000
27.83300000 27.83300000 27.83300000 27.83300000 27.83300000 27.83300000 27.83300000 27.83300000 27.83300000 27.83300000 27.83300000 27.83300000 27.83300000 27.83300000 27.83300000 27.83300000 23.56200000 24.14100000 24.72100000 25.70500000 26.38500000 26.42600000 26.51900000 26.25100000 26.64700000 26.68800000 26.57500000 26.60700000 26.63400000 26.67400000
27.83300000 27.83300000 27.83300000 27.83300000 27.83300000 27.83300000 27.83300000 27.83300000 27.83300000 27.83300000 27.83300000 27.83300000 27.83300000 27.83300000 27.83300000 27.83300000 27.83300000 20.42800000 22.92300000 23.65300000 26.16200000 26.42100000 26.38800000 26.46900000 26.73300000 26.77700000 26.69700000 26.65200000 26.73400000 26.83200000
27.83300000 27.83300000 27.83300000 27.83300000 27.83300000 27.83300000 27.83300000 27.83300000 27.83300000 27.83300000 27.83300000 27.83300000 27.83300000 27.83300000 27.83300000 27.83300000 27.83300000 27.83300000 27.83300000 24.80400000 24.62700000 26.56500000 26.44200000 26.62300000 26.71000000 26.73000000 26.76400000 26.67300000 26.82400000 26.82100000
27.83300000 27.83300000 27.83300000 27.83300000 27.83300000 27.83300000 27.83300000 27.83300000 27.83300000 27.83300000 27.83300000 27.83300000 27.83300000 27.83300000 27.83300000 27.83300000 27.83300000 27.83300000 27.83300000 27.83300000 24.09700000 26.55500000 26.46900000 26.71000000 26.85600000 26.73000000 26.74600000 26.77100000 26.87400000 26.94000000
27.83300000 27.83300000 27.83300000 27.83300000 27.83300000 27.83300000 27.83300000 27.83300000 27.83300000 27.83300000 27.83300000 27.83300000 27.83300000 27.83300000 27.83300000 27.83300000 27.83300000 27.83300000 27.83300000 27.83300000 22.97000000 26.65100000 26.53000000 26.81900000 26.69300000 26.84800000 26.83000000 26.87500000 26.87400000 26.99800000
27.83300000 27.83300000 27.83300000 27.83300000 27.83300000 27.83300000 27.83300000 27.83300000 27.83300000 27.83300000 27.83300000 27.83300000 27.83300000 27.83300000 27.83300000 27.83300000 27.83300000 27.83300000 27.83300000 27.83300000 22.10300000 26.63900000 26.70900000 26.85200000 26.64700000 26.81300000 26.79000000 26.76100000 26.92000000 26.93800000
27.83300000 27.83300000 27.83300000 27.83300000 27.83300000 27.83300000 27.83300000 27.83300000 27.83300000 27.83300000 27.83300000 27.83300000 27.83300000 27.83300000 27.83300000 27.83300000 27.83300000 27.83300000 27.83300000 27.83300000 22.79300000 26.50200000 26.79600000 26.76800000 26.68300000 26.80200000 26.68100000 26.45500000 26.76200000 27.02500000
27.83300000 27.83300000 27.83300000 27.83300000 27.83300000 27.83300000 27.83300000 27.83300000 27.83300000 27.83300000 27.83300000 27.83300000 27.83300000 27.83300000 27.83300000 27.83300000 27.83300000 27.83300000 27.83300000 27.83300000 27.83300000 26.05900000 26.62600000 26.68400000 26.68900000 26.77000000 26.63700000 26.39700000 26.47500000 26.92200000
27.83300000 27.83300000 27.83300000 27.83300000 27.83300000 27.83300000 27.83300000 27.83300000 27.83300000 27.83300000 27.83300000 27.83300000 27.83300000 27.83300000 27.83300000 27.83300000 27.83300000 27.83300000 27.83300000 27.83300000 27.83300000 24.32200000 26.45000000 26.61800000 26.69100000 26.68500000 26.59700000 26.40500000 26.65600000 27.02700000
27.83300000 27.83300000 27.83300000 27.83300000 27.83300000 27.83300000 27.83300000 27.83300000 27.83300000 27.83300000 27.83300000 27.83300000 27.83300000 27.83300000 27.83300000 27.83300000 27.83300000 27.83300000 27.83300000 27.83300000 27.83300000 27.83300000 26.05600000 26.54300000 26.51800000 26.46600000 26.36900000 26.32900000 26.90500000 27.07100000
27.83300000 27.83300000 27.83300000 27.83300000 27.83300000 27.83300000 27.83300000 27.83300000 27.83300000 27.83300000 27.83300000 27.83300000 27.83300000 27.83300000 27.83300000 27.83300000 27.83300000 27.83300000 27.83300000 27.83300000 27.83300000 27.83300000 25.71900000 26.07400000 26.12600000 26.16500000 26.38900000 26.57200000 26.67700000 27.11000000
27.83300000 27.83300000 27.83300000 27.83300000 27.83300000 27.83300000 27.83300000 27.83300000 27.83300000 27.83300000 27.83300000 27.83300000 27.83300000 27.83300000 27.83300000 27.83300000 27.83300000 27.83300000 27.83300000 27.83300000 27.83300000 27.83300000 27.83300000 25.76800000 26.23400000 26.30900000 26.35400000 26.52500000 26.72500000 27.10100000
