36.98500000 36.91600000 36.92400000 37.02400000 37.19600000 37.20600000 37.22500000 37.24300000 37.19600000 37.16500000 37.09800000 36.98000000 36.86000000 36.64300000 36.82400000 36.89800000 37.06400000 37.02500000 37.06400000 37.03500000 36.99100000 36.97000000 36.81700000 36.52700000 36.57500000 36.36600000 36.62200000 36.62400000 36.62000000 36.78600000
36.91000000 36.84900000 36.90100000 37.15600000 37.14900000 37.17700000 37.18300000 37.16600000 37.13500000 37.06200000 36.95800000 36.83900000 36.60500000 36.90400000 36.88400000 37.12500000 36.99800000 37.08000000 37.04400000 37.01300000 36.96300000 36.87200000 36.79600000 36.62300000 36.96000000 37.11700000 37.04800000 37.08200000 36.94600000 36.89600000
36.90300000 36.98400000 36.91400000 37.09100000 37.08800000 37.06800000 37.06400000 37.01800000 36.95400000 36.87800000 36.58800000 36.48500000 36.92000000 36.89300000 36.96200000 37.07200000 37.03700000 37.05500000 36.95700000 36.90400000 36.84400000 36.69100000 37.25000000 37.12600000 37.00600000 37.06800000 37.00300000 37.01400000 36.95900000 36.86700000
36.37800000 37.09500000 37.08800000 36.87300000 37.00900000 37.00800000 36.90800000 36.58700000 36.66000000 36.69800000 36.81900000 36.94000000 36.90600000 36.93400000 36.99700000 36.98800000 37.01500000 36.98100000 36.87900000 36.72800000 37.26600000 37.26300000 37.23100000 37.23800000 37.25900000 37.22900000 36.96900000 36.84900000 36.77100000 36.83000000
35.77300000 36.94200000 36.97000000 37.20700000 37.07300000 36.87400000 36.74400000 36.57200000 36.62900000 36.96600000 36.94800000 36.93500000 36.93800000 36.93000000 37.03100000 36.94400000 36.95400000 36.87300000 37.05200000 37.23800000 37.22900000 37.17300000 37.14500000 37.15300000 37.18000000 37.24700000 37.28100000 36.79800000 36.60400000 36.64900000
35.71100000 36.73400000 36.79400000 36.77300000 37.29800000 37.11100000 36.94200000 36.89900000 36.86200000 36.84500000 36.82900000 36.84700000 36.86400000 36.89800000 37.04800000 37.00400000 36.78500000 37.08600000 37.22800000 37.22300000 37.16000000 37.04600000 36.98400000 37.05300000 37.16300000 37.23700000 37.32900000 37.27700000 36.70600000 36.64900000
35.99600000 36.68800000 36.51800000 36.68500000 36.75500000 37.34600000 37.10200000 36.91800000 36.96400000 36.98100000 37.03500000 37.01200000 37.00500000 37.02100000 37.04900000 37.12100000 36.90500000 37.19100000 37.21300000 37.18900000 37.11800000 37.02500000 37.03100000 37.15300000 37.20500000 37.40100000 37.45800000 37.42200000 37.25600000 36.76300000
35.56200000 35.91300000 36.51600000 36.22000000 36.48500000 36.65700000 37.30600000 37.40300000 37.18600000 36.91900000 36.93300000 36.97000000 37.01500000 37.03100000 37.03100000 37.13100000 36.97100000 37.15400000 37.20600000 37.19100000 37.18000000 37.18000000 37.18100000 37.30600000 37.36900000 37.39700000 37.45000000 37.47000000 37.29000000 37.32100000
35.38300000 35.61700000 35.78900000 35.94400000 36.40400000 36.20100000 37.17200000 37.34500000 37.41300000 37.40700000 36.97400000 36.96100000 37.02000000 37.06500000 37.04900000 37.16400000 37.17400000 37.17700000 37.19000000 37.24800000 37.11800000 37.35600000 37.30700000 37.34100000 37.40500000 37.38700000 37.43400000 37.47800000 37.30600000 37.27200000
35.28500000 35.65600000 35.58500000 35.60600000 35.98700000 36.03200000 36.49800000 37.14300000 37.23600000 37.29400000 37.24700000 36.96200000 36.96300000 36.98800000 37.03700000 37.24200000 37.24300000 37.24200000 37.06100000 37.36600000 37.37900000 37.33300000 37.36200000 37.35300000 37.43300000 37.45400000 37.46800000 37.36900000 37.29000000 37.22600000
35.01200000 35.08400000 35.67700000 35.49700000 35.63600000 35.92100000 35.75400000 36.53000000 37.07600000 37.00800000 37.06800000 37.32700000 37.00000000 36.98300000 37.01300000 37.08700000 37.08300000 37.34300000 37.32000000 37.37500000 37.34000000 37.27100000 37.34900000 37.32700000 37.34200000 37.34000000 37.32200000 37.29100000 37.26400000 37.16500000
37.59700000 37.59700000 37.59700000 35.32600000 35.50900000 35.58800000 35.63500000 35.69900000 36.63700000 36.95600000 36.46600000 36.69300000 37.14600000 37.30100000 37.33700000 37.32600000 37.24600000 37.11700000 37.35200000 37.37500000 37.23600000 37.34500000 37.27900000 37.29200000 37.37500000 37.36100000 37.26600000 37.33700000 37.21000000 37.14200000
37.59700000 37.59700000 37.59700000 37.59700000 35.27700000 35.53700000 35.58000000 35.67400000 36.16100000 36.39000000 36.36200000 36.26600000 36.60200000 36.42100000 36.99200000 37.10800000 36.96500000 36.96500000 37.35200000 37.41400000 37.21200000 37.27800000 37.25400000 37.23700000 37.29900000 37.39400000 37.35300000 37.32000000 37.22300000 37.16900000
37.59700000 37.59700000 37.59700000 37.59700000 37.59700000 37.59700000 35.47600000 35.59500000 35.68100000 35.87800000 36.13900000 36.17000000 36.13600000 36.20700000 36.16500000 36.11200000 36.61000000 36.93700000 37.19800000 37.42600000 37.40800000 37.21500000 37.22200000 37.19500000 37.33800000 37.38600000 37.46000000 37.33000000 37.39900000 37.21400000
37.59700000 37.59700000 37.59700000 37.59700000 37.59700000 37.59700000 37.59700000 37.59700000 37.59700000 37.59700000 37.59700000 37.59700000 36.11000000 36.06400000 36.00200000 36.04600000 36.50300000 36.94600000 36.97700000 37.34900000 37.43400000 37.41400000 37.40300000 37.40500000 37.36100000 37.37700000 37.42100000 37.48000000 37.33600000 37.39800000
37.59700000 37.59700000 37.59700000 37.59700000 37.59700000 37.59700000 37.59700000 37.59700000 37.59700000 37.59700000 37.59700000 37.59700000 37.59700000 37.59700000 37.59700000 36.02600000 36.50800000 36.51700000 36.97700000 37.20200000 37.36000000 37.42400000 37.42300000 37.36900000 37.32400000 37.37900000 37.40800000 37.46200000 37.52500000 37.54500000
37.59700000 37.59700000 37.59700000 37.59700000 37.59700000 37.59700000 37.59700000 37.59700000 37.59700000 37.59700000 37.59700000 37.59700000 37.59700000 37.59700000 37.59700000 37.59700000 36.00900000 36.13400000 36.95700000 36.71300000 37.30000000 37.39400000 37.41400000 37.35400000 37.34600000 37.38300000 37.37800000 37.41600000 37.41400000 37.55500000
37.59700000 37.59700000 37.59700000 37.59700000 37.59700000 37.59700000 37.59700000 37.59700000 37.59700000 37.59700000 37.59700000 37.59700000 37.59700000 37.59700000 37.59700000 37.59700000 37.59700000 37.59700000 36.17100000 36.96300000 36.84500000 37.36900000 37.40900000 37.32200000 37.35900000 37.37000000 37.38600000 37.33500000 37.38300000 37.48200000
37.59700000 37.59700000 37.59700000 37.59700000 37.59700000 37.59700000 37.59700000 37.59700000 37.59700000 37.59700000 37.59700000 37.59700000 37.59700000 37.59700000 37.59700000 37.59700000 37.59700000 37.59700000 37.59700000 36.95000000 36.73800000 37.36800000 37.36200000 37.36000000 37.43100000 37.38700000 37.37400000 37.34900000 37.38100000 37.40400000
37.59700000 37.59700000 37.59700000 37.59700000 37.59700000 37.59700000 37.59700000 37.59700000 37.59700000 37.59700000 37.59700000 37.59700000 37.59700000 37.59700000 37.59700000 37.59700000 37.59700000 37.59700000 37.59700000 36.72100000 36.92800000 37.38100000 37.31000000 37.40600000 37.40800000 37.44200000 37.39900000 37.36800000 37.35100000 37.41800000
37.59700000 37.59700000 37.59700000 37.59700000 37.59700000 37.59700000 37.59700000 37.59700000 37.59700000 37.59700000 37.59700000 37.59700000 37.59700000 37.59700000 37.59700000 37.59700000 37.59700000 37.59700000 37.59700000 36.80500000 37.06900000 37.37500000 37.35600000 37.41400000 37.39800000 37.41400000 37.39200000 37.33800000 37.36700000 37.36200000
37.59700000 37.59700000 37.59700000 37.59700000 37.59700000 37.59700000 37.59700000 37.59700000 37.59700000 37.59700000 37.59700000 37.59700000 37.59700000 37.59700000 37.59700000 37.59700000 37.59700000 37.59700000 37.59700000 36.45300000 36.69700000 37.31000000 37.39900000 37.38600000 37.38900000 37.37900000 37.33700000 37.28600000 37.29600000 37.37100000
37.59700000 37.59700000 37.59700000 37.59700000 37.59700000 37.59700000 37.59700000 37.59700000 37.59700000 37.59700000 37.59700000 37.59700000 37.59700000 37.59700000 37.59700000 37.59700000 37.59700000 37.59700000 37.59700000 37.59700000 36.67300000 37.16100000 37.34700000 37.36600000 37.37200000 37.34900000 37.31900000 37.30800000 37.28100000 37.32600000
37.59700000 37.59700000 37.59700000 37.59700000 37.59700000 37.59700000 37.59700000 37.59700000 37.59700000 37.59700000 37.59700000 37.59700000 37.59700000 37.59700000 37.59700000 37.59700000 37.59700000 37.59700000 37.59700000 37.59700000 37.59700000 36.74700000 37.28400000 37.34900000 37.35900000 37.34200000 37.32900000 37.29700000 37.29400000 37.32700000
37.59700000 37.59700000 37.59700000 37.59700000 37.59700000 37.59700000 37.59700000 37.59700000 37.59700000 37.59700000 37.59700000 37.59700000 37.59700000 37.59700000 37.59700000 37.59700000 37.59700000 37.59700000 37.59700000 37.59700000 37.59700000 36.49600000 37.11600000 37.31700000 37.32000000 37.31400000 37.26700000 37.21900000 37.28700000 37.31500000
37.59700000 37.59700000 37.59700000 37.59700000 37.59700000 37.59700000 37.59700000 37.59700000 37.59700000 37.59700000 37.59700000 37.59700000 37.59700000 37.59700000 37.59700000 37.59700000 37.59700000 37.59700000 37.59700000 37.59700000 37.59700000 37.59700000 36.82600000 37.12900000 37.15800000 37.17400000 37.21800000 37.27900000 37.26300000 37.30200000
37.59700000 37.59700000 37.59700000 37.59700000 37.59700000 37.59700000 37.59700000 37.59700000 37.59700000 37.59700000 37.59700000 37.59700000 37.59700000 37.59700000 37.59700000 37.59700000 37.59700000 37.59700000 37.59700000 37.59700000 37.59700000 37.59700000 37.59700000 36.64200000 37.13900000 37.20900000 37.23400000 37.23600000 37.24300000 37.29300000
36.98400000 36.91500000 36.92200000 37.02200000 37.19500000 37.20600000 37.22400000 37.24100000 37.19600000 37.16300000 37.09900000 36.98100000 36.86100000 36.66800000 36.82400000 36.89600000 37.06300000 37.02300000 37.06300000 37.03500000 36.99100000 36.96900000 36.81700000 36.52400000 36.57500000 36.36500000 36.62100000 36.62300000 36.61900000 36.78400000
36.91000000 36.84800000 36.90100000 37.15600000 37.14900000 37.17600000 37.18300000 37.16600000 37.13400000 37.06100000 36.95700000 36.83900000 36.60400000 36.90400000 36.88300000 37.12400000 36.99800000 37.08000000 37.04300000 37.01100000 36.96300000 36.87100000 36.79600000 36.62300000 36.95700000 37.11700000 37.04700000 37.08100000 36.94600000 36.89500000
36.90500000 36.98400000 36.91400000 37.09100000 37.08700000 37.06800000 37.06400000 37.01800000 36.95400000 36.87800000 36.58900000 36.48400000 36.91900000 36.89200000 36.96100000 37.07100000 37.03600000 37.05400000 36.95700000 36.90400000 36.84300000 36.69000000 37.25100000 37.12500000 37.00500000 37.06700000 37.00200000 37.01300000 36.95800000 36.86700000
36.67000000 37.09500000 37.08700000 36.87400000 37.00900000 37.00800000 36.90900000 36.58800000 36.65900000 36.69800000 36.81800000 36.94000000 36.90500000 36.93300000 36.99600000 36.98700000 37.01400000 36.98100000 36.87800000 36.72700000 37.26500000 37.26300000 37.23000000 37.23700000 37.25800000 37.22900000 36.96800000 36.84900000 36.77100000 36.83000000
36.72600000 36.94200000 36.97100000 37.20600000 37.07100000 36.87000000 36.74400000 36.57200000 36.62800000 36.96400000 36.94800000 36.93500000 36.93700000 36.93000000 37.03000000 36.94400000 36.95300000 36.87300000 37.04900000 37.23700000 37.22900000 37.17200000 37.14500000 37.15300000 37.17900000 37.24600000 37.28000000 36.79700000 36.60400000 36.64800000
36.54200000 36.73400000 36.79300000 36.77300000 37.29700000 37.11000000 36.94200000 36.89900000 36.86100000 36.84500000 36.82800000 36.84600000 36.86300000 36.89600000 37.04700000 37.00400000 36.78500000 37.08400000 37.22700000 37.22200000 37.16000000 37.04600000 36.98300000 37.05200000 37.16200000 37.23600000 37.32800000 37.27700000 36.70600000 36.64900000
35.99300000 36.68900000 36.51800000 36.68500000 36.76200000 37.34500000 37.10100000 36.91800000 36.96300000 36.98000000 37.03500000 37.01200000 37.00500000 37.02000000 37.04900000 37.12000000 36.90400000 37.19000000 37.21300000 37.18800000 37.11700000 37.02400000 37.03100000 37.15200000 37.20400000 37.40000000 37.45700000 37.42200000 37.25600000 36.77000000
35.65200000 36.05700000 36.51700000 36.22200000 36.48700000 36.69700000 37.30500000 37.40200000 37.18500000 36.91800000 36.93200000 36.96900000 37.01400000 37.03000000 37.03000000 37.13000000 36.97000000 37.15400000 37.20500000 37.19000000 37.17900000 37.17900000 37.18000000 37.30500000 37.36800000 37.39600000 37.45000000 37.47000000 37.29000000 37.32700000
35.93900000 35.74900000 35.80600000 35.95100000 36.40500000 36.20400000 37.17100000 37.34400000 37.41200000 37.40600000 36.97300000 36.96100000 37.02000000 37.06500000 37.04800000 37.16200000 37.17300000 37.17500000 37.18800000 37.24700000 37.11800000 37.35500000 37.30700000 37.34100000 37.40400000 37.38700000 37.43300000 37.47700000 37.30600000 37.27300000
36.04500000 35.87500000 35.85700000 36.25700000 36.02700000 36.04500000 36.53500000 37.14200000 37.23500000 37.29400000 37.24600000 36.96100000 36.96300000 36.98800000 37.03600000 37.24100000 37.24200000 37.24200000 37.06100000 37.36500000 37.37800000 37.33300000 37.36100000 37.35300000 37.43300000 37.45400000 37.46700000 37.36900000 37.29000000 37.22600000
35.83200000 37.59700000 35.82900000 35.79300000 36.23700000 36.02400000 35.84000000 36.54300000 37.07500000 37.00800000 37.06800000 37.32600000 36.99900000 36.98200000 37.01200000 37.08700000 37.08300000 37.34300000 37.31900000 37.37400000 37.33900000 37.27000000 37.34900000 37.32700000 37.34100000 37.34000000 37.32200000 37.29100000 37.26400000 37.16500000
37.59700000 37.59700000 37.59700000 37.59700000 35.75900000 36.26000000 35.75600000 35.78700000 36.63900000 36.95500000 36.46700000 36.69200000 37.14600000 37.29900000 37.33400000 37.32600000 37.24500000 37.11600000 37.35100000 37.37400000 37.23500000 37.34400000 37.27800000 37.29100000 37.37400000 37.36000000 37.26600000 37.33600000 37.21000000 37.14300000
37.59700000 37.59700000 37.59700000 37.59700000 37.59700000 35.77000000 35.78800000 35.91400000 36.25400000 36.41200000 36.36600000 36.26600000 36.60300000 36.56200000 36.99100000 37.10700000 36.96500000 36.96400000 37.35100000 37.41300000 37.21200000 37.27800000 37.25300000 37.23600000 37.29800000 37.39300000 37.35200000 37.31900000 37.22200000 37.16900000
37.59700000 37.59700000 37.59700000 37.59700000 37.59700000 37.59700000 37.59700000 35.76700000 35.75000000 35.91800000 36.34000000 36.24900000 36.27900000 36.47600000 36.27500000 36.13500000 36.61300000 36.93600000 37.19700000 37.42500000 37.40800000 37.21400000 37.22100000 37.19400000 37.33700000 37.38500000 37.45800000 37.32900000 37.39800000 37.21400000
37.59700000 37.59700000 37.59700000 37.59700000 37.59700000 37.59700000 37.59700000 37.59700000 37.59700000 37.59700000 37.59700000 37.59700000 37.59700000 37.59700000 37.59700000 36.14900000 36.48800000 36.94600000 36.97600000 37.34800000 37.43300000 37.41300000 37.40200000 37.40400000 37.36000000 37.37600000 37.42000000 37.47900000 37.33600000 37.39800000
37.59700000 37.59700000 37.59700000 37.59700000 37.59700000 37.59700000 37.59700000 37.59700000 37.59700000 37.59700000 37.59700000 37.59700000 37.59700000 37.59700000 37.59700000 37.59700000 36.48300000 36.55300000 36.97600000 37.20000000 37.35800000 37.42400000 37.42200000 37.36800000 37.32300000 37.37800000 37.40800000 37.46200000 37.52400000 37.54400000
37.59700000 37.59700000 37.59700000 37.59700000 37.59700000 37.59700000 37.59700000 37.59700000 37.59700000 37.59700000 37.59700000 37.59700000 37.59700000 37.59700000 37.59700000 37.59700000 37.59700000 36.28000000 36.61000000 36.67800000 37.29800000 37.39200000 37.41300000 37.35300000 37.34500000 37.38200000 37.37700000 37.41500000 37.41300000 37.55400000
37.59700000 37.59700000 37.59700000 37.59700000 37.59700000 37.59700000 37.59700000 37.59700000 37.59700000 37.59700000 37.59700000 37.59700000 37.59700000 37.59700000 37.59700000 37.59700000 37.59700000 37.59700000 37.59700000 36.95700000 36.84400000 37.36800000 37.40800000 37.32100000 37.35800000 37.37000000 37.38600000 37.33400000 37.38200000 37.48200000
37.59700000 37.59700000 37.59700000 37.59700000 37.59700000 37.59700000 37.59700000 37.59700000 37.59700000 37.59700000 37.59700000 37.59700000 37.59700000 37.59700000 37.59700000 37.59700000 37.59700000 37.59700000 37.59700000 37.59700000 36.73700000 37.36700000 37.36100000 37.35900000 37.43000000 37.38600000 37.37300000 37.34800000 37.38000000 37.40400000
37.59700000 37.59700000 37.59700000 37.59700000 37.59700000 37.59700000 37.59700000 37.59700000 37.59700000 37.59700000 37.59700000 37.59700000 37.59700000 37.59700000 37.59700000 37.59700000 37.59700000 37.59700000 37.59700000 37.59700000 36.65900000 37.38000000 37.30900000 37.40500000 37.40700000 37.44200000 37.39900000 37.36700000 37.35100000 37.41800000
37.59700000 37.59700000 37.59700000 37.59700000 37.59700000 37.59700000 37.59700000 37.59700000 37.59700000 37.59700000 37.59700000 37.59700000 37.59700000 37.59700000 37.59700000 37.59700000 37.59700000 37.59700000 37.59700000 37.59700000 36.55500000 37.37400000 37.35500000 37.41300000 37.39700000 37.41300000 37.39200000 37.33700000 37.36600000 37.36000000
37.59700000 37.59700000 37.59700000 37.59700000 37.59700000 37.59700000 37.59700000 37.59700000 37.59700000 37.59700000 37.59700000 37.59700000 37.59700000 37.59700000 37.59700000 37.59700000 37.59700000 37.59700000 37.59700000 37.59700000 36.56500000 37.30900000 37.39800000 37.38500000 37.38900000 37.37800000 37.33600000 37.28500000 37.29500000 37.37000000
37.59700000 37.59700000 37.59700000 37.59700000 37.59700000 37.59700000 37.59700000 37.59700000 37.59700000 37.59700000 37.59700000 37.59700000 37.59700000 37.59700000 37.59700000 37.59700000 37.59700000 37.59700000 37.59700000 37.59700000 37.59700000 37.15200000 37.34600000 37.36500000 37.37200000 37.34800000 37.31800000 37.30800000 37.28000000 37.32500000
37.59700000 37.59700000 37.59700000 37.59700000 37.59700000 37.59700000 37.59700000 37.59700000 37.59700000 37.59700000 37.59700000 37.59700000 37.59700000 37.59700000 37.59700000 37.59700000 37.59700000 37.59700000 37.59700000 37.59700000 37.59700000 36.70600000 37.28300000 37.34800000 37.35900000 37.34100000 37.32800000 37.29600000 37.29300000 37.32600000
37.59700000 37.59700000 37.59700000 37.59700000 37.59700000 37.59700000 37.59700000 37.59700000 37.59700000 37.59700000 37.59700000 37.59700000 37.59700000 37.59700000 37.59700000 37.59700000 37.59700000 37.59700000 37.59700000 37.59700000 37.59700000 37.59700000 37.11500000 37.31600000 37.32000000 37.31400000 37.26700000 37.21800000 37.28600000 37.31500000
37.59700000 37.59700000 37.59700000 37.59700000 37.59700000 37.59700000 37.59700000 37.59700000 37.59700000 37.59700000 37.59700000 37.59700000 37.59700000 37.59700000 37.59700000 37.59700000 37.59700000 37.59700000 37.59700000 37.59700000 37.59700000 37.59700000 36.82500000 37.12800000 37.15700000 37.17300000 37.21700000 37.27800000 37.26000000 37.30100000
37.59700000 37.59700000 37.59700000 37.59700000 37.59700000 37.59700000 37.59700000 37.59700000 37.59700000 37.59700000 37.59700000 37.59700000 37.59700000 37.59700000 37.59700000 37.59700000 37.59700000 37.59700000 37.59700000 37.59700000 37.59700000 37.59700000 37.59700000 36.64200000 37.13900000 37.20800000 37.23300000 37.23500000 37.24200000 37.29200000
