36.98500000 36.91500000 36.92500000 37.02600000 37.19400000 37.20700000 37.22500000 37.24300000 37.19500000 37.16400000 37.09800000 36.97900000 36.85900000 36.64300000 36.82300000 36.89900000 37.06500000 37.02500000 37.06400000 37.03400000 36.99000000 36.96900000 36.81300000 36.53100000 36.58300000 36.37200000 36.62700000 36.62600000 36.62400000 36.79400000
36.90900000 36.84900000 36.90200000 37.15500000 37.14800000 37.17600000 37.18300000 37.16500000 37.13400000 37.06100000 36.95600000 36.83600000 36.60800000 36.90500000 36.88500000 37.12600000 37.00000000 37.07900000 37.04300000 37.01100000 36.96200000 36.87100000 36.79400000 36.61900000 36.98300000 37.11500000 37.04800000 37.08200000 36.94300000 36.89300000
36.90100000 36.99100000 36.91100000 37.09000000 37.08500000 37.06700000 37.06400000 37.01600000 36.95300000 36.87700000 36.58200000 36.48800000 36.92100000 36.89300000 36.96400000 37.06900000 37.03900000 37.05500000 36.95600000 36.90400000 36.84300000 36.69600000 37.24500000 37.12500000 37.00500000 37.06800000 37.00400000 37.01500000 36.96200000 36.86800000
36.37100000 37.09700000 37.09800000 36.87200000 37.00800000 37.00700000 36.90400000 36.58300000 36.66100000 36.69500000 36.81900000 36.94100000 36.90600000 36.93500000 36.99800000 36.98400000 37.01600000 36.98100000 36.87800000 36.72900000 37.27000000 37.26200000 37.23000000 37.23600000 37.25900000 37.24000000 36.96600000 36.84600000 36.76400000 36.83000000
35.77300000 36.94000000 36.96100000 37.20700000 37.08700000 36.87200000 36.74600000 36.57500000 36.63600000 36.96600000 36.94800000 36.93600000 36.93900000 36.93000000 37.03100000 36.94100000 36.95400000 36.87200000 37.06100000 37.23800000 37.22700000 37.17200000 37.14400000 37.15300000 37.18000000 37.24500000 37.28100000 36.79900000 36.60300000 36.65000000
35.72100000 36.73100000 36.79100000 36.76200000 37.29800000 37.11300000 36.94200000 36.90200000 36.86600000 36.84800000 36.82900000 36.84700000 36.86400000 36.89800000 37.04800000 37.00100000 36.78500000 37.09100000 37.22900000 37.22200000 37.16000000 37.04500000 36.98200000 37.05200000 37.16300000 37.23900000 37.33000000 37.27800000 36.71000000 36.65100000
36.00000000 36.68600000 36.51800000 36.68500000 36.73000000 37.34500000 37.11400000 36.91800000 36.96500000 36.98400000 37.03500000 37.01100000 37.00500000 37.02100000 37.05000000 37.11800000 36.90800000 37.19200000 37.21300000 37.18800000 37.11800000 37.02600000 37.03400000 37.15500000 37.20900000 37.40600000 37.45800000 37.42400000 37.25600000 36.77200000
35.55900000 35.89300000 36.50900000 36.21300000 36.49000000 36.63400000 37.30500000 37.40200000 37.19600000 36.92100000 36.93300000 36.96900000 37.01500000 37.03100000 37.03100000 37.13400000 36.96900000 37.15500000 37.20600000 37.19000000 37.18000000 37.18000000 37.18200000 37.31300000 37.36500000 37.39500000 37.45000000 37.47100000 37.29000000 37.32300000
35.38300000 35.62700000 35.78700000 35.93600000 36.39700000 36.19100000 37.17600000 37.34500000 37.41300000 37.40100000 36.97200000 36.96100000 37.02200000 37.06500000 37.04900000 37.16700000 37.17200000 37.17600000 37.18900000 37.24800000 37.12000000 37.36000000 37.31000000 37.34200000 37.40700000 37.38800000 37.43400000 37.47800000 37.30600000 37.27200000
35.28900000 35.63000000 35.58700000 35.58700000 35.98200000 36.02200000 36.50600000 37.13800000 37.22900000 37.28900000 37.24500000 36.96300000 36.96300000 36.99000000 37.03900000 37.24300000 37.24300000 37.24300000 37.06500000 37.36900000 37.38000000 37.33200000 37.36400000 37.35200000 37.43300000 37.45400000 37.46700000 37.36800000 37.29000000 37.22400000
35.00500000 35.06100000 35.64200000 35.50100000 35.62800000 35.90900000 35.75300000 36.53700000 37.07200000 37.00400000 37.05200000 37.32400000 37.00100000 36.98300000 37.01400000 37.08900000 37.08200000 37.34400000 37.31700000 37.37500000 37.34100000 37.27100000 37.34600000 37.32800000 37.34200000 37.33900000 37.32200000 37.29100000 37.26300000 37.16300000
37.59700000 37.59700000 37.59700000 35.32700000 35.51100000 35.58400000 35.63300000 35.70700000 36.64900000 36.94500000 36.46600000 36.68500000 37.15300000 37.30000000 37.33600000 37.32500000 37.24300000 37.11700000 37.35500000 37.37500000 37.23600000 37.34600000 37.28000000 37.29300000 37.37500000 37.36100000 37.26500000 37.33600000 37.21000000 37.14000000
37.59700000 37.59700000 37.59700000 37.59700000 35.27500000 35.53600000 35.58100000 35.67800000 36.15900000 36.37800000 36.34700000 36.26600000 36.59000000 36.42600000 37.02100000 37.10400000 36.95300000 36.96400000 37.35300000 37.41500000 37.21200000 37.27800000 37.25400000 37.23700000 37.30000000 37.39400000 37.35300000 37.32000000 37.22200000 37.16800000
37.59700000 37.59700000 37.59700000 37.59700000 37.59700000 37.59700000 35.47900000 35.59300000 35.68400000 35.87000000 36.13600000 36.17100000 36.13300000 36.20100000 36.15900000 36.11400000 36.61300000 36.93800000 37.20100000 37.42600000 37.41000000 37.21500000 37.22200000 37.19500000 37.33900000 37.38700000 37.46000000 37.33000000 37.39900000 37.21400000
37.59700000 37.59700000 37.59700000 37.59700000 37.59700000 37.59700000 37.59700000 37.59700000 37.59700000 37.59700000 37.59700000 37.59700000 36.11200000 36.05700000 35.99500000 36.04500000 36.51000000 36.94200000 36.97500000 37.34800000 37.43400000 37.41400000 37.40300000 37.40500000 37.36000000 37.37700000 37.42200000 37.48000000 37.33700000 37.39600000
37.59700000 37.59700000 37.59700000 37.59700000 37.59700000 37.59700000 37.59700000 37.59700000 37.59700000 37.59700000 37.59700000 37.59700000 37.59700000 37.59700000 37.59700000 36.02700000 36.50600000 36.50600000 36.97500000 37.21200000 37.36100000 37.42400000 37.42300000 37.36800000 37.32500000 37.38000000 37.40800000 37.46200000 37.52400000 37.54200000
37.59700000 37.59700000 37.59700000 37.59700000 37.59700000 37.59700000 37.59700000 37.59700000 37.59700000 37.59700000 37.59700000 37.59700000 37.59700000 37.59700000 37.59700000 37.59700000 36.00600000 36.13000000 36.96000000 36.71100000 37.29200000 37.39200000 37.41300000 37.35200000 37.34600000 37.38300000 37.37700000 37.41400000 37.41400000 37.55400000
37.59700000 37.59700000 37.59700000 37.59700000 37.59700000 37.59700000 37.59700000 37.59700000 37.59700000 37.59700000 37.59700000 37.59700000 37.59700000 37.59700000 37.59700000 37.59700000 37.59700000 37.59700000 36.15500000 36.96200000 36.84100000 37.36900000 37.40500000 37.32300000 37.35900000 37.37100000 37.38600000 37.33500000 37.38300000 37.48300000
37.59700000 37.59700000 37.59700000 37.59700000 37.59700000 37.59700000 37.59700000 37.59700000 37.59700000 37.59700000 37.59700000 37.59700000 37.59700000 37.59700000 37.59700000 37.59700000 37.59700000 37.59700000 37.59700000 36.94800000 36.72100000 37.36800000 37.35900000 37.36200000 37.43100000 37.38600000 37.37400000 37.34900000 37.38300000 37.40400000
37.59700000 37.59700000 37.59700000 37.59700000 37.59700000 37.59700000 37.59700000 37.59700000 37.59700000 37.59700000 37.59700000 37.59700000 37.59700000 37.59700000 37.59700000 37.59700000 37.59700000 37.59700000 37.59700000 36.72100000 36.92300000 37.38100000 37.31000000 37.40700000 37.40800000 37.44400000 37.39900000 37.36800000 37.35200000 37.41900000
37.59700000 37.59700000 37.59700000 37.59700000 37.59700000 37.59700000 37.59700000 37.59700000 37.59700000 37.59700000 37.59700000 37.59700000 37.59700000 37.59700000 37.59700000 37.59700000 37.59700000 37.59700000 37.59700000 36.80300000 37.06600000 37.37500000 37.35900000 37.41300000 37.39800000 37.41400000 37.38600000 37.33800000 37.36700000 37.36200000
37.59700000 37.59700000 37.59700000 37.59700000 37.59700000 37.59700000 37.59700000 37.59700000 37.59700000 37.59700000 37.59700000 37.59700000 37.59700000 37.59700000 37.59700000 37.59700000 37.59700000 37.59700000 37.59700000 36.49500000 36.69100000 37.30900000 37.39700000 37.38500000 37.38900000 37.38000000 37.33700000 37.28600000 37.29700000 37.37000000
37.59700000 37.59700000 37.59700000 37.59700000 37.59700000 37.59700000 37.59700000 37.59700000 37.59700000 37.59700000 37.59700000 37.59700000 37.59700000 37.59700000 37.59700000 37.59700000 37.59700000 37.59700000 37.59700000 37.59700000 36.67200000 37.15400000 37.34800000 37.36700000 37.37200000 37.35000000 37.31900000 37.30900000 37.28200000 37.32500000
37.59700000 37.59700000 37.59700000 37.59700000 37.59700000 37.59700000 37.59700000 37.59700000 37.59700000 37.59700000 37.59700000 37.59700000 37.59700000 37.59700000 37.59700000 37.59700000 37.59700000 37.59700000 37.59700000 37.59700000 37.59700000 36.74400000 37.28300000 37.34900000 37.35900000 37.34200000 37.32900000 37.29700000 37.29500000 37.32800000
37.59700000 37.59700000 37.59700000 37.59700000 37.59700000 37.59700000 37.59700000 37.59700000 37.59700000 37.59700000 37.59700000 37.59700000 37.59700000 37.59700000 37.59700000 37.59700000 37.59700000 37.59700000 37.59700000 37.59700000 37.59700000 36.50000000 37.11500000 37.31700000 37.32100000 37.31400000 37.26800000 37.21900000 37.28600000 37.31600000
37.59700000 37.59700000 37.59700000 37.59700000 37.59700000 37.59700000 37.59700000 37.59700000 37.59700000 37.59700000 37.59700000 37.59700000 37.59700000 37.59700000 37.59700000 37.59700000 37.59700000 37.59700000 37.59700000 37.59700000 37.59700000 37.59700000 36.81600000 37.13100000 37.15700000 37.17500000 37.21800000 37.27800000 37.26100000 37.30400000
37.59700000 37.59700000 37.59700000 37.59700000 37.59700000 37.59700000 37.59700000 37.59700000 37.59700000 37.59700000 37.59700000 37.59700000 37.59700000 37.59700000 37.59700000 37.59700000 37.59700000 37.59700000 37.59700000 37.59700000 37.59700000 37.59700000 37.59700000 36.64200000 37.13100000 37.20800000 37.23300000 37.23400000 37.24300000 37.29400000
36.98400000 36.91400000 36.92300000 37.02400000 37.19300000 37.20600000 37.22400000 37.24200000 37.19500000 37.16200000 37.09900000 36.98000000 36.86000000 36.67100000 36.82300000 36.89600000 37.06400000 37.02300000 37.06300000 37.03400000 36.99100000 36.96800000 36.81200000 36.52700000 36.58300000 36.37100000 36.62600000 36.62600000 36.62300000 36.79200000
36.90900000 36.84800000 36.90100000 37.15500000 37.14700000 37.17600000 37.18200000 37.16500000 37.13400000 37.06100000 36.95600000 36.83600000 36.60700000 36.90400000 36.88400000 37.12600000 36.99900000 37.07800000 37.04300000 37.01000000 36.96100000 36.87000000 36.79400000 36.61900000 36.98000000 37.11500000 37.04700000 37.08100000 36.94300000 36.89200000
36.90300000 36.99000000 36.91100000 37.09000000 37.08500000 37.06700000 37.06300000 37.01600000 36.95300000 36.87700000 36.58200000 36.48700000 36.92000000 36.89300000 36.96200000 37.06800000 37.03800000 37.05400000 36.95600000 36.90300000 36.84300000 36.69500000 37.24400000 37.12500000 37.00400000 37.06700000 37.00300000 37.01400000 36.96100000 36.86700000
36.67100000 37.09600000 37.09700000 36.87200000 37.00800000 37.00700000 36.90500000 36.58400000 36.66000000 36.69500000 36.81800000 36.94000000 36.90600000 36.93400000 36.99600000 36.98300000 37.01500000 36.98000000 36.87700000 36.72800000 37.26800000 37.26300000 37.22900000 37.23500000 37.25900000 37.23900000 36.96600000 36.84600000 36.76400000 36.83000000
36.70600000 36.94000000 36.96200000 37.20600000 37.08500000 36.86900000 36.74500000 36.57500000 36.63500000 36.96500000 36.94800000 36.93500000 36.93800000 36.92900000 37.03000000 36.94000000 36.95300000 36.87200000 37.05800000 37.23700000 37.22600000 37.17100000 37.14400000 37.15200000 37.17900000 37.24500000 37.28000000 36.79900000 36.60300000 36.64900000
36.52600000 36.73100000 36.79100000 36.76200000 37.29700000 37.11200000 36.94100000 36.90200000 36.86500000 36.84800000 36.82900000 36.84700000 36.86300000 36.89700000 37.04700000 37.00100000 36.78500000 37.08900000 37.22800000 37.22100000 37.15900000 37.04500000 36.98100000 37.05200000 37.16300000 37.23800000 37.33000000 37.27700000 36.71000000 36.65000000
35.99700000 36.68700000 36.51700000 36.68400000 36.74000000 37.34400000 37.11300000 36.91800000 36.96500000 36.98300000 37.03500000 37.01100000 37.00500000 37.02000000 37.04900000 37.11800000 36.90700000 37.19100000 37.21200000 37.18700000 37.11800000 37.02500000 37.03400000 37.15400000 37.20800000 37.40500000 37.45700000 37.42400000 37.25600000 36.77900000
35.64900000 36.03400000 36.51000000 36.21500000 36.49200000 36.67700000 37.30400000 37.40100000 37.19500000 36.92000000 36.93200000 36.96900000 37.01500000 37.03000000 37.03100000 37.13200000 36.96800000 37.15400000 37.20600000 37.18900000 37.17900000 37.17900000 37.18100000 37.31100000 37.36500000 37.39500000 37.44900000 37.47000000 37.29000000 37.33000000
35.93600000 35.76200000 35.80400000 35.94300000 36.39900000 36.19400000 37.17500000 37.34400000 37.41200000 37.40000000 36.97200000 36.96100000 37.02200000 37.06400000 37.04800000 37.16600000 37.17100000 37.17500000 37.18800000 37.24700000 37.12000000 37.36000000 37.30900000 37.34200000 37.40700000 37.38700000 37.43300000 37.47800000 37.30600000 37.27300000
36.04200000 35.88600000 35.84500000 36.21600000 36.02200000 36.04000000 36.53700000 37.13700000 37.22800000 37.28800000 37.24400000 36.96300000 36.96200000 36.98900000 37.03800000 37.24200000 37.24200000 37.24200000 37.06500000 37.36700000 37.37900000 37.33100000 37.36200000 37.35100000 37.43200000 37.45400000 37.46700000 37.36800000 37.29000000 37.22400000
35.83300000 37.59700000 35.82900000 35.79300000 36.20700000 35.99300000 35.83000000 36.54900000 37.07100000 37.00400000 37.05200000 37.32300000 37.00000000 36.98200000 37.01300000 37.08800000 37.08200000 37.34300000 37.31700000 37.37400000 37.34100000 37.27100000 37.34600000 37.32700000 37.34100000 37.33900000 37.32100000 37.29100000 37.26300000 37.16300000
37.59700000 37.59700000 37.59700000 37.59700000 35.75900000 36.26200000 35.77000000 35.77500000 36.65100000 36.94500000 36.46700000 36.68500000 37.15300000 37.29900000 37.33300000 37.32500000 37.24300000 37.11600000 37.35400000 37.37400000 37.23600000 37.34500000 37.27900000 37.29200000 37.37400000 37.36000000 37.26500000 37.33500000 37.20900000 37.14100000
37.59700000 37.59700000 37.59700000 37.59700000 37.59700000 35.77000000 35.78800000 35.90800000 36.24700000 36.40100000 36.35100000 36.26600000 36.59200000 36.58400000 37.02000000 37.10400000 36.95200000 36.96400000 37.35200000 37.41500000 37.21100000 37.27700000 37.25300000 37.23600000 37.29900000 37.39300000 37.35200000 37.31900000 37.22200000 37.16800000
37.59700000 37.59700000 37.59700000 37.59700000 37.59700000 37.59700000 37.59700000 35.76700000 35.75000000 35.92900000 36.33800000 36.23900000 36.28300000 36.47600000 36.26700000 36.14200000 36.61500000 36.93600000 37.20000000 37.42500000 37.41000000 37.21400000 37.22100000 37.19400000 37.33800000 37.38600000 37.45900000 37.32900000 37.39800000 37.21400000
37.59700000 37.59700000 37.59700000 37.59700000 37.59700000 37.59700000 37.59700000 37.59700000 37.59700000 37.59700000 37.59700000 37.59700000 37.59700000 37.59700000 37.59700000 36.13500000 36.49400000 36.94200000 36.97400000 37.34600000 37.43300000 37.41300000 37.40300000 37.40400000 37.36000000 37.37600000 37.42100000 37.47900000 37.33700000 37.39600000
37.59700000 37.59700000 37.59700000 37.59700000 37.59700000 37.59700000 37.59700000 37.59700000 37.59700000 37.59700000 37.59700000 37.59700000 37.59700000 37.59700000 37.59700000 37.59700000 36.48500000 36.54700000 36.97400000 37.21000000 37.35900000 37.42400000 37.42200000 37.36700000 37.32400000 37.37900000 37.40700000 37.46200000 37.52400000 37.54000000
37.59700000 37.59700000 37.59700000 37.59700000 37.59700000 37.59700000 37.59700000 37.59700000 37.59700000 37.59700000 37.59700000 37.59700000 37.59700000 37.59700000 37.59700000 37.59700000 37.59700000 36.28100000 36.61500000 36.66800000 37.29000000 37.39000000 37.41200000 37.35100000 37.34500000 37.38200000 37.37600000 37.41400000 37.41400000 37.55400000
37.59700000 37.59700000 37.59700000 37.59700000 37.59700000 37.59700000 37.59700000 37.59700000 37.59700000 37.59700000 37.59700000 37.59700000 37.59700000 37.59700000 37.59700000 37.59700000 37.59700000 37.59700000 37.59700000 36.95800000 36.84100000 37.36800000 37.40500000 37.32200000 37.35900000 37.37000000 37.38600000 37.33400000 37.38300000 37.48200000
37.59700000 37.59700000 37.59700000 37.59700000 37.59700000 37.59700000 37.59700000 37.59700000 37.59700000 37.59700000 37.59700000 37.59700000 37.59700000 37.59700000 37.59700000 37.59700000 37.59700000 37.59700000 37.59700000 37.59700000 36.72100000 37.36700000 37.35900000 37.36100000 37.43000000 37.38500000 37.37300000 37.34800000 37.38200000 37.40400000
37.59700000 37.59700000 37.59700000 37.59700000 37.59700000 37.59700000 37.59700000 37.59700000 37.59700000 37.59700000 37.59700000 37.59700000 37.59700000 37.59700000 37.59700000 37.59700000 37.59700000 37.59700000 37.59700000 37.59700000 36.66800000 37.38000000 37.30900000 37.40600000 37.40700000 37.44300000 37.39800000 37.36700000 37.35100000 37.41800000
37.59700000 37.59700000 37.59700000 37.59700000 37.59700000 37.59700000 37.59700000 37.59700000 37.59700000 37.59700000 37.59700000 37.59700000 37.59700000 37.59700000 37.59700000 37.59700000 37.59700000 37.59700000 37.59700000 37.59700000 36.57500000 37.37400000 37.35800000 37.41300000 37.39700000 37.41300000 37.38600000 37.33700000 37.36600000 37.36100000
37.59700000 37.59700000 37.59700000 37.59700000 37.59700000 37.59700000 37.59700000 37.59700000 37.59700000 37.59700000 37.59700000 37.59700000 37.59700000 37.59700000 37.59700000 37.59700000 37.59700000 37.59700000 37.59700000 37.59700000 36.56900000 37.30800000 37.39700000 37.38500000 37.38800000 37.37900000 37.33600000 37.28500000 37.29600000 37.36900000
37.59700000 37.59700000 37.59700000 37.59700000 37.59700000 37.59700000 37.59700000 37.59700000 37.59700000 37.59700000 37.59700000 37.59700000 37.59700000 37.59700000 37.59700000 37.59700000 37.59700000 37.59700000 37.59700000 37.59700000 37.59700000 37.14200000 37.34700000 37.36500000 37.37200000 37.34900000 37.31800000 37.30800000 37.28100000 37.32400000
37.59700000 37.59700000 37.59700000 37.59700000 37.59700000 37.59700000 37.59700000 37.59700000 37.59700000 37.59700000 37.59700000 37.59700000 37.59700000 37.59700000 37.59700000 37.59700000 37.59700000 37.59700000 37.59700000 37.59700000 37.59700000 36.70800000 37.28200000 37.34800000 37.35800000 37.34100000 37.32900000 37.29600000 37.29400000 37.32600000
37.59700000 37.59700000 37.59700000 37.59700000 37.59700000 37.59700000 37.59700000 37.59700000 37.59700000 37.59700000 37.59700000 37.59700000 37.59700000 37.59700000 37.59700000 37.59700000 37.59700000 37.59700000 37.59700000 37.59700000 37.59700000 37.59700000 37.11400000 37.31600000 37.32000000 37.31400000 37.26700000 37.21800000 37.28500000 37.31500000
37.59700000 37.59700000 37.59700000 37.59700000 37.59700000 37.59700000 37.59700000 37.59700000 37.59700000 37.59700000 37.59700000 37.59700000 37.59700000 37.59700000 37.59700000 37.59700000 37.59700000 37.59700000 37.59700000 37.59700000 37.59700000 37.59700000 36.81500000 37.13000000 37.15600000 37.17400000 37.21700000 37.27700000 37.25400000 37.30300000
37.59700000 37.59700000 37.59700000 37.59700000 37.59700000 37.59700000 37.59700000 37.59700000 37.59700000 37.59700000 37.59700000 37.59700000 37.59700000 37.59700000 37.59700000 37.59700000 37.59700000 37.59700000 37.59700000 37.59700000 37.59700000 37.59700000 37.59700000 36.64000000 37.13000000 37.20700000 37.23200000 37.23300000 37.24200000 37.29200000
