25.17000000 25.13200000 25.00200000 25.03700000 25.10400000 25.05200000 25.14300000 25.21200000 25.14300000 24.93000000 25.03500000 25.07400000 24.64500000 24.21900000 24.46700000 24.95000000 25.20900000 25.02000000 25.00500000 24.99200000 24.99300000 24.85200000 24.51400000 23.97900000 23.99300000 23.48000000 23.99600000 24.13800000 24.18300000 24.42500000
25.11800000 25.02700000 24.44400000 25.01000000 25.05400000 24.97100000 24.92800000 24.90700000 24.95000000 25.04000000 24.99600000 24.61500000 23.98400000 24.52400000 24.77000000 25.26200000 24.92200000 24.93500000 24.98600000 24.93600000 24.85800000 24.71900000 24.48100000 23.89000000 24.82500000 25.15100000 25.02400000 25.03800000 24.58700000 24.46800000
24.99100000 25.07200000 24.96800000 24.89400000 24.95500000 25.00800000 25.01900000 25.00200000 24.93000000 24.71500000 23.86100000 23.76800000 24.51300000 24.76100000 25.17500000 25.09800000 24.94800000 24.93200000 24.76300000 24.68300000 24.57100000 24.15600000 25.45800000 25.19900000 24.98100000 25.01300000 24.85700000 24.86200000 24.89000000 24.79500000
24.18000000 25.05500000 25.22900000 24.96000000 24.73100000 24.79300000 24.55500000 23.87900000 23.98100000 24.00300000 24.21200000 24.54000000 24.65600000 25.08100000 25.29100000 24.93400000 24.90900000 24.79800000 24.55200000 24.23300000 25.42700000 25.41300000 25.42800000 25.47500000 25.59500000 25.37400000 24.93500000 24.80300000 24.85100000 24.95800000
23.68500000 24.54000000 24.70400000 25.30000000 25.36600000 24.90100000 24.18300000 23.87300000 23.96200000 24.81200000 24.88700000 24.90300000 25.00200000 25.19800000 25.42400000 24.86800000 24.79400000 24.53900000 25.03200000 25.26900000 25.30300000 25.06400000 24.97000000 24.99600000 25.23000000 25.64000000 25.60900000 24.79000000 24.69500000 24.88600000
23.65200000 24.08500000 24.16700000 24.35000000 25.56100000 25.44700000 25.22800000 25.16800000 25.13100000 25.12300000 25.08200000 25.09000000 25.09000000 25.16300000 25.47500000 24.99500000 24.49300000 25.15100000 25.27200000 25.22600000 24.99000000 24.78400000 24.56500000 24.77700000 25.11600000 25.69500000 25.98400000 25.54900000 24.69300000 24.88000000
23.59500000 24.14800000 23.81300000 23.95000000 24.17500000 25.69900000 25.50500000 25.28600000 25.38900000 25.40300000 25.45600000 25.39000000 25.32900000 25.27900000 25.45100000 25.22600000 24.71800000 25.33100000 25.20300000 25.10000000 24.88000000 24.72800000 24.72200000 25.04600000 25.60500000 26.04300000 26.27000000 26.15700000 25.56400000 24.98000000
22.76000000 23.19300000 23.76600000 23.18700000 23.76000000 23.93500000 25.64100000 26.00200000 25.66900000 25.26500000 25.32500000 25.36300000 25.37100000 25.36900000 25.38800000 25.38400000 24.85300000 25.25600000 25.26600000 25.13800000 25.11100000 25.11700000 25.38300000 25.87200000 25.85400000 25.96700000 26.24700000 26.31700000 25.64100000 25.66000000
22.81900000 23.05400000 23.03500000 22.76000000 23.33300000 23.59500000 25.02800000 25.76100000 26.10800000 26.11800000 25.29100000 25.36200000 25.42200000 25.45800000 25.45700000 25.43900000 25.31400000 25.29600000 25.34500000 25.50900000 25.50900000 26.06200000 25.86300000 25.81400000 25.99900000 25.90000000 26.07900000 26.26000000 25.74700000 25.86500000
22.38400000 20.29700000 20.76300000 22.65200000 22.92300000 23.21300000 23.72500000 24.98500000 25.39900000 25.69900000 25.82700000 25.26300000 25.39300000 25.39600000 25.37900000 25.55900000 25.52300000 25.53800000 25.46400000 26.22600000 26.29400000 26.03800000 25.91800000 25.99900000 26.20300000 26.17800000 26.21000000 25.97700000 25.66600000 25.84400000
23.11800000 21.99400000 20.52300000 21.87000000 22.71100000 22.84400000 22.94300000 23.67000000 24.68200000 24.63400000 24.89400000 25.87100000 25.32600000 25.35300000 25.41100000 25.41400000 25.42700000 26.07700000 26.08800000 26.33600000 26.15200000 25.68100000 25.98200000 26.21300000 26.04000000 25.86800000 25.72500000 25.67900000 25.85600000 25.78200000
27.83300000 27.83300000 27.83300000 22.75000000 22.34600000 22.71600000 22.62000000 22.81800000 23.81800000 24.35200000 23.59000000 24.08600000 25.35400000 25.79900000 25.97200000 25.95000000 25.71800000 25.53000000 26.27200000 26.30800000 25.73800000 25.95500000 25.99500000 25.99900000 26.26500000 26.10300000 25.67500000 25.93600000 25.88700000 25.69200000
27.83300000 27.83300000 27.83300000 27.83300000 23.02500000 22.55900000 21.85800000 22.22300000 23.06300000 23.22400000 23.26800000 22.90300000 23.61900000 24.09700000 24.82900000 25.03200000 24.70100000 24.91300000 26.28500000 26.32200000 25.70800000 25.81300000 26.01300000 25.86000000 25.94800000 26.43300000 26.03900000 25.91300000 25.85500000 25.88800000
27.83300000 27.83300000 27.83300000 27.83300000 27.83300000 27.83300000 22.86100000 21.91500000 21.70600000 22.40800000 22.54100000 22.16100000 22.44000000 23.38900000 23.69100000 24.01900000 24.55700000 24.11500000 25.92500000 26.32300000 26.36700000 25.75800000 25.88400000 25.85000000 26.10400000 26.51600000 26.51600000 25.94300000 26.12100000 25.93300000
27.83300000 27.83300000 27.83300000 27.83300000 27.83300000 27.83300000 27.83300000 27.83300000 27.83300000 27.83300000 27.83300000 27.83300000 22.01800000 19.94200000 19.68200000 23.35900000 24.40300000 24.67800000 24.66300000 26.36100000 26.37600000 26.42800000 26.41500000 26.48500000 26.38600000 26.61300000 26.53200000 26.54200000 26.00000000 26.00100000
27.83300000 27.83300000 27.83300000 27.83300000 27.83300000 27.83300000 27.83300000 27.83300000 27.83300000 27.83300000 27.83300000 27.83300000 27.83300000 27.83300000 27.83300000 23.37700000 23.94600000 24.04400000 24.66800000 25.71800000 26.36600000 26.40300000 26.48800000 26.22400000 26.64200000 26.66100000 26.55600000 26.59000000 26.61600000 26.65200000
27.83300000 27.83300000 27.83300000 27.83300000 27.83300000 27.83300000 27.83300000 27.83300000 27.83300000 27.83300000 27.83300000 27.83300000 27.83300000 27.83300000 27.83300000 27.83300000 23.38900000 22.79200000 24.77100000 23.77300000 26.10800000 26.40200000 26.35900000 26.47100000 26.71300000 26.75600000 26.67500000 26.63100000 26.71700000 26.82100000
27.83300000 27.83300000 27.83300000 27.83300000 27.83300000 27.83300000 27.83300000 27.83300000 27.83300000 27.83300000 27.83300000 27.83300000 27.83300000 27.83300000 27.83300000 27.83300000 27.83300000 27.83300000 24.30000000 24.79700000 24.59900000 26.52700000 26.42800000 26.61300000 26.68700000 26.71100000 26.74300000 26.65500000 26.80800000 26.80400000
27.83300000 27.83300000 27.83300000 27.83300000 27.83300000 27.83300000 27.83300000 27.83300000 27.83300000 27.83300000 27.83300000 27.83300000 27.83300000 27.83300000 27.83300000 27.83300000 27.83300000 27.83300000 27.83300000 25.04300000 23.82800000 26.53800000 26.44900000 26.69100000 26.83200000 26.70600000 26.72900000 26.75300000 26.86300000 26.92400000
27.83300000 27.83300000 27.83300000 27.83300000 27.83300000 27.83300000 27.83300000 27.83300000 27.83300000 27.83300000 27.83300000 27.83300000 27.83300000 27.83300000 27.83300000 27.83300000 27.83300000 27.83300000 27.83300000 24.19600000 24.58600000 26.62600000 26.51800000 26.79700000 26.66400000 26.82800000 26.81200000 26.85500000 26.86100000 26.98100000
27.83300000 27.83300000 27.83300000 27.83300000 27.83300000 27.83300000 27.83300000 27.83300000 27.83300000 27.83300000 27.83300000 27.83300000 27.83300000 27.83300000 27.83300000 27.83300000 27.83300000 27.83300000 27.83300000 24.96400000 25.55500000 26.62100000 26.70400000 26.82800000 26.62300000 26.79100000 26.74400000 26.74100000 26.89700000 26.91700000
27.83300000 27.83300000 27.83300000 27.83300000 27.83300000 27.83300000 27.83300000 27.83300000 27.83300000 27.83300000 27.83300000 27.83300000 27.83300000 27.83300000 27.83300000 27.83300000 27.83300000 27.83300000 27.83300000 24.82100000 24.55200000 26.47500000 26.77600000 26.74600000 26.66700000 26.78100000 26.66500000 26.41600000 26.74300000 27.00700000
27.83300000 27.83300000 27.83300000 27.83300000 27.83300000 27.83300000 27.83300000 27.83300000 27.83300000 27.83300000 27.83300000 27.83300000 27.83300000 27.83300000 27.83300000 27.83300000 27.83300000 27.83300000 27.83300000 27.83300000 24.87400000 26.00000000 26.60300000 26.66300000 26.67400000 26.75100000 26.61300000 26.38100000 26.47600000 26.92300000
27.83300000 27.83300000 27.83300000 27.83300000 27.83300000 27.83300000 27.83300000 27.83300000 27.83300000 27.83300000 27.83300000 27.83300000 27.83300000 27.83300000 27.83300000 27.83300000 27.83300000 27.83300000 27.83300000 27.83300000 27.83300000 25.03400000 26.41800000 26.59400000 26.67200000 26.65900000 26.57400000 26.38600000 26.68100000 27.00000000
27.83300000 27.83300000 27.83300000 27.83300000 27.83300000 27.83300000 27.83300000 27.83300000 27.83300000 27.83300000 27.83300000 27.83300000 27.83300000 27.83300000 27.83300000 27.83300000 27.83300000 27.83300000 27.83300000 27.83300000 27.83300000 24.83200000 26.02300000 26.51700000 26.49700000 26.44400000 26.35000000 26.31000000 26.88700000 27.04800000
27.83300000 27.83300000 27.83300000 27.83300000 27.83300000 27.83300000 27.83300000 27.83300000 27.83300000 27.83300000 27.83300000 27.83300000 27.83300000 27.83300000 27.83300000 27.83300000 27.83300000 27.83300000 27.83300000 27.83300000 27.83300000 27.83300000 25.66200000 26.05600000 26.09500000 26.14700000 26.36400000 26.54600000 26.61900000 27.09500000
27.83300000 27.83300000 27.83300000 27.83300000 27.83300000 27.83300000 27.83300000 27.83300000 27.83300000 27.83300000 27.83300000 27.83300000 27.83300000 27.83300000 27.83300000 27.83300000 27.83300000 27.83300000 27.83300000 27.83300000 27.83300000 27.83300000 27.83300000 25.76200000 26.20200000 26.28000000 26.32100000 26.50300000 26.70600000 27.07000000
25.18300000 25.12600000 25.02400000 25.04500000 25.11700000 25.06600000 25.15800000 25.22800000 25.15500000 24.98000000 25.09200000 25.08900000 24.66900000 24.17300000 24.46600000 24.95100000 25.22300000 25.05000000 25.02700000 25.00700000 25.01100000 24.87300000 24.52100000 23.98500000 24.00500000 23.48000000 24.00200000 24.13400000 24.18900000 24.43800000
25.11600000 25.04000000 24.45300000 25.02400000 25.06800000 24.98500000 24.94300000 24.92100000 24.96100000 25.05100000 25.00900000 24.63100000 23.99600000 24.53500000 24.77900000 25.27900000 24.93700000 24.94900000 24.99900000 24.95100000 24.87000000 24.73300000 24.50200000 23.90700000 24.83700000 25.16900000 25.04200000 25.05600000 24.60200000 24.47600000
25.00400000 25.08400000 24.97800000 24.90700000 24.96900000 25.02300000 25.03400000 25.01500000 24.94200000 24.73000000 23.87100000 23.77800000 24.52400000 24.77300000 25.19100000 25.11400000 24.96400000 24.94500000 24.77700000 24.69500000 24.58400000 24.16500000 25.47200000 25.21400000 24.99600000 25.03100000 24.87300000 24.87700000 24.90200000 24.80900000
24.45400000 25.06900000 25.23900000 24.96700000 24.74400000 24.80700000 24.57000000 23.89100000 23.99100000 24.01300000 24.22200000 24.55200000 24.66900000 25.09500000 25.30700000 24.95000000 24.92500000 24.81200000 24.56700000 24.24200000 25.44300000 25.42900000 25.44300000 25.49200000 25.61000000 25.39000000 24.94900000 24.81600000 24.86200000 24.97900000
24.55900000 24.55300000 24.72000000 25.31500000 25.37500000 24.85300000 24.18900000 23.88300000 23.96900000 24.82000000 24.89700000 24.91500000 25.01500000 25.21400000 25.44100000 24.88400000 24.81000000 24.55300000 25.04200000 25.28500000 25.31700000 25.07900000 24.98400000 25.00900000 25.24300000 25.65400000 25.62300000 24.80000000 24.70600000 24.89800000
24.59300000 24.09500000 24.18100000 24.36600000 25.57200000 25.46100000 25.24100000 25.18100000 25.14300000 25.13600000 25.09600000 25.10600000 25.10400000 25.17900000 25.49200000 25.01300000 24.50600000 25.16500000 25.28900000 25.23900000 25.00400000 24.79900000 24.57700000 24.78900000 25.12600000 25.70800000 26.00000000 25.56400000 24.70500000 24.89400000
23.55800000 24.16800000 23.82800000 23.96200000 24.21000000 25.71300000 25.51800000 25.29800000 25.40200000 25.41600000 25.47000000 25.40500000 25.34600000 25.29400000 25.46700000 25.24400000 24.73200000 25.34500000 25.21700000 25.11400000 24.89200000 24.73900000 24.73300000 25.05700000 25.61600000 26.05800000 26.28400000 26.17400000 25.57700000 24.99800000
22.78800000 23.34100000 23.78700000 23.20500000 23.77700000 24.02600000 25.65700000 26.02100000 25.68200000 25.27800000 25.33900000 25.37700000 25.38600000 25.38400000 25.40200000 25.40000000 24.86600000 25.26900000 25.27900000 25.15000000 25.12200000 25.12900000 25.39000000 25.88600000 25.86800000 25.98000000 26.26100000 26.33200000 25.65600000 25.72400000
22.63200000 23.25900000 23.07900000 22.77800000 23.34500000 23.61100000 25.04000000 25.77700000 26.12500000 26.13500000 25.30400000 25.37600000 25.43600000 25.47100000 25.47200000 25.45400000 25.32800000 25.30800000 25.35600000 25.51700000 25.52100000 26.07600000 25.88000000 25.82800000 26.01200000 25.91400000 26.09200000 26.27500000 25.76300000 25.87800000
19.36100000 18.29700000 18.21900000 21.68200000 22.95500000 23.24800000 23.79400000 24.99900000 25.41500000 25.71500000 25.84200000 25.27700000 25.40500000 25.41000000 25.39300000 25.57300000 25.53700000 25.55000000 25.47500000 26.23900000 26.30900000 26.05200000 25.93000000 26.01100000 26.21800000 26.19100000 26.22300000 25.99100000 25.67800000 25.85400000
19.30000000 27.83300000 17.85000000 17.70500000 21.88500000 22.86800000 23.05600000 23.70700000 24.69700000 24.65200000 24.90900000 25.88600000 25.33900000 25.37000000 25.42300000 25.42700000 25.44000000 26.08400000 26.10100000 26.35000000 26.17100000 25.69300000 25.99500000 26.22800000 26.05500000 25.88200000 25.73800000 25.69000000 25.86800000 25.79400000
27.83300000 27.83300000 27.83300000 27.83300000 18.53600000 20.68700000 22.36700000 22.85800000 23.83900000 24.36700000 23.60500000 24.09900000 25.36900000 25.81300000 25.98000000 25.96600000 25.72900000 25.54200000 26.28600000 26.32200000 25.75300000 25.96700000 26.00800000 26.01500000 26.27800000 26.11700000 25.68700000 25.94900000 25.89800000 25.70000000
27.83300000 27.83300000 27.83300000 27.83300000 27.83300000 17.94700000 18.88200000 19.99200000 23.07200000 23.28200000 23.28700000 22.91200000 23.63200000 24.33500000 24.84200000 25.04700000 24.71500000 24.92400000 26.29800000 26.33400000 25.72300000 25.82600000 26.02400000 25.87400000 25.96100000 26.44700000 26.05100000 25.92500000 25.86600000 25.89800000
27.83300000 27.83300000 27.83300000 27.83300000 27.83300000 27.83300000 27.83300000 17.82700000 17.17100000 18.24100000 21.13700000 20.51300000 20.40700000 22.47300000 23.59000000 24.05400000 24.57500000 24.12200000 25.93500000 26.33700000 26.38000000 25.77000000 25.89600000 25.86500000 26.12300000 26.53100000 26.53200000 25.95500000 26.13500000 25.94100000
27.83300000 27.83300000 27.83300000 27.83300000 27.83300000 27.83300000 27.83300000 27.83300000 27.83300000 27.83300000 27.83300000 27.83300000 27.83300000 27.83300000 27.83300000 19.46400000 24.25000000 24.69300000 24.67100000 26.37700000 26.38900000 26.44300000 26.42900000 26.50000000 26.40000000 26.63100000 26.55000000 26.55700000 26.01200000 26.01400000
27.83300000 27.83300000 27.83300000 27.83300000 27.83300000 27.83300000 27.83300000 27.83300000 27.83300000 27.83300000 27.83300000 27.83300000 27.83300000 27.83300000 27.83300000 27.83300000 23.53000000 24.11000000 24.68300000 25.72700000 26.38200000 26.41700000 26.50400000 26.24000000 26.65200000 26.68000000 26.57100000 26.60500000 26.63200000 26.65700000
27.83300000 27.83300000 27.83300000 27.83300000 27.83300000 27.83300000 27.83300000 27.83300000 27.83300000 27.83300000 27.83300000 27.83300000 27.83300000 27.83300000 27.83300000 27.83300000 27.83300000 20.43300000 22.97300000 23.51200000 26.11800000 26.42200000 26.37500000 26.48200000 26.73000000 26.77400000 26.69000000 26.64500000 26.73300000 26.83600000
27.83300000 27.83300000 27.83300000 27.83300000 27.83300000 27.83300000 27.83300000 27.83300000 27.83300000 27.83300000 27.83300000 27.83300000 27.83300000 27.83300000 27.83300000 27.83300000 27.83300000 27.83300000 27.83300000 24.80200000 24.59000000 26.54600000 26.43900000 26.62800000 26.70400000 26.72800000 26.75900000 26.67000000 26.82300000 26.81600000
27.83300000 27.83300000 27.83300000 27.83300000 27.83300000 27.83300000 27.83300000 27.83300000 27.83300000 27.83300000 27.83300000 27.83300000 27.83300000 27.83300000 27.83300000 27.83300000 27.83300000 27.83300000 27.83300000 27.83300000 23.84700000 26.55400000 26.46500000 26.70700000 26.84900000 26.72100000 26.74400000 26.76800000 26.87900000 26.93800000
27.83300000 27.83300000 27.83300000 27.83300000 27.83300000 27.83300000 27.83300000 27.83300000 27.83300000 27.83300000 27.83300000 27.83300000 27.83300000 27.83300000 27.83300000 27.83300000 27.83300000 27.83300000 27.83300000 27.83300000 23.05900000 26.63900000 26.53000000 26.81300000 26.68100000 26.84200000 26.82500000 26.87400000 26.87700000 26.99900000
27.83300000 27.83300000 27.83300000 27.83300000 27.83300000 27.83300000 27.83300000 27.83300000 27.83300000 27.83300000 27.83300000 27.83300000 27.83300000 27.83300000 27.83300000 27.83300000 27.83300000 27.83300000 27.83300000 27.83300000 22.42100000 26.63000000 26.71400000 26.84400000 26.63900000 26.80700000 26.76100000 26.76100000 26.91000000 26.93300000
27.83300000 27.83300000 27.83300000 27.83300000 27.83300000 27.83300000 27.83300000 27.83300000 27.83300000 27.83300000 27.83300000 27.83300000 27.83300000 27.83300000 27.83300000 27.83300000 27.83300000 27.83300000 27.83300000 27.83300000 22.87200000 26.48800000 26.78800000 26.76200000 26.68000000 26.79500000 26.67700000 26.43000000 26.75500000 27.01600000
27.83300000 27.83300000 27.83300000 27.83300000 27.83300000 27.83300000 27.83300000 27.83300000 27.83300000 27.83300000 27.83300000 27.83300000 27.83300000 27.83300000 27.83300000 27.83300000 27.83300000 27.83300000 27.83300000 27.83300000 27.83300000 25.99700000 26.61600000 26.67800000 26.68800000 26.76400000 26.63000000 26.39600000 26.48400000 26.93100000
27.83300000 27.83300000 27.83300000 27.83300000 27.83300000 27.83300000 27.83300000 27.83300000 27.83300000 27.83300000 27.83300000 27.83300000 27.83300000 27.83300000 27.83300000 27.83300000 27.83300000 27.83300000 27.83300000 27.83300000 27.83300000 24.36700000 26.43200000 26.60800000 26.68400000 26.67400000 26.58700000 26.39900000 26.68900000 27.01800000
27.83300000 27.83300000 27.83300000 27.83300000 27.83300000 27.83300000 27.83300000 27.83300000 27.83300000 27.83300000 27.83300000 27.83300000 27.83300000 27.83300000 27.83300000 27.83300000 27.83300000 27.83300000 27.83300000 27.83300000 27.83300000 27.83300000 26.04100000 26.52800000 26.50900000 26.45600000 26.36300000 26.32200000 26.89600000 27.05700000
27.83300000 27.83300000 27.83300000 27.83300000 27.83300000 27.83300000 27.83300000 27.83300000 27.83300000 27.83300000 27.83300000 27.83300000 27.83300000 27.83300000 27.83300000 27.83300000 27.83300000 27.83300000 27.83300000 27.83300000 27.83300000 27.83300000 25.68200000 26.06800000 26.10600000 26.15800000 26.37500000 26.55800000 26.62300000 27.10600000
27.83300000 27.83300000 27.83300000 27.83300000 27.83300000 27.83300000 27.83300000 27.83300000 27.83300000 27.83300000 27.83300000 27.83300000 27.83300000 27.83300000 27.83300000 27.83300000 27.83300000 27.83300000 27.83300000 27.83300000 27.83300000 27.83300000 27.83300000 25.78500000 26.21600000 26.28900000 26.33200000 26.51500000 26.73900000 27.08800000
