 25.16900000  25.13200000  24.99600000  25.03600000  25.10000000  25.04800000  25.14700000  25.21300000  25.13800000  24.92600000  25.03300000  25.07000000  24.63900000  24.21400000  24.46900000  24.94800000  25.20500000  25.01700000  25.00500000  24.99000000  24.98800000  24.85000000  24.50500000  23.99200000  23.99200000  23.47300000  24.00700000  24.13000000  24.18100000  24.43400000
 25.12000000  25.02700000  24.44800000  25.01000000  25.05500000  24.97000000  24.92800000  24.90500000  24.94900000  25.03900000  24.99500000  24.60600000  23.99100000  24.52900000  24.77800000  25.26400000  24.92400000  24.93600000  24.98800000  24.93900000  24.85700000  24.71900000  24.47900000  23.88900000  24.88100000  25.15200000  25.02700000  25.04000000  24.58500000  24.47000000
 24.98800000  25.07800000  24.97000000  24.89400000  24.95600000  25.01200000  25.02200000  25.00200000  24.93000000  24.71200000  23.85300000  23.77400000  24.51900000  24.76800000  25.18200000  25.09400000  24.95000000  24.93300000  24.76300000  24.68400000  24.57100000  24.17800000  25.44200000  25.20000000  24.98100000  25.01600000  24.86500000  24.86900000  24.89900000  24.80000000
 24.17600000  25.05700000  25.23800000  24.96500000  24.73100000  24.79300000  24.55000000  23.87500000  23.98500000  24.00000000  24.21400000  24.54500000  24.65800000  25.08600000  25.29100000  24.92900000  24.91000000  24.79900000  24.55000000  24.24000000  25.42700000  25.41800000  25.42800000  25.47400000  25.60200000  25.39200000  24.93500000  24.80300000  24.84800000  24.96200000
 23.64200000  24.53600000  24.68800000  25.29600000  25.39000000  24.90900000  24.18800000  23.88200000  23.98400000  24.82900000  24.89500000  24.91300000  25.00800000  25.19800000  25.42600000  24.86300000  24.79700000  24.54000000  25.05000000  25.27200000  25.30000000  25.06200000  24.97000000  24.99700000  25.23100000  25.64000000  25.62000000  24.79200000  24.69600000  24.88900000
 23.64700000  24.08300000  24.16400000  24.33500000  25.55400000  25.45400000  25.22900000  25.17400000  25.13900000  25.13000000  25.08600000  25.09300000  25.09200000  25.16700000  25.47800000  24.99000000  24.49300000  25.16100000  25.27400000  25.22600000  24.99100000  24.78600000  24.56400000  24.77700000  25.12300000  25.70800000  25.99200000  25.56400000  24.70000000  24.88300000
 23.59800000  24.14300000  23.81600000  23.94700000  24.13600000  25.69400000  25.52700000  25.28600000  25.39400000  25.41200000  25.46000000  25.39200000  25.33300000  25.28100000  25.45300000  25.22400000  24.72400000  25.33100000  25.20500000  25.10200000  24.88400000  24.73400000  24.73000000  25.05600000  25.62800000  26.04700000  26.27100000  26.16400000  25.56400000  24.98900000
 22.75500000  23.18700000  23.75200000  23.18000000  23.75300000  23.90400000  25.63800000  26.00500000  25.69100000  25.26900000  25.32700000  25.36300000  25.37100000  25.37000000  25.38900000  25.38500000  24.85100000  25.25800000  25.26900000  25.14000000  25.11300000  25.12400000  25.40300000  25.87900000  25.84900000  25.96300000  26.24600000  26.31700000  25.64300000  25.69000000
 22.82200000  23.03300000  23.01700000  22.76000000  23.33000000  23.58500000  25.03500000  25.76400000  26.10800000  26.11000000  25.28900000  25.36800000  25.42700000  25.45600000  25.46200000  25.44300000  25.31300000  25.29600000  25.34700000  25.51100000  25.52400000  26.08100000  25.87300000  25.82200000  26.01200000  25.90400000  26.07900000  26.26300000  25.75000000  25.86600000
 22.38700000  20.49700000  20.69700000  22.64900000  22.91900000  23.20400000  23.73200000  24.97200000  25.38000000  25.68500000  25.82200000  25.26800000  25.39700000  25.39800000  25.38100000  25.56200000  25.52500000  25.54000000  25.47700000  26.23600000  26.30000000  26.03000000  25.92800000  25.99700000  26.20600000  26.18200000  26.21200000  25.97500000  25.67000000  25.84400000
 23.13000000  22.06200000  20.71400000  21.84000000  22.70600000  22.83900000  22.94100000  23.67500000  24.67100000  24.62800000  24.86000000  25.86600000  25.32900000  25.36000000  25.41200000  25.41700000  25.42700000  26.08200000  26.09100000  26.34000000  26.16300000  25.68600000  25.97800000  26.21900000  26.04900000  25.86600000  25.72500000  25.68500000  25.85900000  25.77300000
 27.83300000  27.83300000  27.83300000  22.75500000  22.34000000  22.72000000  22.61500000  22.81900000  23.83700000  24.33600000  23.59200000  24.08000000  25.36100000  25.80200000  25.97300000  25.94800000  25.70500000  25.53700000  26.28100000  26.31100000  25.74400000  25.96000000  26.00600000  26.00100000  26.26800000  26.10800000  25.67900000  25.93900000  25.89100000  25.68900000
 27.83300000  27.83300000  27.83300000  27.83300000  23.03500000  22.55700000  21.85000000  22.19400000  23.05300000  23.19700000  23.24600000  22.91600000  23.62000000  24.11300000  24.86900000  25.03200000  24.68500000  24.91400000  26.29000000  26.32500000  25.70800000  25.81600000  26.01900000  25.86300000  25.95500000  26.43800000  26.04100000  25.91600000  25.85700000  25.88300000
 27.83300000  27.83300000  27.83300000  27.83300000  27.83300000  27.83300000  22.85400000  21.94700000  21.67200000  22.39000000  22.53800000  22.15200000  22.42300000  23.39000000  23.69700000  24.02800000  24.56500000  24.11800000  25.94000000  26.32600000  26.37100000  25.76300000  25.88800000  25.85400000  26.11000000  26.52200000  26.52000000  25.94500000  26.12400000  25.93200000
 27.83300000  27.83300000  27.83300000  27.83300000  27.83300000  27.83300000  27.83300000  27.83300000  27.83300000  27.83300000  27.83300000  27.83300000  22.04300000  19.92900000  19.66800000  23.35900000  24.40900000  24.68600000  24.65900000  26.35900000  26.38000000  26.43400000  26.41900000  26.49100000  26.39600000  26.61800000  26.53600000  26.54600000  26.00800000  25.99700000
 27.83300000  27.83300000  27.83300000  27.83300000  27.83300000  27.83300000  27.83300000  27.83300000  27.83300000  27.83300000  27.83300000  27.83300000  27.83300000  27.83300000  27.83300000  23.39600000  23.94300000  24.04500000  24.65000000  25.76100000  26.37100000  26.40500000  26.48700000  26.22700000  26.65000000  26.66400000  26.56100000  26.59500000  26.62200000  26.64700000
 27.83300000  27.83300000  27.83300000  27.83300000  27.83300000  27.83300000  27.83300000  27.83300000  27.83300000  27.83300000  27.83300000  27.83300000  27.83300000  27.83300000  27.83300000  27.83300000  23.40100000  22.81500000  24.80800000  23.77300000  26.06300000  26.40800000  26.36100000  26.48300000  26.71900000  26.76100000  26.67800000  26.63500000  26.72300000  26.82700000
 27.83300000  27.83300000  27.83300000  27.83300000  27.83300000  27.83300000  27.83300000  27.83300000  27.83300000  27.83300000  27.83300000  27.83300000  27.83300000  27.83300000  27.83300000  27.83300000  27.83300000  27.83300000  24.29800000  24.81200000  24.59100000  26.52600000  26.43200000  26.62200000  26.69100000  26.71600000  26.74700000  26.66000000  26.81400000  26.80600000
 27.83300000  27.83300000  27.83300000  27.83300000  27.83300000  27.83300000  27.83300000  27.83300000  27.83300000  27.83300000  27.83300000  27.83300000  27.83300000  27.83300000  27.83300000  27.83300000  27.83300000  27.83300000  27.83300000  25.02600000  23.71400000  26.54900000  26.44900000  26.69700000  26.83500000  26.70900000  26.73500000  26.76000000  26.87300000  26.92700000
 27.83300000  27.83300000  27.83300000  27.83300000  27.83300000  27.83300000  27.83300000  27.83300000  27.83300000  27.83300000  27.83300000  27.83300000  27.83300000  27.83300000  27.83300000  27.83300000  27.83300000  27.83300000  27.83300000  24.21000000  24.55000000  26.62700000  26.52300000  26.80100000  26.66500000  26.83300000  26.81700000  26.86000000  26.86800000  26.98700000
 27.83300000  27.83300000  27.83300000  27.83300000  27.83300000  27.83300000  27.83300000  27.83300000  27.83300000  27.83300000  27.83300000  27.83300000  27.83300000  27.83300000  27.83300000  27.83300000  27.83300000  27.83300000  27.83300000  24.98400000  25.55100000  26.62200000  26.71200000  26.82900000  26.62700000  26.79500000  26.73700000  26.75000000  26.89900000  26.92300000
 27.83300000  27.83300000  27.83300000  27.83300000  27.83300000  27.83300000  27.83300000  27.83300000  27.83300000  27.83300000  27.83300000  27.83300000  27.83300000  27.83300000  27.83300000  27.83300000  27.83300000  27.83300000  27.83300000  24.86800000  24.55300000  26.47600000  26.77600000  26.74900000  26.67200000  26.78400000  26.66900000  26.41000000  26.75000000  27.00700000
 27.83300000  27.83300000  27.83300000  27.83300000  27.83300000  27.83300000  27.83300000  27.83300000  27.83300000  27.83300000  27.83300000  27.83300000  27.83300000  27.83300000  27.83300000  27.83300000  27.83300000  27.83300000  27.83300000  27.83300000  24.88600000  25.98200000  26.60300000  26.66700000  26.68000000  26.75400000  26.61600000  26.38400000  26.49500000  26.93300000
 27.83300000  27.83300000  27.83300000  27.83300000  27.83300000  27.83300000  27.83300000  27.83300000  27.83300000  27.83300000  27.83300000  27.83300000  27.83300000  27.83300000  27.83300000  27.83300000  27.83300000  27.83300000  27.83300000  27.83300000  27.83300000  25.02900000  26.41200000  26.59500000  26.67400000  26.66600000  26.57600000  26.38700000  26.69800000  27.00400000
 27.83300000  27.83300000  27.83300000  27.83300000  27.83300000  27.83300000  27.83300000  27.83300000  27.83300000  27.83300000  27.83300000  27.83300000  27.83300000  27.83300000  27.83300000  27.83300000  27.83300000  27.83300000  27.83300000  27.83300000  27.83300000  24.84300000  26.02000000  26.51300000  26.49700000  26.44700000  26.35500000  26.31300000  26.88700000  27.04800000
 27.83300000  27.83300000  27.83300000  27.83300000  27.83300000  27.83300000  27.83300000  27.83300000  27.83300000  27.83300000  27.83300000  27.83300000  27.83300000  27.83300000  27.83300000  27.83300000  27.83300000  27.83300000  27.83300000  27.83300000  27.83300000  27.83300000  25.65400000  26.05900000  26.09300000  26.15200000  26.36200000  26.54500000  26.59300000  27.10900000
 27.83300000  27.83300000  27.83300000  27.83300000  27.83300000  27.83300000  27.83300000  27.83300000  27.83300000  27.83300000  27.83300000  27.83300000  27.83300000  27.83300000  27.83300000  27.83300000  27.83300000  27.83300000  27.83300000  27.83300000  27.83300000  27.83300000  27.83300000  25.78300000  26.20400000  26.27100000  26.31200000  26.50500000  26.72000000  27.07400000
 25.18100000  25.13000000  25.01800000  25.04400000  25.11000000  25.06200000  25.15900000  25.22800000  25.15200000  24.97800000  25.09000000  25.08700000  24.66100000  24.17900000  24.46900000  24.94900000  25.21900000  25.04800000  25.02400000  25.00400000  25.00500000  24.86800000  24.51200000  23.99800000  24.00400000  23.47600000  24.01000000  24.13000000  24.18800000  24.44600000
 25.11800000  25.03700000  24.45400000  25.02100000  25.06600000  24.98100000  24.94000000  24.91700000  24.95800000  25.04800000  25.00600000  24.62000000  23.99900000  24.53700000  24.78600000  25.27700000  24.93600000  24.94700000  24.99900000  24.95000000  24.86700000  24.72900000  24.49700000  23.90200000  24.88900000  25.16700000  25.04000000  25.05400000  24.59600000  24.47500000
 25.00000000  25.08700000  24.97700000  24.90500000  24.96700000  25.02300000  25.03300000  25.01300000  24.94000000  24.72500000  23.85900000  23.78000000  24.52600000  24.77700000  25.19500000  25.10700000  24.96300000  24.94400000  24.77300000  24.69300000  24.58100000  24.18300000  25.44700000  25.21100000  24.99200000  25.02900000  24.87600000  24.87900000  24.90700000  24.81100000
 24.45400000  25.06600000  25.24500000  24.96800000  24.74000000  24.80300000  24.56200000  23.88400000  23.99100000  24.00800000  24.22100000  24.55300000  24.66800000  25.09600000  25.30500000  24.94200000  24.92200000  24.81100000  24.56100000  24.24600000  25.43900000  25.42600000  25.44000000  25.48700000  25.61400000  25.40400000  24.94500000  24.81300000  24.85500000  24.97700000
 24.54400000  24.54600000  24.70100000  25.30700000  25.39700000  24.86200000  24.19100000  23.88900000  23.98700000  24.83400000  24.90300000  24.92100000  25.01700000  25.21000000  25.43900000  24.87500000  24.80900000  24.55100000  25.05600000  25.28400000  25.31100000  25.07300000  24.98000000  25.00600000  25.24000000  25.65000000  25.63000000  24.80000000  24.70400000  24.89700000
 24.57300000  24.09000000  24.17300000  24.34700000  25.56200000  25.46300000  25.23800000  25.18500000  25.14600000  25.14000000  25.09600000  25.10500000  25.10200000  25.17900000  25.49100000  25.00400000  24.50400000  25.17200000  25.28800000  25.23600000  25.00100000  24.79600000  24.57300000  24.78500000  25.12900000  25.71700000  26.00400000  25.57600000  24.70900000  24.89300000
 23.56200000  24.15800000  23.82500000  23.95500000  24.17500000  25.70500000  25.53600000  25.29500000  25.40400000  25.42200000  25.47000000  25.40300000  25.34600000  25.29200000  25.46500000  25.23900000  24.73400000  25.34300000  25.21600000  25.11200000  24.89200000  24.73900000  24.73700000  25.06300000  25.63600000  26.05800000  26.28200000  26.17800000  25.57500000  25.00700000
 22.79100000  23.32500000  23.77000000  23.19300000  23.76400000  23.99500000  25.65000000  26.02200000  25.70000000  25.27900000  25.33800000  25.37400000  25.38300000  25.38100000  25.40000000  25.39800000  24.86000000  25.26700000  25.27800000  25.14900000  25.12000000  25.13200000  25.40800000  25.88800000  25.85900000  25.97300000  26.25700000  26.32800000  25.65600000  25.73900000
 22.64500000  23.24400000  23.05600000  22.77000000  23.33600000  23.59700000  25.04300000  25.77600000  26.12200000  26.12400000  25.29900000  25.37900000  25.43700000  25.46600000  25.47400000  25.45500000  25.32300000  25.30500000  25.35600000  25.51600000  25.53200000  26.09100000  25.88500000  25.83200000  26.02200000  25.91500000  26.08900000  26.27500000  25.76300000  25.87500000
 19.31500000  18.16900000  18.06400000  21.68500000  22.94200000  23.23900000  23.78800000  24.98200000  25.39200000  25.69800000  25.83400000  25.27800000  25.40600000  25.40800000  25.39200000  25.57200000  25.53500000  25.54900000  25.48500000  26.24600000  26.31000000  26.04100000  25.93600000  26.00500000  26.21600000  26.19200000  26.22200000  25.98500000  25.67900000  25.85200000
 19.30000000  27.83300000  17.85200000  17.70800000  21.88000000  22.86400000  23.03600000  23.70800000  24.68200000  24.64000000  24.87000000  25.87700000  25.33700000  25.37200000  25.41900000  25.42700000  25.43600000  26.08800000  26.10000000  26.35000000  26.17700000  25.69300000  25.98700000  26.23000000  26.06000000  25.87600000  25.73400000  25.69300000  25.86900000  25.78400000
 27.83300000  27.83300000  27.83300000  27.83300000  18.50100000  20.69200000  22.29100000  22.84900000  23.85400000  24.34500000  23.60000000  24.08900000  25.37200000  25.81400000  25.97900000  25.96000000  25.71300000  25.54600000  26.29100000  26.32100000  25.75500000  25.96800000  26.01400000  26.01200000  26.27700000  26.11500000  25.68700000  25.94900000  25.90000000  25.69500000
 27.83300000  27.83300000  27.83300000  27.83300000  27.83300000  17.94000000  18.81500000  19.92200000  23.06500000  23.25200000  23.25800000  22.91800000  23.62900000  24.35400000  24.87700000  25.04200000  24.69300000  24.92000000  26.30000000  26.33400000  25.71700000  25.82500000  26.02500000  25.87200000  25.96300000  26.44800000  26.04800000  25.92400000  25.86500000  25.89000000
 27.83300000  27.83300000  27.83300000  27.83300000  27.83300000  27.83300000  27.83300000  17.82000000  17.16000000  18.32600000  21.08100000  20.38800000  20.39500000  22.56400000  23.59500000  24.05900000  24.57600000  24.11600000  25.94700000  26.33600000  26.37900000  25.77000000  25.89500000  25.86400000  26.12200000  26.53200000  26.53100000  25.95400000  26.13400000  25.93800000
 27.83300000  27.83300000  27.83300000  27.83300000  27.83300000  27.83300000  27.83300000  27.83300000  27.83300000  27.83300000  27.83300000  27.83300000  27.83300000  27.83300000  27.83300000  19.37800000  24.25100000  24.69300000  24.65900000  26.37100000  26.38800000  26.44400000  26.42900000  26.50100000  26.40600000  26.63000000  26.54900000  26.55700000  26.01600000  26.00700000
 27.83300000  27.83300000  27.83300000  27.83300000  27.83300000  27.83300000  27.83300000  27.83300000  27.83300000  27.83300000  27.83300000  27.83300000  27.83300000  27.83300000  27.83300000  27.83300000  23.53400000  24.09500000  24.65800000  25.76700000  26.38300000  26.41500000  26.49800000  26.23800000  26.65800000  26.67800000  26.57000000  26.60500000  26.63400000  26.65100000
 27.83300000  27.83300000  27.83300000  27.83300000  27.83300000  27.83300000  27.83300000  27.83300000  27.83300000  27.83300000  27.83300000  27.83300000  27.83300000  27.83300000  27.83300000  27.83300000  27.83300000  20.43500000  22.92500000  23.46200000  26.06800000  26.42200000  26.37200000  26.49000000  26.73000000  26.77400000  26.68800000  26.64400000  26.73400000  26.83800000
 27.83300000  27.83300000  27.83300000  27.83300000  27.83300000  27.83300000  27.83300000  27.83300000  27.83300000  27.83300000  27.83300000  27.83300000  27.83300000  27.83300000  27.83300000  27.83300000  27.83300000  27.83300000  27.83300000  24.80900000  24.57800000  26.53900000  26.43900000  26.63200000  26.70200000  26.72800000  26.75800000  26.67100000  26.82600000  26.81400000
 27.83300000  27.83300000  27.83300000  27.83300000  27.83300000  27.83300000  27.83300000  27.83300000  27.83300000  27.83300000  27.83300000  27.83300000  27.83300000  27.83300000  27.83300000  27.83300000  27.83300000  27.83300000  27.83300000  27.83300000  23.72000000  26.55900000  26.46400000  26.70700000  26.84700000  26.71800000  26.74500000  26.77200000  26.88300000  26.93800000
 27.83300000  27.83300000  27.83300000  27.83300000  27.83300000  27.83300000  27.83300000  27.83300000  27.83300000  27.83300000  27.83300000  27.83300000  27.83300000  27.83300000  27.83300000  27.83300000  27.83300000  27.83300000  27.83300000  27.83300000  23.10700000  26.63500000  26.53100000  26.81200000  26.67900000  26.84200000  26.82600000  26.87300000  26.87900000  26.99900000
 27.83300000  27.83300000  27.83300000  27.83300000  27.83300000  27.83300000  27.83300000  27.83300000  27.83300000  27.83300000  27.83300000  27.83300000  27.83300000  27.83300000  27.83300000  27.83300000  27.83300000  27.83300000  27.83300000  27.83300000  22.53500000  26.62600000  26.71900000  26.84000000  26.63800000  26.80700000  26.74800000  26.76400000  26.90800000  26.93500000
 27.83300000  27.83300000  27.83300000  27.83300000  27.83300000  27.83300000  27.83300000  27.83300000  27.83300000  27.83300000  27.83300000  27.83300000  27.83300000  27.83300000  27.83300000  27.83300000  27.83300000  27.83300000  27.83300000  27.83300000  22.90300000  26.48400000  26.78400000  26.76000000  26.68000000  26.79400000  26.67700000  26.42000000  26.75800000  27.01300000
 27.83300000  27.83300000  27.83300000  27.83300000  27.83300000  27.83300000  27.83300000  27.83300000  27.83300000  27.83300000  27.83300000  27.83300000  27.83300000  27.83300000  27.83300000  27.83300000  27.83300000  27.83300000  27.83300000  27.83300000  27.83300000  25.95600000  26.61200000  26.67500000  26.68900000  26.76300000  26.62900000  26.39400000  26.49900000  26.93900000
 27.83300000  27.83300000  27.83300000  27.83300000  27.83300000  27.83300000  27.83300000  27.83300000  27.83300000  27.83300000  27.83300000  27.83300000  27.83300000  27.83300000  27.83300000  27.83300000  27.83300000  27.83300000  27.83300000  27.83300000  27.83300000  24.38900000  26.42200000  26.60500000  26.68300000  26.67700000  26.58500000  26.39300000  26.70400000  27.01600000
 27.83300000  27.83300000  27.83300000  27.83300000  27.83300000  27.83300000  27.83300000  27.83300000  27.83300000  27.83300000  27.83300000  27.83300000  27.83300000  27.83300000  27.83300000  27.83300000  27.83300000  27.83300000  27.83300000  27.83300000  27.83300000  27.83300000  26.03300000  26.52200000  26.50600000  26.45400000  26.36400000  26.32100000  26.89400000  27.05500000
 27.83300000  27.83300000  27.83300000  27.83300000  27.83300000  27.83300000  27.83300000  27.83300000  27.83300000  27.83300000  27.83300000  27.83300000  27.83300000  27.83300000  27.83300000  27.83300000  27.83300000  27.83300000  27.83300000  27.83300000  27.83300000  27.83300000  25.66600000  26.06700000  26.10000000  26.16000000  26.36900000  26.55300000  26.56900000  27.11700000
 27.83300000  27.83300000  27.83300000  27.83300000  27.83300000  27.83300000  27.83300000  27.83300000  27.83300000  27.83300000  27.83300000  27.83300000  27.83300000  27.83300000  27.83300000  27.83300000  27.83300000  27.83300000  27.83300000  27.83300000  27.83300000  27.83300000  27.83300000  25.79400000  26.21200000  26.27600000  26.31900000  26.51300000  26.74800000  27.08600000
