36.98400000 36.91300000 36.92800000 37.03100000 37.19000000 37.20700000 37.22600000 37.24400000 37.19400000 37.16300000 37.09400000 36.97900000 36.85700000 36.64300000 36.82100000 36.90000000 37.06500000 37.02500000 37.06400000 37.03400000 36.99000000 36.96800000 36.80500000 36.53600000 36.59700000 36.38300000 36.63700000 36.63300000 36.63100000 36.80900000
36.90800000 36.84800000 36.90500000 37.15300000 37.14500000 37.17600000 37.18000000 37.16300000 37.13400000 37.06000000 36.95500000 36.83000000 36.61300000 36.90400000 36.88700000 37.12800000 37.00200000 37.07700000 37.04300000 37.00900000 36.95900000 36.86900000 36.79100000 36.61500000 37.02700000 37.11200000 37.04700000 37.08000000 36.93900000 36.88700000
36.89700000 37.00300000 36.90400000 37.08800000 37.08000000 37.06700000 37.06100000 37.01300000 36.95200000 36.87400000 36.57100000 36.49400000 36.92200000 36.89400000 36.96600000 37.06500000 37.04300000 37.05500000 36.95400000 36.90300000 36.84300000 36.71000000 37.22700000 37.12600000 37.00400000 37.06700000 37.00600000 37.01800000 36.96700000 36.86900000
36.35800000 37.09900000 37.11800000 36.87200000 37.00600000 37.00400000 36.89800000 36.57800000 36.66100000 36.69000000 36.81900000 36.94300000 36.90700000 36.93600000 36.99800000 36.97800000 37.01700000 36.98000000 36.87600000 36.73400000 37.27200000 37.25700000 37.22800000 37.23400000 37.26000000 37.25500000 36.96200000 36.84200000 36.75200000 36.82900000
35.77700000 36.93600000 36.94300000 37.20400000 37.11600000 36.87000000 36.75000000 36.58200000 36.65400000 36.96700000 36.94900000 36.93700000 36.94000000 36.92800000 37.03200000 36.93500000 36.95500000 36.87000000 37.07300000 37.23900000 37.22300000 37.17000000 37.14300000 37.15200000 37.17900000 37.24200000 37.28100000 36.80300000 36.60200000 36.65200000
35.74300000 36.72700000 36.78400000 36.73900000 37.29700000 37.12100000 36.94000000 36.90800000 36.87500000 36.85500000 36.83100000 36.84800000 36.86600000 36.89900000 37.04800000 36.99700000 36.78600000 37.09700000 37.23100000 37.22100000 37.15800000 37.04400000 36.97900000 37.05200000 37.16400000 37.24300000 37.33300000 37.28000000 36.72000000 36.65300000
36.00700000 36.67800000 36.51800000 36.68500000 36.67600000 37.34100000 37.14000000 36.91800000 36.96800000 36.99000000 37.03400000 37.01000000 37.00500000 37.02000000 37.05000000 37.11500000 36.91200000 37.19200000 37.21300000 37.18600000 37.11900000 37.02900000 37.04100000 37.15900000 37.21900000 37.41200000 37.45700000 37.42800000 37.25600000 36.79000000
35.55500000 35.84800000 36.48800000 36.19900000 36.49800000 36.57300000 37.30300000 37.39900000 37.22300000 36.92600000 36.93300000 36.96800000 37.01600000 37.03100000 37.03200000 37.13600000 36.96600000 37.15600000 37.20700000 37.18700000 37.17900000 37.17900000 37.18300000 37.32200000 37.35900000 37.39200000 37.44900000 37.47100000 37.29000000 37.32900000
35.37900000 35.64600000 35.78000000 35.92000000 36.38200000 36.17000000 37.18000000 37.34600000 37.41200000 37.38900000 36.96900000 36.96200000 37.02500000 37.06500000 37.04900000 37.17100000 37.17000000 37.17400000 37.18900000 37.24600000 37.12500000 37.36600000 37.31400000 37.34500000 37.41300000 37.39000000 37.43300000 37.47800000 37.30600000 37.27100000
35.29100000 35.56600000 35.59200000 35.55500000 35.96500000 36.00800000 36.51600000 37.12800000 37.21300000 37.27900000 37.24000000 36.96600000 36.96300000 36.99200000 37.04300000 37.24500000 37.24400000 37.24300000 37.07500000 37.37300000 37.38200000 37.32800000 37.36800000 37.34800000 37.43100000 37.45400000 37.46700000 37.36500000 37.29000000 37.22100000
34.99300000 35.04700000 35.55100000 35.50800000 35.60600000 35.88000000 35.74900000 36.53700000 37.06400000 36.99500000 37.01600000 37.31800000 37.00200000 36.98300000 37.01700000 37.09300000 37.08000000 37.34600000 37.31300000 37.37500000 37.34500000 37.27200000 37.33900000 37.32900000 37.34400000 37.33800000 37.32100000 37.29100000 37.26100000 37.15800000
37.59700000 37.59700000 37.59700000 35.33300000 35.51300000 35.57500000 35.62900000 35.72000000 36.66700000 36.92600000 36.46600000 36.67100000 37.16300000 37.30200000 37.33500000 37.32200000 37.23400000 37.11800000 37.36000000 37.37800000 37.23700000 37.34800000 37.28100000 37.29400000 37.37600000 37.36000000 37.26400000 37.33400000 37.20800000 37.13700000
37.59700000 37.59700000 37.59700000 37.59700000 35.27300000 35.53500000 35.58200000 35.68600000 36.14900000 36.35500000 36.32100000 36.27100000 36.56300000 36.44000000 37.07500000 37.09900000 36.93200000 36.96300000 37.35600000 37.41800000 37.21000000 37.27700000 37.25300000 37.23500000 37.30100000 37.39500000 37.35200000 37.32000000 37.22100000 37.16600000
37.59700000 37.59700000 37.59700000 37.59700000 37.59700000 37.59700000 35.48500000 35.58700000 35.68800000 35.85300000 36.13000000 36.17200000 36.12600000 36.19000000 36.14700000 36.11700000 36.62100000 36.94200000 37.21600000 37.42600000 37.41400000 37.21600000 37.22200000 37.19400000 37.34200000 37.38900000 37.46000000 37.33000000 37.39900000 37.21600000
37.59700000 37.59700000 37.59700000 37.59700000 37.59700000 37.59700000 37.59700000 37.59700000 37.59700000 37.59700000 37.59700000 37.59700000 36.11600000 36.04300000 35.98300000 36.04400000 36.52300000 36.93600000 36.96900000 37.34300000 37.43400000 37.41400000 37.40400000 37.40600000 37.35800000 37.37600000 37.42300000 37.47900000 37.34000000 37.39000000
37.59700000 37.59700000 37.59700000 37.59700000 37.59700000 37.59700000 37.59700000 37.59700000 37.59700000 37.59700000 37.59700000 37.59700000 37.59700000 37.59700000 37.59700000 36.03000000 36.50400000 36.49200000 36.96800000 37.24200000 37.36000000 37.42400000 37.42300000 37.36500000 37.32800000 37.38100000 37.40600000 37.46000000 37.52500000 37.53600000
37.59700000 37.59700000 37.59700000 37.59700000 37.59700000 37.59700000 37.59700000 37.59700000 37.59700000 37.59700000 37.59700000 37.59700000 37.59700000 37.59700000 37.59700000 37.59700000 35.99900000 36.12400000 36.95800000 36.70800000 37.26500000 37.38700000 37.41100000 37.34700000 37.34700000 37.38400000 37.37500000 37.41000000 37.41600000 37.55400000
37.59700000 37.59700000 37.59700000 37.59700000 37.59700000 37.59700000 37.59700000 37.59700000 37.59700000 37.59700000 37.59700000 37.59700000 37.59700000 37.59700000 37.59700000 37.59700000 37.59700000 37.59700000 36.12400000 36.96400000 36.83400000 37.36800000 37.39900000 37.32600000 37.36000000 37.37200000 37.38600000 37.33500000 37.38400000 37.48300000
37.59700000 37.59700000 37.59700000 37.59700000 37.59700000 37.59700000 37.59700000 37.59700000 37.59700000 37.59700000 37.59700000 37.59700000 37.59700000 37.59700000 37.59700000 37.59700000 37.59700000 37.59700000 37.59700000 36.94400000 36.68800000 37.37200000 37.35500000 37.36500000 37.43000000 37.38600000 37.37400000 37.35000000 37.38600000 37.40500000
37.59700000 37.59700000 37.59700000 37.59700000 37.59700000 37.59700000 37.59700000 37.59700000 37.59700000 37.59700000 37.59700000 37.59700000 37.59700000 37.59700000 37.59700000 37.59700000 37.59700000 37.59700000 37.59700000 36.72100000 36.91900000 37.38200000 37.31000000 37.40900000 37.40900000 37.44500000 37.39700000 37.36800000 37.35200000 37.41900000
37.59700000 37.59700000 37.59700000 37.59700000 37.59700000 37.59700000 37.59700000 37.59700000 37.59700000 37.59700000 37.59700000 37.59700000 37.59700000 37.59700000 37.59700000 37.59700000 37.59700000 37.59700000 37.59700000 36.79800000 37.06000000 37.37300000 37.36600000 37.41200000 37.39900000 37.41400000 37.37500000 37.33700000 37.36600000 37.36200000
37.59700000 37.59700000 37.59700000 37.59700000 37.59700000 37.59700000 37.59700000 37.59700000 37.59700000 37.59700000 37.59700000 37.59700000 37.59700000 37.59700000 37.59700000 37.59700000 37.59700000 37.59700000 37.59700000 36.51600000 36.68600000 37.30800000 37.39500000 37.38500000 37.38800000 37.38200000 37.33700000 37.28600000 37.30000000 37.36900000
37.59700000 37.59700000 37.59700000 37.59700000 37.59700000 37.59700000 37.59700000 37.59700000 37.59700000 37.59700000 37.59700000 37.59700000 37.59700000 37.59700000 37.59700000 37.59700000 37.59700000 37.59700000 37.59700000 37.59700000 36.67100000 37.13900000 37.34800000 37.36800000 37.37200000 37.35000000 37.31900000 37.30900000 37.28600000 37.32600000
37.59700000 37.59700000 37.59700000 37.59700000 37.59700000 37.59700000 37.59700000 37.59700000 37.59700000 37.59700000 37.59700000 37.59700000 37.59700000 37.59700000 37.59700000 37.59700000 37.59700000 37.59700000 37.59700000 37.59700000 37.59700000 36.73800000 37.28000000 37.34800000 37.35900000 37.34200000 37.33000000 37.29700000 37.29700000 37.32700000
37.59700000 37.59700000 37.59700000 37.59700000 37.59700000 37.59700000 37.59700000 37.59700000 37.59700000 37.59700000 37.59700000 37.59700000 37.59700000 37.59700000 37.59700000 37.59700000 37.59700000 37.59700000 37.59700000 37.59700000 37.59700000 36.50500000 37.11300000 37.31600000 37.32100000 37.31500000 37.27000000 37.22000000 37.28400000 37.31700000
37.59700000 37.59700000 37.59700000 37.59700000 37.59700000 37.59700000 37.59700000 37.59700000 37.59700000 37.59700000 37.59700000 37.59700000 37.59700000 37.59700000 37.59700000 37.59700000 37.59700000 37.59700000 37.59700000 37.59700000 37.59700000 37.59700000 36.79900000 37.13400000 37.15500000 37.17600000 37.21900000 37.27700000 37.25800000 37.31000000
37.59700000 37.59700000 37.59700000 37.59700000 37.59700000 37.59700000 37.59700000 37.59700000 37.59700000 37.59700000 37.59700000 37.59700000 37.59700000 37.59700000 37.59700000 37.59700000 37.59700000 37.59700000 37.59700000 37.59700000 37.59700000 37.59700000 37.59700000 36.64500000 37.11400000 37.20300000 37.22800000 37.22800000 37.24300000 37.29500000
36.98300000 36.91200000 36.92600000 37.02900000 37.19000000 37.20700000 37.22500000 37.24300000 37.19400000 37.16100000 37.09700000 36.97900000 36.85800000 36.67500000 36.82100000 36.89800000 37.06400000 37.02300000 37.06300000 37.03400000 36.99000000 36.96700000 36.80500000 36.53300000 36.59500000 36.38200000 36.63600000 36.63200000 36.62900000 36.80700000
36.90700000 36.84700000 36.90500000 37.15200000 37.14400000 37.17500000 37.18000000 37.16200000 37.13300000 37.05900000 36.95400000 36.83000000 36.61100000 36.90300000 36.88600000 37.12700000 37.00100000 37.07600000 37.04200000 37.00800000 36.95800000 36.86800000 36.79100000 36.61400000 37.02400000 37.11200000 37.04600000 37.07900000 36.93900000 36.88700000
36.89900000 37.00200000 36.90500000 37.08800000 37.08000000 37.06600000 37.06200000 37.01300000 36.95100000 36.87400000 36.57100000 36.49200000 36.92100000 36.89300000 36.96500000 37.06500000 37.04200000 37.05400000 36.95300000 36.90200000 36.84200000 36.70900000 37.22600000 37.12600000 37.00300000 37.06600000 37.00500000 37.01700000 36.96600000 36.86900000
36.69400000 37.09800000 37.11700000 36.87200000 37.00600000 37.00400000 36.89800000 36.57900000 36.66100000 36.69100000 36.81800000 36.94200000 36.90700000 36.93500000 36.99700000 36.97800000 37.01600000 36.98000000 36.87500000 36.73300000 37.27100000 37.25600000 37.22800000 37.23300000 37.26000000 37.25500000 36.96200000 36.84100000 36.75100000 36.82900000
36.72200000 36.93500000 36.94300000 37.20300000 37.11500000 36.86700000 36.74900000 36.58100000 36.65100000 36.96600000 36.94800000 36.93700000 36.93900000 36.92700000 37.03100000 36.93400000 36.95500000 36.87000000 37.06800000 37.23800000 37.22200000 37.17000000 37.14200000 37.15100000 37.17800000 37.24100000 37.28000000 36.80300000 36.60200000 36.65100000
36.49700000 36.72700000 36.78400000 36.74000000 37.29500000 37.12000000 36.93900000 36.90700000 36.87400000 36.85500000 36.83000000 36.84700000 36.86500000 36.89800000 37.04700000 36.99700000 36.78500000 37.09500000 37.23000000 37.21900000 37.15700000 37.04400000 36.97800000 37.05100000 37.16400000 37.24300000 37.33200000 37.27900000 36.72000000 36.65300000
36.00500000 36.68000000 36.51800000 36.68400000 36.69800000 37.33900000 37.13900000 36.91700000 36.96700000 36.98900000 37.03400000 37.01000000 37.00500000 37.01900000 37.04900000 37.11400000 36.91000000 37.19100000 37.21200000 37.18500000 37.11800000 37.02800000 37.04000000 37.15900000 37.21800000 37.41100000 37.45600000 37.42700000 37.25600000 36.80000000
35.64300000 35.99600000 36.49300000 36.20300000 36.50000000 36.62800000 37.30300000 37.39800000 37.22200000 36.92500000 36.93200000 36.96800000 37.01500000 37.03000000 37.03100000 37.13400000 36.96400000 37.15500000 37.20600000 37.18600000 37.17600000 37.17800000 37.18300000 37.32100000 37.35900000 37.39100000 37.44800000 37.47100000 37.29000000 37.33300000
35.94500000 35.81900000 35.80100000 35.92900000 36.38400000 36.17400000 37.17800000 37.34500000 37.41100000 37.38800000 36.96900000 36.96100000 37.02500000 37.06400000 37.04800000 37.16900000 37.16900000 37.17300000 37.18800000 37.24500000 37.12500000 37.36600000 37.31300000 37.34400000 37.41200000 37.38900000 37.43200000 37.47800000 37.30600000 37.27100000
36.03800000 35.88700000 35.82400000 36.21000000 36.01500000 36.03700000 36.54200000 37.12700000 37.21200000 37.27900000 37.23900000 36.96500000 36.96200000 36.99100000 37.04100000 37.24400000 37.24300000 37.24200000 37.07400000 37.37200000 37.38100000 37.32700000 37.36700000 37.34700000 37.43000000 37.45300000 37.46600000 37.36500000 37.29000000 37.22100000
35.83100000 37.59700000 35.82900000 35.79200000 36.22300000 35.96900000 35.82100000 36.55300000 37.06200000 36.99500000 37.01700000 37.31700000 37.00200000 36.98200000 37.01600000 37.09200000 37.08000000 37.34500000 37.31200000 37.37400000 37.34400000 37.27100000 37.33900000 37.32800000 37.34300000 37.33700000 37.32100000 37.29100000 37.26100000 37.15800000
37.59700000 37.59700000 37.59700000 37.59700000 35.76000000 36.26800000 35.81700000 35.77200000 36.67100000 36.92600000 36.46700000 36.67100000 37.16300000 37.30200000 37.33200000 37.32200000 37.23400000 37.11700000 37.35900000 37.37700000 37.23700000 37.34700000 37.28000000 37.29300000 37.37500000 37.35900000 37.26400000 37.33400000 37.20800000 37.13700000
37.59700000 37.59700000 37.59700000 37.59700000 37.59700000 35.77100000 35.78700000 35.90400000 36.23900000 36.38300000 36.32800000 36.27100000 36.57000000 36.60400000 37.07300000 37.09800000 36.93100000 36.96200000 37.35500000 37.41700000 37.20900000 37.27600000 37.25300000 37.23500000 37.30000000 37.39400000 37.35100000 37.32000000 37.22100000 37.16500000
37.59700000 37.59700000 37.59700000 37.59700000 37.59700000 37.59700000 37.59700000 35.76600000 35.74800000 35.96100000 36.33500000 36.21300000 36.27800000 36.46900000 36.25900000 36.15600000 36.62400000 36.93800000 37.21400000 37.42500000 37.41300000 37.21500000 37.22100000 37.19300000 37.34100000 37.38800000 37.46000000 37.32900000 37.39800000 37.21600000
37.59700000 37.59700000 37.59700000 37.59700000 37.59700000 37.59700000 37.59700000 37.59700000 37.59700000 37.59700000 37.59700000 37.59700000 37.59700000 37.59700000 37.59700000 36.12000000 36.50700000 36.93500000 36.96600000 37.34200000 37.43300000 37.41300000 37.40300000 37.40500000 37.35700000 37.37500000 37.42100000 37.47900000 37.34000000 37.39000000
37.59700000 37.59700000 37.59700000 37.59700000 37.59700000 37.59700000 37.59700000 37.59700000 37.59700000 37.59700000 37.59700000 37.59700000 37.59700000 37.59700000 37.59700000 37.59700000 36.49000000 36.53600000 36.96600000 37.24000000 37.35900000 37.42300000 37.42200000 37.36400000 37.32800000 37.38000000 37.40600000 37.46000000 37.52400000 37.53600000
37.59700000 37.59700000 37.59700000 37.59700000 37.59700000 37.59700000 37.59700000 37.59700000 37.59700000 37.59700000 37.59700000 37.59700000 37.59700000 37.59700000 37.59700000 37.59700000 37.59700000 36.28100000 36.60400000 36.66500000 37.26100000 37.38500000 37.41000000 37.34600000 37.34600000 37.38300000 37.37400000 37.40900000 37.41500000 37.55400000
37.59700000 37.59700000 37.59700000 37.59700000 37.59700000 37.59700000 37.59700000 37.59700000 37.59700000 37.59700000 37.59700000 37.59700000 37.59700000 37.59700000 37.59700000 37.59700000 37.59700000 37.59700000 37.59700000 36.95800000 36.83500000 37.36700000 37.39900000 37.32500000 37.35900000 37.37100000 37.38500000 37.33400000 37.38300000 37.48300000
37.59700000 37.59700000 37.59700000 37.59700000 37.59700000 37.59700000 37.59700000 37.59700000 37.59700000 37.59700000 37.59700000 37.59700000 37.59700000 37.59700000 37.59700000 37.59700000 37.59700000 37.59700000 37.59700000 37.59700000 36.68800000 37.37000000 37.35400000 37.36400000 37.43000000 37.38500000 37.37300000 37.35000000 37.38600000 37.40400000
37.59700000 37.59700000 37.59700000 37.59700000 37.59700000 37.59700000 37.59700000 37.59700000 37.59700000 37.59700000 37.59700000 37.59700000 37.59700000 37.59700000 37.59700000 37.59700000 37.59700000 37.59700000 37.59700000 37.59700000 36.68800000 37.38000000 37.30900000 37.40800000 37.40700000 37.44400000 37.39600000 37.36700000 37.35100000 37.41800000
37.59700000 37.59700000 37.59700000 37.59700000 37.59700000 37.59700000 37.59700000 37.59700000 37.59700000 37.59700000 37.59700000 37.59700000 37.59700000 37.59700000 37.59700000 37.59700000 37.59700000 37.59700000 37.59700000 37.59700000 36.59700000 37.37200000 37.36500000 37.41100000 37.39800000 37.41300000 37.37500000 37.33600000 37.36500000 37.36100000
37.59700000 37.59700000 37.59700000 37.59700000 37.59700000 37.59700000 37.59700000 37.59700000 37.59700000 37.59700000 37.59700000 37.59700000 37.59700000 37.59700000 37.59700000 37.59700000 37.59700000 37.59700000 37.59700000 37.59700000 36.57600000 37.30700000 37.39400000 37.38400000 37.38800000 37.38100000 37.33600000 37.28500000 37.29900000 37.36800000
37.59700000 37.59700000 37.59700000 37.59700000 37.59700000 37.59700000 37.59700000 37.59700000 37.59700000 37.59700000 37.59700000 37.59700000 37.59700000 37.59700000 37.59700000 37.59700000 37.59700000 37.59700000 37.59700000 37.59700000 37.59700000 37.12000000 37.34700000 37.36700000 37.37100000 37.34900000 37.31800000 37.30800000 37.28500000 37.32500000
37.59700000 37.59700000 37.59700000 37.59700000 37.59700000 37.59700000 37.59700000 37.59700000 37.59700000 37.59700000 37.59700000 37.59700000 37.59700000 37.59700000 37.59700000 37.59700000 37.59700000 37.59700000 37.59700000 37.59700000 37.59700000 36.71400000 37.27900000 37.34700000 37.35800000 37.34200000 37.32800000 37.29600000 37.29500000 37.32600000
37.59700000 37.59700000 37.59700000 37.59700000 37.59700000 37.59700000 37.59700000 37.59700000 37.59700000 37.59700000 37.59700000 37.59700000 37.59700000 37.59700000 37.59700000 37.59700000 37.59700000 37.59700000 37.59700000 37.59700000 37.59700000 37.59700000 37.11200000 37.31500000 37.32000000 37.31400000 37.26900000 37.21900000 37.28300000 37.31600000
37.59700000 37.59700000 37.59700000 37.59700000 37.59700000 37.59700000 37.59700000 37.59700000 37.59700000 37.59700000 37.59700000 37.59700000 37.59700000 37.59700000 37.59700000 37.59700000 37.59700000 37.59700000 37.59700000 37.59700000 37.59700000 37.59700000 36.79700000 37.13400000 37.15400000 37.17500000 37.21700000 37.27600000 37.24500000 37.30900000
37.59700000 37.59700000 37.59700000 37.59700000 37.59700000 37.59700000 37.59700000 37.59700000 37.59700000 37.59700000 37.59700000 37.59700000 37.59700000 37.59700000 37.59700000 37.59700000 37.59700000 37.59700000 37.59700000 37.59700000 37.59700000 37.59700000 37.59700000 36.64100000 37.11300000 37.20200000 37.22600000 37.22700000 37.24200000 37.29400000
