37.01500000 36.92500000 37.03200000 36.95900000 36.98800000 37.04100000 37.16700000 37.27700000 37.26700000 37.23200000 37.15600000 37.05700000 36.90500000 36.60300000 36.48800000 36.83200000 36.90800000 36.99800000 36.97900000 37.03200000 37.05600000 37.03200000 36.91600000 36.74400000 36.44200000 36.25900000 36.39200000 36.51800000 36.37500000 36.36500000
37.00000000 36.96100000 36.94400000 36.92900000 36.91000000 37.17300000 37.22800000 37.23300000 37.20300000 37.15200000 37.06500000 36.95400000 36.59600000 36.52100000 36.78400000 36.88400000 36.98900000 37.01800000 36.99700000 37.06900000 37.05900000 36.98000000 36.84800000 36.66100000 36.33900000 36.57800000 36.55900000 36.51900000 36.72700000 36.91600000
36.95700000 37.03100000 36.92800000 36.92600000 36.88600000 37.09500000 37.15800000 37.13900000 37.07200000 36.92900000 36.63900000 36.44100000 36.53100000 36.77500000 36.79900000 36.93300000 37.08500000 37.00100000 36.97800000 37.01200000 36.95900000 36.88000000 36.69600000 36.63800000 36.88800000 37.05900000 37.03800000 37.05100000 36.94400000 36.86100000
36.62200000 37.01100000 36.95300000 36.91200000 36.95200000 36.80700000 36.80500000 36.63000000 36.48200000 36.63600000 36.82200000 36.89000000 36.88700000 36.85800000 36.83900000 36.95900000 37.08800000 36.96500000 36.93500000 36.92800000 36.84100000 36.71600000 37.08300000 37.18900000 37.20500000 37.05900000 37.03200000 36.99900000 36.98200000 36.97300000
36.54200000 36.32500000 37.00700000 36.85000000 36.91200000 36.92600000 36.87900000 36.74400000 36.84900000 36.93400000 36.87700000 36.89000000 36.90900000 36.91400000 36.93100000 36.97400000 37.07800000 36.94800000 36.78200000 36.77200000 37.10500000 37.20300000 37.20300000 37.19400000 37.20700000 37.24000000 37.08100000 36.96400000 36.87400000 36.78400000
36.37900000 35.94700000 36.92000000 36.95700000 36.82600000 36.87000000 36.93800000 36.93000000 36.93000000 36.92400000 36.86600000 36.86800000 36.97500000 37.02500000 37.03500000 36.99000000 37.11900000 37.06300000 36.99200000 37.14800000 37.18600000 37.16200000 37.10700000 37.06200000 37.13600000 37.22000000 37.24100000 37.25100000 36.84800000 36.58200000
36.08000000 35.35600000 36.84000000 36.99900000 37.00000000 36.89300000 36.80400000 36.78500000 36.79200000 36.83300000 36.94600000 36.99600000 36.99300000 37.01300000 37.04800000 36.99300000 37.19200000 37.18900000 37.13000000 37.15100000 37.14000000 37.05200000 36.95500000 36.94300000 37.06100000 37.18800000 37.25900000 37.26200000 37.25600000 36.93700000
35.68100000 35.14100000 36.19300000 36.63200000 36.93200000 37.12000000 37.07000000 36.90400000 36.90000000 36.92800000 37.01600000 36.97900000 36.98500000 37.04000000 37.05600000 37.01700000 37.22500000 37.21400000 37.15200000 37.12600000 37.15000000 37.08400000 37.02700000 37.06500000 37.16200000 37.22300000 37.32300000 37.32600000 37.25400000 37.24000000
35.36800000 35.64200000 36.16200000 36.65000000 36.51100000 36.71500000 36.93400000 37.22300000 36.92400000 36.90700000 36.94400000 36.95000000 36.95500000 36.94200000 36.93100000 36.98900000 37.14500000 37.22000000 37.24600000 37.24800000 37.19500000 37.16300000 37.17400000 37.21600000 37.27200000 37.43000000 37.44100000 37.36000000 37.26800000 37.25800000
35.16900000 35.36000000 35.83800000 36.25200000 36.38200000 36.54500000 36.53600000 36.80900000 37.29800000 37.24600000 37.11400000 37.00300000 36.92700000 36.93300000 36.96700000 36.96500000 37.02800000 37.01700000 37.01900000 37.41300000 37.43900000 37.43600000 37.44000000 37.44200000 37.42200000 37.40900000 37.44500000 37.31500000 37.24700000 37.24800000
34.56300000 34.93700000 34.99300000 35.21600000 35.97300000 36.18700000 36.44200000 36.13500000 36.65900000 37.15600000 37.36900000 37.38900000 37.39600000 37.34200000 37.01300000 36.93800000 37.03300000 37.40300000 37.26600000 37.26800000 37.34300000 37.33000000 37.32700000 37.37400000 37.40000000 37.42000000 37.34600000 37.25800000 37.31800000 37.22400000
37.59700000 37.59700000 37.59700000 35.05100000 35.47800000 35.71900000 36.06600000 35.89900000 35.76900000 36.33900000 36.93200000 37.25900000 37.24300000 37.32200000 37.35700000 37.31600000 37.20600000 37.11800000 37.23100000 37.36300000 37.26300000 37.34400000 37.36600000 37.26500000 37.26400000 37.33300000 37.35800000 37.28500000 37.35800000 37.21400000
37.59700000 37.59700000 37.59700000 37.59700000 35.14100000 35.29100000 35.46100000 35.52900000 35.60500000 35.94200000 36.55800000 37.07000000 37.12000000 36.78400000 36.65700000 36.98500000 36.90800000 36.49600000 37.29600000 37.34900000 37.22300000 37.26400000 37.22500000 37.21200000 37.24700000 37.32900000 37.32700000 37.29400000 37.38200000 37.22300000
37.59700000 37.59700000 37.59700000 37.59700000 37.59700000 37.59700000 35.28300000 35.37000000 35.48200000 35.60300000 36.12600000 36.29300000 36.50900000 36.32800000 36.16100000 36.28000000 36.71600000 36.17500000 37.22700000 37.35900000 37.27900000 37.16900000 37.18800000 37.18200000 37.24300000 37.33600000 37.43600000 37.38200000 37.28100000 37.28900000
37.59700000 37.59700000 37.59700000 37.59700000 37.59700000 37.59700000 37.59700000 37.59700000 37.59700000 37.59700000 37.59700000 37.59700000 35.59600000 35.85700000 36.19700000 36.13400000 36.61000000 36.01200000 37.06900000 37.23100000 37.35800000 37.35600000 37.23200000 37.18700000 37.26600000 37.35600000 37.41900000 37.47800000 37.40900000 37.29500000
37.59700000 37.59700000 37.59700000 37.59700000 37.59700000 37.59700000 37.59700000 37.59700000 37.59700000 37.59700000 37.59700000 37.59700000 37.59700000 37.59700000 37.59700000 35.90700000 36.22500000 35.89500000 36.43400000 37.12400000 37.25000000 37.34400000 37.37000000 37.39300000 37.30400000 37.34300000 37.36900000 37.43700000 37.50800000 37.57300000
37.59700000 37.59700000 37.59700000 37.59700000 37.59700000 37.59700000 37.59700000 37.59700000 37.59700000 37.59700000 37.59700000 37.59700000 37.59700000 37.59700000 37.59700000 37.59700000 35.94800000 35.90100000 36.59700000 36.91800000 36.99200000 37.31400000 37.39100000 37.39600000 37.35100000 37.31000000 37.33900000 37.38900000 37.40400000 37.54600000
37.59700000 37.59700000 37.59700000 37.59700000 37.59700000 37.59700000 37.59700000 37.59700000 37.59700000 37.59700000 37.59700000 37.59700000 37.59700000 37.59700000 37.59700000 37.59700000 37.59700000 37.59700000 36.10000000 36.74500000 37.05300000 36.91900000 37.36800000 37.40500000 37.38900000 37.29300000 37.32900000 37.36300000 37.33900000 37.37200000
37.59700000 37.59700000 37.59700000 37.59700000 37.59700000 37.59700000 37.59700000 37.59700000 37.59700000 37.59700000 37.59700000 37.59700000 37.59700000 37.59700000 37.59700000 37.59700000 37.59700000 37.59700000 37.59700000 36.60500000 36.98800000 36.88300000 37.37800000 37.43100000 37.38900000 37.31600000 37.33900000 37.33900000 37.37400000 37.31500000
37.59700000 37.59700000 37.59700000 37.59700000 37.59700000 37.59700000 37.59700000 37.59700000 37.59700000 37.59700000 37.59700000 37.59700000 37.59700000 37.59700000 37.59700000 37.59700000 37.59700000 37.59700000 37.59700000 36.93100000 36.47100000 36.95500000 37.37400000 37.43200000 37.29000000 37.37900000 37.41100000 37.39000000 37.35400000 37.34100000
37.59700000 37.59700000 37.59700000 37.59700000 37.59700000 37.59700000 37.59700000 37.59700000 37.59700000 37.59700000 37.59700000 37.59700000 37.59700000 37.59700000 37.59700000 37.59700000 37.59700000 37.59700000 37.59700000 36.87400000 36.61200000 36.92200000 37.34400000 37.38200000 37.32400000 37.39300000 37.38500000 37.40100000 37.41200000 37.34800000
37.59700000 37.59700000 37.59700000 37.59700000 37.59700000 37.59700000 37.59700000 37.59700000 37.59700000 37.59700000 37.59700000 37.59700000 37.59700000 37.59700000 37.59700000 37.59700000 37.59700000 37.59700000 37.59700000 36.60700000 36.66600000 36.80600000 37.35200000 37.31300000 37.39800000 37.35900000 37.38000000 37.38300000 37.38900000 37.40700000
37.59700000 37.59700000 37.59700000 37.59700000 37.59700000 37.59700000 37.59700000 37.59700000 37.59700000 37.59700000 37.59700000 37.59700000 37.59700000 37.59700000 37.59700000 37.59700000 37.59700000 37.59700000 37.59700000 37.59700000 36.68800000 36.66100000 37.31200000 37.37500000 37.35000000 37.35900000 37.34400000 37.32700000 37.33400000 37.36500000
37.59700000 37.59700000 37.59700000 37.59700000 37.59700000 37.59700000 37.59700000 37.59700000 37.59700000 37.59700000 37.59700000 37.59700000 37.59700000 37.59700000 37.59700000 37.59700000 37.59700000 37.59700000 37.59700000 37.59700000 37.59700000 36.62800000 36.79600000 37.30700000 37.32600000 37.32500000 37.33700000 37.31200000 37.30200000 37.31400000
37.59700000 37.59700000 37.59700000 37.59700000 37.59700000 37.59700000 37.59700000 37.59700000 37.59700000 37.59700000 37.59700000 37.59700000 37.59700000 37.59700000 37.59700000 37.59700000 37.59700000 37.59700000 37.59700000 37.59700000 37.59700000 36.50200000 36.53000000 37.22900000 37.28000000 37.31000000 37.29400000 37.28000000 37.28400000 37.27500000
37.59700000 37.59700000 37.59700000 37.59700000 37.59700000 37.59700000 37.59700000 37.59700000 37.59700000 37.59700000 37.59700000 37.59700000 37.59700000 37.59700000 37.59700000 37.59700000 37.59700000 37.59700000 37.59700000 37.59700000 37.59700000 37.59700000 36.38600000 37.14200000 37.13600000 37.20100000 37.20500000 37.23200000 37.23200000 37.29400000
37.59700000 37.59700000 37.59700000 37.59700000 37.59700000 37.59700000 37.59700000 37.59700000 37.59700000 37.59700000 37.59700000 37.59700000 37.59700000 37.59700000 37.59700000 37.59700000 37.59700000 37.59700000 37.59700000 37.59700000 37.59700000 37.59700000 37.59700000 36.12100000 37.17400000 37.18400000 37.21000000 37.22700000 37.27200000 37.28900000
37.01400000 36.92500000 37.03100000 36.95900000 36.98800000 37.04000000 37.16800000 37.27600000 37.26600000 37.23400000 37.15800000 37.05800000 36.91100000 36.60200000 36.49200000 36.83200000 36.90700000 36.99800000 36.97700000 37.03200000 37.05500000 37.03400000 36.91600000 36.74300000 36.44600000 36.25700000 36.39200000 36.52000000 36.37500000 36.36600000
37.00000000 36.95900000 36.94300000 36.92800000 36.90800000 37.17200000 37.22600000 37.23100000 37.20200000 37.15100000 37.06400000 36.95200000 36.59400000 36.52000000 36.78300000 36.88300000 36.98800000 37.01700000 36.99600000 37.06800000 37.05800000 36.97900000 36.84700000 36.65900000 36.33900000 36.57800000 36.55900000 36.51900000 36.73200000 36.92100000
36.95600000 37.02900000 36.92700000 36.92500000 36.88500000 37.09400000 37.15600000 37.13800000 37.07100000 36.92700000 36.63700000 36.44000000 36.53100000 36.77400000 36.79800000 36.93200000 37.08400000 37.00000000 36.97700000 37.01100000 36.95800000 36.87800000 36.69500000 36.63800000 36.88800000 37.05700000 37.03700000 37.05100000 36.94400000 36.86000000
36.62100000 37.01000000 36.95200000 36.91000000 36.95100000 36.80600000 36.80300000 36.62800000 36.48100000 36.63500000 36.82200000 36.88900000 36.88500000 36.85700000 36.83800000 36.95800000 37.08700000 36.96400000 36.93400000 36.92700000 36.83900000 36.71500000 37.08300000 37.18900000 37.20400000 37.05800000 37.03200000 36.99900000 36.98200000 36.97200000
36.54000000 36.33600000 37.00600000 36.84900000 36.91100000 36.92500000 36.88000000 36.74400000 36.84900000 36.93300000 36.87600000 36.88900000 36.90800000 36.91300000 36.92900000 36.97300000 37.07700000 36.94700000 36.78100000 36.77100000 37.10500000 37.20200000 37.20300000 37.19500000 37.20800000 37.24000000 37.08100000 36.96400000 36.87400000 36.78400000
36.38700000 35.96400000 36.92000000 36.95600000 36.82500000 36.86900000 36.93600000 36.92800000 36.92900000 36.92300000 36.86400000 36.86700000 36.97400000 37.02400000 37.03400000 36.98900000 37.11800000 37.06200000 36.99200000 37.14700000 37.18600000 37.16200000 37.10800000 37.06400000 37.13700000 37.22000000 37.24100000 37.25000000 36.84800000 36.58200000
36.10700000 35.84900000 36.84400000 36.99700000 36.99900000 36.89300000 36.80300000 36.78400000 36.79100000 36.83200000 36.94500000 36.99500000 36.99200000 37.01200000 37.04700000 36.99200000 37.19200000 37.18800000 37.13000000 37.15200000 37.14100000 37.05200000 36.95600000 36.94400000 37.06100000 37.18700000 37.25800000 37.26200000 37.25600000 36.93800000
35.90000000 35.98500000 36.75500000 36.63100000 36.93100000 37.11800000 37.06900000 36.90300000 36.90000000 36.92700000 37.01500000 36.97800000 36.98400000 37.03900000 37.05500000 37.01600000 37.22400000 37.21400000 37.15200000 37.12700000 37.15000000 37.08400000 37.02800000 37.06600000 37.16100000 37.22200000 37.32200000 37.32600000 37.25400000 37.24000000
35.78800000 35.95600000 36.58200000 36.64800000 36.50900000 36.71300000 36.93200000 37.22200000 36.92400000 36.90500000 36.94300000 36.94900000 36.95400000 36.94200000 36.93000000 36.98900000 37.14500000 37.22000000 37.24600000 37.24800000 37.19600000 37.16400000 37.17500000 37.21600000 37.27200000 37.42900000 37.44100000 37.36000000 37.26800000 37.25800000
35.70200000 35.84400000 36.00500000 36.25900000 36.38200000 36.54300000 36.53700000 36.80700000 37.29600000 37.24600000 37.11400000 37.00300000 36.92700000 36.93300000 36.96700000 36.96500000 37.02800000 37.01600000 37.01900000 37.41400000 37.43800000 37.43600000 37.43900000 37.44100000 37.42200000 37.40900000 37.44500000 37.31600000 37.25000000 37.24900000
35.44000000 37.59700000 35.59600000 35.66700000 36.10700000 36.21000000 36.46500000 36.39800000 36.65900000 37.15400000 37.36800000 37.38900000 37.39700000 37.34200000 37.01400000 36.93800000 37.03400000 37.40100000 37.26600000 37.26900000 37.34200000 37.32900000 37.32600000 37.37300000 37.40000000 37.42000000 37.34600000 37.26500000 37.32100000 37.22500000
37.59700000 37.59700000 37.59700000 37.59700000 35.69500000 35.97200000 36.45600000 36.39900000 36.20200000 36.39200000 36.93000000 37.25800000 37.24300000 37.32200000 37.35700000 37.31600000 37.20600000 37.11700000 37.23100000 37.36300000 37.26300000 37.34300000 37.36500000 37.26400000 37.26300000 37.33200000 37.36000000 37.29000000 37.35800000 37.21500000
37.59700000 37.59700000 37.59700000 37.59700000 37.59700000 35.66900000 35.83100000 35.94100000 36.10800000 36.01800000 36.56400000 37.06300000 37.12400000 36.78700000 36.65700000 36.98500000 36.90700000 36.50500000 37.29500000 37.34800000 37.22300000 37.26300000 37.22400000 37.21100000 37.24700000 37.32800000 37.32600000 37.29400000 37.38100000 37.22600000
37.59700000 37.59700000 37.59700000 37.59700000 37.59700000 37.59700000 37.59700000 35.51000000 35.74000000 35.76000000 36.32800000 36.40700000 36.50800000 36.35200000 36.17200000 36.27300000 36.71400000 36.19700000 37.22600000 37.35800000 37.27800000 37.16900000 37.18900000 37.18200000 37.24200000 37.33500000 37.43600000 37.38400000 37.28900000 37.29600000
37.59700000 37.59700000 37.59700000 37.59700000 37.59700000 37.59700000 37.59700000 37.59700000 37.59700000 37.59700000 37.59700000 37.59700000 37.59700000 37.59700000 37.59700000 36.21400000 36.60000000 36.18800000 37.06700000 37.23000000 37.35700000 37.35500000 37.23300000 37.18800000 37.26600000 37.35600000 37.41900000 37.48300000 37.41400000 37.29800000
37.59700000 37.59700000 37.59700000 37.59700000 37.59700000 37.59700000 37.59700000 37.59700000 37.59700000 37.59700000 37.59700000 37.59700000 37.59700000 37.59700000 37.59700000 37.59700000 36.36700000 36.40900000 36.43700000 37.12300000 37.24900000 37.34300000 37.37000000 37.39200000 37.30400000 37.34400000 37.37000000 37.44700000 37.51600000 37.57400000
37.59700000 37.59700000 37.59700000 37.59700000 37.59700000 37.59700000 37.59700000 37.59700000 37.59700000 37.59700000 37.59700000 37.59700000 37.59700000 37.59700000 37.59700000 37.59700000 37.59700000 36.39400000 36.70800000 36.91800000 36.98600000 37.31300000 37.39100000 37.39600000 37.35200000 37.31200000 37.34100000 37.39000000 37.41200000 37.54900000
37.59700000 37.59700000 37.59700000 37.59700000 37.59700000 37.59700000 37.59700000 37.59700000 37.59700000 37.59700000 37.59700000 37.59700000 37.59700000 37.59700000 37.59700000 37.59700000 37.59700000 37.59700000 37.59700000 36.74300000 37.04800000 36.94300000 37.36800000 37.40500000 37.38700000 37.29300000 37.33000000 37.36600000 37.34500000 37.37900000
37.59700000 37.59700000 37.59700000 37.59700000 37.59700000 37.59700000 37.59700000 37.59700000 37.59700000 37.59700000 37.59700000 37.59700000 37.59700000 37.59700000 37.59700000 37.59700000 37.59700000 37.59700000 37.59700000 37.59700000 36.96500000 37.04500000 37.37800000 37.43000000 37.38700000 37.31600000 37.33900000 37.34500000 37.37500000 37.31600000
37.59700000 37.59700000 37.59700000 37.59700000 37.59700000 37.59700000 37.59700000 37.59700000 37.59700000 37.59700000 37.59700000 37.59700000 37.59700000 37.59700000 37.59700000 37.59700000 37.59700000 37.59700000 37.59700000 37.59700000 36.37900000 37.01100000 37.37500000 37.43000000 37.28800000 37.37800000 37.41000000 37.39100000 37.35400000 37.34000000
37.59700000 37.59700000 37.59700000 37.59700000 37.59700000 37.59700000 37.59700000 37.59700000 37.59700000 37.59700000 37.59700000 37.59700000 37.59700000 37.59700000 37.59700000 37.59700000 37.59700000 37.59700000 37.59700000 37.59700000 36.09400000 37.02800000 37.34500000 37.38200000 37.32400000 37.39200000 37.38500000 37.40100000 37.41200000 37.34700000
37.59700000 37.59700000 37.59700000 37.59700000 37.59700000 37.59700000 37.59700000 37.59700000 37.59700000 37.59700000 37.59700000 37.59700000 37.59700000 37.59700000 37.59700000 37.59700000 37.59700000 37.59700000 37.59700000 37.59700000 36.19900000 36.87700000 37.35300000 37.31600000 37.39700000 37.35800000 37.38000000 37.38200000 37.38800000 37.40500000
37.59700000 37.59700000 37.59700000 37.59700000 37.59700000 37.59700000 37.59700000 37.59700000 37.59700000 37.59700000 37.59700000 37.59700000 37.59700000 37.59700000 37.59700000 37.59700000 37.59700000 37.59700000 37.59700000 37.59700000 37.59700000 36.72300000 37.31300000 37.37500000 37.34900000 37.36200000 37.34500000 37.32600000 37.33400000 37.36400000
37.59700000 37.59700000 37.59700000 37.59700000 37.59700000 37.59700000 37.59700000 37.59700000 37.59700000 37.59700000 37.59700000 37.59700000 37.59700000 37.59700000 37.59700000 37.59700000 37.59700000 37.59700000 37.59700000 37.59700000 37.59700000 36.55900000 36.92300000 37.30600000 37.32600000 37.32500000 37.33700000 37.31200000 37.30100000 37.31400000
37.59700000 37.59700000 37.59700000 37.59700000 37.59700000 37.59700000 37.59700000 37.59700000 37.59700000 37.59700000 37.59700000 37.59700000 37.59700000 37.59700000 37.59700000 37.59700000 37.59700000 37.59700000 37.59700000 37.59700000 37.59700000 37.59700000 37.03500000 37.23000000 37.28400000 37.31500000 37.29900000 37.28100000 37.28400000 37.27400000
37.59700000 37.59700000 37.59700000 37.59700000 37.59700000 37.59700000 37.59700000 37.59700000 37.59700000 37.59700000 37.59700000 37.59700000 37.59700000 37.59700000 37.59700000 37.59700000 37.59700000 37.59700000 37.59700000 37.59700000 37.59700000 37.59700000 36.75700000 37.14000000 37.14300000 37.21300000 37.21200000 37.23100000 37.23100000 37.29200000
37.59700000 37.59700000 37.59700000 37.59700000 37.59700000 37.59700000 37.59700000 37.59700000 37.59700000 37.59700000 37.59700000 37.59700000 37.59700000 37.59700000 37.59700000 37.59700000 37.59700000 37.59700000 37.59700000 37.59700000 37.59700000 37.59700000 37.59700000 37.05000000 37.18400000 37.18600000 37.21100000 37.22600000 37.27200000 37.28700000
