 25.16600000  25.10600000  24.98900000  25.03700000  25.09000000  25.04000000  25.15400000  25.21500000  25.12400000  24.91400000  25.02000000  25.05800000  24.64000000  24.16900000  24.48600000  24.94400000  25.19800000  24.98500000  25.01800000  24.99200000  24.97700000  24.83600000  24.48800000  24.03700000  23.99300000  23.47000000  24.03900000  24.12400000  24.18100000  24.46200000
 25.10000000  25.03500000  24.47100000  25.02100000  25.06600000  24.98000000  24.94000000  24.91400000  24.95900000  25.04900000  25.00700000  24.61400000  24.01900000  24.55400000  24.81000000  25.28000000  24.94100000  24.95100000  25.00800000  24.95600000  24.87000000  24.73200000  24.49300000  23.91300000  24.99000000  25.17300000  25.04500000  25.05900000  24.60100000  24.49200000
 24.97900000  25.10100000  24.99100000  24.90700000  24.97000000  25.02900000  25.03600000  25.01300000  24.94200000  24.71900000  23.85100000  23.80100000  24.54200000  24.79400000  25.20600000  25.10300000  24.96400000  24.94900000  24.77400000  24.70100000  24.58500000  24.24500000  25.41500000  25.22000000  24.99800000  25.03600000  24.89200000  24.89400000  24.92700000  24.82300000
 24.13100000  25.07400000  25.26500000  24.99300000  24.74200000  24.80700000  24.55700000  23.88400000  24.00200000  24.01000000  24.23200000  24.56500000  24.67400000  25.10400000  25.30600000  24.93500000  24.92300000  24.81700000  24.56300000  24.27600000  25.43600000  25.42900000  25.44300000  25.48700000  25.62700000  25.43500000  24.95100000  24.82000000  24.85600000  24.97800000
 23.62500000  24.54400000  24.66900000  25.29700000  25.45300000  24.95200000  24.21800000  23.91400000  24.05000000  24.86900000  24.92700000  24.94500000  25.03000000  25.20900000  25.44000000  24.86700000  24.81500000  24.55900000  25.08500000  25.29100000  25.30900000  25.07500000  24.98700000  25.01300000  25.24800000  25.65300000  25.65600000  24.81200000  24.71200000  24.90700000
 23.65300000  24.09900000  24.17200000  24.32000000  25.54100000  25.48100000  25.24300000  25.20000000  25.16600000  25.15700000  25.10400000  25.11000000  25.10900000  25.18200000  25.49400000  24.99800000  24.51300000  25.18500000  25.29200000  25.24200000  25.00900000  24.80600000  24.58400000  24.79800000  25.15300000  25.73800000  26.01600000  25.61000000  24.72900000  24.89900000
 23.59500000  24.15200000  23.84200000  23.95500000  24.08400000  25.69100000  25.58400000  25.30200000  25.41800000  25.44300000  25.48100000  25.40800000  25.35100000  25.29300000  25.46700000  25.23800000  24.74700000  25.34900000  25.22600000  25.12100000  24.90800000  24.76000000  24.76600000  25.09300000  25.68600000  26.06300000  26.28100000  26.19200000  25.57700000  25.02500000
 22.72500000  23.20700000  23.74300000  23.19000000  23.75900000  23.86800000  25.64500000  26.01500000  25.75900000  25.29300000  25.34300000  25.37700000  25.38400000  25.38500000  25.40500000  25.40000000  24.86200000  25.27600000  25.28800000  25.16100000  25.13500000  25.15600000  25.45500000  25.89700000  25.85300000  25.96300000  26.25500000  26.33000000  25.66000000  25.71800000
 22.81700000  23.01300000  23.01300000  22.78900000  23.34000000  23.58400000  25.05400000  25.77400000  26.12100000  26.10200000  25.29900000  25.38800000  25.44800000  25.46700000  25.48400000  25.46100000  25.32600000  25.31000000  25.36800000  25.52900000  25.56800000  26.13200000  25.90600000  25.85400000  26.04800000  25.91900000  26.08600000  26.27800000  25.76700000  25.87400000
 22.39200000  20.95300000  20.66700000  22.66500000  22.93200000  23.21100000  23.75300000  24.96100000  25.35000000  25.68000000  25.82400000  25.29100000  25.41500000  25.41500000  25.40100000  25.58000000  25.54300000  25.56000000  25.52000000  26.26700000  26.32700000  26.03300000  25.96600000  26.00800000  26.22300000  26.20000000  26.22900000  25.98100000  25.68900000  25.85200000
 23.15200000  22.38200000  21.22700000  21.88000000  22.73200000  22.85700000  22.96100000  23.68800000  24.66700000  24.62300000  24.81000000  25.86700000  25.34700000  25.38400000  25.42700000  25.43800000  25.44000000  26.10800000  26.11200000  26.36100000  26.20400000  25.71400000  25.98500000  26.24800000  26.09000000  25.87800000  25.74200000  25.71000000  25.87700000  25.76800000
 27.83300000  27.83300000  27.83300000  22.93900000  22.42300000  22.77100000  22.64100000  22.84500000  23.89000000  24.32700000  23.62400000  24.09200000  25.38500000  25.83000000  25.98900000  25.95700000  25.68500000  25.56800000  26.30800000  26.33000000  25.77300000  25.98700000  26.04500000  26.02300000  26.29100000  26.13300000  25.70500000  25.95900000  25.91200000  25.69300000
 27.83300000  27.83300000  27.83300000  27.83300000  23.20200000  22.65400000  21.91300000  22.19700000  23.07500000  23.18400000  23.24600000  23.02900000  23.66500000  24.17800000  24.96700000  25.05600000  24.69600000  24.94400000  26.31800000  26.34700000  25.72600000  25.83800000  26.04600000  25.89000000  25.98700000  26.46300000  26.05600000  25.93800000  25.87600000  25.88800000
 27.83300000  27.83300000  27.83300000  27.83300000  27.83300000  27.83300000  23.06500000  22.11400000  21.73600000  22.49800000  22.63200000  22.24400000  22.46400000  23.44900000  23.73900000  24.08100000  24.61800000  24.20100000  26.01100000  26.35000000  26.39300000  25.78900000  25.91500000  25.88300000  26.14000000  26.55000000  26.54100000  25.96700000  26.14500000  25.94200000
 27.83300000  27.83300000  27.83300000  27.83300000  27.83300000  27.83300000  27.83300000  27.83300000  27.83300000  27.83300000  27.83300000  27.83300000  22.38800000  20.00400000  19.74100000  23.43100000  24.46500000  24.74700000  24.68700000  26.37000000  26.40300000  26.46000000  26.44600000  26.52200000  26.44600000  26.64600000  26.56000000  26.56600000  26.04300000  26.00800000
 27.83300000  27.83300000  27.83300000  27.83300000  27.83300000  27.83300000  27.83300000  27.83300000  27.83300000  27.83300000  27.83300000  27.83300000  27.83300000  27.83300000  27.83300000  23.50600000  23.99700000  24.12800000  24.63700000  25.88300000  26.40000000  26.42700000  26.50100000  26.25800000  26.68700000  26.69000000  26.58500000  26.61600000  26.64700000  26.65200000
 27.83300000  27.83300000  27.83300000  27.83300000  27.83300000  27.83300000  27.83300000  27.83300000  27.83300000  27.83300000  27.83300000  27.83300000  27.83300000  27.83300000  27.83300000  27.83300000  23.54700000  22.96000000  24.92300000  23.84500000  25.97000000  26.44100000  26.38700000  26.52700000  26.74900000  26.78700000  26.69700000  26.65700000  26.74900000  26.85100000
 27.83300000  27.83300000  27.83300000  27.83300000  27.83300000  27.83300000  27.83300000  27.83300000  27.83300000  27.83300000  27.83300000  27.83300000  27.83300000  27.83300000  27.83300000  27.83300000  27.83300000  27.83300000  24.36300000  24.91100000  24.65000000  26.55700000  26.46400000  26.66000000  26.71900000  26.74500000  26.76900000  26.68500000  26.84300000  26.82200000
 27.83300000  27.83300000  27.83300000  27.83300000  27.83300000  27.83300000  27.83300000  27.83300000  27.83300000  27.83300000  27.83300000  27.83300000  27.83300000  27.83300000  27.83300000  27.83300000  27.83300000  27.83300000  27.83300000  25.05100000  23.64600000  26.59700000  26.48000000  26.73000000  26.86100000  26.73700000  26.76300000  26.79300000  26.90400000  26.94600000
 27.83300000  27.83300000  27.83300000  27.83300000  27.83300000  27.83300000  27.83300000  27.83300000  27.83300000  27.83300000  27.83300000  27.83300000  27.83300000  27.83300000  27.83300000  27.83300000  27.83300000  27.83300000  27.83300000  24.30800000  24.68400000  26.65600000  26.55900000  26.83300000  26.69100000  26.86300000  26.84400000  26.88200000  26.89500000  27.00900000
 27.83300000  27.83300000  27.83300000  27.83300000  27.83300000  27.83300000  27.83300000  27.83300000  27.83300000  27.83300000  27.83300000  27.83300000  27.83300000  27.83300000  27.83300000  27.83300000  27.83300000  27.83300000  27.83300000  25.08500000  25.63600000  26.64800000  26.75400000  26.84900000  26.65700000  26.82400000  26.73900000  26.79100000  26.92000000  26.94500000
 27.83300000  27.83300000  27.83300000  27.83300000  27.83300000  27.83300000  27.83300000  27.83300000  27.83300000  27.83300000  27.83300000  27.83300000  27.83300000  27.83300000  27.83300000  27.83300000  27.83300000  27.83300000  27.83300000  25.01600000  24.68000000  26.51100000  26.79800000  26.77300000  26.70300000  26.81400000  26.69800000  26.42000000  26.79000000  27.02000000
 27.83300000  27.83300000  27.83300000  27.83300000  27.83300000  27.83300000  27.83300000  27.83300000  27.83300000  27.83300000  27.83300000  27.83300000  27.83300000  27.83300000  27.83300000  27.83300000  27.83300000  27.83300000  27.83300000  27.83300000  25.00000000  25.98800000  26.61900000  26.69400000  26.71200000  26.78100000  26.64100000  26.40700000  26.55700000  26.96800000
 27.83300000  27.83300000  27.83300000  27.83300000  27.83300000  27.83300000  27.83300000  27.83300000  27.83300000  27.83300000  27.83300000  27.83300000  27.83300000  27.83300000  27.83300000  27.83300000  27.83300000  27.83300000  27.83300000  27.83300000  27.83300000  25.08500000  26.41400000  26.61100000  26.69600000  26.69500000  26.60100000  26.40600000  26.74500000  27.02500000
 27.83300000  27.83300000  27.83300000  27.83300000  27.83300000  27.83300000  27.83300000  27.83300000  27.83300000  27.83300000  27.83300000  27.83300000  27.83300000  27.83300000  27.83300000  27.83300000  27.83300000  27.83300000  27.83300000  27.83300000  27.83300000  24.93200000  26.02900000  26.51900000  26.51700000  26.47300000  26.38000000  26.33800000  26.90300000  27.06400000
 27.83300000  27.83300000  27.83300000  27.83300000  27.83300000  27.83300000  27.83300000  27.83300000  27.83300000  27.83300000  27.83300000  27.83300000  27.83300000  27.83300000  27.83300000  27.83300000  27.83300000  27.83300000  27.83300000  27.83300000  27.83300000  27.83300000  25.67100000  26.08100000  26.11500000  26.18500000  26.38000000  26.56200000  26.57500000  27.15100000
 27.83300000  27.83300000  27.83300000  27.83300000  27.83300000  27.83300000  27.83300000  27.83300000  27.83300000  27.83300000  27.83300000  27.83300000  27.83300000  27.83300000  27.83300000  27.83300000  27.83300000  27.83300000  27.83300000  27.83300000  27.83300000  27.83300000  27.83300000  25.86600000  26.23500000  26.25900000  26.30500000  26.52600000  26.76700000  27.09600000
 25.18000000  25.12400000  25.01100000  25.04300000  25.10300000  25.05400000  25.16600000  25.22900000  25.14000000  24.96900000  25.07900000  25.07700000  24.64800000  24.17800000  24.47900000  24.94700000  25.21200000  25.02600000  25.02400000  25.00100000  24.99300000  24.85800000  24.49500000  24.03100000  24.00300000  23.47300000  24.03300000  24.12600000  24.18800000  24.46700000
 25.12200000  25.03500000  24.46700000  25.02200000  25.06700000  24.98000000  24.94100000  24.91600000  24.95900000  25.04900000  25.00900000  24.61900000  24.01000000  24.54700000  24.80600000  25.28200000  24.94100000  24.95000000  25.00700000  24.95600000  24.86900000  24.73000000  24.49600000  23.90800000  24.98100000  25.17500000  25.04300000  25.05900000  24.60200000  24.49000000
 24.99400000  25.09900000  24.98300000  24.90600000  24.96900000  25.02900000  25.03700000  25.01400000  24.94300000  24.72100000  23.84600000  23.78800000  24.53700000  24.79000000  25.20700000  25.10500000  24.96300000  24.94800000  24.77000000  24.69700000  24.58300000  24.23200000  25.41400000  25.21800000  24.99400000  25.03300000  24.88900000  24.88900000  24.92400000  24.82300000
 24.46600000  25.07000000  25.26200000  24.97700000  24.74100000  24.80300000  24.55700000  23.88200000  23.99600000  24.01000000  24.22200000  24.55900000  24.67200000  25.10400000  25.30900000  24.93700000  24.92300000  24.81500000  24.56100000  24.26300000  25.43700000  25.42800000  25.44300000  25.48600000  25.62500000  25.43300000  24.94600000  24.81500000  24.85100000  24.98000000
 24.52600000  24.53700000  24.66800000  25.29700000  25.45200000  24.88500000  24.20100000  23.90400000  24.03100000  24.86400000  24.92300000  24.94000000  25.02700000  25.20900000  25.44200000  24.86800000  24.81500000  24.55600000  25.07400000  25.28900000  25.30800000  25.07100000  24.98000000  25.00700000  25.24100000  25.65100000  25.65500000  24.81000000  24.70600000  24.90300000
 24.54000000  24.08900000  24.16400000  24.31400000  25.53900000  25.48000000  25.24100000  25.19800000  25.16000000  25.15500000  25.10400000  25.10800000  25.10700000  25.18100000  25.49600000  25.00000000  24.50900000  25.18100000  25.29200000  25.23800000  25.00600000  24.80000000  24.57400000  24.78800000  25.14500000  25.73600000  26.01700000  25.61100000  24.72600000  24.89400000
 23.57000000  24.15000000  23.83000000  23.94400000  24.12800000  25.69200000  25.58100000  25.29800000  25.41400000  25.44000000  25.48000000  25.40900000  25.35300000  25.29100000  25.46800000  25.23900000  24.74100000  25.34800000  25.22300000  25.11700000  24.90100000  24.74900000  24.75300000  25.08400000  25.68000000  26.06300000  26.28200000  26.19500000  25.57700000  25.03800000
 22.78700000  23.31400000  23.74800000  23.18000000  23.74900000  23.94800000  25.64600000  26.01800000  25.75700000  25.29000000  25.34100000  25.37600000  25.38300000  25.38400000  25.40400000  25.39900000  24.85700000  25.27100000  25.28300000  25.15400000  25.12600000  25.14600000  25.44600000  25.89400000  25.85100000  25.96400000  26.25600000  26.33200000  25.66400000  25.73900000
 22.68500000  23.23900000  23.03100000  22.76400000  23.32100000  23.57900000  25.04900000  25.77600000  26.12500000  26.10500000  25.29700000  25.38700000  25.44600000  25.46500000  25.48300000  25.45900000  25.32200000  25.30400000  25.36000000  25.52100000  25.55900000  26.12500000  25.90200000  25.84700000  26.04800000  25.92300000  26.08800000  26.27900000  25.77100000  25.87600000
 19.20400000  18.08200000  17.83700000  21.50000000  22.92000000  23.22800000  23.78700000  24.95900000  25.35100000  25.68200000  25.82400000  25.28900000  25.41200000  25.41200000  25.39700000  25.57600000  25.53900000  25.55400000  25.51000000  26.26200000  26.32300000  26.02800000  25.95500000  25.99900000  26.22100000  26.20100000  26.22900000  25.98100000  25.68700000  25.85300000
 19.29900000  27.83300000  17.86300000  17.71600000  21.70900000  22.83800000  23.02400000  23.70900000  24.66100000  24.61800000  24.80500000  25.86500000  25.34200000  25.38200000  25.42300000  25.43400000  25.43500000  26.10400000  26.10700000  26.35700000  26.20200000  25.70200000  25.97700000  26.24100000  26.08100000  25.87200000  25.73600000  25.70400000  25.87600000  25.77100000
 27.83300000  27.83300000  27.83300000  27.83300000  18.46000000  20.69300000  22.09400000  22.81300000  23.88600000  24.31500000  23.60700000  24.07500000  25.38500000  25.83100000  25.98400000  25.95600000  25.68000000  25.56100000  26.30300000  26.32500000  25.76600000  25.97700000  26.03100000  26.01200000  26.28300000  26.12300000  25.69500000  25.95400000  25.91000000  25.69400000
 27.83300000  27.83300000  27.83300000  27.83300000  27.83300000  17.94400000  18.71500000  19.69600000  23.05400000  23.21400000  23.22300000  22.97700000  23.63700000  24.37300000  24.95700000  25.04200000  24.66900000  24.92100000  26.31000000  26.34000000  25.71700000  25.83100000  26.03300000  25.87500000  25.97400000  26.45600000  26.04800000  25.93200000  25.87000000  25.88300000
 27.83300000  27.83300000  27.83300000  27.83300000  27.83300000  27.83300000  27.83300000  17.81900000  17.13700000  18.51200000  21.01100000  20.22700000  20.31300000  22.82500000  23.60700000  24.08400000  24.59300000  24.12000000  26.00500000  26.34200000  26.38700000  25.77700000  25.90200000  25.86900000  26.12700000  26.54200000  26.53600000  25.96000000  26.13800000  25.93700000
 27.83300000  27.83300000  27.83300000  27.83300000  27.83300000  27.83300000  27.83300000  27.83300000  27.83300000  27.83300000  27.83300000  27.83300000  27.83300000  27.83300000  27.83300000  19.29500000  24.28900000  24.70100000  24.64600000  26.36400000  26.39400000  26.45300000  26.44000000  26.51200000  26.43100000  26.63700000  26.55400000  26.56400000  26.03500000  26.00100000
 27.83300000  27.83300000  27.83300000  27.83300000  27.83300000  27.83300000  27.83300000  27.83300000  27.83300000  27.83300000  27.83300000  27.83300000  27.83300000  27.83300000  27.83300000  27.83300000  23.57300000  24.07900000  24.59600000  25.86600000  26.39300000  26.41900000  26.49200000  26.24400000  26.67700000  26.68200000  26.57700000  26.61100000  26.64400000  26.64700000
 27.83300000  27.83300000  27.83300000  27.83300000  27.83300000  27.83300000  27.83300000  27.83300000  27.83300000  27.83300000  27.83300000  27.83300000  27.83300000  27.83300000  27.83300000  27.83300000  27.83300000  20.43200000  22.74500000  23.51300000  25.92400000  26.43100000  26.37600000  26.51200000  26.73800000  26.77900000  26.69000000  26.65100000  26.74400000  26.84800000
 27.83300000  27.83300000  27.83300000  27.83300000  27.83300000  27.83300000  27.83300000  27.83300000  27.83300000  27.83300000  27.83300000  27.83300000  27.83300000  27.83300000  27.83300000  27.83300000  27.83300000  27.83300000  27.83300000  24.82400000  24.56700000  26.54100000  26.44800000  26.64700000  26.70700000  26.73500000  26.76200000  26.68000000  26.84100000  26.81900000
 27.83300000  27.83300000  27.83300000  27.83300000  27.83300000  27.83300000  27.83300000  27.83300000  27.83300000  27.83300000  27.83300000  27.83300000  27.83300000  27.83300000  27.83300000  27.83300000  27.83300000  27.83300000  27.83300000  27.83300000  23.51900000  26.57700000  26.47100000  26.71700000  26.84900000  26.72800000  26.75400000  26.79000000  26.90000000  26.94200000
 27.83300000  27.83300000  27.83300000  27.83300000  27.83300000  27.83300000  27.83300000  27.83300000  27.83300000  27.83300000  27.83300000  27.83300000  27.83300000  27.83300000  27.83300000  27.83300000  27.83300000  27.83300000  27.83300000  27.83300000  23.22100000  26.63500000  26.54300000  26.82100000  26.68100000  26.85500000  26.83500000  26.87700000  26.89000000  27.00700000
 27.83300000  27.83300000  27.83300000  27.83300000  27.83300000  27.83300000  27.83300000  27.83300000  27.83300000  27.83300000  27.83300000  27.83300000  27.83300000  27.83300000  27.83300000  27.83300000  27.83300000  27.83300000  27.83300000  27.83300000  22.55200000  26.62900000  26.74300000  26.83700000  26.64600000  26.81400000  26.73100000  26.78500000  26.91500000  26.94400000
 27.83300000  27.83300000  27.83300000  27.83300000  27.83300000  27.83300000  27.83300000  27.83300000  27.83300000  27.83300000  27.83300000  27.83300000  27.83300000  27.83300000  27.83300000  27.83300000  27.83300000  27.83300000  27.83300000  27.83300000  22.92100000  26.48800000  26.78300000  26.76100000  26.68800000  26.80200000  26.68700000  26.41000000  26.78100000  27.01600000
 27.83300000  27.83300000  27.83300000  27.83300000  27.83300000  27.83300000  27.83300000  27.83300000  27.83300000  27.83300000  27.83300000  27.83300000  27.83300000  27.83300000  27.83300000  27.83300000  27.83300000  27.83300000  27.83300000  27.83300000  27.83300000  25.93100000  26.61100000  26.67900000  26.69800000  26.76900000  26.63300000  26.39800000  26.54400000  26.96300000
 27.83300000  27.83300000  27.83300000  27.83300000  27.83300000  27.83300000  27.83300000  27.83300000  27.83300000  27.83300000  27.83300000  27.83300000  27.83300000  27.83300000  27.83300000  27.83300000  27.83300000  27.83300000  27.83300000  27.83300000  27.83300000  24.41400000  26.41100000  26.60700000  26.68800000  26.68800000  26.59600000  26.39500000  26.73300000  27.02200000
 27.83300000  27.83300000  27.83300000  27.83300000  27.83300000  27.83300000  27.83300000  27.83300000  27.83300000  27.83300000  27.83300000  27.83300000  27.83300000  27.83300000  27.83300000  27.83300000  27.83300000  27.83300000  27.83300000  27.83300000  27.83300000  27.83300000  26.02800000  26.51800000  26.50900000  26.46100000  26.37000000  26.32700000  26.89600000  27.06200000
 27.83300000  27.83300000  27.83300000  27.83300000  27.83300000  27.83300000  27.83300000  27.83300000  27.83300000  27.83300000  27.83300000  27.83300000  27.83300000  27.83300000  27.83300000  27.83300000  27.83300000  27.83300000  27.83300000  27.83300000  27.83300000  27.83300000  25.65500000  26.07500000  26.09900000  26.17100000  26.37100000  26.55300000  26.54400000  27.15000000
 27.83300000  27.83300000  27.83300000  27.83300000  27.83300000  27.83300000  27.83300000  27.83300000  27.83300000  27.83300000  27.83300000  27.83300000  27.83300000  27.83300000  27.83300000  27.83300000  27.83300000  27.83300000  27.83300000  27.83300000  27.83300000  27.83300000  27.83300000  25.82600000  26.22500000  26.24600000  26.29400000  26.51700000  26.77300000  27.09300000
