36.98300000 36.91100000 36.93000000 37.03300000 37.18800000 37.20700000 37.22800000 37.24500000 37.19300000 37.16200000 37.09200000 36.97800000 36.85600000 36.64000000 36.82000000 36.90300000 37.06500000 37.02500000 37.06300000 37.03100000 36.99000000 36.96700000 36.79800000 36.53800000 36.60500000 36.39300000 36.65000000 36.64000000 36.63800000 36.82500000
36.90700000 36.84800000 36.90900000 37.15100000 37.14300000 37.17500000 37.17800000 37.16100000 37.13400000 37.05900000 36.95400000 36.82800000 36.61700000 36.90500000 36.89000000 37.12900000 37.00400000 37.07500000 37.04200000 37.00800000 36.95800000 36.86900000 36.79000000 36.61600000 37.06300000 37.11200000 37.04700000 37.08000000 36.93700000 36.88200000
36.89200000 37.01400000 36.89800000 37.08600000 37.07600000 37.06600000 37.06000000 37.01100000 36.95100000 36.87000000 36.56100000 36.49800000 36.92300000 36.89600000 36.96800000 37.06400000 37.04600000 37.05500000 36.95200000 36.90300000 36.84300000 36.73200000 37.21700000 37.13100000 37.00400000 37.06800000 37.00900000 37.02100000 36.97200000 36.87200000
36.34600000 37.10200000 37.13500000 36.87500000 37.00400000 37.00200000 36.89300000 36.57500000 36.66000000 36.68400000 36.81900000 36.94500000 36.90900000 36.93800000 36.99900000 36.97600000 37.01900000 36.98000000 36.87400000 36.74100000 37.27200000 37.25400000 37.22900000 37.23300000 37.26100000 37.26500000 36.96000000 36.83800000 36.74200000 36.82900000
35.78100000 36.93100000 36.92600000 37.20100000 37.14600000 36.87000000 36.76100000 36.58900000 36.67900000 36.96500000 36.94900000 36.94000000 36.94200000 36.92700000 37.03400000 36.93100000 36.95700000 36.87000000 37.07700000 37.24000000 37.22100000 37.17000000 37.14200000 37.15200000 37.18000000 37.23800000 37.28300000 36.80800000 36.60200000 36.65400000
35.76400000 36.72300000 36.77700000 36.71600000 37.29200000 37.13300000 36.93800000 36.91400000 36.88500000 36.86400000 36.83400000 36.85000000 36.86900000 36.89900000 37.04900000 36.99400000 36.78700000 37.09800000 37.23200000 37.22100000 37.15800000 37.04400000 36.97700000 37.05300000 37.16600000 37.24600000 37.33500000 37.28300000 36.72900000 36.65400000
36.01600000 36.66900000 36.51900000 36.68300000 36.62100000 37.33500000 37.17200000 36.91700000 36.97000000 36.99700000 37.03400000 37.01000000 37.00600000 37.01800000 37.05100000 37.11400000 36.91300000 37.19300000 37.21500000 37.18600000 37.12100000 37.03400000 37.04800000 37.16400000 37.23100000 37.41700000 37.45700000 37.43200000 37.25700000 36.80400000
35.55200000 35.80200000 36.46000000 36.18300000 36.49600000 36.50900000 37.30200000 37.39200000 37.26000000 36.93500000 36.93200000 36.96800000 37.01600000 37.03200000 37.03300000 37.13300000 36.96300000 37.15700000 37.20800000 37.18700000 37.17900000 37.17800000 37.18600000 37.32800000 37.35600000 37.38900000 37.44800000 37.47100000 37.29100000 37.33000000
35.37400000 35.66200000 35.77100000 35.90300000 36.36400000 36.14800000 37.18200000 37.34400000 37.41200000 37.37600000 36.96800000 36.96300000 37.02800000 37.06500000 37.05000000 37.16800000 37.16800000 37.17400000 37.19100000 37.24500000 37.13300000 37.37100000 37.31800000 37.34900000 37.41800000 37.39200000 37.43300000 37.47800000 37.30600000 37.27000000
35.29100000 35.52200000 35.59600000 35.53100000 35.94500000 35.99900000 36.50600000 37.12000000 37.19600000 37.27400000 37.23500000 36.97000000 36.96300000 36.99400000 37.04600000 37.24700000 37.24500000 37.24400000 37.08700000 37.37700000 37.38600000 37.32700000 37.37600000 37.34400000 37.42900000 37.45400000 37.46600000 37.36200000 37.28900000 37.21800000
34.99000000 35.07000000 35.46200000 35.51000000 35.58300000 35.84500000 35.74000000 36.51600000 37.05400000 36.98000000 36.97600000 37.31300000 37.00500000 36.98500000 37.02100000 37.09700000 37.07300000 37.35000000 37.31100000 37.37600000 37.35000000 37.27600000 37.33100000 37.33100000 37.34600000 37.33800000 37.32200000 37.29200000 37.25800000 37.15200000
37.59700000 37.59700000 37.59700000 35.34200000 35.51300000 35.56700000 35.62600000 35.72600000 36.67800000 36.90800000 36.46400000 36.65700000 37.17500000 37.30700000 37.33600000 37.31900000 37.22100000 37.12100000 37.36600000 37.38200000 37.23900000 37.35200000 37.28300000 37.29600000 37.37800000 37.36300000 37.26400000 37.33200000 37.20400000 37.13300000
37.59700000 37.59700000 37.59700000 37.59700000 35.27800000 35.53400000 35.58300000 35.69000000 36.13600000 36.33500000 36.30200000 36.28600000 36.54100000 36.46500000 37.11800000 37.09500000 36.91800000 36.96300000 37.36100000 37.42200000 37.20900000 37.27800000 37.25500000 37.23600000 37.30500000 37.39700000 37.35200000 37.32300000 37.22000000 37.16400000
37.59700000 37.59700000 37.59700000 37.59700000 37.59700000 37.59700000 35.49100000 35.58400000 35.68900000 35.84200000 36.12700000 36.17200000 36.12000000 36.18300000 36.13600000 36.12100000 36.62700000 36.95000000 37.24400000 37.42800000 37.41800000 37.21800000 37.22300000 37.19600000 37.34700000 37.39200000 37.46200000 37.33100000 37.40000000 37.22000000
37.59700000 37.59700000 37.59700000 37.59700000 37.59700000 37.59700000 37.59700000 37.59700000 37.59700000 37.59700000 37.59700000 37.59700000 36.12100000 36.02000000 35.97000000 36.04300000 36.53800000 36.93300000 36.95400000 37.34200000 37.43600000 37.41600000 37.40600000 37.41000000 37.35600000 37.37800000 37.42500000 37.47900000 37.34200000 37.38400000
37.59700000 37.59700000 37.59700000 37.59700000 37.59700000 37.59700000 37.59700000 37.59700000 37.59700000 37.59700000 37.59700000 37.59700000 37.59700000 37.59700000 37.59700000 36.03100000 36.50400000 36.49200000 36.95300000 37.27300000 37.36000000 37.42600000 37.42300000 37.36600000 37.33400000 37.38400000 37.40500000 37.45800000 37.52600000 37.53400000
37.59700000 37.59700000 37.59700000 37.59700000 37.59700000 37.59700000 37.59700000 37.59700000 37.59700000 37.59700000 37.59700000 37.59700000 37.59700000 37.59700000 37.59700000 37.59700000 35.99700000 36.12100000 36.94800000 36.71100000 37.23600000 37.38400000 37.41200000 37.34500000 37.35000000 37.38700000 37.37400000 37.40500000 37.41900000 37.55400000
37.59700000 37.59700000 37.59700000 37.59700000 37.59700000 37.59700000 37.59700000 37.59700000 37.59700000 37.59700000 37.59700000 37.59700000 37.59700000 37.59700000 37.59700000 37.59700000 37.59700000 37.59700000 36.09500000 36.96800000 36.83400000 37.37100000 37.39700000 37.33100000 37.36300000 37.37500000 37.38600000 37.33600000 37.38600000 37.48400000
37.59700000 37.59700000 37.59700000 37.59700000 37.59700000 37.59700000 37.59700000 37.59700000 37.59700000 37.59700000 37.59700000 37.59700000 37.59700000 37.59700000 37.59700000 37.59700000 37.59700000 37.59700000 37.59700000 36.94100000 36.66400000 37.37800000 37.35300000 37.37200000 37.43200000 37.38900000 37.37600000 37.35300000 37.39100000 37.40600000
37.59700000 37.59700000 37.59700000 37.59700000 37.59700000 37.59700000 37.59700000 37.59700000 37.59700000 37.59700000 37.59700000 37.59700000 37.59700000 37.59700000 37.59700000 37.59700000 37.59700000 37.59700000 37.59700000 36.71600000 36.93700000 37.38500000 37.31400000 37.41500000 37.41200000 37.44800000 37.39800000 37.36900000 37.35400000 37.42000000
37.59700000 37.59700000 37.59700000 37.59700000 37.59700000 37.59700000 37.59700000 37.59700000 37.59700000 37.59700000 37.59700000 37.59700000 37.59700000 37.59700000 37.59700000 37.59700000 37.59700000 37.59700000 37.59700000 36.79500000 37.06100000 37.37500000 37.37500000 37.41300000 37.40200000 37.41600000 37.36400000 37.33600000 37.36600000 37.36300000
37.59700000 37.59700000 37.59700000 37.59700000 37.59700000 37.59700000 37.59700000 37.59700000 37.59700000 37.59700000 37.59700000 37.59700000 37.59700000 37.59700000 37.59700000 37.59700000 37.59700000 37.59700000 37.59700000 36.52800000 36.69200000 37.31100000 37.39600000 37.38700000 37.39000000 37.38800000 37.33800000 37.28800000 37.30500000 37.36900000
37.59700000 37.59700000 37.59700000 37.59700000 37.59700000 37.59700000 37.59700000 37.59700000 37.59700000 37.59700000 37.59700000 37.59700000 37.59700000 37.59700000 37.59700000 37.59700000 37.59700000 37.59700000 37.59700000 37.59700000 36.67500000 37.13700000 37.35000000 37.37300000 37.37400000 37.35400000 37.32100000 37.31000000 37.29300000 37.32900000
37.59700000 37.59700000 37.59700000 37.59700000 37.59700000 37.59700000 37.59700000 37.59700000 37.59700000 37.59700000 37.59700000 37.59700000 37.59700000 37.59700000 37.59700000 37.59700000 37.59700000 37.59700000 37.59700000 37.59700000 37.59700000 36.74200000 37.27900000 37.34900000 37.36100000 37.34500000 37.33100000 37.29900000 37.30000000 37.32900000
37.59700000 37.59700000 37.59700000 37.59700000 37.59700000 37.59700000 37.59700000 37.59700000 37.59700000 37.59700000 37.59700000 37.59700000 37.59700000 37.59700000 37.59700000 37.59700000 37.59700000 37.59700000 37.59700000 37.59700000 37.59700000 36.51600000 37.11300000 37.31700000 37.32300000 37.31800000 37.27100000 37.22400000 37.28400000 37.31800000
37.59700000 37.59700000 37.59700000 37.59700000 37.59700000 37.59700000 37.59700000 37.59700000 37.59700000 37.59700000 37.59700000 37.59700000 37.59700000 37.59700000 37.59700000 37.59700000 37.59700000 37.59700000 37.59700000 37.59700000 37.59700000 37.59700000 36.79300000 37.14000000 37.15500000 37.17900000 37.22100000 37.27700000 37.26000000 37.31300000
37.59700000 37.59700000 37.59700000 37.59700000 37.59700000 37.59700000 37.59700000 37.59700000 37.59700000 37.59700000 37.59700000 37.59700000 37.59700000 37.59700000 37.59700000 37.59700000 37.59700000 37.59700000 37.59700000 37.59700000 37.59700000 37.59700000 37.59700000 36.66200000 37.10700000 37.19700000 37.22100000 37.22400000 37.24300000 37.29800000
36.98200000 36.91000000 36.92800000 37.03100000 37.18700000 37.20700000 37.22700000 37.24400000 37.19300000 37.16000000 37.09600000 36.97900000 36.85600000 36.67400000 36.82000000 36.89900000 37.06400000 37.02300000 37.06300000 37.03400000 36.99000000 36.96600000 36.79800000 36.53200000 36.60000000 36.38900000 36.64600000 36.63800000 36.63400000 36.82200000
36.90700000 36.84700000 36.90800000 37.15000000 37.14200000 37.17400000 37.17800000 37.16100000 37.13300000 37.05900000 36.95400000 36.83000000 36.61400000 36.90300000 36.88900000 37.12700000 37.00200000 37.07400000 37.04100000 37.00600000 36.95700000 36.86700000 36.79000000 36.61500000 37.05500000 37.11100000 37.04500000 37.07800000 36.93700000 36.88200000
36.89500000 37.01200000 36.90000000 37.08600000 37.07500000 37.06600000 37.06000000 37.01100000 36.95100000 36.87200000 36.56500000 36.49300000 36.92000000 36.89400000 36.96700000 37.06300000 37.04400000 37.05300000 36.95000000 36.90200000 36.84100000 36.72300000 37.21700000 37.12900000 37.00200000 37.06600000 37.00700000 37.01900000 36.97000000 36.87000000
36.66700000 37.10000000 37.13300000 36.87300000 37.00400000 37.00100000 36.89500000 36.57800000 36.66100000 36.68700000 36.81600000 36.94300000 36.90800000 36.93600000 36.99800000 36.97500000 37.01800000 36.97900000 36.87300000 36.73600000 37.27100000 37.25300000 37.22700000 37.23100000 37.26000000 37.26400000 36.95900000 36.83800000 36.74200000 36.82700000
36.71400000 36.92900000 36.92800000 37.20000000 37.14400000 36.86600000 36.75300000 36.58600000 36.66700000 36.96400000 36.94800000 36.93800000 36.94000000 36.92600000 37.03200000 36.93100000 36.95600000 36.86900000 37.06800000 37.23700000 37.22000000 37.16800000 37.14000000 37.15000000 37.17800000 37.23900000 37.28300000 36.80900000 36.60000000 36.65300000
36.50100000 36.72200000 36.77800000 36.71800000 37.29000000 37.13100000 36.93700000 36.91200000 36.88300000 36.86200000 36.83300000 36.84900000 36.86700000 36.89700000 37.04700000 36.99400000 36.78600000 37.09300000 37.23000000 37.21800000 37.15700000 37.04300000 36.97600000 37.05000000 37.16400000 37.24600000 37.33400000 37.28200000 36.73100000 36.65200000
36.01500000 36.67600000 36.51800000 36.68200000 36.66200000 37.33300000 37.16900000 36.91500000 36.96900000 36.99500000 37.03300000 37.00900000 37.00500000 37.01700000 37.04900000 37.11300000 36.90900000 37.19100000 37.21300000 37.18400000 37.12000000 37.03200000 37.04500000 37.16200000 37.22700000 37.41500000 37.45600000 37.43200000 37.25700000 36.82100000
35.63400000 35.98600000 36.48000000 36.19300000 36.49900000 36.58600000 37.30100000 37.39100000 37.25600000 36.93300000 36.93100000 36.96700000 37.01400000 37.03000000 37.03100000 37.13100000 36.96100000 37.15500000 37.20600000 37.18400000 37.17400000 37.17600000 37.18400000 37.32600000 37.35400000 37.38800000 37.44800000 37.47100000 37.29100000 37.33300000
35.96200000 35.89000000 35.80300000 35.91700000 36.36700000 36.15700000 37.17900000 37.34300000 37.41100000 37.37500000 36.96700000 36.96100000 37.02600000 37.06300000 37.04800000 37.16500000 37.16600000 37.17100000 37.18800000 37.24300000 37.12900000 37.36900000 37.31600000 37.34700000 37.41600000 37.39200000 37.43200000 37.47800000 37.30600000 37.27100000
36.03500000 35.87800000 35.81000000 36.29100000 36.00600000 36.04000000 36.54200000 37.11900000 37.19600000 37.27400000 37.23300000 36.96800000 36.96200000 36.99300000 37.04300000 37.24400000 37.24300000 37.24200000 37.08100000 37.37400000 37.38400000 37.32500000 37.37200000 37.34300000 37.42800000 37.45300000 37.46500000 37.36300000 37.28900000 37.21900000
35.83000000 37.59700000 35.82900000 35.79200000 36.31300000 35.95500000 35.82200000 36.54600000 37.05200000 36.98200000 36.97900000 37.31100000 37.00300000 36.98300000 37.01900000 37.09500000 37.07500000 37.34700000 37.30800000 37.37400000 37.34800000 37.27200000 37.33100000 37.32800000 37.34500000 37.33600000 37.32000000 37.29100000 37.26000000 37.15400000
37.59700000 37.59700000 37.59700000 37.59700000 35.76100000 36.27200000 35.87000000 35.79600000 36.68400000 36.90700000 36.47100000 36.65700000 37.17800000 37.30600000 37.33300000 37.31800000 37.22000000 37.11900000 37.36200000 37.37900000 37.23800000 37.34800000 37.28000000 37.29300000 37.37500000 37.36000000 37.26300000 37.33100000 37.20600000 37.13400000
37.59700000 37.59700000 37.59700000 37.59700000 37.59700000 35.77100000 35.78500000 35.90400000 36.25200000 36.37300000 36.31300000 36.28600000 36.55200000 36.60700000 37.11500000 37.09500000 36.91700000 36.95900000 37.35700000 37.41900000 37.20800000 37.27500000 37.25200000 37.23300000 37.30100000 37.39500000 37.35100000 37.32000000 37.22100000 37.16300000
37.59700000 37.59700000 37.59700000 37.59700000 37.59700000 37.59700000 37.59700000 35.76600000 35.74600000 35.98800000 36.33400000 36.18100000 36.26900000 36.44800000 36.25000000 36.16600000 36.63900000 36.94000000 37.23900000 37.42500000 37.41600000 37.21600000 37.22000000 37.19300000 37.34400000 37.38900000 37.46000000 37.33000000 37.39800000 37.21800000
37.59700000 37.59700000 37.59700000 37.59700000 37.59700000 37.59700000 37.59700000 37.59700000 37.59700000 37.59700000 37.59700000 37.59700000 37.59700000 37.59700000 37.59700000 36.11800000 36.51800000 36.93100000 36.95200000 37.33900000 37.43300000 37.41300000 37.40300000 37.40600000 37.35300000 37.37500000 37.42200000 37.47700000 37.34300000 37.38400000
37.59700000 37.59700000 37.59700000 37.59700000 37.59700000 37.59700000 37.59700000 37.59700000 37.59700000 37.59700000 37.59700000 37.59700000 37.59700000 37.59700000 37.59700000 37.59700000 36.49800000 36.52900000 36.95000000 37.26500000 37.35700000 37.42300000 37.42000000 37.36300000 37.33000000 37.38100000 37.40400000 37.45700000 37.52500000 37.53300000
37.59700000 37.59700000 37.59700000 37.59700000 37.59700000 37.59700000 37.59700000 37.59700000 37.59700000 37.59700000 37.59700000 37.59700000 37.59700000 37.59700000 37.59700000 37.59700000 37.59700000 36.27900000 36.58700000 36.68200000 37.21700000 37.38000000 37.40900000 37.34200000 37.34700000 37.38400000 37.37200000 37.40400000 37.41700000 37.55300000
37.59700000 37.59700000 37.59700000 37.59700000 37.59700000 37.59700000 37.59700000 37.59700000 37.59700000 37.59700000 37.59700000 37.59700000 37.59700000 37.59700000 37.59700000 37.59700000 37.59700000 37.59700000 37.59700000 36.95500000 36.83200000 37.36600000 37.39300000 37.32700000 37.36000000 37.37200000 37.38300000 37.33400000 37.38400000 37.48200000
37.59700000 37.59700000 37.59700000 37.59700000 37.59700000 37.59700000 37.59700000 37.59700000 37.59700000 37.59700000 37.59700000 37.59700000 37.59700000 37.59700000 37.59700000 37.59700000 37.59700000 37.59700000 37.59700000 37.59700000 36.66300000 37.37100000 37.34900000 37.36700000 37.42800000 37.38500000 37.37300000 37.35100000 37.38800000 37.40400000
37.59700000 37.59700000 37.59700000 37.59700000 37.59700000 37.59700000 37.59700000 37.59700000 37.59700000 37.59700000 37.59700000 37.59700000 37.59700000 37.59700000 37.59700000 37.59700000 37.59700000 37.59700000 37.59700000 37.59700000 36.71400000 37.37900000 37.31000000 37.41000000 37.40800000 37.44500000 37.39600000 37.36700000 37.35200000 37.41800000
37.59700000 37.59700000 37.59700000 37.59700000 37.59700000 37.59700000 37.59700000 37.59700000 37.59700000 37.59700000 37.59700000 37.59700000 37.59700000 37.59700000 37.59700000 37.59700000 37.59700000 37.59700000 37.59700000 37.59700000 36.56200000 37.37000000 37.37000000 37.40900000 37.39800000 37.41200000 37.36300000 37.33400000 37.36400000 37.36100000
37.59700000 37.59700000 37.59700000 37.59700000 37.59700000 37.59700000 37.59700000 37.59700000 37.59700000 37.59700000 37.59700000 37.59700000 37.59700000 37.59700000 37.59700000 37.59700000 37.59700000 37.59700000 37.59700000 37.59700000 36.57300000 37.30500000 37.39100000 37.38300000 37.38600000 37.38300000 37.33500000 37.28500000 37.30300000 37.36700000
37.59700000 37.59700000 37.59700000 37.59700000 37.59700000 37.59700000 37.59700000 37.59700000 37.59700000 37.59700000 37.59700000 37.59700000 37.59700000 37.59700000 37.59700000 37.59700000 37.59700000 37.59700000 37.59700000 37.59700000 37.59700000 37.12100000 37.34600000 37.36800000 37.37000000 37.35000000 37.31800000 37.30700000 37.28900000 37.32600000
37.59700000 37.59700000 37.59700000 37.59700000 37.59700000 37.59700000 37.59700000 37.59700000 37.59700000 37.59700000 37.59700000 37.59700000 37.59700000 37.59700000 37.59700000 37.59700000 37.59700000 37.59700000 37.59700000 37.59700000 37.59700000 36.72000000 37.27600000 37.34600000 37.35700000 37.34200000 37.32900000 37.29600000 37.29600000 37.32700000
37.59700000 37.59700000 37.59700000 37.59700000 37.59700000 37.59700000 37.59700000 37.59700000 37.59700000 37.59700000 37.59700000 37.59700000 37.59700000 37.59700000 37.59700000 37.59700000 37.59700000 37.59700000 37.59700000 37.59700000 37.59700000 37.59700000 37.11000000 37.31400000 37.32000000 37.31500000 37.26900000 37.22000000 37.28100000 37.31600000
37.59700000 37.59700000 37.59700000 37.59700000 37.59700000 37.59700000 37.59700000 37.59700000 37.59700000 37.59700000 37.59700000 37.59700000 37.59700000 37.59700000 37.59700000 37.59700000 37.59700000 37.59700000 37.59700000 37.59700000 37.59700000 37.59700000 36.78600000 37.13700000 37.15100000 37.17600000 37.21700000 37.27300000 37.25300000 37.31200000
37.59700000 37.59700000 37.59700000 37.59700000 37.59700000 37.59700000 37.59700000 37.59700000 37.59700000 37.59700000 37.59700000 37.59700000 37.59700000 37.59700000 37.59700000 37.59700000 37.59700000 37.59700000 37.59700000 37.59700000 37.59700000 37.59700000 37.59700000 36.64800000 37.10400000 37.19300000 37.21700000 37.22100000 37.24100000 37.29500000
