25.16400000 25.08900000 24.98500000 25.03600000 25.08900000 25.03600000 25.15700000 25.21500000 25.12200000 24.90800000 25.01500000 25.05200000 24.64100000 24.13900000 24.50500000 24.94500000 25.19300000 24.96900000 25.02900000 24.99200000 24.97100000 24.83100000 24.48100000 24.05600000 23.99800000 23.47700000 24.06300000 24.12700000 24.18500000 24.48000000
25.08500000 25.04000000 24.48800000 25.02800000 25.07300000 24.98700000 24.94700000 24.91900000 24.96700000 25.05500000 25.01600000 24.62500000 24.03800000 24.57100000 24.83100000 25.29000000 24.95100000 24.96100000 25.02000000 24.96700000 24.88200000 24.74400000 24.50500000 23.93500000 25.04100000 25.18400000 25.05700000 25.07000000 24.61400000 24.50500000
24.97000000 25.11400000 25.00500000 24.91500000 24.97900000 25.03900000 25.04400000 25.02000000 24.94800000 24.72200000 23.85800000 23.81900000 24.55600000 24.81100000 25.21700000 25.11100000 24.97200000 24.96000000 24.78400000 24.71600000 24.59700000 24.29200000 25.41100000 25.23600000 25.01200000 25.05100000 24.90900000 24.91100000 24.94500000 24.83600000
24.08700000 25.08600000 25.28000000 25.01200000 24.74900000 24.81700000 24.56400000 23.89400000 24.01400000 24.01700000 24.24300000 24.57800000 24.68400000 25.11600000 25.31600000 24.94300000 24.93200000 24.82900000 24.57500000 24.30500000 25.44300000 25.44100000 25.45500000 25.49700000 25.64200000 25.45700000 24.96500000 24.83300000 24.86700000 24.98800000
23.63600000 24.55100000 24.66200000 25.29900000 25.48600000 24.98000000 24.24800000 23.93500000 24.09300000 24.89200000 24.94800000 24.96500000 25.04200000 25.21500000 25.44800000 24.87300000 24.82700000 24.57300000 25.10300000 25.30400000 25.32000000 25.08800000 25.00300000 25.02900000 25.26400000 25.66300000 25.67800000 24.82500000 24.72500000 24.91800000
23.66800000 24.11200000 24.18100000 24.31500000 25.53200000 25.49900000 25.25400000 25.21400000 25.18300000 25.17100000 25.11300000 25.11900000 25.12000000 25.19000000 25.50200000 25.00500000 24.52900000 25.19800000 25.30400000 25.25600000 25.02400000 24.82400000 24.60400000 24.81800000 25.17600000 25.75300000 26.02800000 25.63500000 24.74800000 24.90900000
23.59100000 24.16300000 23.86000000 23.96200000 24.07000000 25.69000000 25.61600000 25.31100000 25.43100000 25.46000000 25.49300000 25.41800000 25.36100000 25.30000000 25.47600000 25.24800000 24.76200000 25.36100000 25.24000000 25.13700000 24.92900000 24.78500000 24.79400000 25.12000000 25.71900000 26.07200000 26.28800000 26.20700000 25.58400000 25.04500000
22.71100000 23.22700000 23.74500000 23.20100000 23.76500000 23.86400000 25.64900000 26.01500000 25.80000000 25.30800000 25.35100000 25.38600000 25.39100000 25.39500000 25.41400000 25.40900000 24.87300000 25.29000000 25.30500000 25.18000000 25.15600000 25.18300000 25.49200000 25.90700000 25.85900000 25.96400000 26.26000000 26.33900000 25.67000000 25.73000000
22.81400000 23.01000000 23.02200000 22.81200000 23.34800000 23.58600000 25.06400000 25.77700000 26.12700000 26.09700000 25.30700000 25.39700000 25.45900000 25.47600000 25.49600000 25.47100000 25.33700000 25.32500000 25.38600000 25.54700000 25.60100000 26.16600000 25.93000000 25.87800000 26.06800000 25.92800000 26.09200000 26.28700000 25.77600000 25.87900000
22.39400000 21.14200000 20.68600000 22.67800000 22.94400000 23.21800000 23.76000000 24.95800000 25.33700000 25.68300000 25.82700000 25.30400000 25.42600000 25.42600000 25.41400000 25.59200000 25.55700000 25.57700000 25.55000000 26.28700000 26.34800000 26.04500000 25.99700000 26.02500000 26.23600000 26.21100000 26.23900000 25.98900000 25.70200000 25.85500000
23.16200000 22.57500000 21.48000000 21.92900000 22.75400000 22.87400000 22.97500000 23.69200000 24.66700000 24.62000000 24.79000000 25.87100000 25.36000000 25.39700000 25.44000000 25.45400000 25.45000000 26.12800000 26.13200000 26.37800000 26.23300000 25.74100000 25.99900000 26.27200000 26.12300000 25.89100000 25.75800000 25.73000000 25.88900000 25.76600000
27.83300000 27.83300000 27.83300000 23.09700000 22.48700000 22.80900000 22.66300000 22.86300000 23.91900000 24.32800000 23.64800000 24.10300000 25.40400000 25.84600000 26.00200000 25.96400000 25.67800000 25.59100000 26.32800000 26.34700000 25.79600000 26.01100000 26.08000000 26.04800000 26.31200000 26.15700000 25.72700000 25.97300000 25.92600000 25.69700000
27.83300000 27.83300000 27.83300000 27.83300000 23.31100000 22.72800000 21.96700000 22.21400000 23.10000000 23.19600000 23.26300000 23.11500000 23.69800000 24.22000000 25.01700000 25.07600000 24.72000000 24.97600000 26.34200000 26.36900000 25.74600000 25.86000000 26.07400000 25.92100000 26.01600000 26.48200000 26.07300000 25.95600000 25.89100000 25.89600000
27.83300000 27.83300000 27.83300000 27.83300000 27.83300000 27.83300000 23.19900000 22.18800000 21.80300000 22.57800000 22.70100000 22.30300000 22.49500000 23.49500000 23.76600000 24.11800000 24.65800000 24.27200000 26.06600000 26.37400000 26.41300000 25.81400000 25.94400000 25.91500000 26.16900000 26.57300000 26.55800000 25.98700000 26.16100000 25.95300000
27.83300000 27.83300000 27.83300000 27.83300000 27.83300000 27.83300000 27.83300000 27.83300000 27.83300000 27.83300000 27.83300000 27.83300000 22.57700000 19.99000000 19.77400000 23.47900000 24.50600000 24.79700000 24.72600000 26.38700000 26.42600000 26.48200000 26.47000000 26.55200000 26.49200000 26.67300000 26.57900000 26.58200000 26.07000000 26.02100000
27.83300000 27.83300000 27.83300000 27.83300000 27.83300000 27.83300000 27.83300000 27.83300000 27.83300000 27.83300000 27.83300000 27.83300000 27.83300000 27.83300000 27.83300000 23.55900000 24.03700000 24.19800000 24.64400000 25.95100000 26.42300000 26.45000000 26.51900000 26.29200000 26.72200000 26.71500000 26.60600000 26.63200000 26.66600000 26.65700000
27.83300000 27.83300000 27.83300000 27.83300000 27.83300000 27.83300000 27.83300000 27.83300000 27.83300000 27.83300000 27.83300000 27.83300000 27.83300000 27.83300000 27.83300000 27.83300000 23.62000000 23.04200000 24.99700000 23.91500000 25.94400000 26.47400000 26.41800000 26.56900000 26.78100000 26.81000000 26.71400000 26.67500000 26.76800000 26.86600000
27.83300000 27.83300000 27.83300000 27.83300000 27.83300000 27.83300000 27.83300000 27.83300000 27.83300000 27.83300000 27.83300000 27.83300000 27.83300000 27.83300000 27.83300000 27.83300000 27.83300000 27.83300000 24.40900000 24.98900000 24.71600000 26.59600000 26.50200000 26.69800000 26.75100000 26.77000000 26.78800000 26.70400000 26.86200000 26.83500000
27.83300000 27.83300000 27.83300000 27.83300000 27.83300000 27.83300000 27.83300000 27.83300000 27.83300000 27.83300000 27.83300000 27.83300000 27.83300000 27.83300000 27.83300000 27.83300000 27.83300000 27.83300000 27.83300000 25.08800000 23.70100000 26.64300000 26.51700000 26.76700000 26.89000000 26.76500000 26.78700000 26.81300000 26.92500000 26.96000000
27.83300000 27.83300000 27.83300000 27.83300000 27.83300000 27.83300000 27.83300000 27.83300000 27.83300000 27.83300000 27.83300000 27.83300000 27.83300000 27.83300000 27.83300000 27.83300000 27.83300000 27.83300000 27.83300000 24.37200000 24.81500000 26.69600000 26.60000000 26.86800000 26.72100000 26.89000000 26.86800000 26.90000000 26.91500000 27.02300000
27.83300000 27.83300000 27.83300000 27.83300000 27.83300000 27.83300000 27.83300000 27.83300000 27.83300000 27.83300000 27.83300000 27.83300000 27.83300000 27.83300000 27.83300000 27.83300000 27.83300000 27.83300000 27.83300000 25.14500000 25.71700000 26.68700000 26.79300000 26.87600000 26.68900000 26.85200000 26.75100000 26.82400000 26.94000000 26.95600000
27.83300000 27.83300000 27.83300000 27.83300000 27.83300000 27.83300000 27.83300000 27.83300000 27.83300000 27.83300000 27.83300000 27.83300000 27.83300000 27.83300000 27.83300000 27.83300000 27.83300000 27.83300000 27.83300000 25.11300000 24.77100000 26.55500000 26.83000000 26.80300000 26.74000000 26.84600000 26.72600000 26.43900000 26.82300000 27.03100000
27.83300000 27.83300000 27.83300000 27.83300000 27.83300000 27.83300000 27.83300000 27.83300000 27.83300000 27.83300000 27.83300000 27.83300000 27.83300000 27.83300000 27.83300000 27.83300000 27.83300000 27.83300000 27.83300000 27.83300000 25.07200000 26.02700000 26.64500000 26.72900000 26.74800000 26.81100000 26.66400000 26.42900000 26.60000000 26.98900000
27.83300000 27.83300000 27.83300000 27.83300000 27.83300000 27.83300000 27.83300000 27.83300000 27.83300000 27.83300000 27.83300000 27.83300000 27.83300000 27.83300000 27.83300000 27.83300000 27.83300000 27.83300000 27.83300000 27.83300000 27.83300000 25.15400000 26.42800000 26.62700000 26.72200000 26.72200000 26.62400000 26.42800000 26.77900000 27.03700000
27.83300000 27.83300000 27.83300000 27.83300000 27.83300000 27.83300000 27.83300000 27.83300000 27.83300000 27.83300000 27.83300000 27.83300000 27.83300000 27.83300000 27.83300000 27.83300000 27.83300000 27.83300000 27.83300000 27.83300000 27.83300000 25.01900000 26.03900000 26.52700000 26.54200000 26.50200000 26.40300000 26.36200000 26.91700000 27.07800000
27.83300000 27.83300000 27.83300000 27.83300000 27.83300000 27.83300000 27.83300000 27.83300000 27.83300000 27.83300000 27.83300000 27.83300000 27.83300000 27.83300000 27.83300000 27.83300000 27.83300000 27.83300000 27.83300000 27.83300000 27.83300000 27.83300000 25.70100000 26.10300000 26.14200000 26.21500000 26.39700000 26.57900000 26.57700000 27.16500000
27.83300000 27.83300000 27.83300000 27.83300000 27.83300000 27.83300000 27.83300000 27.83300000 27.83300000 27.83300000 27.83300000 27.83300000 27.83300000 27.83300000 27.83300000 27.83300000 27.83300000 27.83300000 27.83300000 27.83300000 27.83300000 27.83300000 27.83300000 25.92600000 26.26300000 26.26500000 26.30800000 26.54200000 26.79200000 27.10700000
25.17900000 25.11200000 25.00100000 25.04200000 25.10000000 25.05000000 25.16900000 25.23000000 25.13600000 24.96200000 25.07000000 25.07100000 24.64600000 24.17100000 24.48600000 24.94700000 25.20800000 25.00800000 25.02700000 24.99900000 24.98700000 24.85100000 24.48700000 24.03900000 24.00600000 23.47500000 24.04400000 24.12600000 24.18900000 24.48100000
25.11600000 25.03700000 24.47800000 25.02300000 25.06900000 24.98200000 24.94400000 24.91700000 24.96200000 25.05100000 25.01400000 24.62800000 24.01600000 24.55400000 24.81600000 25.28700000 24.94500000 24.95400000 25.01300000 24.96100000 24.87300000 24.73300000 24.50100000 23.91500000 25.01500000 25.18100000 25.04700000 25.06500000 24.60800000 24.50000000
24.99000000 25.10600000 24.98800000 24.90900000 24.97200000 25.03300000 25.04000000 25.01800000 24.94700000 24.72200000 23.84600000 23.79300000 24.54400000 24.80000000 25.21400000 25.10900000 24.96600000 24.95100000 24.77000000 24.70200000 24.58600000 24.25500000 25.40600000 25.22500000 24.99700000 25.03700000 24.89600000 24.89600000 24.93300000 24.83100000
24.48300000 25.07500000 25.27100000 24.98400000 24.74300000 24.80500000 24.55900000 23.88600000 24.00000000 24.01200000 24.22300000 24.56400000 24.67600000 25.11000000 25.31400000 24.94000000 24.92700000 24.82000000 24.56500000 24.27000000 25.43900000 25.43300000 25.44600000 25.48800000 25.63200000 25.44500000 24.94900000 24.81800000 24.85300000 24.98200000
24.51800000 24.53400000 24.65500000 25.29400000 25.48300000 24.89900000 24.20900000 23.91200000 24.05400000 24.87900000 24.93700000 24.95400000 25.03300000 25.21100000 25.44700000 24.86900000 24.81900000 24.55900000 25.07700000 25.29400000 25.31200000 25.07400000 24.98300000 25.01000000 25.24400000 25.65300000 25.67300000 24.81800000 24.70900000 24.90800000
24.55300000 24.09100000 24.16000000 24.30000000 25.52600000 25.49300000 25.24600000 25.20500000 25.17000000 25.16400000 25.11000000 25.11300000 25.11200000 25.18300000 25.49900000 25.00200000 24.51500000 25.18100000 25.29500000 25.24100000 25.01000000 24.80400000 24.57700000 24.79000000 25.15400000 25.74400000 26.02500000 25.63200000 24.73700000 24.89800000
23.57400000 24.15000000 23.83400000 23.94000000 24.11400000 25.68700000 25.60800000 25.30100000 25.42100000 25.45200000 25.48800000 25.41500000 25.35900000 25.29300000 25.47200000 25.24400000 24.74400000 25.35200000 25.22900000 25.12000000 24.90700000 24.75700000 24.76200000 25.09400000 25.70100000 26.06500000 26.28400000 26.20700000 25.58000000 25.05500000
22.77900000 23.31800000 23.74500000 23.17800000 23.74600000 23.93600000 25.64600000 26.01500000 25.79300000 25.30000000 25.34400000 25.38000000 25.38600000 25.38900000 25.40800000 25.40100000 24.85700000 25.27600000 25.28700000 25.15800000 25.13000000 25.15200000 25.46200000 25.89600000 25.85100000 25.96100000 26.25700000 26.33900000 25.67200000 25.74700000
22.69200000 23.24100000 23.02700000 22.76300000 23.31500000 23.57400000 25.05400000 25.77600000 26.12800000 26.09700000 25.30000000 25.39100000 25.45200000 25.46700000 25.48800000 25.46000000 25.32400000 25.30600000 25.36400000 25.52400000 25.57000000 26.14200000 25.91400000 25.85700000 26.06200000 25.92900000 26.08900000 26.28400000 25.77700000 25.87900000
19.17000000 18.06900000 17.76900000 21.37200000 22.91100000 23.22300000 23.78700000 24.95200000 25.33300000 25.68100000 25.82200000 25.29500000 25.41700000 25.41600000 25.40100000 25.58000000 25.54300000 25.55800000 25.52000000 26.26900000 26.33200000 26.02500000 25.96500000 25.99800000 26.22400000 26.20700000 26.23300000 25.98200000 25.69300000 25.85600000
19.29900000 27.83300000 17.87500000 17.72200000 21.56700000 22.82300000 23.02600000 23.70700000 24.65200000 24.60500000 24.77900000 25.86500000 25.34800000 25.38800000 25.42800000 25.43900000 25.43600000 26.11200000 26.11200000 26.36100000 26.22000000 25.70800000 25.97400000 26.24700000 26.09500000 25.87300000 25.73800000 25.71000000 25.88100000 25.76700000
27.83300000 27.83300000 27.83300000 27.83300000 18.44400000 20.67400000 22.00200000 22.79900000 23.90100000 24.30300000 23.61600000 24.07200000 25.40300000 25.84400000 25.99200000 25.95700000 25.66500000 25.57100000 26.30900000 26.32900000 25.77400000 25.98100000 26.03900000 26.01300000 26.28600000 26.13300000 25.69900000 25.95800000 25.91500000 25.69500000
27.83300000 27.83300000 27.83300000 27.83300000 27.83300000 17.95300000 18.67500000 19.57700000 23.05000000 23.20500000 23.21500000 23.02100000 23.64800000 24.38300000 24.99600000 25.04500000 24.66500000 24.92300000 26.31700000 26.34500000 25.72000000 25.83400000 26.03800000 25.87900000 25.98000000 26.46100000 26.05100000 25.93700000 25.87500000 25.88400000
27.83300000 27.83300000 27.83300000 27.83300000 27.83300000 27.83300000 27.83300000 17.82100000 17.12400000 18.57800000 20.98900000 20.19100000 20.26900000 22.96100000 23.62200000 24.10500000 24.60300000 24.12800000 26.04500000 26.34700000 26.39200000 25.78100000 25.90700000 25.87200000 26.13200000 26.54900000 26.54100000 25.96400000 26.14300000 25.93900000
27.83300000 27.83300000 27.83300000 27.83300000 27.83300000 27.83300000 27.83300000 27.83300000 27.83300000 27.83300000 27.83300000 27.83300000 27.83300000 27.83300000 27.83300000 19.28400000 24.32200000 24.70600000 24.64400000 26.36500000 26.39900000 26.46000000 26.44600000 26.51900000 26.44400000 26.64200000 26.55800000 26.56800000 26.04600000 26.00300000
27.83300000 27.83300000 27.83300000 27.83300000 27.83300000 27.83300000 27.83300000 27.83300000 27.83300000 27.83300000 27.83300000 27.83300000 27.83300000 27.83300000 27.83300000 27.83300000 23.60100000 24.08000000 24.55500000 25.90500000 26.39900000 26.42300000 26.49100000 26.24900000 26.68600000 26.68500000 26.58200000 26.61500000 26.64900000 26.65000000
27.83300000 27.83300000 27.83300000 27.83300000 27.83300000 27.83300000 27.83300000 27.83300000 27.83300000 27.83300000 27.83300000 27.83300000 27.83300000 27.83300000 27.83300000 27.83300000 27.83300000 20.42500000 22.66700000 23.59600000 25.83900000 26.43800000 26.37900000 26.52300000 26.74300000 26.78300000 26.69200000 26.65500000 26.74900000 26.85500000
27.83300000 27.83300000 27.83300000 27.83300000 27.83300000 27.83300000 27.83300000 27.83300000 27.83300000 27.83300000 27.83300000 27.83300000 27.83300000 27.83300000 27.83300000 27.83300000 27.83300000 27.83300000 27.83300000 24.82400000 24.56300000 26.54300000 26.45400000 26.65500000 26.71100000 26.74000000 26.76500000 26.68600000 26.84900000 26.82500000
27.83300000 27.83300000 27.83300000 27.83300000 27.83300000 27.83300000 27.83300000 27.83300000 27.83300000 27.83300000 27.83300000 27.83300000 27.83300000 27.83300000 27.83300000 27.83300000 27.83300000 27.83300000 27.83300000 27.83300000 23.44700000 26.58300000 26.47700000 26.72400000 26.85200000 26.73300000 26.76000000 26.79800000 26.90900000 26.94500000
27.83300000 27.83300000 27.83300000 27.83300000 27.83300000 27.83300000 27.83300000 27.83300000 27.83300000 27.83300000 27.83300000 27.83300000 27.83300000 27.83300000 27.83300000 27.83300000 27.83300000 27.83300000 27.83300000 27.83300000 23.29600000 26.63700000 26.55200000 26.82800000 26.68200000 26.86200000 26.84100000 26.88000000 26.89800000 27.01100000
27.83300000 27.83300000 27.83300000 27.83300000 27.83300000 27.83300000 27.83300000 27.83300000 27.83300000 27.83300000 27.83300000 27.83300000 27.83300000 27.83300000 27.83300000 27.83300000 27.83300000 27.83300000 27.83300000 27.83300000 22.34600000 26.63200000 26.75500000 26.83700000 26.65000000 26.81900000 26.72400000 26.79900000 26.92100000 26.94800000
27.83300000 27.83300000 27.83300000 27.83300000 27.83300000 27.83300000 27.83300000 27.83300000 27.83300000 27.83300000 27.83300000 27.83300000 27.83300000 27.83300000 27.83300000 27.83300000 27.83300000 27.83300000 27.83300000 27.83300000 22.89000000 26.49000000 26.78500000 26.76100000 26.69400000 26.80800000 26.69300000 26.40700000 26.79700000 27.01900000
27.83300000 27.83300000 27.83300000 27.83300000 27.83300000 27.83300000 27.83300000 27.83300000 27.83300000 27.83300000 27.83300000 27.83300000 27.83300000 27.83300000 27.83300000 27.83300000 27.83300000 27.83300000 27.83300000 27.83300000 27.83300000 25.95200000 26.61300000 26.68400000 26.70300000 26.77400000 26.63700000 26.40000000 26.56300000 26.97300000
27.83300000 27.83300000 27.83300000 27.83300000 27.83300000 27.83300000 27.83300000 27.83300000 27.83300000 27.83300000 27.83300000 27.83300000 27.83300000 27.83300000 27.83300000 27.83300000 27.83300000 27.83300000 27.83300000 27.83300000 27.83300000 24.41300000 26.41000000 26.61100000 26.69200000 26.69500000 26.60300000 26.39800000 26.74400000 27.02700000
27.83300000 27.83300000 27.83300000 27.83300000 27.83300000 27.83300000 27.83300000 27.83300000 27.83300000 27.83300000 27.83300000 27.83300000 27.83300000 27.83300000 27.83300000 27.83300000 27.83300000 27.83300000 27.83300000 27.83300000 27.83300000 27.83300000 26.03000000 26.51900000 26.51200000 26.46700000 26.37400000 26.33200000 26.89700000 27.06800000
27.83300000 27.83300000 27.83300000 27.83300000 27.83300000 27.83300000 27.83300000 27.83300000 27.83300000 27.83300000 27.83300000 27.83300000 27.83300000 27.83300000 27.83300000 27.83300000 27.83300000 27.83300000 27.83300000 27.83300000 27.83300000 27.83300000 25.66000000 26.08100000 26.10000000 26.17600000 26.37100000 26.55400000 26.53900000 27.16200000
27.83300000 27.83300000 27.83300000 27.83300000 27.83300000 27.83300000 27.83300000 27.83300000 27.83300000 27.83300000 27.83300000 27.83300000 27.83300000 27.83300000 27.83300000 27.83300000 27.83300000 27.83300000 27.83300000 27.83300000 27.83300000 27.83300000 27.83300000 25.85100000 26.23600000 26.23100000 26.28300000 26.51700000 26.78900000 27.09900000
