36.98200000 36.90800000 36.92600000 37.05000000 37.18300000 37.20200000 37.22600000 37.24600000 37.19600000 37.16000000 37.09100000 36.97700000 36.84600000 36.63300000 36.81800000 36.90600000 37.06400000 37.02600000 37.06100000 37.02800000 36.98900000 36.96400000 36.78600000 36.53100000 36.60800000 36.40600000 36.67100000 36.65500000 36.64800000 36.85500000
36.91000000 36.84900000 36.91600000 37.14700000 37.13800000 37.17500000 37.17600000 37.15900000 37.13100000 37.05500000 36.95400000 36.83500000 36.62200000 36.90800000 36.89600000 37.12900000 37.00800000 37.07300000 37.03900000 37.00800000 36.95700000 36.86500000 36.79400000 36.62100000 37.08000000 37.10700000 37.04700000 37.07900000 36.93400000 36.87200000
36.88300000 37.02800000 36.88900000 37.08300000 37.06800000 37.06500000 37.05800000 37.01000000 36.94800000 36.86900000 36.55200000 36.50000000 36.92500000 36.90000000 36.97000000 37.06400000 37.05100000 37.05200000 36.94800000 36.90300000 36.84100000 36.76500000 37.20800000 37.13800000 37.00300000 37.06600000 37.01300000 37.02600000 36.98000000 36.87400000
36.33600000 37.10600000 37.15400000 36.88700000 36.99900000 36.99800000 36.88700000 36.57400000 36.65700000 36.67400000 36.81200000 36.94800000 36.91300000 36.94100000 37.00100000 36.97700000 37.02400000 36.98000000 36.86900000 36.74700000 37.27500000 37.24900000 37.22700000 37.23000000 37.25900000 37.27500000 36.95800000 36.83200000 36.72200000 36.82500000
35.78400000 36.92200000 36.89900000 37.19800000 37.19200000 36.87600000 36.80600000 36.60200000 36.70800000 36.96000000 36.94700000 36.94300000 36.94400000 36.92700000 37.03700000 36.93000000 36.96000000 36.86800000 37.07600000 37.24000000 37.21900000 37.16600000 37.13600000 37.14800000 37.17900000 37.23500000 37.29200000 36.81000000 36.59900000 36.65700000
35.80800000 36.71500000 36.76100000 36.67500000 37.28000000 37.16200000 36.93500000 36.91700000 36.90100000 36.87800000 36.84300000 36.85300000 36.87000000 36.89600000 37.04900000 36.99100000 36.79100000 37.09300000 37.23400000 37.22200000 37.15600000 37.03900000 36.97100000 37.05500000 37.16700000 37.25000000 37.33800000 37.29500000 36.74400000 36.65000000
36.03900000 36.66300000 36.51500000 36.66900000 36.55100000 37.32200000 37.23600000 36.91700000 36.96900000 37.00500000 37.03200000 37.01100000 37.00600000 37.01600000 37.05200000 37.11600000 36.91600000 37.19600000 37.21700000 37.18700000 37.12400000 37.03900000 37.05700000 37.16700000 37.24900000 37.42200000 37.45500000 37.44200000 37.26000000 36.81600000
35.55000000 35.75600000 36.42500000 36.15300000 36.48500000 36.44000000 37.29700000 37.37700000 37.33400000 36.95900000 36.93000000 36.96800000 37.01600000 37.03500000 37.03300000 37.11000000 36.95600000 37.16200000 37.21100000 37.19000000 37.18300000 37.17900000 37.19000000 37.32800000 37.35000000 37.38200000 37.44600000 37.47200000 37.29400000 37.32900000
35.36800000 35.67900000 35.76900000 35.87300000 36.32600000 36.11000000 37.18700000 37.33500000 37.40700000 37.34700000 36.97200000 36.96500000 37.02900000 37.06500000 37.04900000 37.14200000 37.16400000 37.17300000 37.19400000 37.24000000 37.14700000 37.37700000 37.32600000 37.35800000 37.42600000 37.39700000 37.43100000 37.47900000 37.31000000 37.26600000
35.29500000 35.56500000 35.59200000 35.51800000 35.90900000 35.99200000 36.44500000 37.10600000 37.16500000 37.26900000 37.23000000 36.97700000 36.96300000 36.99700000 37.04600000 37.24700000 37.24700000 37.24700000 37.10100000 37.38200000 37.39400000 37.32500000 37.38700000 37.33300000 37.42500000 37.45300000 37.46400000 37.36200000 37.28800000 37.21300000
35.01500000 35.16900000 35.41600000 35.50400000 35.56600000 35.79300000 35.72900000 36.45900000 37.02900000 36.93700000 36.89000000 37.31300000 37.00900000 36.98800000 37.02800000 37.10300000 37.05500000 37.35200000 37.30900000 37.37900000 37.36300000 37.27900000 37.31900000 37.33100000 37.35200000 37.33600000 37.32000000 37.29200000 37.25300000 37.14800000
37.59700000 37.59700000 37.59700000 35.35200000 35.51800000 35.56400000 35.62800000 35.73700000 36.69800000 36.85300000 36.45400000 36.62000000 37.23100000 37.31100000 37.34000000 37.31300000 37.19400000 37.12800000 37.37300000 37.38800000 37.24700000 37.35400000 37.28600000 37.29600000 37.38000000 37.37500000 37.26300000 37.32400000 37.20100000 37.12500000
37.59700000 37.59700000 37.59700000 37.59700000 35.29900000 35.53400000 35.58200000 35.69700000 36.13500000 36.32500000 36.28000000 36.33200000 36.50800000 36.58000000 37.16000000 37.09000000 36.91100000 36.96200000 37.36700000 37.42700000 37.21400000 37.27900000 37.25600000 37.23500000 37.30800000 37.39700000 37.35800000 37.32600000 37.22000000 37.16400000
37.59700000 37.59700000 37.59700000 37.59700000 37.59700000 37.59700000 35.51600000 35.60800000 35.69900000 35.87000000 36.15800000 36.16300000 36.13400000 36.18000000 36.12000000 36.14100000 36.63000000 36.96200000 37.30600000 37.43100000 37.42500000 37.21800000 37.22500000 37.19600000 37.35300000 37.39300000 37.46100000 37.33300000 37.40100000 37.22300000
37.59700000 37.59700000 37.59700000 37.59700000 37.59700000 37.59700000 37.59700000 37.59700000 37.59700000 37.59700000 37.59700000 37.59700000 36.14300000 35.95600000 35.95000000 36.04200000 36.55100000 36.92800000 36.93100000 37.34500000 37.43700000 37.41800000 37.40800000 37.41600000 37.34700000 37.38000000 37.42800000 37.47700000 37.34700000 37.37200000
37.59700000 37.59700000 37.59700000 37.59700000 37.59700000 37.59700000 37.59700000 37.59700000 37.59700000 37.59700000 37.59700000 37.59700000 37.59700000 37.59700000 37.59700000 36.03000000 36.51100000 36.51500000 36.90100000 37.28400000 37.36000000 37.42900000 37.42100000 37.36700000 37.34100000 37.38700000 37.40100000 37.44800000 37.52300000 37.53700000
37.59700000 37.59700000 37.59700000 37.59700000 37.59700000 37.59700000 37.59700000 37.59700000 37.59700000 37.59700000 37.59700000 37.59700000 37.59700000 37.59700000 37.59700000 37.59700000 36.01400000 36.12900000 36.90200000 36.73600000 37.19500000 37.37600000 37.41000000 37.33700000 37.35400000 37.39200000 37.36900000 37.38700000 37.42200000 37.55300000
37.59700000 37.59700000 37.59700000 37.59700000 37.59700000 37.59700000 37.59700000 37.59700000 37.59700000 37.59700000 37.59700000 37.59700000 37.59700000 37.59700000 37.59700000 37.59700000 37.59700000 37.59700000 36.06300000 36.96700000 36.83300000 37.37500000 37.38900000 37.34300000 37.36700000 37.37700000 37.38400000 37.33900000 37.38800000 37.48100000
37.59700000 37.59700000 37.59700000 37.59700000 37.59700000 37.59700000 37.59700000 37.59700000 37.59700000 37.59700000 37.59700000 37.59700000 37.59700000 37.59700000 37.59700000 37.59700000 37.59700000 37.59700000 37.59700000 36.92600000 36.64200000 37.38100000 37.34300000 37.38600000 37.43100000 37.39000000 37.37500000 37.35600000 37.39800000 37.40600000
37.59700000 37.59700000 37.59700000 37.59700000 37.59700000 37.59700000 37.59700000 37.59700000 37.59700000 37.59700000 37.59700000 37.59700000 37.59700000 37.59700000 37.59700000 37.59700000 37.59700000 37.59700000 37.59700000 36.69800000 36.96600000 37.39000000 37.32300000 37.42600000 37.41500000 37.45100000 37.39900000 37.37100000 37.35600000 37.42100000
37.59700000 37.59700000 37.59700000 37.59700000 37.59700000 37.59700000 37.59700000 37.59700000 37.59700000 37.59700000 37.59700000 37.59700000 37.59700000 37.59700000 37.59700000 37.59700000 37.59700000 37.59700000 37.59700000 36.78100000 37.05200000 37.37600000 37.38900000 37.41200000 37.40500000 37.41600000 37.34100000 37.32900000 37.36400000 37.36400000
37.59700000 37.59700000 37.59700000 37.59700000 37.59700000 37.59700000 37.59700000 37.59700000 37.59700000 37.59700000 37.59700000 37.59700000 37.59700000 37.59700000 37.59700000 37.59700000 37.59700000 37.59700000 37.59700000 36.54300000 36.71300000 37.31500000 37.39900000 37.39000000 37.39100000 37.39800000 37.33200000 37.28700000 37.31700000 37.36900000
37.59700000 37.59700000 37.59700000 37.59700000 37.59700000 37.59700000 37.59700000 37.59700000 37.59700000 37.59700000 37.59700000 37.59700000 37.59700000 37.59700000 37.59700000 37.59700000 37.59700000 37.59700000 37.59700000 37.59700000 36.67600000 37.15400000 37.35700000 37.38000000 37.37600000 37.35700000 37.32300000 37.30700000 37.30200000 37.33200000
37.59700000 37.59700000 37.59700000 37.59700000 37.59700000 37.59700000 37.59700000 37.59700000 37.59700000 37.59700000 37.59700000 37.59700000 37.59700000 37.59700000 37.59700000 37.59700000 37.59700000 37.59700000 37.59700000 37.59700000 37.59700000 36.76000000 37.28700000 37.35200000 37.36200000 37.34800000 37.33400000 37.30000000 37.30400000 37.33100000
37.59700000 37.59700000 37.59700000 37.59700000 37.59700000 37.59700000 37.59700000 37.59700000 37.59700000 37.59700000 37.59700000 37.59700000 37.59700000 37.59700000 37.59700000 37.59700000 37.59700000 37.59700000 37.59700000 37.59700000 37.59700000 36.54700000 37.11800000 37.32100000 37.32600000 37.32200000 37.26400000 37.23000000 37.28000000 37.32000000
37.59700000 37.59700000 37.59700000 37.59700000 37.59700000 37.59700000 37.59700000 37.59700000 37.59700000 37.59700000 37.59700000 37.59700000 37.59700000 37.59700000 37.59700000 37.59700000 37.59700000 37.59700000 37.59700000 37.59700000 37.59700000 37.59700000 36.78300000 37.15100000 37.15300000 37.18600000 37.22500000 37.27000000 37.25800000 37.31400000
37.59700000 37.59700000 37.59700000 37.59700000 37.59700000 37.59700000 37.59700000 37.59700000 37.59700000 37.59700000 37.59700000 37.59700000 37.59700000 37.59700000 37.59700000 37.59700000 37.59700000 37.59700000 37.59700000 37.59700000 37.59700000 37.59700000 37.59700000 36.70200000 37.10500000 37.19000000 37.21300000 37.21900000 37.24100000 37.30100000
36.98100000 36.90700000 36.92400000 37.04400000 37.18300000 37.20200000 37.22600000 37.24500000 37.19600000 37.15900000 37.09400000 36.97800000 36.85000000 36.67200000 36.81800000 36.90200000 37.06400000 37.02400000 37.06200000 37.03200000 36.98900000 36.96100000 36.78600000 36.52500000 36.60600000 36.39800000 36.65800000 36.64900000 36.64200000 36.85200000
36.90900000 36.84800000 36.91400000 37.14700000 37.13800000 37.17400000 37.17500000 37.15800000 37.13100000 37.05600000 36.95400000 36.83800000 36.61600000 36.90400000 36.89200000 37.12800000 37.00600000 37.07100000 37.03700000 37.00600000 36.95700000 36.86400000 36.79600000 36.62200000 37.05800000 37.11200000 37.04500000 37.07800000 36.93500000 36.87200000
36.88600000 37.02500000 36.89400000 37.08200000 37.06800000 37.06600000 37.06000000 37.01100000 36.94900000 36.87100000 36.56500000 36.49100000 36.92200000 36.89700000 36.96800000 37.06400000 37.04900000 37.05100000 36.94700000 36.90400000 36.83900000 36.73000000 37.20900000 37.13500000 37.00200000 37.06600000 37.01000000 37.02300000 36.97700000 36.87300000
36.62000000 37.10600000 37.15200000 36.87800000 37.00100000 36.99600000 36.89300000 36.58700000 36.65800000 36.68000000 36.80700000 36.94400000 36.91200000 36.93800000 36.99900000 36.97700000 37.02200000 36.97900000 36.87400000 36.73100000 37.27400000 37.24900000 37.22600000 37.22900000 37.25900000 37.27300000 36.95800000 36.83400000 36.72800000 36.82500000
36.62200000 36.91900000 36.90900000 37.19800000 37.19100000 36.86700000 36.77300000 36.59400000 36.68000000 36.96000000 36.94700000 36.94000000 36.94200000 36.92600000 37.03600000 36.93100000 36.95900000 36.86900000 37.05900000 37.23700000 37.21900000 37.16500000 37.13800000 37.14700000 37.17700000 37.23400000 37.29000000 36.81300000 36.59900000 36.65600000
36.63400000 36.71400000 36.76700000 36.68400000 37.27900000 37.15900000 36.93500000 36.91600000 36.89800000 36.87600000 36.84100000 36.85100000 36.86700000 36.89300000 37.04700000 36.99100000 36.79100000 37.08200000 37.23100000 37.21900000 37.15500000 37.04200000 36.97200000 37.05100000 37.16400000 37.24700000 37.33700000 37.29400000 36.74800000 36.64800000
36.04800000 36.69400000 36.51200000 36.67200000 36.61900000 37.32100000 37.23300000 36.91500000 36.96800000 37.00300000 37.03100000 37.01000000 37.00500000 37.01500000 37.05000000 37.11500000 36.90700000 37.19300000 37.21500000 37.18500000 37.12200000 37.03400000 37.04700000 37.16400000 37.24200000 37.42000000 37.45400000 37.44200000 37.25900000 36.84300000
35.61000000 36.00300000 36.48500000 36.18000000 36.49000000 36.55700000 37.29600000 37.37600000 37.33000000 36.95600000 36.92900000 36.96700000 37.01400000 37.03300000 37.03100000 37.10700000 36.95100000 37.15900000 37.20800000 37.18500000 37.17400000 37.17600000 37.18500000 37.32700000 37.34900000 37.38100000 37.44600000 37.47200000 37.29400000 37.33400000
35.99300000 35.86800000 35.81900000 35.90100000 36.33500000 36.13000000 37.18500000 37.33400000 37.40600000 37.34700000 36.97000000 36.96400000 37.02700000 37.06200000 37.04600000 37.13700000 37.15900000 37.16600000 37.18600000 37.24200000 37.12800000 37.37200000 37.32600000 37.35300000 37.42400000 37.39700000 37.43000000 37.47900000 37.31000000 37.26700000
36.02700000 35.86400000 35.80600000 36.37400000 35.98100000 36.03100000 36.52000000 37.10500000 37.16500000 37.26900000 37.22800000 36.97500000 36.96200000 36.99500000 37.04100000 37.24300000 37.24300000 37.24200000 37.07600000 37.37500000 37.39000000 37.32400000 37.37600000 37.33200000 37.42400000 37.45300000 37.46400000 37.36500000 37.28900000 37.21400000
35.82800000 37.59700000 35.82900000 35.79000000 36.40000000 35.95100000 35.87200000 36.51200000 37.02600000 36.95000000 36.90200000 37.31100000 37.00700000 36.98500000 37.02500000 37.10100000 37.07200000 37.34900000 37.30400000 37.37400000 37.36100000 37.26900000 37.32600000 37.32800000 37.34800000 37.33500000 37.32000000 37.29200000 37.25600000 37.14900000
37.59700000 37.59700000 37.59700000 37.59700000 35.76300000 36.26800000 35.88400000 35.87100000 36.71100000 36.85200000 36.48200000 36.62100000 37.24000000 37.30900000 37.33700000 37.31400000 37.20200000 37.12500000 37.36600000 37.38500000 37.24800000 37.34500000 37.28000000 37.29200000 37.37500000 37.36800000 37.26200000 37.32600000 37.20200000 37.12600000
37.59700000 37.59700000 37.59700000 37.59700000 37.59700000 35.77000000 35.78100000 35.89500000 36.35500000 36.37900000 36.29900000 36.33600000 36.52000000 36.71100000 37.15800000 37.09500000 36.91100000 36.95600000 37.36100000 37.42200000 37.21100000 37.27500000 37.25300000 37.23200000 37.29900000 37.39300000 37.35300000 37.32200000 37.21900000 37.16300000
37.59700000 37.59700000 37.59700000 37.59700000 37.59700000 37.59700000 37.59700000 35.76500000 35.74300000 35.98200000 36.33700000 36.13200000 36.26800000 36.45100000 36.24400000 36.23400000 36.68800000 36.94900000 37.29600000 37.42600000 37.41900000 37.21400000 37.22000000 37.19200000 37.34700000 37.38800000 37.45700000 37.33100000 37.39800000 37.22100000
37.59700000 37.59700000 37.59700000 37.59700000 37.59700000 37.59700000 37.59700000 37.59700000 37.59700000 37.59700000 37.59700000 37.59700000 37.59700000 37.59700000 37.59700000 36.13400000 36.53200000 36.93200000 36.92200000 37.33900000 37.43100000 37.41300000 37.40300000 37.40900000 37.34600000 37.37400000 37.42200000 37.47500000 37.34800000 37.37300000
37.59700000 37.59700000 37.59700000 37.59700000 37.59700000 37.59700000 37.59700000 37.59700000 37.59700000 37.59700000 37.59700000 37.59700000 37.59700000 37.59700000 37.59700000 37.59700000 36.51900000 36.54800000 36.90500000 37.26700000 37.35500000 37.42200000 37.41600000 37.36100000 37.33300000 37.38200000 37.40000000 37.45200000 37.52400000 37.53800000
37.59700000 37.59700000 37.59700000 37.59700000 37.59700000 37.59700000 37.59700000 37.59700000 37.59700000 37.59700000 37.59700000 37.59700000 37.59700000 37.59700000 37.59700000 37.59700000 37.59700000 36.27200000 36.65200000 36.72500000 37.17200000 37.37100000 37.40400000 37.33500000 37.34900000 37.38600000 37.36600000 37.39100000 37.41800000 37.55100000
37.59700000 37.59700000 37.59700000 37.59700000 37.59700000 37.59700000 37.59700000 37.59700000 37.59700000 37.59700000 37.59700000 37.59700000 37.59700000 37.59700000 37.59700000 37.59700000 37.59700000 37.59700000 37.59700000 36.92700000 36.83700000 37.36200000 37.38400000 37.33300000 37.36100000 37.37300000 37.38000000 37.33500000 37.38500000 37.48000000
37.59700000 37.59700000 37.59700000 37.59700000 37.59700000 37.59700000 37.59700000 37.59700000 37.59700000 37.59700000 37.59700000 37.59700000 37.59700000 37.59700000 37.59700000 37.59700000 37.59700000 37.59700000 37.59700000 37.59700000 36.63700000 37.36700000 37.33800000 37.37500000 37.42500000 37.38500000 37.37100000 37.35200000 37.39300000 37.40400000
37.59700000 37.59700000 37.59700000 37.59700000 37.59700000 37.59700000 37.59700000 37.59700000 37.59700000 37.59700000 37.59700000 37.59700000 37.59700000 37.59700000 37.59700000 37.59700000 37.59700000 37.59700000 37.59700000 37.59700000 36.78300000 37.37600000 37.31200000 37.41600000 37.40800000 37.44500000 37.39500000 37.36600000 37.35300000 37.41800000
37.59700000 37.59700000 37.59700000 37.59700000 37.59700000 37.59700000 37.59700000 37.59700000 37.59700000 37.59700000 37.59700000 37.59700000 37.59700000 37.59700000 37.59700000 37.59700000 37.59700000 37.59700000 37.59700000 37.59700000 36.31600000 37.36300000 37.37800000 37.40500000 37.39800000 37.41100000 37.34100000 37.32700000 37.36000000 37.36200000
37.59700000 37.59700000 37.59700000 37.59700000 37.59700000 37.59700000 37.59700000 37.59700000 37.59700000 37.59700000 37.59700000 37.59700000 37.59700000 37.59700000 37.59700000 37.59700000 37.59700000 37.59700000 37.59700000 37.59700000 36.50800000 37.30200000 37.38900000 37.38100000 37.38400000 37.39000000 37.32900000 37.28400000 37.31300000 37.36600000
37.59700000 37.59700000 37.59700000 37.59700000 37.59700000 37.59700000 37.59700000 37.59700000 37.59700000 37.59700000 37.59700000 37.59700000 37.59700000 37.59700000 37.59700000 37.59700000 37.59700000 37.59700000 37.59700000 37.59700000 37.59700000 37.13100000 37.34600000 37.36900000 37.36900000 37.35100000 37.31700000 37.30400000 37.29200000 37.32900000
37.59700000 37.59700000 37.59700000 37.59700000 37.59700000 37.59700000 37.59700000 37.59700000 37.59700000 37.59700000 37.59700000 37.59700000 37.59700000 37.59700000 37.59700000 37.59700000 37.59700000 37.59700000 37.59700000 37.59700000 37.59700000 36.72600000 37.27500000 37.34400000 37.35600000 37.34300000 37.32900000 37.29600000 37.29700000 37.32900000
37.59700000 37.59700000 37.59700000 37.59700000 37.59700000 37.59700000 37.59700000 37.59700000 37.59700000 37.59700000 37.59700000 37.59700000 37.59700000 37.59700000 37.59700000 37.59700000 37.59700000 37.59700000 37.59700000 37.59700000 37.59700000 37.59700000 37.11300000 37.31400000 37.31900000 37.31500000 37.26300000 37.22300000 37.27800000 37.31700000
37.59700000 37.59700000 37.59700000 37.59700000 37.59700000 37.59700000 37.59700000 37.59700000 37.59700000 37.59700000 37.59700000 37.59700000 37.59700000 37.59700000 37.59700000 37.59700000 37.59700000 37.59700000 37.59700000 37.59700000 37.59700000 37.59700000 36.80300000 37.14600000 37.14500000 37.17600000 37.21900000 37.26500000 37.24900000 37.31200000
37.59700000 37.59700000 37.59700000 37.59700000 37.59700000 37.59700000 37.59700000 37.59700000 37.59700000 37.59700000 37.59700000 37.59700000 37.59700000 37.59700000 37.59700000 37.59700000 37.59700000 37.59700000 37.59700000 37.59700000 37.59700000 37.59700000 37.59700000 36.69100000 37.09900000 37.18300000 37.20800000 37.21400000 37.24000000 37.29700000
