 25.16000000  25.05200000  24.96300000  25.04300000  25.08600000  25.02200000  25.16200000  25.21500000  25.12500000  24.89500000  24.99700000  25.04300000  24.63200000  24.06900000  24.54900000  24.95700000  25.17700000  24.95500000  25.04300000  25.01500000  24.97400000  24.81900000  24.45900000  24.06600000  24.02000000  23.51000000  24.11500000  24.15000000  24.20600000  24.54200000
 25.06100000  25.04400000  24.54100000  25.02900000  25.07600000  24.99100000  24.95100000  24.92100000  24.98700000  25.06300000  25.02400000  24.66100000  24.06600000  24.60400000  24.87000000  25.29900000  24.96100000  24.96800000  25.02900000  24.97200000  24.89600000  24.75700000  24.54000000  23.97300000  25.08700000  25.18700000  25.06200000  25.07200000  24.61700000  24.53100000
 24.94800000  25.13100000  25.02500000  24.91700000  24.98400000  25.05100000  25.05300000  25.03000000  24.95300000  24.73100000  23.86700000  23.84500000  24.58100000  24.85100000  25.23300000  25.11700000  24.97700000  24.96800000  24.78900000  24.73500000  24.60800000  24.39900000  25.38700000  25.25700000  25.03000000  25.05900000  24.91900000  24.92600000  24.97000000  24.84800000
 24.01800000  25.09600000  25.30500000  25.05400000  24.74500000  24.82600000  24.57100000  23.91700000  24.03100000  24.01300000  24.24600000  24.59400000  24.69500000  25.13400000  25.33600000  24.95500000  24.94200000  24.84400000  24.57900000  24.34200000  25.45800000  25.45400000  25.45700000  25.50000000  25.65600000  25.49400000  24.96500000  24.83300000  24.86900000  24.98300000
 23.66900000  24.54500000  24.62100000  25.29000000  25.57000000  25.03900000  24.41200000  23.97800000  24.19500000  24.95500000  25.00900000  25.01700000  25.06500000  25.21800000  25.46300000  24.88300000  24.84200000  24.58400000  25.11500000  25.32100000  25.33800000  25.09800000  25.01700000  25.04300000  25.27400000  25.65800000  25.73900000  24.83500000  24.73500000  24.92700000
 23.72000000  24.13000000  24.17100000  24.26800000  25.47200000  25.55000000  25.26600000  25.23300000  25.21000000  25.19900000  25.13200000  25.13000000  25.12900000  25.18800000  25.51000000  25.01300000  24.55700000  25.19800000  25.31700000  25.28000000  25.04800000  24.84400000  24.62400000  24.84200000  25.20900000  25.76400000  26.03800000  25.70700000  24.77100000  24.91200000
 23.59000000  24.17900000  23.87400000  23.94500000  24.05100000  25.65700000  25.71900000  25.31000000  25.43600000  25.49000000  25.51600000  25.44000000  25.37600000  25.30600000  25.48000000  25.27300000  24.78700000  25.37800000  25.26400000  25.16500000  24.96500000  24.82400000  24.83500000  25.16400000  25.77800000  26.06400000  26.27900000  26.23600000  25.58200000  25.07600000
 22.70800000  23.26700000  23.74400000  23.19800000  23.75000000  23.86300000  25.63000000  25.98600000  25.93700000  25.34100000  25.34700000  25.39500000  25.39700000  25.41400000  25.42300000  25.41000000  24.88100000  25.32100000  25.33200000  25.21400000  25.19400000  25.22700000  25.56900000  25.90300000  25.85300000  25.94300000  26.24500000  26.34500000  25.69200000  25.75000000
 22.80500000  22.97500000  23.03800000  22.83400000  23.32400000  23.56300000  25.08600000  25.74700000  26.11700000  26.04500000  25.31500000  25.40100000  25.47500000  25.48700000  25.50200000  25.46200000  25.34600000  25.34200000  25.41300000  25.57300000  25.66900000  26.23900000  25.98700000  25.91700000  26.11700000  25.94600000  26.08400000  26.28700000  25.78800000  25.86900000
 22.43900000  21.07000000  20.84300000  22.68000000  22.94200000  23.20700000  23.71900000  24.92900000  25.26100000  25.67600000  25.81600000  25.32400000  25.44100000  25.43800000  25.42800000  25.60700000  25.57700000  25.60300000  25.60100000  26.31500000  26.38500000  26.03900000  26.04100000  26.01300000  26.24000000  26.22400000  26.24300000  25.99100000  25.71000000  25.84600000
 23.19600000  22.78700000  21.67200000  22.07400000  22.78200000  22.87800000  22.98700000  23.65600000  24.62500000  24.54900000  24.69000000  25.87100000  25.37300000  25.41100000  25.45700000  25.47600000  25.44800000  26.15400000  26.16400000  26.39300000  26.30800000  25.78100000  26.00000000  26.28100000  26.19000000  25.89600000  25.76500000  25.75500000  25.89100000  25.73700000
 27.83300000  27.83300000  27.83300000  23.32900000  22.56100000  22.87400000  22.68200000  22.86800000  23.97600000  24.26700000  23.67700000  24.10000000  25.51400000  25.87100000  26.02100000  25.96400000  25.62700000  25.64600000  26.35200000  26.36500000  25.85000000  26.04100000  26.12500000  26.04700000  26.32300000  26.23400000  25.75000000  25.97700000  25.93400000  25.69100000
 27.83300000  27.83300000  27.83300000  27.83300000  23.41400000  22.89300000  22.11500000  22.23200000  23.12100000  23.21000000  23.26100000  23.35500000  23.76700000  24.38100000  25.12400000  25.08000000  24.73000000  25.03100000  26.37100000  26.39400000  25.78900000  25.89000000  26.11000000  25.94400000  26.04900000  26.50300000  26.11500000  25.97600000  25.90200000  25.89900000
 27.83300000  27.83300000  27.83300000  27.83300000  27.83300000  27.83300000  23.20300000  22.06100000  22.00600000  22.68500000  22.69700000  22.20600000  22.59500000  23.63300000  23.81600000  24.20100000  24.70200000  24.38400000  26.25100000  26.39600000  26.44000000  25.84700000  25.98000000  25.94500000  26.20800000  26.59900000  26.57200000  26.01200000  26.17000000  25.95800000
 27.83300000  27.83300000  27.83300000  27.83300000  27.83300000  27.83300000  27.83300000  27.83300000  27.83300000  27.83300000  27.83300000  27.83300000  22.43700000  19.50900000  19.63100000  23.53400000  24.53100000  24.85400000  24.86600000  26.42100000  26.45700000  26.52300000  26.51200000  26.59000000  26.55300000  26.69100000  26.59800000  26.59900000  26.12200000  26.03200000
 27.83300000  27.83300000  27.83300000  27.83300000  27.83300000  27.83300000  27.83300000  27.83300000  27.83300000  27.83300000  27.83300000  27.83300000  27.83300000  27.83300000  27.83300000  23.59300000  24.03500000  24.30400000  24.50000000  26.01800000  26.46000000  26.48200000  26.52900000  26.34400000  26.75800000  26.72900000  26.63100000  26.65500000  26.69100000  26.68200000
 27.83300000  27.83300000  27.83300000  27.83300000  27.83300000  27.83300000  27.83300000  27.83300000  27.83300000  27.83300000  27.83300000  27.83300000  27.83300000  27.83300000  27.83300000  27.83300000  23.59500000  23.08900000  25.10100000  24.13800000  25.84900000  26.53800000  26.46700000  26.64200000  26.81300000  26.82600000  26.72700000  26.69800000  26.79700000  26.89300000
 27.83300000  27.83300000  27.83300000  27.83300000  27.83300000  27.83300000  27.83300000  27.83300000  27.83300000  27.83300000  27.83300000  27.83300000  27.83300000  27.83300000  27.83300000  27.83300000  27.83300000  27.83300000  24.45900000  25.06200000  24.76400000  26.62800000  26.55400000  26.76500000  26.78500000  26.78600000  26.80300000  26.73500000  26.89300000  26.85200000
 27.83300000  27.83300000  27.83300000  27.83300000  27.83300000  27.83300000  27.83300000  27.83300000  27.83300000  27.83300000  27.83300000  27.83300000  27.83300000  27.83300000  27.83300000  27.83300000  27.83300000  27.83300000  27.83300000  25.03000000  23.68400000  26.67300000  26.58700000  26.82800000  26.91400000  26.79100000  26.81400000  26.84300000  26.96100000  26.96600000
 27.83300000  27.83300000  27.83300000  27.83300000  27.83300000  27.83300000  27.83300000  27.83300000  27.83300000  27.83300000  27.83300000  27.83300000  27.83300000  27.83300000  27.83300000  27.83300000  27.83300000  27.83300000  27.83300000  24.32700000  24.96000000  26.74100000  26.68300000  26.92600000  26.75700000  26.92000000  26.90300000  26.92000000  26.94600000  27.02400000
 27.83300000  27.83300000  27.83300000  27.83300000  27.83300000  27.83300000  27.83300000  27.83300000  27.83300000  27.83300000  27.83300000  27.83300000  27.83300000  27.83300000  27.83300000  27.83300000  27.83300000  27.83300000  27.83300000  25.12000000  25.78200000  26.73700000  26.86800000  26.90900000  26.74000000  26.88200000  26.75400000  26.88400000  26.96700000  26.94900000
 27.83300000  27.83300000  27.83300000  27.83300000  27.83300000  27.83300000  27.83300000  27.83300000  27.83300000  27.83300000  27.83300000  27.83300000  27.83300000  27.83300000  27.83300000  27.83300000  27.83300000  27.83300000  27.83300000  25.24200000  24.87300000  26.61200000  26.89300000  26.84700000  26.80100000  26.89100000  26.74500000  26.44000000  26.89400000  27.02400000
 27.83300000  27.83300000  27.83300000  27.83300000  27.83300000  27.83300000  27.83300000  27.83300000  27.83300000  27.83300000  27.83300000  27.83300000  27.83300000  27.83300000  27.83300000  27.83300000  27.83300000  27.83300000  27.83300000  27.83300000  25.09900000  26.13200000  26.71500000  26.78900000  26.80400000  26.84900000  26.68500000  26.44400000  26.68200000  27.00000000
 27.83300000  27.83300000  27.83300000  27.83300000  27.83300000  27.83300000  27.83300000  27.83300000  27.83300000  27.83300000  27.83300000  27.83300000  27.83300000  27.83300000  27.83300000  27.83300000  27.83300000  27.83300000  27.83300000  27.83300000  27.83300000  25.30700000  26.48400000  26.66400000  26.76000000  26.75800000  26.65300000  26.44500000  26.86900000  27.04300000
 27.83300000  27.83300000  27.83300000  27.83300000  27.83300000  27.83300000  27.83300000  27.83300000  27.83300000  27.83300000  27.83300000  27.83300000  27.83300000  27.83300000  27.83300000  27.83300000  27.83300000  27.83300000  27.83300000  27.83300000  27.83300000  25.15900000  26.07000000  26.55500000  26.57700000  26.54400000  26.41300000  26.38600000  26.90900000  27.09000000
 27.83300000  27.83300000  27.83300000  27.83300000  27.83300000  27.83300000  27.83300000  27.83300000  27.83300000  27.83300000  27.83300000  27.83300000  27.83300000  27.83300000  27.83300000  27.83300000  27.83300000  27.83300000  27.83300000  27.83300000  27.83300000  27.83300000  25.74600000  26.15200000  26.17100000  26.26900000  26.40800000  26.56800000  26.51200000  27.16600000
 27.83300000  27.83300000  27.83300000  27.83300000  27.83300000  27.83300000  27.83300000  27.83300000  27.83300000  27.83300000  27.83300000  27.83300000  27.83300000  27.83300000  27.83300000  27.83300000  27.83300000  27.83300000  27.83300000  27.83300000  27.83300000  27.83300000  27.83300000  26.03300000  26.29500000  26.26000000  26.29600000  26.53400000  26.82200000  27.10800000
 25.17400000  25.06400000  24.97800000  25.03600000  25.08500000  25.03500000  25.17800000  25.23100000  25.13300000  24.94700000  25.05300000  25.06100000  24.61700000  24.14200000  24.51400000  24.95200000  25.19600000  24.98000000  25.04400000  25.01100000  24.97100000  24.82400000  24.45700000  24.02400000  24.02400000  23.49000000  24.08000000  24.14000000  24.19700000  24.54400000
 25.07800000  25.04800000  24.52500000  25.03200000  25.07900000  24.99100000  24.95600000  24.92700000  24.98500000  25.06300000  25.03000000  24.67600000  24.03800000  24.58200000  24.85200000  25.30400000  24.96300000  24.96900000  25.03000000  24.97400000  24.88900000  24.74600000  24.54800000  23.95500000  25.04300000  25.20000000  25.06300000  25.07900000  24.62600000  24.53400000
 24.96000000  25.13300000  24.99800000  24.91900000  24.98500000  25.05100000  25.05400000  25.03600000  24.96100000  24.74100000  23.86900000  23.81100000  24.56700000  24.83700000  25.23500000  25.12300000  24.97800000  24.96600000  24.78400000  24.72600000  24.59700000  24.28900000  25.39700000  25.25000000  25.01200000  25.05400000  24.91800000  24.92200000  24.96900000  24.85100000
 24.50600000  25.09700000  25.30600000  25.01000000  24.75200000  24.82000000  24.57900000  23.91900000  24.01800000  24.01700000  24.22600000  24.58000000  24.69100000  25.13000000  25.33900000  24.95900000  24.94200000  24.84200000  24.58400000  24.26800000  25.46200000  25.44800000  25.45800000  25.49900000  25.65500000  25.49100000  24.96400000  24.83100000  24.86300000  24.98900000
 24.49100000  24.52800000  24.63100000  25.29700000  25.57400000  24.94300000  24.28100000  23.95000000  24.11800000  24.92400000  24.99700000  25.00500000  25.05600000  25.22200000  25.46800000  24.88700000  24.84000000  24.57100000  25.07600000  25.31500000  25.33600000  25.08700000  24.99700000  25.02400000  25.26200000  25.66100000  25.74200000  24.83900000  24.72400000  24.92600000
 24.59700000  24.09800000  24.15200000  24.26300000  25.47500000  25.54900000  25.26600000  25.23400000  25.20800000  25.20000000  25.13400000  25.13200000  25.12800000  25.18900000  25.51300000  25.01600000  24.54600000  25.17500000  25.31200000  25.26500000  25.03000000  24.81700000  24.58500000  24.80300000  25.18400000  25.76300000  26.04400000  25.71200000  24.77500000  24.90800000
 23.56800000  24.17600000  23.83500000  23.92900000  24.09300000  25.66300000  25.72000000  25.31100000  25.43800000  25.49100000  25.51700000  25.44400000  25.38100000  25.30700000  25.48100000  25.27500000  24.76000000  25.37300000  25.25000000  25.14200000  24.92900000  24.78100000  24.78400000  25.12500000  25.76300000  26.06900000  26.28600000  26.24600000  25.58900000  25.10200000
 22.75400000  23.34200000  23.76600000  23.17500000  23.73700000  23.93900000  25.63500000  25.99300000  25.93900000  25.34100000  25.35000000  25.39900000  25.39900000  25.41300000  25.42000000  25.40600000  24.85600000  25.30700000  25.30400000  25.17300000  25.14700000  25.16800000  25.49100000  25.90700000  25.85600000  25.94700000  26.25300000  26.35700000  25.70100000  25.77400000
 22.57200000  23.20800000  23.05500000  22.76500000  23.29200000  23.56400000  25.08600000  25.75400000  26.12700000  26.05400000  25.31800000  25.40300000  25.47500000  25.48500000  25.49500000  25.45300000  25.32600000  25.30900000  25.37200000  25.53100000  25.58500000  26.19600000  25.98500000  25.89400000  26.11800000  25.95300000  26.09000000  26.29600000  25.80000000  25.88200000
 19.07900000  18.00000000  17.77600000  21.30400000  22.89200000  23.20200000  23.77700000  24.93200000  25.26800000  25.68500000  25.82100000  25.32500000  25.44100000  25.43500000  25.42000000  25.59700000  25.56000000  25.56900000  25.51900000  26.28800000  26.36700000  26.02600000  25.99200000  25.98800000  26.23500000  26.22700000  26.24800000  26.00400000  25.70900000  25.86000000
 19.30900000  27.83300000  17.91600000  17.75100000  21.19600000  22.77300000  23.09600000  23.68300000  24.61500000  24.55300000  24.70200000  25.87600000  25.37100000  25.41100000  25.45100000  25.46300000  25.44600000  26.13400000  26.13100000  26.37400000  26.30200000  25.72000000  25.97800000  26.25800000  26.15300000  25.88200000  25.75500000  25.73300000  25.89600000  25.74800000
 27.83300000  27.83300000  27.83300000  27.83300000  18.35100000  20.47100000  21.92200000  22.77100000  23.97000000  24.23300000  23.66400000  24.09100000  25.53800000  25.87800000  26.02200000  25.97100000  25.63800000  25.61700000  26.32600000  26.34500000  25.83500000  25.98900000  26.05700000  26.01600000  26.29500000  26.19300000  25.71800000  25.96900000  25.93700000  25.69500000
 27.83300000  27.83300000  27.83300000  27.83300000  27.83300000  18.01200000  18.58600000  19.39000000  22.99400000  23.23000000  23.21000000  23.23500000  23.71900000  24.51300000  25.11200000  25.06500000  24.66900000  24.93600000  26.34000000  26.36700000  25.75100000  25.84800000  26.05500000  25.89300000  25.99800000  26.47900000  26.08500000  25.95900000  25.89800000  25.89800000
 27.83300000  27.83300000  27.83300000  27.83300000  27.83300000  27.83300000  27.83300000  17.79500000  17.08800000  18.53200000  20.95600000  20.29400000  20.30800000  23.09600000  23.67300000  24.23900000  24.65600000  24.17400000  26.21400000  26.36600000  26.41200000  25.79500000  25.92100000  25.88200000  26.15600000  26.57100000  26.55500000  25.98700000  26.16300000  25.94800000
 27.83300000  27.83300000  27.83300000  27.83300000  27.83300000  27.83300000  27.83300000  27.83300000  27.83300000  27.83300000  27.83300000  27.83300000  27.83300000  27.83300000  27.83300000  19.34000000  24.43800000  24.72100000  24.71800000  26.38700000  26.41900000  26.48500000  26.46700000  26.53800000  26.48200000  26.65800000  26.57400000  26.58100000  26.08300000  26.02500000
 27.83300000  27.83300000  27.83300000  27.83300000  27.83300000  27.83300000  27.83300000  27.83300000  27.83300000  27.83300000  27.83300000  27.83300000  27.83300000  27.83300000  27.83300000  27.83300000  23.66100000  24.10400000  24.38000000  25.92600000  26.41600000  26.43200000  26.48000000  26.26600000  26.71200000  26.69500000  26.59700000  26.62700000  26.66700000  26.68800000
 27.83300000  27.83300000  27.83300000  27.83300000  27.83300000  27.83300000  27.83300000  27.83300000  27.83300000  27.83300000  27.83300000  27.83300000  27.83300000  27.83300000  27.83300000  27.83300000  27.83300000  20.36400000  22.97400000  23.89000000  25.69300000  26.47200000  26.39300000  26.55900000  26.76200000  26.79500000  26.69800000  26.66900000  26.77400000  26.88200000
 27.83300000  27.83300000  27.83300000  27.83300000  27.83300000  27.83300000  27.83300000  27.83300000  27.83300000  27.83300000  27.83300000  27.83300000  27.83300000  27.83300000  27.83300000  27.83300000  27.83300000  27.83300000  27.83300000  24.72600000  24.51700000  26.52800000  26.47500000  26.68800000  26.72500000  26.75100000  26.77300000  26.70800000  26.87600000  26.84100000
 27.83300000  27.83300000  27.83300000  27.83300000  27.83300000  27.83300000  27.83300000  27.83300000  27.83300000  27.83300000  27.83300000  27.83300000  27.83300000  27.83300000  27.83300000  27.83300000  27.83300000  27.83300000  27.83300000  27.83300000  23.29500000  26.58300000  26.49900000  26.75200000  26.85600000  26.74600000  26.77900000  26.82300000  26.94300000  26.95400000
 27.83300000  27.83300000  27.83300000  27.83300000  27.83300000  27.83300000  27.83300000  27.83300000  27.83300000  27.83300000  27.83300000  27.83300000  27.83300000  27.83300000  27.83300000  27.83300000  27.83300000  27.83300000  27.83300000  27.83300000  23.68300000  26.64300000  26.59100000  26.85400000  26.69000000  26.88200000  26.86800000  26.89500000  26.92900000  27.02100000
 27.83300000  27.83300000  27.83300000  27.83300000  27.83300000  27.83300000  27.83300000  27.83300000  27.83300000  27.83300000  27.83300000  27.83300000  27.83300000  27.83300000  27.83300000  27.83300000  27.83300000  27.83300000  27.83300000  27.83300000  20.46000000  26.63600000  26.78900000  26.83800000  26.66500000  26.83300000  26.71000000  26.84700000  26.94400000  26.95400000
 27.83300000  27.83300000  27.83300000  27.83300000  27.83300000  27.83300000  27.83300000  27.83300000  27.83300000  27.83300000  27.83300000  27.83300000  27.83300000  27.83300000  27.83300000  27.83300000  27.83300000  27.83300000  27.83300000  27.83300000  22.32000000  26.49500000  26.79300000  26.75900000  26.71700000  26.83000000  26.70300000  26.39400000  26.86200000  27.02700000
 27.83300000  27.83300000  27.83300000  27.83300000  27.83300000  27.83300000  27.83300000  27.83300000  27.83300000  27.83300000  27.83300000  27.83300000  27.83300000  27.83300000  27.83300000  27.83300000  27.83300000  27.83300000  27.83300000  27.83300000  27.83300000  26.03400000  26.62200000  26.69900000  26.72300000  26.79300000  26.64700000  26.40700000  26.61400000  27.00200000
 27.83300000  27.83300000  27.83300000  27.83300000  27.83300000  27.83300000  27.83300000  27.83300000  27.83300000  27.83300000  27.83300000  27.83300000  27.83300000  27.83300000  27.83300000  27.83300000  27.83300000  27.83300000  27.83300000  27.83300000  27.83300000  24.32200000  26.42100000  26.62000000  26.70700000  26.71200000  26.62200000  26.42200000  26.80700000  27.04900000
 27.83300000  27.83300000  27.83300000  27.83300000  27.83300000  27.83300000  27.83300000  27.83300000  27.83300000  27.83300000  27.83300000  27.83300000  27.83300000  27.83300000  27.83300000  27.83300000  27.83300000  27.83300000  27.83300000  27.83300000  27.83300000  27.83300000  26.04900000  26.52700000  26.52500000  26.48800000  26.38100000  26.35400000  26.89800000  27.09100000
 27.83300000  27.83300000  27.83300000  27.83300000  27.83300000  27.83300000  27.83300000  27.83300000  27.83300000  27.83300000  27.83300000  27.83300000  27.83300000  27.83300000  27.83300000  27.83300000  27.83300000  27.83300000  27.83300000  27.83300000  27.83300000  27.83300000  25.73000000  26.10700000  26.10200000  26.19700000  26.38700000  26.54400000  26.48000000  27.17600000
 27.83300000  27.83300000  27.83300000  27.83300000  27.83300000  27.83300000  27.83300000  27.83300000  27.83300000  27.83300000  27.83300000  27.83300000  27.83300000  27.83300000  27.83300000  27.83300000  27.83300000  27.83300000  27.83300000  27.83300000  27.83300000  27.83300000  27.83300000  26.02800000  26.26500000  26.21300000  26.26300000  26.49100000  26.84200000  27.11400000
