36.98200000 36.90700000 36.92400000 37.05300000 37.18300000 37.20100000 37.22600000 37.24700000 37.19600000 37.16000000 37.09100000 36.97700000 36.84600000 36.63100000 36.81800000 36.90800000 37.06400000 37.02600000 37.06100000 37.02800000 36.98800000 36.96300000 36.78500000 36.52900000 36.60600000 36.40800000 36.67300000 36.65800000 36.65100000 36.86200000
36.91000000 36.84900000 36.91700000 37.14700000 37.13800000 37.17500000 37.17500000 37.15800000 37.13000000 37.05500000 36.95400000 36.83800000 36.62100000 36.90800000 36.89600000 37.12900000 37.00900000 37.07100000 37.03700000 37.00700000 36.95700000 36.86400000 36.79700000 36.62200000 37.06400000 37.10700000 37.04600000 37.07900000 36.93500000 36.87000000
36.88100000 37.02800000 36.88800000 37.08200000 37.06700000 37.06600000 37.05800000 37.01100000 36.94900000 36.87200000 36.55200000 36.49900000 36.92500000 36.90000000 36.97000000 37.06300000 37.05200000 37.05100000 36.94700000 36.90300000 36.84000000 36.76500000 37.20700000 37.13800000 37.00300000 37.06500000 37.01200000 37.02600000 36.98000000 36.87400000
36.33800000 37.10800000 37.15500000 36.88900000 36.99900000 36.99600000 36.88700000 36.57600000 36.65700000 36.67300000 36.80900000 36.94700000 36.91300000 36.93900000 37.00000000 36.97700000 37.02400000 36.98000000 36.87000000 36.74500000 37.27500000 37.24800000 37.22600000 37.22900000 37.25900000 37.27600000 36.95700000 36.83100000 36.71800000 36.82400000
35.78600000 36.92000000 36.89500000 37.19800000 37.19900000 36.87700000 36.81500000 36.60300000 36.70500000 36.95900000 36.94700000 36.94300000 36.94400000 36.92700000 37.03700000 36.93100000 36.96100000 36.86700000 37.06600000 37.23900000 37.21900000 37.16500000 37.13500000 37.14700000 37.17800000 37.23400000 37.29400000 36.81000000 36.59800000 36.65800000
35.82000000 36.71300000 36.75700000 36.66900000 37.27600000 37.16700000 36.93500000 36.91700000 36.90300000 36.88000000 36.84400000 36.85200000 36.86800000 36.89300000 37.04800000 36.99100000 36.79200000 37.08800000 37.23300000 37.22200000 37.15500000 37.03900000 36.97000000 37.05600000 37.16600000 37.24900000 37.33800000 37.29800000 36.74800000 36.64900000
36.04500000 36.66500000 36.51300000 36.66500000 36.54200000 37.31800000 37.25200000 36.91800000 36.96700000 37.00500000 37.03100000 37.01100000 37.00500000 37.01500000 37.05200000 37.11700000 36.91400000 37.19500000 37.21700000 37.18700000 37.12400000 37.04000000 37.05700000 37.16800000 37.25000000 37.42100000 37.45400000 37.44500000 37.26100000 36.82000000
35.54900000 35.75400000 36.42300000 36.14500000 36.48600000 36.43200000 37.29500000 37.37400000 37.34700000 36.96400000 36.92900000 36.96800000 37.01500000 37.03400000 37.03200000 37.10100000 36.95300000 37.16200000 37.21100000 37.19000000 37.18200000 37.17900000 37.19000000 37.32700000 37.34900000 37.38000000 37.44500000 37.47300000 37.29500000 37.33000000
35.36800000 35.68200000 35.77200000 35.86600000 36.31600000 36.10300000 37.18800000 37.33200000 37.40400000 37.34000000 36.97300000 36.96500000 37.02800000 37.06300000 37.04800000 37.13200000 37.16100000 37.17000000 37.19200000 37.23800000 37.14700000 37.37800000 37.32900000 37.35900000 37.42700000 37.39800000 37.42900000 37.48000000 37.31200000 37.26400000
35.29700000 35.59000000 35.58900000 35.51800000 35.90300000 35.99200000 36.42600000 37.10300000 37.15800000 37.26800000 37.22600000 36.97800000 36.96300000 36.99700000 37.04300000 37.24500000 37.24600000 37.24600000 37.09700000 37.38100000 37.39400000 37.32400000 37.38600000 37.33000000 37.42400000 37.45200000 37.46300000 37.36500000 37.28900000 37.21200000
35.02300000 35.18700000 35.42400000 35.50000000 35.56800000 35.78600000 35.72900000 36.44800000 37.02300000 36.92700000 36.87200000 37.31000000 37.00900000 36.98700000 37.02900000 37.10400000 37.05500000 37.35200000 37.30800000 37.37900000 37.36600000 37.27700000 37.31900000 37.33000000 37.35300000 37.33500000 37.31900000 37.29200000 37.25400000 37.14900000
37.59700000 37.59700000 37.59700000 35.35300000 35.52100000 35.56500000 35.62900000 35.74300000 36.70300000 36.83700000 36.45200000 36.61000000 37.24600000 37.31100000 37.33700000 37.31300000 37.19200000 37.12800000 37.37200000 37.38900000 37.25200000 37.35200000 37.28500000 37.29500000 37.37900000 37.37700000 37.26100000 37.32300000 37.20100000 37.12300000
37.59700000 37.59700000 37.59700000 37.59700000 35.30200000 35.53500000 35.58200000 35.70000000 36.14300000 36.32900000 36.27600000 36.34300000 36.49700000 36.62300000 37.16400000 37.08800000 36.91100000 36.96100000 37.36600000 37.42700000 37.21500000 37.27800000 37.25500000 37.23400000 37.30600000 37.39600000 37.36000000 37.32500000 37.22000000 37.16400000
37.59700000 37.59700000 37.59700000 37.59700000 37.59700000 37.59700000 35.52000000 35.61500000 35.70600000 35.88500000 36.17000000 36.16100000 36.14100000 36.17900000 36.11700000 36.15000000 36.63000000 36.96400000 37.31500000 37.43000000 37.42500000 37.21700000 37.22400000 37.19500000 37.35300000 37.39200000 37.45900000 37.33200000 37.40000000 37.22200000
37.59700000 37.59700000 37.59700000 37.59700000 37.59700000 37.59700000 37.59700000 37.59700000 37.59700000 37.59700000 37.59700000 37.59700000 36.14600000 35.94300000 35.94500000 36.04200000 36.55100000 36.92600000 36.93500000 37.34400000 37.43500000 37.41800000 37.40700000 37.41500000 37.34400000 37.37900000 37.42700000 37.47600000 37.34900000 37.37000000
37.59700000 37.59700000 37.59700000 37.59700000 37.59700000 37.59700000 37.59700000 37.59700000 37.59700000 37.59700000 37.59700000 37.59700000 37.59700000 37.59700000 37.59700000 36.03000000 36.51300000 36.52100000 36.89100000 37.27900000 37.35900000 37.42700000 37.41900000 37.36600000 37.34100000 37.38700000 37.39900000 37.44400000 37.52200000 37.53900000
37.59700000 37.59700000 37.59700000 37.59700000 37.59700000 37.59700000 37.59700000 37.59700000 37.59700000 37.59700000 37.59700000 37.59700000 37.59700000 37.59700000 37.59700000 37.59700000 36.02000000 36.13200000 36.88700000 36.74000000 37.19400000 37.37100000 37.40800000 37.33500000 37.35400000 37.39200000 37.36700000 37.38200000 37.42100000 37.55300000
37.59700000 37.59700000 37.59700000 37.59700000 37.59700000 37.59700000 37.59700000 37.59700000 37.59700000 37.59700000 37.59700000 37.59700000 37.59700000 37.59700000 37.59700000 37.59700000 37.59700000 37.59700000 36.05900000 36.96600000 36.83100000 37.37100000 37.38500000 37.34400000 37.36600000 37.37600000 37.38300000 37.33900000 37.38700000 37.47900000
37.59700000 37.59700000 37.59700000 37.59700000 37.59700000 37.59700000 37.59700000 37.59700000 37.59700000 37.59700000 37.59700000 37.59700000 37.59700000 37.59700000 37.59700000 37.59700000 37.59700000 37.59700000 37.59700000 36.92200000 36.63900000 37.37900000 37.33900000 37.38700000 37.42900000 37.38900000 37.37400000 37.35500000 37.39700000 37.40600000
37.59700000 37.59700000 37.59700000 37.59700000 37.59700000 37.59700000 37.59700000 37.59700000 37.59700000 37.59700000 37.59700000 37.59700000 37.59700000 37.59700000 37.59700000 37.59700000 37.59700000 37.59700000 37.59700000 36.69600000 36.95200000 37.38700000 37.32400000 37.42500000 37.41400000 37.44900000 37.40000000 37.37000000 37.35600000 37.42000000
37.59700000 37.59700000 37.59700000 37.59700000 37.59700000 37.59700000 37.59700000 37.59700000 37.59700000 37.59700000 37.59700000 37.59700000 37.59700000 37.59700000 37.59700000 37.59700000 37.59700000 37.59700000 37.59700000 36.77700000 37.04100000 37.37300000 37.39000000 37.41100000 37.40400000 37.41500000 37.33800000 37.32800000 37.36300000 37.36300000
37.59700000 37.59700000 37.59700000 37.59700000 37.59700000 37.59700000 37.59700000 37.59700000 37.59700000 37.59700000 37.59700000 37.59700000 37.59700000 37.59700000 37.59700000 37.59700000 37.59700000 37.59700000 37.59700000 36.54500000 36.71400000 37.31300000 37.39800000 37.38900000 37.39000000 37.39800000 37.33000000 37.28700000 37.31900000 37.36700000
37.59700000 37.59700000 37.59700000 37.59700000 37.59700000 37.59700000 37.59700000 37.59700000 37.59700000 37.59700000 37.59700000 37.59700000 37.59700000 37.59700000 37.59700000 37.59700000 37.59700000 37.59700000 37.59700000 37.59700000 36.67400000 37.14700000 37.35700000 37.38000000 37.37500000 37.35600000 37.32200000 37.30700000 37.30300000 37.33100000
37.59700000 37.59700000 37.59700000 37.59700000 37.59700000 37.59700000 37.59700000 37.59700000 37.59700000 37.59700000 37.59700000 37.59700000 37.59700000 37.59700000 37.59700000 37.59700000 37.59700000 37.59700000 37.59700000 37.59700000 37.59700000 36.75800000 37.28500000 37.35000000 37.36100000 37.34700000 37.33300000 37.29900000 37.30400000 37.33000000
37.59700000 37.59700000 37.59700000 37.59700000 37.59700000 37.59700000 37.59700000 37.59700000 37.59700000 37.59700000 37.59700000 37.59700000 37.59700000 37.59700000 37.59700000 37.59700000 37.59700000 37.59700000 37.59700000 37.59700000 37.59700000 36.54700000 37.11800000 37.31900000 37.32500000 37.32100000 37.26200000 37.23000000 37.27900000 37.31900000
37.59700000 37.59700000 37.59700000 37.59700000 37.59700000 37.59700000 37.59700000 37.59700000 37.59700000 37.59700000 37.59700000 37.59700000 37.59700000 37.59700000 37.59700000 37.59700000 37.59700000 37.59700000 37.59700000 37.59700000 37.59700000 37.59700000 36.76600000 37.15300000 37.15200000 37.18600000 37.22300000 37.26700000 37.25600000 37.31200000
37.59700000 37.59700000 37.59700000 37.59700000 37.59700000 37.59700000 37.59700000 37.59700000 37.59700000 37.59700000 37.59700000 37.59700000 37.59700000 37.59700000 37.59700000 37.59700000 37.59700000 37.59700000 37.59700000 37.59700000 37.59700000 37.59700000 37.59700000 36.70200000 37.10300000 37.18900000 37.21200000 37.21800000 37.24000000 37.30000000
36.98000000 36.90600000 36.92300000 37.04700000 37.18300000 37.20100000 37.22600000 37.24600000 37.19600000 37.15800000 37.09400000 36.97700000 36.85000000 36.67000000 36.81700000 36.90200000 37.06300000 37.02500000 37.06100000 37.03100000 36.98800000 36.95900000 36.78300000 36.52300000 36.60800000 36.40100000 36.66100000 36.65400000 36.64400000 36.86000000
36.91000000 36.84900000 36.91500000 37.14600000 37.13700000 37.17400000 37.17500000 37.15800000 37.13000000 37.05500000 36.95400000 36.84000000 36.61800000 36.90500000 36.89300000 37.12800000 37.00800000 37.07000000 37.03600000 37.00500000 36.95700000 36.86300000 36.79800000 36.62300000 37.05900000 37.11000000 37.04600000 37.07800000 36.93600000 36.86900000
36.88400000 37.02700000 36.89300000 37.08200000 37.06700000 37.06700000 37.05900000 37.01200000 36.94900000 36.87300000 36.56300000 36.49200000 36.92300000 36.89800000 36.96900000 37.06300000 37.05100000 37.05000000 36.94700000 36.90400000 36.83900000 36.73300000 37.20700000 37.13600000 37.00200000 37.06600000 37.01100000 37.02400000 36.97800000 36.87400000
36.60600000 37.10800000 37.15400000 36.88000000 37.00100000 36.99500000 36.89200000 36.58900000 36.65700000 36.67800000 36.80500000 36.94500000 36.91300000 36.93800000 36.99900000 36.97700000 37.02400000 36.98000000 36.87300000 36.73100000 37.27400000 37.24800000 37.22600000 37.22900000 37.25800000 37.27500000 36.95700000 36.83200000 36.72400000 36.82500000
36.60300000 36.91800000 36.90300000 37.19900000 37.19800000 36.86800000 36.78100000 36.59700000 36.68000000 36.95800000 36.94600000 36.94100000 36.94200000 36.92600000 37.03500000 36.93100000 36.96000000 36.86800000 37.05700000 37.23800000 37.21900000 37.16400000 37.13700000 37.14700000 37.17700000 37.23400000 37.29200000 36.81200000 36.59800000 36.65700000
36.65600000 36.71200000 36.76400000 36.67700000 37.27500000 37.16200000 36.93500000 36.91600000 36.90100000 36.87900000 36.84200000 36.85100000 36.86600000 36.89100000 37.04700000 36.99100000 36.79300000 37.08200000 37.23200000 37.22000000 37.15400000 37.04100000 36.97100000 37.05200000 37.16500000 37.24800000 37.33700000 37.29700000 36.75100000 36.64800000
36.05900000 36.70200000 36.51000000 36.66900000 36.61300000 37.31800000 37.25100000 36.91700000 36.96600000 37.00400000 37.03100000 37.01100000 37.00400000 37.01400000 37.05100000 37.11600000 36.90900000 37.19400000 37.21600000 37.18500000 37.12200000 37.03500000 37.04900000 37.16500000 37.24500000 37.42000000 37.45400000 37.44400000 37.26000000 36.84500000
35.60800000 36.00700000 36.48800000 36.17600000 36.49000000 36.55500000 37.29400000 37.37300000 37.34500000 36.96200000 36.92800000 36.96700000 37.01400000 37.03300000 37.03100000 37.10000000 36.94900000 37.16100000 37.20900000 37.18500000 37.17500000 37.17600000 37.18500000 37.32600000 37.34800000 37.37900000 37.44500000 37.47200000 37.29500000 37.33400000
35.99800000 35.84000000 35.82300000 35.89700000 36.32600000 36.12300000 37.18700000 37.33100000 37.40400000 37.34000000 36.97100000 36.96400000 37.02700000 37.06200000 37.04600000 37.12900000 37.15700000 37.16500000 37.18700000 37.24100000 37.12800000 37.37400000 37.32900000 37.35600000 37.42600000 37.39800000 37.42900000 37.48000000 37.31200000 37.26600000
36.02600000 35.86100000 35.80800000 36.38500000 35.97800000 36.02700000 36.51300000 37.10300000 37.15800000 37.26800000 37.22500000 36.97700000 36.96100000 36.99600000 37.04000000 37.24300000 37.24400000 37.24200000 37.07600000 37.37700000 37.39200000 37.32400000 37.37600000 37.33000000 37.42400000 37.45200000 37.46400000 37.36800000 37.28900000 37.21300000
35.82700000 37.59700000 35.83000000 35.79000000 36.40100000 35.94200000 35.89800000 36.50100000 37.02100000 36.93800000 36.88300000 37.30900000 37.00700000 36.98600000 37.02700000 37.10300000 37.07300000 37.35000000 37.30400000 37.37700000 37.36500000 37.26800000 37.32600000 37.32900000 37.35000000 37.33500000 37.32000000 37.29200000 37.25500000 37.14900000
37.59700000 37.59700000 37.59700000 37.59700000 35.76400000 36.26100000 35.89400000 35.87500000 36.71700000 36.83700000 36.48200000 36.61200000 37.25100000 37.31000000 37.33600000 37.31300000 37.19700000 37.12700000 37.36800000 37.38700000 37.25300000 37.34400000 37.28000000 37.29200000 37.37600000 37.37100000 37.26200000 37.32400000 37.20200000 37.12400000
37.59700000 37.59700000 37.59700000 37.59700000 37.59700000 35.77000000 35.78100000 35.90000000 36.37600000 36.38300000 36.29400000 36.35000000 36.50800000 36.75100000 37.16200000 37.09300000 36.91100000 36.95600000 37.36200000 37.42400000 37.21200000 37.27500000 37.25300000 37.23100000 37.29800000 37.39300000 37.35600000 37.32300000 37.21900000 37.16400000
37.59700000 37.59700000 37.59700000 37.59700000 37.59700000 37.59700000 37.59700000 35.76400000 35.74300000 35.98100000 36.33700000 36.12500000 36.27400000 36.46000000 36.24900000 36.26600000 36.70300000 36.95100000 37.30800000 37.42700000 37.42200000 37.21400000 37.22000000 37.19200000 37.34800000 37.38800000 37.45800000 37.33200000 37.39900000 37.22100000
37.59700000 37.59700000 37.59700000 37.59700000 37.59700000 37.59700000 37.59700000 37.59700000 37.59700000 37.59700000 37.59700000 37.59700000 37.59700000 37.59700000 37.59700000 36.14300000 36.53500000 36.93200000 36.92300000 37.34000000 37.43100000 37.41300000 37.40300000 37.40900000 37.34500000 37.37400000 37.42400000 37.47500000 37.34900000 37.37100000
37.59700000 37.59700000 37.59700000 37.59700000 37.59700000 37.59700000 37.59700000 37.59700000 37.59700000 37.59700000 37.59700000 37.59700000 37.59700000 37.59700000 37.59700000 37.59700000 36.52400000 36.55800000 36.89400000 37.26400000 37.35600000 37.42200000 37.41500000 37.36100000 37.33500000 37.38300000 37.39800000 37.45100000 37.52300000 37.53900000
37.59700000 37.59700000 37.59700000 37.59700000 37.59700000 37.59700000 37.59700000 37.59700000 37.59700000 37.59700000 37.59700000 37.59700000 37.59700000 37.59700000 37.59700000 37.59700000 37.59700000 36.27100000 36.67700000 36.74000000 37.17200000 37.36900000 37.40300000 37.33300000 37.34900000 37.38800000 37.36500000 37.38800000 37.41900000 37.55100000
37.59700000 37.59700000 37.59700000 37.59700000 37.59700000 37.59700000 37.59700000 37.59700000 37.59700000 37.59700000 37.59700000 37.59700000 37.59700000 37.59700000 37.59700000 37.59700000 37.59700000 37.59700000 37.59700000 36.91800000 36.83900000 37.35900000 37.38100000 37.33500000 37.36100000 37.37300000 37.38000000 37.33600000 37.38600000 37.47900000
37.59700000 37.59700000 37.59700000 37.59700000 37.59700000 37.59700000 37.59700000 37.59700000 37.59700000 37.59700000 37.59700000 37.59700000 37.59700000 37.59700000 37.59700000 37.59700000 37.59700000 37.59700000 37.59700000 37.59700000 36.63400000 37.36600000 37.33500000 37.37700000 37.42500000 37.38500000 37.37100000 37.35300000 37.39500000 37.40400000
37.59700000 37.59700000 37.59700000 37.59700000 37.59700000 37.59700000 37.59700000 37.59700000 37.59700000 37.59700000 37.59700000 37.59700000 37.59700000 37.59700000 37.59700000 37.59700000 37.59700000 37.59700000 37.59700000 37.59700000 36.79300000 37.37500000 37.31300000 37.41700000 37.40800000 37.44600000 37.39600000 37.36700000 37.35400000 37.41900000
37.59700000 37.59700000 37.59700000 37.59700000 37.59700000 37.59700000 37.59700000 37.59700000 37.59700000 37.59700000 37.59700000 37.59700000 37.59700000 37.59700000 37.59700000 37.59700000 37.59700000 37.59700000 37.59700000 37.59700000 36.28300000 37.36300000 37.38000000 37.40400000 37.39800000 37.41100000 37.33700000 37.32600000 37.36000000 37.36200000
37.59700000 37.59700000 37.59700000 37.59700000 37.59700000 37.59700000 37.59700000 37.59700000 37.59700000 37.59700000 37.59700000 37.59700000 37.59700000 37.59700000 37.59700000 37.59700000 37.59700000 37.59700000 37.59700000 37.59700000 36.49000000 37.30100000 37.38800000 37.38100000 37.38400000 37.39200000 37.32800000 37.28400000 37.31600000 37.36600000
37.59700000 37.59700000 37.59700000 37.59700000 37.59700000 37.59700000 37.59700000 37.59700000 37.59700000 37.59700000 37.59700000 37.59700000 37.59700000 37.59700000 37.59700000 37.59700000 37.59700000 37.59700000 37.59700000 37.59700000 37.59700000 37.12800000 37.34600000 37.36900000 37.36800000 37.35100000 37.31800000 37.30400000 37.29500000 37.33000000
37.59700000 37.59700000 37.59700000 37.59700000 37.59700000 37.59700000 37.59700000 37.59700000 37.59700000 37.59700000 37.59700000 37.59700000 37.59700000 37.59700000 37.59700000 37.59700000 37.59700000 37.59700000 37.59700000 37.59700000 37.59700000 36.72700000 37.27500000 37.34400000 37.35600000 37.34300000 37.33000000 37.29700000 37.29800000 37.32900000
37.59700000 37.59700000 37.59700000 37.59700000 37.59700000 37.59700000 37.59700000 37.59700000 37.59700000 37.59700000 37.59700000 37.59700000 37.59700000 37.59700000 37.59700000 37.59700000 37.59700000 37.59700000 37.59700000 37.59700000 37.59700000 37.59700000 37.11500000 37.31400000 37.32000000 37.31500000 37.26200000 37.22500000 37.27800000 37.31800000
37.59700000 37.59700000 37.59700000 37.59700000 37.59700000 37.59700000 37.59700000 37.59700000 37.59700000 37.59700000 37.59700000 37.59700000 37.59700000 37.59700000 37.59700000 37.59700000 37.59700000 37.59700000 37.59700000 37.59700000 37.59700000 37.59700000 36.81400000 37.14800000 37.14500000 37.17700000 37.22100000 37.26400000 37.24800000 37.31100000
37.59700000 37.59700000 37.59700000 37.59700000 37.59700000 37.59700000 37.59700000 37.59700000 37.59700000 37.59700000 37.59700000 37.59700000 37.59700000 37.59700000 37.59700000 37.59700000 37.59700000 37.59700000 37.59700000 37.59700000 37.59700000 37.59700000 37.59700000 36.70100000 37.09800000 37.18400000 37.20900000 37.21400000 37.24000000 37.29800000
