 25.15700000  25.05800000  24.95300000  25.05400000  25.08700000  25.02300000  25.16000000  25.21400000  25.12700000  24.89300000  24.99000000  25.04200000  24.62500000  24.07500000  24.54800000  24.96000000  25.17400000  24.95600000  25.03900000  25.01000000  24.96900000  24.81400000  24.45100000  24.05400000  24.01600000  23.51400000  24.10800000  24.15500000  24.21400000  24.55000000
 25.06500000  25.03900000  24.54300000  25.02200000  25.06900000  24.98200000  24.94500000  24.91500000  24.98100000  25.05500000  25.01900000  24.66700000  24.05400000  24.59200000  24.86200000  25.29100000  24.95300000  24.95900000  25.01900000  24.96100000  24.88500000  24.74400000  24.54200000  23.96400000  25.04600000  25.17800000  25.05100000  25.06500000  24.61400000  24.53000000
 24.94600000  25.12600000  25.01600000  24.90900000  24.97700000  25.04400000  25.04500000  25.02900000  24.95300000  24.73500000  23.85600000  23.83100000  24.57100000  24.84200000  25.22500000  25.10900000  24.96700000  24.95600000  24.77700000  24.72500000  24.59500000  24.38600000  25.37500000  25.24700000  25.01600000  25.04600000  24.90800000  24.91600000  24.96400000  24.84200000
 24.00800000  25.09000000  25.30200000  25.04900000  24.73700000  24.81600000  24.56300000  23.91200000  24.02200000  24.00400000  24.23000000  24.58100000  24.68500000  25.12200000  25.32900000  24.94600000  24.93200000  24.83500000  24.57000000  24.32200000  25.45200000  25.44400000  25.44600000  25.48800000  25.64600000  25.49200000  24.95300000  24.82000000  24.85500000  24.97300000
 23.67100000  24.52900000  24.60400000  25.28300000  25.57500000  25.03300000  24.43400000  23.97000000  24.18300000  24.95500000  25.00900000  25.01300000  25.05600000  25.21000000  25.45600000  24.87600000  24.83400000  24.56900000  25.08400000  25.31100000  25.33000000  25.08300000  25.00100000  25.02800000  25.26000000  25.64700000  25.74200000  24.82600000  24.72300000  24.91800000
 23.72400000  24.11500000  24.15100000  24.24600000  25.45200000  25.54800000  25.25900000  25.22700000  25.20400000  25.19400000  25.12800000  25.12100000  25.11700000  25.17500000  25.50000000  25.00500000  24.54800000  25.17800000  25.30600000  25.26900000  25.03500000  24.82700000  24.60500000  24.82700000  25.19900000  25.75500000  26.03100000  25.71300000  24.76500000  24.90000000
 23.59400000  24.16800000  23.85400000  23.92500000  24.04000000  25.64400000  25.74000000  25.30200000  25.42500000  25.48400000  25.50900000  25.43700000  25.36900000  25.29700000  25.46900000  25.26900000  24.77400000  25.36800000  25.25300000  25.15300000  24.95000000  24.80900000  24.82100000  25.15400000  25.77000000  26.05000000  26.26600000  26.23500000  25.57300000  25.07000000
 22.71800000  23.25100000  23.72800000  23.17700000  23.73200000  23.85000000  25.61600000  25.97400000  25.95600000  25.33800000  25.33500000  25.38800000  25.38700000  25.40500000  25.41100000  25.39700000  24.86200000  25.31300000  25.31900000  25.19700000  25.17600000  25.21000000  25.55900000  25.89300000  25.84200000  25.92700000  26.23200000  26.34000000  25.69100000  25.74400000
 22.80100000  22.95300000  23.02700000  22.81600000  23.29900000  23.54500000  25.08200000  25.73100000  26.10400000  26.02500000  25.30800000  25.39100000  25.46600000  25.47700000  25.48700000  25.44300000  25.32800000  25.32300000  25.39500000  25.55400000  25.65200000  26.23500000  25.99300000  25.90700000  26.11600000  25.94300000  26.07200000  26.27900000  25.78800000  25.85700000
 22.44300000  20.90600000  20.88500000  22.66100000  22.92200000  23.19000000  23.69100000  24.91400000  25.23700000  25.66600000  25.80300000  25.31700000  25.43200000  25.42800000  25.41400000  25.59500000  25.56400000  25.58500000  25.57700000  26.30000000  26.37700000  26.02300000  26.02500000  25.99300000  26.22800000  26.21500000  26.23300000  25.99200000  25.69900000  25.83700000
 23.26700000  22.66800000  21.59700000  22.08100000  22.76300000  22.85700000  22.97300000  23.63300000  24.60000000  24.51400000  24.66100000  25.85900000  25.36200000  25.40100000  25.44600000  25.46500000  25.43500000  26.14000000  26.15000000  26.37900000  26.31400000  25.76000000  25.98300000  26.26600000  26.18800000  25.88100000  25.74900000  25.74100000  25.88100000  25.73000000
 27.83300000  27.83300000  27.83300000  23.25200000  22.52300000  22.85100000  22.66100000  22.85400000  23.96900000  24.22600000  23.65900000  24.08700000  25.53400000  25.86700000  26.00900000  25.95700000  25.61400000  25.63800000  26.33600000  26.35100000  25.85800000  26.02000000  26.10300000  26.02900000  26.30600000  26.23900000  25.73400000  25.96100000  25.92400000  25.67800000
 27.83300000  27.83300000  27.83300000  27.83300000  23.34900000  22.85800000  22.11100000  22.21700000  23.10800000  23.19700000  23.23100000  23.38200000  23.76400000  24.41100000  25.12500000  25.05900000  24.69700000  25.01100000  26.35600000  26.38100000  25.78200000  25.87100000  26.08800000  25.92200000  26.03200000  26.48800000  26.11500000  25.96000000  25.89000000  25.89100000
 27.83300000  27.83300000  27.83300000  27.83300000  27.83300000  27.83300000  23.10800000  21.96400000  22.05700000  22.68700000  22.63700000  22.15400000  22.60700000  23.63800000  23.81200000  24.19800000  24.67700000  24.35400000  26.26500000  26.38100000  26.42700000  25.82800000  25.95500000  25.91700000  26.19100000  26.58600000  26.55700000  25.99900000  26.15600000  25.94300000
 27.83300000  27.83300000  27.83300000  27.83300000  27.83300000  27.83300000  27.83300000  27.83300000  27.83300000  27.83300000  27.83300000  27.83300000  22.29500000  19.35500000  19.48900000  23.50900000  24.50400000  24.82100000  24.87900000  26.41000000  26.44200000  26.51200000  26.49500000  26.56300000  26.53100000  26.67500000  26.58500000  26.58400000  26.11200000  26.02000000
 27.83300000  27.83300000  27.83300000  27.83300000  27.83300000  27.83300000  27.83300000  27.83300000  27.83300000  27.83300000  27.83300000  27.83300000  27.83300000  27.83300000  27.83300000  23.57000000  24.00800000  24.27600000  24.42300000  25.98400000  26.44500000  26.45800000  26.49800000  26.31900000  26.74000000  26.71200000  26.61600000  26.63700000  26.67300000  26.67900000
 27.83300000  27.83300000  27.83300000  27.83300000  27.83300000  27.83300000  27.83300000  27.83300000  27.83300000  27.83300000  27.83300000  27.83300000  27.83300000  27.83300000  27.83300000  27.83300000  23.55300000  23.03900000  25.06300000  24.12800000  25.83600000  26.51700000  26.44000000  26.62000000  26.78900000  26.81000000  26.71100000  26.68100000  26.78400000  26.88300000
 27.83300000  27.83300000  27.83300000  27.83300000  27.83300000  27.83300000  27.83300000  27.83300000  27.83300000  27.83300000  27.83300000  27.83300000  27.83300000  27.83300000  27.83300000  27.83300000  27.83300000  27.83300000  24.41400000  25.01900000  24.71700000  26.58900000  26.52400000  26.74000000  26.75700000  26.76900000  26.78600000  26.72300000  26.88200000  26.83900000
 27.83300000  27.83300000  27.83300000  27.83300000  27.83300000  27.83300000  27.83300000  27.83300000  27.83300000  27.83300000  27.83300000  27.83300000  27.83300000  27.83300000  27.83300000  27.83300000  27.83300000  27.83300000  27.83300000  24.96600000  23.60000000  26.63800000  26.55600000  26.80300000  26.88300000  26.77200000  26.79800000  26.83100000  26.95100000  26.94900000
 27.83300000  27.83300000  27.83300000  27.83300000  27.83300000  27.83300000  27.83300000  27.83300000  27.83300000  27.83300000  27.83300000  27.83300000  27.83300000  27.83300000  27.83300000  27.83300000  27.83300000  27.83300000  27.83300000  24.25600000  24.82100000  26.70500000  26.66000000  26.89800000  26.72800000  26.90100000  26.89200000  26.90600000  26.93600000  27.00900000
 27.83300000  27.83300000  27.83300000  27.83300000  27.83300000  27.83300000  27.83300000  27.83300000  27.83300000  27.83300000  27.83300000  27.83300000  27.83300000  27.83300000  27.83300000  27.83300000  27.83300000  27.83300000  27.83300000  25.07800000  25.71500000  26.69800000  26.84500000  26.87900000  26.71500000  26.85800000  26.73600000  26.86900000  26.95200000  26.93700000
 27.83300000  27.83300000  27.83300000  27.83300000  27.83300000  27.83300000  27.83300000  27.83300000  27.83300000  27.83300000  27.83300000  27.83300000  27.83300000  27.83300000  27.83300000  27.83300000  27.83300000  27.83300000  27.83300000  25.22800000  24.81500000  26.56700000  26.86000000  26.81200000  26.77700000  26.86500000  26.71600000  26.41100000  26.88600000  27.00900000
 27.83300000  27.83300000  27.83300000  27.83300000  27.83300000  27.83300000  27.83300000  27.83300000  27.83300000  27.83300000  27.83300000  27.83300000  27.83300000  27.83300000  27.83300000  27.83300000  27.83300000  27.83300000  27.83300000  27.83300000  25.06000000  26.08200000  26.68300000  26.75500000  26.77900000  26.82200000  26.66100000  26.42300000  26.68000000  26.99000000
 27.83300000  27.83300000  27.83300000  27.83300000  27.83300000  27.83300000  27.83300000  27.83300000  27.83300000  27.83300000  27.83300000  27.83300000  27.83300000  27.83300000  27.83300000  27.83300000  27.83300000  27.83300000  27.83300000  27.83300000  27.83300000  25.27000000  26.45600000  26.64100000  26.73600000  26.73300000  26.63200000  26.42700000  26.87100000  27.03200000
 27.83300000  27.83300000  27.83300000  27.83300000  27.83300000  27.83300000  27.83300000  27.83300000  27.83300000  27.83300000  27.83300000  27.83300000  27.83300000  27.83300000  27.83300000  27.83300000  27.83300000  27.83300000  27.83300000  27.83300000  27.83300000  25.09600000  26.05800000  26.53800000  26.55400000  26.51800000  26.38900000  26.37000000  26.89000000  27.08200000
 27.83300000  27.83300000  27.83300000  27.83300000  27.83300000  27.83300000  27.83300000  27.83300000  27.83300000  27.83300000  27.83300000  27.83300000  27.83300000  27.83300000  27.83300000  27.83300000  27.83300000  27.83300000  27.83300000  27.83300000  27.83300000  27.83300000  25.70200000  26.13700000  26.14700000  26.25100000  26.38900000  26.54500000  26.47900000  27.15000000
 27.83300000  27.83300000  27.83300000  27.83300000  27.83300000  27.83300000  27.83300000  27.83300000  27.83300000  27.83300000  27.83300000  27.83300000  27.83300000  27.83300000  27.83300000  27.83300000  27.83300000  27.83300000  27.83300000  27.83300000  27.83300000  27.83300000  27.83300000  26.01300000  26.27900000  26.24100000  26.27700000  26.50700000  26.81100000  27.09600000
 25.17200000  25.06100000  24.96700000  25.04300000  25.08700000  25.03200000  25.17500000  25.23000000  25.13500000  24.94400000  25.05200000  25.06000000  24.61000000  24.13500000  24.52100000  24.95400000  25.19200000  24.98000000  25.04300000  25.00800000  24.96600000  24.82300000  24.45000000  24.01400000  24.02800000  23.49600000  24.08600000  24.14700000  24.19900000  24.55600000
 25.07500000  25.04700000  24.53400000  25.02900000  25.07600000  24.98800000  24.95400000  24.92400000  24.98500000  25.06100000  25.02900000  24.68000000  24.04400000  24.58700000  24.85900000  25.30100000  24.96000000  24.96600000  25.02700000  24.96900000  24.89100000  24.74700000  24.55400000  23.96100000  25.04300000  25.19300000  25.06100000  25.07600000  24.62600000  24.53600000
 24.95700000  25.13100000  24.99600000  24.91600000  24.98400000  25.05100000  25.05300000  25.03800000  24.96200000  24.74700000  23.87000000  23.81600000  24.56900000  24.84100000  25.23200000  25.11900000  24.97400000  24.96300000  24.78400000  24.73200000  24.59900000  24.29700000  25.38700000  25.25100000  25.01800000  25.05400000  24.91500000  24.92100000  24.96800000  24.84800000
 24.50400000  25.09800000  25.30600000  25.01400000  24.75100000  24.81900000  24.57800000  23.92600000  24.01900000  24.01600000  24.22400000  24.57900000  24.69000000  25.12600000  25.33800000  24.95500000  24.93800000  24.84200000  24.58300000  24.27200000  25.46000000  25.44900000  25.45300000  25.49600000  25.65400000  25.49900000  24.96100000  24.82800000  24.86200000  24.98700000
 24.47900000  24.53000000  24.62400000  25.29400000  25.58300000  24.94800000  24.30600000  23.95700000  24.12400000  24.93000000  25.00500000  25.01000000  25.05600000  25.21900000  25.46400000  24.88400000  24.84000000  24.57100000  25.07000000  25.31600000  25.33800000  25.08800000  24.99900000  25.02700000  25.26500000  25.65600000  25.74900000  24.83600000  24.72400000  24.92400000
 24.59500000  24.10100000  24.15000000  24.25600000  25.45900000  25.54500000  25.26600000  25.23400000  25.21000000  25.20100000  25.13600000  25.12800000  25.12300000  25.18100000  25.50800000  25.01300000  24.55200000  25.17200000  25.31100000  25.27100000  25.03600000  24.82000000  24.58600000  24.80900000  25.19300000  25.76000000  26.04000000  25.72100000  24.77600000  24.90200000
 23.56800000  24.18300000  23.83500000  23.92600000  24.09100000  25.65300000  25.74800000  25.30800000  25.43300000  25.49100000  25.51500000  25.44500000  25.37700000  25.30400000  25.47600000  25.27700000  24.76600000  25.37200000  25.25400000  25.15000000  24.93700000  24.78900000  24.79500000  25.13500000  25.76800000  26.06000000  26.27600000  26.24700000  25.58400000  25.10600000
 22.75600000  23.34500000  23.77000000  23.17400000  23.73300000  23.94000000  25.62500000  25.98500000  25.96500000  25.34500000  25.34300000  25.39700000  25.39400000  25.41100000  25.41600000  25.40100000  24.85500000  25.31400000  25.30800000  25.17800000  25.15200000  25.17400000  25.49700000  25.90200000  25.85000000  25.93500000  26.24300000  26.35600000  25.70400000  25.77300000
 22.53500000  23.17500000  23.06200000  22.76500000  23.28400000  23.55900000  25.09000000  25.74200000  26.11700000  26.03800000  25.31500000  25.39800000  25.47200000  25.48400000  25.49100000  25.44600000  25.32400000  25.31100000  25.37800000  25.53300000  25.58700000  26.21100000  26.00100000  25.90500000  26.12300000  25.95300000  26.08100000  26.29100000  25.80200000  25.87600000
 19.06100000  17.97000000  17.81200000  21.33000000  22.89000000  23.19800000  23.77200000  24.92300000  25.24900000  25.67800000  25.81200000  25.32500000  25.43900000  25.43500000  25.41900000  25.59800000  25.56300000  25.57300000  25.52000000  26.29600000  26.37800000  26.02700000  25.99900000  25.98600000  26.23400000  26.22400000  26.24400000  26.00800000  25.70500000  25.85500000
 19.31100000  27.83300000  17.92500000  17.76200000  21.19700000  22.77000000  23.12300000  23.67400000  24.60300000  24.53500000  24.68400000  25.86900000  25.36800000  25.40900000  25.45200000  25.46700000  25.45000000  26.13900000  26.13900000  26.37900000  26.31800000  25.72300000  25.98300000  26.26300000  26.16800000  25.88400000  25.75700000  25.73900000  25.89200000  25.74200000
 27.83300000  27.83300000  27.83300000  27.83300000  18.34200000  20.40500000  21.86900000  22.77400000  23.98600000  24.21800000  23.67300000  24.09600000  25.55900000  25.87800000  26.01700000  25.96800000  25.63100000  25.63300000  26.33100000  26.35000000  25.85800000  25.99100000  26.06100000  26.01900000  26.29800000  26.21300000  25.72400000  25.96900000  25.93300000  25.68700000
 27.83300000  27.83300000  27.83300000  27.83300000  27.83300000  18.02800000  18.58700000  19.42400000  22.97700000  23.24400000  23.20700000  23.29700000  23.73900000  24.55700000  25.12900000  25.06700000  24.66500000  24.94200000  26.34500000  26.37400000  25.76100000  25.85100000  26.05900000  25.89600000  26.00400000  26.48600000  26.10400000  25.96300000  25.89600000  25.89700000
 27.83300000  27.83300000  27.83300000  27.83300000  27.83300000  27.83300000  27.83300000  17.78500000  17.08700000  18.52000000  20.97600000  20.29300000  20.37700000  23.02600000  23.67500000  24.28100000  24.66900000  24.18700000  26.25000000  26.37200000  26.42000000  25.79700000  25.92200000  25.88300000  26.16700000  26.57900000  26.56000000  25.99400000  26.16300000  25.94400000
 27.83300000  27.83300000  27.83300000  27.83300000  27.83300000  27.83300000  27.83300000  27.83300000  27.83300000  27.83300000  27.83300000  27.83300000  27.83300000  27.83300000  27.83300000  19.38100000  24.45500000  24.72300000  24.75600000  26.39500000  26.42500000  26.49400000  26.47400000  26.54100000  26.48700000  26.66200000  26.58000000  26.58500000  26.09000000  26.02800000
 27.83300000  27.83300000  27.83300000  27.83300000  27.83300000  27.83300000  27.83300000  27.83300000  27.83300000  27.83300000  27.83300000  27.83300000  27.83300000  27.83300000  27.83300000  27.83300000  23.64600000  24.09700000  24.34000000  25.91800000  26.41900000  26.43200000  26.47800000  26.27000000  26.72000000  26.69800000  26.60100000  26.62800000  26.67000000  26.69000000
 27.83300000  27.83300000  27.83300000  27.83300000  27.83300000  27.83300000  27.83300000  27.83300000  27.83300000  27.83300000  27.83300000  27.83300000  27.83300000  27.83300000  27.83300000  27.83300000  27.83300000  20.35700000  23.11200000  23.92600000  25.71100000  26.47800000  26.39500000  26.56800000  26.76600000  26.80100000  26.70100000  26.67100000  26.77900000  26.88900000
 27.83300000  27.83300000  27.83300000  27.83300000  27.83300000  27.83300000  27.83300000  27.83300000  27.83300000  27.83300000  27.83300000  27.83300000  27.83300000  27.83300000  27.83300000  27.83300000  27.83300000  27.83300000  27.83300000  24.69100000  24.49700000  26.52200000  26.47900000  26.69500000  26.72700000  26.75400000  26.77700000  26.71400000  26.88300000  26.84200000
 27.83300000  27.83300000  27.83300000  27.83300000  27.83300000  27.83300000  27.83300000  27.83300000  27.83300000  27.83300000  27.83300000  27.83300000  27.83300000  27.83300000  27.83300000  27.83300000  27.83300000  27.83300000  27.83300000  27.83300000  23.28000000  26.58100000  26.50200000  26.75800000  26.85500000  26.75000000  26.78500000  26.83100000  26.95300000  26.95400000
 27.83300000  27.83300000  27.83300000  27.83300000  27.83300000  27.83300000  27.83300000  27.83300000  27.83300000  27.83300000  27.83300000  27.83300000  27.83300000  27.83300000  27.83300000  27.83300000  27.83300000  27.83300000  27.83300000  27.83300000  23.73800000  26.64300000  26.59900000  26.85800000  26.69100000  26.88800000  26.88000000  26.90600000  26.93700000  27.01900000
 27.83300000  27.83300000  27.83300000  27.83300000  27.83300000  27.83300000  27.83300000  27.83300000  27.83300000  27.83300000  27.83300000  27.83300000  27.83300000  27.83300000  27.83300000  27.83300000  27.83300000  27.83300000  27.83300000  27.83300000  20.20100000  26.63900000  26.79500000  26.83800000  26.66700000  26.83500000  26.71300000  26.85700000  26.95000000  26.94700000
 27.83300000  27.83300000  27.83300000  27.83300000  27.83300000  27.83300000  27.83300000  27.83300000  27.83300000  27.83300000  27.83300000  27.83300000  27.83300000  27.83300000  27.83300000  27.83300000  27.83300000  27.83300000  27.83300000  27.83300000  22.16200000  26.49300000  26.79500000  26.75700000  26.72100000  26.83300000  26.70100000  26.39300000  26.88000000  27.01800000
 27.83300000  27.83300000  27.83300000  27.83300000  27.83300000  27.83300000  27.83300000  27.83300000  27.83300000  27.83300000  27.83300000  27.83300000  27.83300000  27.83300000  27.83300000  27.83300000  27.83300000  27.83300000  27.83300000  27.83300000  27.83300000  26.03300000  26.62400000  26.70000000  26.72600000  26.79600000  26.65100000  26.41100000  26.64200000  27.00100000
 27.83300000  27.83300000  27.83300000  27.83300000  27.83300000  27.83300000  27.83300000  27.83300000  27.83300000  27.83300000  27.83300000  27.83300000  27.83300000  27.83300000  27.83300000  27.83300000  27.83300000  27.83300000  27.83300000  27.83300000  27.83300000  24.30200000  26.42400000  26.62000000  26.71000000  26.71500000  26.62800000  26.42900000  26.83200000  27.04300000
 27.83300000  27.83300000  27.83300000  27.83300000  27.83300000  27.83300000  27.83300000  27.83300000  27.83300000  27.83300000  27.83300000  27.83300000  27.83300000  27.83300000  27.83300000  27.83300000  27.83300000  27.83300000  27.83300000  27.83300000  27.83300000  27.83300000  26.05400000  26.52800000  26.52700000  26.49100000  26.38300000  26.36200000  26.89600000  27.09100000
 27.83300000  27.83300000  27.83300000  27.83300000  27.83300000  27.83300000  27.83300000  27.83300000  27.83300000  27.83300000  27.83300000  27.83300000  27.83300000  27.83300000  27.83300000  27.83300000  27.83300000  27.83300000  27.83300000  27.83300000  27.83300000  27.83300000  25.72400000  26.11300000  26.10300000  26.20300000  26.39200000  26.54200000  26.46800000  27.16400000
 27.83300000  27.83300000  27.83300000  27.83300000  27.83300000  27.83300000  27.83300000  27.83300000  27.83300000  27.83300000  27.83300000  27.83300000  27.83300000  27.83300000  27.83300000  27.83300000  27.83300000  27.83300000  27.83300000  27.83300000  27.83300000  27.83300000  27.83300000  26.04700000  26.27100000  26.22200000  26.27000000  26.49100000  26.84200000  27.10900000
