36.98100000 36.90500000 36.92200000 37.05400000 37.18200000 37.20000000 37.22600000 37.24700000 37.19500000 37.16000000 37.09000000 36.97600000 36.84500000 36.62900000 36.81700000 36.91100000 37.06400000 37.02700000 37.06000000 37.02700000 36.98800000 36.96300000 36.78500000 36.52600000 36.60900000 36.41200000 36.66500000 36.66500000 36.65600000 36.87700000
36.91200000 36.85100000 36.92000000 37.14600000 37.13700000 37.17500000 37.17500000 37.15800000 37.13000000 37.05500000 36.95300000 36.84000000 36.62200000 36.90700000 36.89600000 37.13000000 37.01100000 37.06800000 37.03400000 37.00600000 36.95600000 36.86000000 36.80000000 36.62500000 37.07200000 37.10800000 37.04600000 37.07800000 36.93600000 36.86600000
36.87600000 37.03000000 36.88800000 37.08200000 37.06500000 37.06800000 37.05900000 37.01300000 36.94900000 36.87600000 36.55000000 36.49500000 36.92400000 36.89900000 36.96900000 37.06000000 37.05500000 37.04700000 36.94700000 36.90500000 36.83800000 36.75900000 37.20400000 37.13700000 37.00300000 37.06500000 37.01000000 37.02400000 36.98000000 36.87500000
36.35100000 37.11300000 37.16000000 36.89200000 37.00200000 36.99000000 36.88900000 36.58200000 36.65700000 36.67300000 36.80200000 36.94400000 36.91500000 36.93700000 37.00000000 36.97300000 37.02500000 36.98000000 36.87500000 36.74100000 37.27600000 37.24600000 37.22400000 37.22700000 37.25800000 37.27900000 36.95600000 36.82900000 36.71100000 36.82300000
35.79000000 36.91500000 36.89200000 37.20100000 37.20700000 36.88000000 36.82700000 36.60300000 36.69200000 36.95600000 36.94600000 36.94300000 36.94300000 36.92700000 37.03600000 36.92800000 36.96300000 36.86500000 37.05700000 37.23800000 37.21800000 37.16200000 37.13200000 37.14600000 37.17700000 37.23300000 37.29600000 36.81100000 36.59700000 36.66000000
35.84700000 36.70900000 36.75100000 36.65900000 37.26900000 37.17500000 36.93600000 36.91600000 36.90700000 36.88300000 36.84700000 36.84900000 36.86500000 36.88800000 37.04500000 36.98800000 36.79700000 37.07700000 37.23300000 37.21700000 37.15300000 37.03800000 36.96700000 37.05600000 37.16600000 37.24800000 37.34000000 37.30300000 36.75900000 36.64800000
36.05400000 36.67100000 36.50800000 36.65600000 36.53000000 37.31200000 37.28600000 36.92100000 36.96300000 37.00300000 37.03000000 37.01300000 37.00500000 37.01400000 37.05100000 37.11600000 36.91200000 37.19500000 37.21800000 37.18600000 37.12300000 37.03900000 37.05600000 37.16900000 37.24700000 37.42000000 37.44800000 37.44500000 37.26100000 36.83400000
35.54700000 35.75400000 36.42000000 36.13200000 36.49100000 36.42100000 37.29200000 37.37100000 37.36800000 36.97700000 36.92700000 36.96800000 37.01300000 37.03300000 37.03100000 37.08800000 36.94400000 37.16400000 37.21200000 37.18900000 37.17900000 37.17800000 37.19000000 37.32600000 37.34700000 37.37500000 37.44300000 37.47400000 37.29800000 37.33100000
35.37700000 35.69000000 35.78000000 35.85300000 36.29400000 36.09100000 37.18900000 37.32600000 37.39800000 37.32600000 36.97400000 36.96500000 37.02800000 37.06200000 37.04400000 37.11500000 37.15300000 37.16100000 37.18800000 37.23700000 37.14300000 37.37900000 37.33400000 37.35900000 37.42800000 37.40000000 37.42700000 37.48100000 37.31800000 37.26200000
35.29800000 35.63100000 35.58100000 35.52200000 35.89200000 35.99400000 36.39400000 37.09800000 37.14700000 37.26400000 37.21700000 36.98100000 36.96100000 36.99900000 37.03700000 37.24200000 37.24500000 37.24300000 37.08600000 37.37800000 37.39500000 37.32400000 37.38000000 37.32500000 37.42100000 37.45000000 37.46400000 37.37100000 37.29000000 37.21000000
35.02600000 35.21600000 35.43800000 35.49000000 35.57400000 35.77800000 35.73100000 36.43300000 37.01300000 36.90900000 36.85000000 37.30300000 37.00800000 36.98600000 37.03000000 37.10700000 37.06500000 37.35200000 37.30600000 37.37900000 37.37000000 37.27200000 37.32300000 37.32900000 37.35500000 37.33400000 37.31800000 37.29200000 37.25500000 37.14700000
37.59700000 37.59700000 37.59700000 35.35400000 35.52800000 35.57000000 35.63400000 35.76300000 36.71500000 36.80700000 36.44900000 36.59600000 37.26500000 37.31200000 37.33400000 37.31300000 37.19200000 37.12800000 37.37100000 37.39200000 37.26300000 37.34800000 37.28400000 37.29300000 37.37600000 37.38200000 37.26100000 37.32200000 37.20200000 37.12000000
37.59700000 37.59700000 37.59700000 37.59700000 35.30800000 35.53800000 35.58400000 35.71100000 36.16500000 36.34200000 36.26800000 36.35800000 36.46800000 36.71900000 37.16500000 37.08200000 36.91400000 36.96000000 37.36600000 37.42800000 37.21800000 37.27600000 37.25500000 37.23300000 37.30200000 37.39300000 37.36500000 37.32400000 37.21900000 37.16500000
37.59700000 37.59700000 37.59700000 37.59700000 37.59700000 37.59700000 35.52500000 35.62700000 35.72100000 35.91900000 36.18600000 36.15900000 36.15300000 36.17500000 36.11100000 36.17000000 36.63400000 36.96600000 37.32800000 37.43000000 37.42600000 37.21500000 37.22300000 37.19400000 37.35300000 37.38900000 37.45600000 37.33300000 37.39900000 37.21900000
37.59700000 37.59700000 37.59700000 37.59700000 37.59700000 37.59700000 37.59700000 37.59700000 37.59700000 37.59700000 37.59700000 37.59700000 36.15000000 35.92100000 35.93500000 36.04500000 36.55300000 36.92100000 36.94500000 37.34500000 37.43300000 37.41600000 37.40500000 37.41300000 37.34200000 37.37700000 37.42500000 37.47300000 37.35300000 37.36700000
37.59700000 37.59700000 37.59700000 37.59700000 37.59700000 37.59700000 37.59700000 37.59700000 37.59700000 37.59700000 37.59700000 37.59700000 37.59700000 37.59700000 37.59700000 36.03000000 36.51700000 36.53300000 36.87900000 37.27000000 37.35700000 37.42500000 37.41500000 37.36400000 37.34000000 37.38700000 37.39500000 37.43900000 37.52100000 37.54200000
37.59700000 37.59700000 37.59700000 37.59700000 37.59700000 37.59700000 37.59700000 37.59700000 37.59700000 37.59700000 37.59700000 37.59700000 37.59700000 37.59700000 37.59700000 37.59700000 36.03100000 36.13700000 36.85800000 36.74200000 37.19700000 37.36500000 37.40300000 37.32900000 37.35300000 37.39100000 37.36500000 37.37500000 37.42000000 37.55200000
37.59700000 37.59700000 37.59700000 37.59700000 37.59700000 37.59700000 37.59700000 37.59700000 37.59700000 37.59700000 37.59700000 37.59700000 37.59700000 37.59700000 37.59700000 37.59700000 37.59700000 37.59700000 36.05200000 36.96600000 36.82700000 37.36200000 37.37600000 37.34400000 37.36500000 37.37500000 37.38100000 37.33800000 37.38700000 37.47800000
37.59700000 37.59700000 37.59700000 37.59700000 37.59700000 37.59700000 37.59700000 37.59700000 37.59700000 37.59700000 37.59700000 37.59700000 37.59700000 37.59700000 37.59700000 37.59700000 37.59700000 37.59700000 37.59700000 36.91500000 36.63300000 37.37400000 37.33200000 37.38700000 37.42700000 37.38700000 37.37200000 37.35500000 37.39800000 37.40600000
37.59700000 37.59700000 37.59700000 37.59700000 37.59700000 37.59700000 37.59700000 37.59700000 37.59700000 37.59700000 37.59700000 37.59700000 37.59700000 37.59700000 37.59700000 37.59700000 37.59700000 37.59700000 37.59700000 36.69700000 36.91100000 37.38100000 37.32300000 37.42300000 37.41200000 37.44700000 37.40100000 37.36800000 37.35500000 37.41900000
37.59700000 37.59700000 37.59700000 37.59700000 37.59700000 37.59700000 37.59700000 37.59700000 37.59700000 37.59700000 37.59700000 37.59700000 37.59700000 37.59700000 37.59700000 37.59700000 37.59700000 37.59700000 37.59700000 36.77200000 37.01600000 37.36600000 37.39000000 37.40600000 37.40200000 37.41300000 37.33500000 37.32400000 37.36000000 37.36300000
37.59700000 37.59700000 37.59700000 37.59700000 37.59700000 37.59700000 37.59700000 37.59700000 37.59700000 37.59700000 37.59700000 37.59700000 37.59700000 37.59700000 37.59700000 37.59700000 37.59700000 37.59700000 37.59700000 36.54900000 36.71100000 37.30600000 37.39300000 37.38500000 37.38700000 37.39900000 37.32500000 37.28700000 37.32200000 37.36600000
37.59700000 37.59700000 37.59700000 37.59700000 37.59700000 37.59700000 37.59700000 37.59700000 37.59700000 37.59700000 37.59700000 37.59700000 37.59700000 37.59700000 37.59700000 37.59700000 37.59700000 37.59700000 37.59700000 37.59700000 36.67200000 37.12200000 37.35200000 37.37500000 37.37200000 37.35400000 37.32000000 37.30600000 37.30400000 37.33100000
37.59700000 37.59700000 37.59700000 37.59700000 37.59700000 37.59700000 37.59700000 37.59700000 37.59700000 37.59700000 37.59700000 37.59700000 37.59700000 37.59700000 37.59700000 37.59700000 37.59700000 37.59700000 37.59700000 37.59700000 37.59700000 36.75000000 37.27800000 37.34600000 37.35900000 37.34500000 37.33100000 37.29800000 37.30400000 37.32900000
37.59700000 37.59700000 37.59700000 37.59700000 37.59700000 37.59700000 37.59700000 37.59700000 37.59700000 37.59700000 37.59700000 37.59700000 37.59700000 37.59700000 37.59700000 37.59700000 37.59700000 37.59700000 37.59700000 37.59700000 37.59700000 36.53300000 37.12000000 37.31600000 37.32300000 37.31800000 37.26100000 37.22900000 37.27700000 37.31900000
37.59700000 37.59700000 37.59700000 37.59700000 37.59700000 37.59700000 37.59700000 37.59700000 37.59700000 37.59700000 37.59700000 37.59700000 37.59700000 37.59700000 37.59700000 37.59700000 37.59700000 37.59700000 37.59700000 37.59700000 37.59700000 37.59700000 36.73500000 37.15600000 37.15000000 37.18500000 37.22200000 37.26300000 37.25100000 37.31200000
37.59700000 37.59700000 37.59700000 37.59700000 37.59700000 37.59700000 37.59700000 37.59700000 37.59700000 37.59700000 37.59700000 37.59700000 37.59700000 37.59700000 37.59700000 37.59700000 37.59700000 37.59700000 37.59700000 37.59700000 37.59700000 37.59700000 37.59700000 36.69900000 37.10000000 37.19000000 37.21200000 37.21500000 37.23900000 37.30100000
36.98000000 36.90400000 36.92200000 37.05200000 37.18100000 37.20000000 37.22500000 37.24600000 37.19500000 37.15800000 37.09400000 36.97700000 36.84900000 36.66700000 36.81700000 36.90400000 37.06300000 37.02500000 37.06000000 37.03000000 36.98800000 36.95900000 36.78100000 36.52000000 36.61000000 36.41000000 36.66300000 36.66200000 36.65000000 36.87300000
36.91100000 36.85000000 36.91900000 37.14600000 37.13600000 37.17500000 37.17500000 37.15700000 37.13000000 37.05500000 36.95200000 36.84000000 36.62200000 36.90600000 36.89500000 37.12900000 37.01100000 37.06800000 37.03400000 37.00500000 36.95600000 36.86000000 36.80000000 36.62400000 37.07000000 37.10900000 37.04600000 37.07800000 36.93600000 36.86500000
36.88000000 37.02900000 36.89200000 37.08200000 37.06400000 37.06800000 37.05900000 37.01200000 36.94900000 36.87500000 36.55600000 36.49200000 36.92300000 36.89800000 36.96900000 37.05900000 37.05400000 37.04700000 36.94700000 36.90600000 36.83800000 36.74800000 37.20400000 37.13600000 37.00300000 37.06500000 37.01000000 37.02300000 36.97900000 36.87400000
36.58000000 37.11300000 37.15900000 36.88400000 37.00300000 36.98900000 36.89100000 36.59200000 36.65600000 36.67600000 36.80100000 36.94200000 36.91400000 36.93700000 36.99900000 36.97300000 37.02400000 36.98000000 36.87500000 36.73700000 37.27600000 37.24600000 37.22400000 37.22700000 37.25800000 37.27900000 36.95600000 36.83000000 36.71600000 36.82300000
36.57200000 36.91500000 36.89600000 37.20100000 37.20600000 36.87000000 36.79200000 36.59900000 36.67600000 36.95500000 36.94600000 36.94200000 36.94300000 36.92600000 37.03500000 36.92800000 36.96300000 36.86500000 37.05500000 37.23700000 37.21800000 37.16200000 37.13300000 37.14600000 37.17600000 37.23300000 37.29500000 36.81100000 36.59700000 36.66000000
36.66000000 36.70900000 36.75500000 36.66400000 37.26800000 37.17300000 36.93600000 36.91500000 36.90600000 36.88200000 36.84600000 36.84800000 36.86400000 36.88700000 37.04400000 36.98800000 36.79700000 37.07500000 37.23200000 37.21600000 37.15300000 37.03800000 36.96700000 37.05400000 37.16500000 37.24700000 37.33900000 37.30200000 36.75900000 36.64700000
36.07600000 36.71100000 36.50600000 36.66000000 36.60300000 37.31100000 37.28600000 36.92000000 36.96300000 37.00200000 37.03000000 37.01300000 37.00500000 37.01300000 37.05100000 37.11500000 36.91100000 37.19500000 37.21700000 37.18500000 37.12300000 37.03700000 37.05400000 37.16700000 37.24500000 37.42000000 37.44800000 37.44300000 37.26100000 36.84900000
35.61100000 36.00700000 36.49000000 36.16900000 36.49400000 36.55300000 37.29100000 37.36900000 37.36600000 36.97600000 36.92700000 36.96700000 37.01300000 37.03200000 37.03000000 37.08800000 36.94300000 37.16400000 37.21100000 37.18800000 37.17800000 37.17700000 37.18600000 37.32500000 37.34600000 37.37500000 37.44200000 37.47300000 37.29700000 37.33600000
36.01700000 35.79300000 35.82500000 35.88700000 36.30500000 36.10800000 37.18800000 37.32500000 37.39700000 37.32500000 36.97400000 36.96400000 37.02700000 37.06200000 37.04300000 37.11400000 37.15200000 37.15700000 37.18700000 37.23900000 37.13400000 37.37700000 37.33400000 37.35800000 37.42600000 37.40000000 37.42700000 37.48000000 37.31800000 37.26300000
36.02300000 35.85700000 35.81300000 36.39900000 35.98200000 36.01600000 36.50400000 37.09800000 37.14700000 37.26300000 37.21500000 36.98000000 36.96000000 36.99900000 37.03600000 37.24000000 37.24500000 37.24200000 37.07900000 37.37700000 37.39400000 37.32300000 37.37800000 37.32500000 37.42100000 37.45100000 37.46400000 37.37100000 37.29100000 37.21100000
35.82700000 37.59700000 35.83100000 35.79000000 36.39800000 35.91700000 35.94800000 36.48500000 37.01200000 36.91500000 36.85500000 37.30200000 37.00700000 36.98500000 37.03000000 37.10700000 37.07500000 37.35200000 37.30500000 37.37800000 37.36900000 37.27000000 37.32500000 37.32900000 37.35400000 37.33400000 37.31800000 37.29200000 37.25600000 37.14700000
37.59700000 37.59700000 37.59700000 37.59700000 35.76300000 36.24400000 35.94500000 35.85100000 36.73000000 36.80700000 36.47700000 36.59800000 37.26700000 37.31000000 37.33300000 37.31300000 37.19200000 37.12800000 37.37000000 37.39100000 37.26200000 37.34600000 37.28200000 37.29200000 37.37600000 37.37900000 37.26100000 37.32200000 37.20100000 37.12000000
37.59700000 37.59700000 37.59700000 37.59700000 37.59700000 35.77000000 35.77800000 35.92800000 36.38000000 36.38400000 36.27700000 36.37100000 36.47600000 36.82600000 37.16300000 37.08200000 36.91400000 36.95700000 37.36500000 37.42700000 37.21600000 37.27500000 37.25400000 37.23200000 37.30000000 37.39200000 37.36400000 37.32300000 37.21900000 37.16400000
37.59700000 37.59700000 37.59700000 37.59700000 37.59700000 37.59700000 37.59700000 35.76400000 35.74300000 35.99300000 36.33700000 36.11200000 36.29400000 36.46100000 36.27100000 36.33500000 36.72900000 36.95800000 37.32700000 37.42900000 37.42500000 37.21400000 37.22200000 37.19300000 37.35200000 37.38700000 37.45600000 37.33300000 37.39800000 37.21900000
37.59700000 37.59700000 37.59700000 37.59700000 37.59700000 37.59700000 37.59700000 37.59700000 37.59700000 37.59700000 37.59700000 37.59700000 37.59700000 37.59700000 37.59700000 36.16500000 36.54900000 36.93100000 36.92900000 37.34400000 37.43200000 37.41500000 37.40400000 37.41200000 37.34300000 37.37600000 37.42500000 37.47400000 37.35200000 37.36700000
37.59700000 37.59700000 37.59700000 37.59700000 37.59700000 37.59700000 37.59700000 37.59700000 37.59700000 37.59700000 37.59700000 37.59700000 37.59700000 37.59700000 37.59700000 37.59700000 36.52900000 36.57200000 36.87700000 37.26600000 37.35600000 37.42400000 37.41500000 37.36200000 37.33900000 37.38600000 37.39600000 37.44400000 37.52200000 37.54200000
37.59700000 37.59700000 37.59700000 37.59700000 37.59700000 37.59700000 37.59700000 37.59700000 37.59700000 37.59700000 37.59700000 37.59700000 37.59700000 37.59700000 37.59700000 37.59700000 37.59700000 36.27300000 36.69900000 36.77900000 37.17800000 37.36600000 37.40100000 37.32900000 37.35200000 37.38900000 37.36500000 37.37800000 37.42000000 37.55100000
37.59700000 37.59700000 37.59700000 37.59700000 37.59700000 37.59700000 37.59700000 37.59700000 37.59700000 37.59700000 37.59700000 37.59700000 37.59700000 37.59700000 37.59700000 37.59700000 37.59700000 37.59700000 37.59700000 36.90200000 36.84100000 37.35700000 37.37500000 37.34200000 37.36300000 37.37400000 37.38100000 37.33800000 37.38700000 37.47800000
37.59700000 37.59700000 37.59700000 37.59700000 37.59700000 37.59700000 37.59700000 37.59700000 37.59700000 37.59700000 37.59700000 37.59700000 37.59700000 37.59700000 37.59700000 37.59700000 37.59700000 37.59700000 37.59700000 37.59700000 36.63000000 37.36700000 37.33100000 37.38400000 37.42500000 37.38600000 37.37100000 37.35400000 37.39800000 37.40500000
37.59700000 37.59700000 37.59700000 37.59700000 37.59700000 37.59700000 37.59700000 37.59700000 37.59700000 37.59700000 37.59700000 37.59700000 37.59700000 37.59700000 37.59700000 37.59700000 37.59700000 37.59700000 37.59700000 37.59700000 36.79600000 37.37600000 37.31700000 37.42100000 37.41000000 37.44700000 37.40000000 37.36700000 37.35500000 37.41800000
37.59700000 37.59700000 37.59700000 37.59700000 37.59700000 37.59700000 37.59700000 37.59700000 37.59700000 37.59700000 37.59700000 37.59700000 37.59700000 37.59700000 37.59700000 37.59700000 37.59700000 37.59700000 37.59700000 37.59700000 36.27000000 37.36300000 37.38800000 37.40500000 37.40000000 37.41200000 37.33400000 37.32300000 37.35900000 37.36300000
37.59700000 37.59700000 37.59700000 37.59700000 37.59700000 37.59700000 37.59700000 37.59700000 37.59700000 37.59700000 37.59700000 37.59700000 37.59700000 37.59700000 37.59700000 37.59700000 37.59700000 37.59700000 37.59700000 37.59700000 36.47800000 37.29900000 37.38900000 37.38200000 37.38500000 37.39700000 37.32500000 37.28600000 37.32100000 37.36600000
37.59700000 37.59700000 37.59700000 37.59700000 37.59700000 37.59700000 37.59700000 37.59700000 37.59700000 37.59700000 37.59700000 37.59700000 37.59700000 37.59700000 37.59700000 37.59700000 37.59700000 37.59700000 37.59700000 37.59700000 37.59700000 37.11100000 37.34900000 37.37200000 37.36900000 37.35300000 37.31900000 37.30500000 37.30200000 37.33000000
37.59700000 37.59700000 37.59700000 37.59700000 37.59700000 37.59700000 37.59700000 37.59700000 37.59700000 37.59700000 37.59700000 37.59700000 37.59700000 37.59700000 37.59700000 37.59700000 37.59700000 37.59700000 37.59700000 37.59700000 37.59700000 36.73300000 37.27700000 37.34400000 37.35700000 37.34400000 37.33000000 37.29700000 37.30000000 37.32800000
37.59700000 37.59700000 37.59700000 37.59700000 37.59700000 37.59700000 37.59700000 37.59700000 37.59700000 37.59700000 37.59700000 37.59700000 37.59700000 37.59700000 37.59700000 37.59700000 37.59700000 37.59700000 37.59700000 37.59700000 37.59700000 37.59700000 37.11900000 37.31500000 37.32200000 37.31700000 37.26100000 37.22800000 37.27600000 37.31800000
37.59700000 37.59700000 37.59700000 37.59700000 37.59700000 37.59700000 37.59700000 37.59700000 37.59700000 37.59700000 37.59700000 37.59700000 37.59700000 37.59700000 37.59700000 37.59700000 37.59700000 37.59700000 37.59700000 37.59700000 37.59700000 37.59700000 36.83100000 37.15500000 37.14800000 37.18200000 37.22100000 37.26300000 37.24800000 37.31100000
37.59700000 37.59700000 37.59700000 37.59700000 37.59700000 37.59700000 37.59700000 37.59700000 37.59700000 37.59700000 37.59700000 37.59700000 37.59700000 37.59700000 37.59700000 37.59700000 37.59700000 37.59700000 37.59700000 37.59700000 37.59700000 37.59700000 37.59700000 36.70200000 37.09900000 37.18900000 37.21200000 37.21300000 37.23900000 37.29900000
