 25.14400000  25.07400000  24.93500000  25.05400000  25.08400000  25.01500000  25.15300000  25.21000000  25.13100000  24.88800000  24.96900000  25.03700000  24.60300000  24.10300000  24.54600000  24.96900000  25.16300000  24.95600000  25.02700000  24.99800000  24.95200000  24.81000000  24.43000000  24.02000000  24.00600000  23.52500000  24.09500000  24.16800000  24.22000000  24.56100000
 25.06200000  25.03100000  24.53700000  25.01300000  25.05500000  24.96000000  24.93800000  24.90900000  24.96100000  25.03700000  25.00400000  24.66000000  24.03600000  24.56800000  24.85200000  25.27200000  24.93700000  24.93700000  25.00100000  24.94200000  24.86200000  24.71700000  24.53600000  23.95300000  25.07200000  25.16400000  25.03900000  25.04800000  24.60100000  24.52600000
 24.93600000  25.11700000  24.98400000  24.90100000  24.96900000  25.02900000  25.03400000  25.03000000  24.94900000  24.74100000  23.83000000  23.80400000  24.54600000  24.82000000  25.21000000  25.08100000  24.94200000  24.92900000  24.77000000  24.71500000  24.57200000  24.33900000  25.33700000  25.22600000  24.99300000  25.02500000  24.88300000  24.89700000  24.95500000  24.83300000
 23.96500000  25.08500000  25.30600000  25.02700000  24.74100000  24.79400000  24.56200000  23.90500000  24.00200000  23.99200000  24.19200000  24.54300000  24.66400000  25.10500000  25.31200000  24.91700000  24.90100000  24.82500000  24.57100000  24.28000000  25.43000000  25.42400000  25.41500000  25.46200000  25.63200000  25.49700000  24.93300000  24.80000000  24.83200000  24.96600000
 23.70000000  24.49900000  24.58600000  25.27600000  25.57400000  25.00600000  24.45300000  23.94600000  24.12700000  24.94500000  24.99700000  24.99100000  25.02800000  25.19600000  25.44100000  24.84700000  24.82200000  24.53900000  25.05900000  25.29400000  25.31100000  25.04800000  24.96500000  25.00000000  25.23800000  25.62900000  25.73600000  24.80900000  24.69400000  24.89400000
 23.74100000  24.08600000  24.10900000  24.20700000  25.39700000  25.55300000  25.24700000  25.21700000  25.19300000  25.17700000  25.12200000  25.09800000  25.09700000  25.15000000  25.47700000  24.97700000  24.54200000  25.13600000  25.28700000  25.24200000  25.00800000  24.79100000  24.56600000  24.79400000  25.18500000  25.73600000  26.01600000  25.72200000  24.76800000  24.87500000
 23.60700000  24.14600000  23.81100000  23.87900000  24.01200000  25.60000000  25.80600000  25.28600000  25.39800000  25.46500000  25.49400000  25.43000000  25.35400000  25.27800000  25.44700000  25.25300000  24.75400000  25.35000000  25.23600000  25.12400000  24.92200000  24.77800000  24.78700000  25.13700000  25.74600000  26.01200000  26.22900000  26.22400000  25.55200000  25.07800000
 22.74600000  23.21700000  23.69300000  23.12700000  23.69600000  23.81600000  25.58000000  25.94700000  25.99700000  25.34700000  25.31400000  25.37300000  25.36900000  25.38800000  25.38000000  25.36400000  24.81400000  25.30700000  25.28300000  25.16400000  25.14100000  25.17800000  25.53200000  25.86900000  25.81400000  25.88900000  26.19700000  26.32500000  25.68700000  25.72300000
 22.79000000  22.90100000  23.01000000  22.77700000  23.23700000  23.50200000  25.07200000  25.69100000  26.06300000  25.96600000  25.29500000  25.37000000  25.45200000  25.45900000  25.44500000  25.39800000  25.27700000  25.25700000  25.35100000  25.51200000  25.60600000  26.21900000  26.01000000  25.88400000  26.11100000  25.93900000  26.04200000  26.26500000  25.79300000  25.83000000
 22.34300000  20.50600000  21.04900000  22.62200000  22.87800000  23.15200000  23.62700000  24.88000000  25.17600000  25.62800000  25.75200000  25.31000000  25.41700000  25.41200000  25.38700000  25.56300000  25.53400000  25.54200000  25.51100000  26.26600000  26.36200000  25.99000000  25.97800000  25.95000000  26.19900000  26.19800000  26.21500000  25.99100000  25.67700000  25.82200000
 23.43500000  22.16200000  21.37200000  22.11900000  22.72800000  22.81800000  22.94900000  23.58500000  24.54700000  24.42300000  24.64100000  25.82800000  25.33900000  25.38300000  25.42500000  25.44600000  25.42400000  26.11700000  26.12600000  26.35100000  26.32600000  25.71100000  25.96300000  26.23200000  26.18400000  25.84800000  25.72000000  25.71300000  25.86500000  25.69700000
 27.83300000  27.83300000  27.83300000  23.05300000  22.41500000  22.80700000  22.61600000  22.85200000  23.97700000  24.12700000  23.63400000  24.07800000  25.56400000  25.85900000  25.98100000  25.94000000  25.59900000  25.63100000  26.30600000  26.32500000  25.88700000  25.97500000  26.06300000  25.98700000  26.25800000  26.24600000  25.70000000  25.93300000  25.90600000  25.64800000
 27.83300000  27.83300000  27.83300000  27.83300000  23.22200000  22.77700000  22.12900000  22.22700000  23.09000000  23.19700000  23.14800000  23.42500000  23.77300000  24.52400000  25.12800000  24.98900000  24.61600000  24.97600000  26.33100000  26.35400000  25.76100000  25.83400000  26.05000000  25.88400000  25.99500000  26.45400000  26.12100000  25.92700000  25.86700000  25.87300000
 27.83300000  27.83300000  27.83300000  27.83300000  27.83300000  27.83300000  22.97100000  21.73700000  22.17100000  22.70200000  22.48700000  21.99000000  22.65200000  23.64800000  23.82600000  24.20100000  24.62700000  24.30900000  26.29500000  26.35400000  26.40000000  25.79200000  25.91200000  25.87200000  26.16900000  26.55400000  26.52300000  25.97200000  26.13400000  25.91600000
 27.83300000  27.83300000  27.83300000  27.83300000  27.83300000  27.83300000  27.83300000  27.83300000  27.83300000  27.83300000  27.83300000  27.83300000  21.93500000  18.97400000  19.11600000  23.44500000  24.47200000  24.75500000  24.90800000  26.39000000  26.40900000  26.48800000  26.46500000  26.52500000  26.49600000  26.64000000  26.55100000  26.55300000  26.09200000  25.99200000
 27.83300000  27.83300000  27.83300000  27.83300000  27.83300000  27.83300000  27.83300000  27.83300000  27.83300000  27.83300000  27.83300000  27.83300000  27.83300000  27.83300000  27.83300000  23.51400000  23.95700000  24.23800000  24.28300000  25.93400000  26.42500000  26.41100000  26.44800000  26.29000000  26.71200000  26.67700000  26.58400000  26.59800000  26.64400000  26.65800000
 27.83300000  27.83300000  27.83300000  27.83300000  27.83300000  27.83300000  27.83300000  27.83300000  27.83300000  27.83300000  27.83300000  27.83300000  27.83300000  27.83300000  27.83300000  27.83300000  23.47800000  22.93400000  25.00200000  24.06700000  25.83200000  26.47700000  26.40100000  26.59100000  26.75000000  26.77600000  26.67600000  26.64700000  26.75500000  26.86300000
 27.83300000  27.83300000  27.83300000  27.83300000  27.83300000  27.83300000  27.83300000  27.83300000  27.83300000  27.83300000  27.83300000  27.83300000  27.83300000  27.83300000  27.83300000  27.83300000  27.83300000  27.83300000  24.29000000  24.94600000  24.62500000  26.51500000  26.48300000  26.69600000  26.71300000  26.72900000  26.74900000  26.69600000  26.86400000  26.81000000
 27.83300000  27.83300000  27.83300000  27.83300000  27.83300000  27.83300000  27.83300000  27.83300000  27.83300000  27.83300000  27.83300000  27.83300000  27.83300000  27.83300000  27.83300000  27.83300000  27.83300000  27.83300000  27.83300000  24.86400000  23.42300000  26.57900000  26.50900000  26.76000000  26.83400000  26.73300000  26.76500000  26.81000000  26.93600000  26.93000000
 27.83300000  27.83300000  27.83300000  27.83300000  27.83300000  27.83300000  27.83300000  27.83300000  27.83300000  27.83300000  27.83300000  27.83300000  27.83300000  27.83300000  27.83300000  27.83300000  27.83300000  27.83300000  27.83300000  24.19500000  24.39200000  26.63900000  26.61600000  26.84900000  26.67900000  26.86800000  26.87400000  26.89400000  26.92000000  26.99000000
 27.83300000  27.83300000  27.83300000  27.83300000  27.83300000  27.83300000  27.83300000  27.83300000  27.83300000  27.83300000  27.83300000  27.83300000  27.83300000  27.83300000  27.83300000  27.83300000  27.83300000  27.83300000  27.83300000  25.06000000  25.55500000  26.63800000  26.80600000  26.81900000  26.66900000  26.81700000  26.71600000  26.84300000  26.92400000  26.92700000
 27.83300000  27.83300000  27.83300000  27.83300000  27.83300000  27.83300000  27.83300000  27.83300000  27.83300000  27.83300000  27.83300000  27.83300000  27.83300000  27.83300000  27.83300000  27.83300000  27.83300000  27.83300000  27.83300000  25.18200000  24.69200000  26.48500000  26.79100000  26.74300000  26.72300000  26.82100000  26.65600000  26.36100000  26.87300000  26.98600000
 27.83300000  27.83300000  27.83300000  27.83300000  27.83300000  27.83300000  27.83300000  27.83300000  27.83300000  27.83300000  27.83300000  27.83300000  27.83300000  27.83300000  27.83300000  27.83300000  27.83300000  27.83300000  27.83300000  27.83300000  25.02000000  25.97100000  26.62000000  26.69100000  26.72500000  26.78300000  26.61500000  26.38700000  26.71500000  26.97300000
 27.83300000  27.83300000  27.83300000  27.83300000  27.83300000  27.83300000  27.83300000  27.83300000  27.83300000  27.83300000  27.83300000  27.83300000  27.83300000  27.83300000  27.83300000  27.83300000  27.83300000  27.83300000  27.83300000  27.83300000  27.83300000  25.18500000  26.40000000  26.60100000  26.69700000  26.69100000  26.59900000  26.39800000  26.88300000  27.01100000
 27.83300000  27.83300000  27.83300000  27.83300000  27.83300000  27.83300000  27.83300000  27.83300000  27.83300000  27.83300000  27.83300000  27.83300000  27.83300000  27.83300000  27.83300000  27.83300000  27.83300000  27.83300000  27.83300000  27.83300000  27.83300000  24.99700000  26.04200000  26.50600000  26.51100000  26.46800000  26.36000000  26.33900000  26.85400000  27.06400000
 27.83300000  27.83300000  27.83300000  27.83300000  27.83300000  27.83300000  27.83300000  27.83300000  27.83300000  27.83300000  27.83300000  27.83300000  27.83300000  27.83300000  27.83300000  27.83300000  27.83300000  27.83300000  27.83300000  27.83300000  27.83300000  27.83300000  25.60800000  26.11300000  26.10300000  26.21700000  26.36400000  26.50100000  26.41400000  27.11600000
 27.83300000  27.83300000  27.83300000  27.83300000  27.83300000  27.83300000  27.83300000  27.83300000  27.83300000  27.83300000  27.83300000  27.83300000  27.83300000  27.83300000  27.83300000  27.83300000  27.83300000  27.83300000  27.83300000  27.83300000  27.83300000  27.83300000  27.83300000  26.00300000  26.26200000  26.21700000  26.25200000  26.45400000  26.78500000  27.07300000
 25.16000000  25.07300000  24.95100000  25.05500000  25.08700000  25.02200000  25.16900000  25.22600000  25.14000000  24.93600000  25.05000000  25.05400000  24.59100000  24.12300000  24.52800000  24.96300000  25.18100000  24.97900000  25.03300000  24.99600000  24.95100000  24.82000000  24.43000000  23.98500000  24.03200000  23.51000000  24.09500000  24.15900000  24.20500000  24.57400000
 25.06100000  25.04300000  24.54100000  25.02400000  25.06600000  24.97000000  24.94900000  24.91900000  24.96900000  25.04600000  25.01700000  24.67200000  24.04300000  24.57500000  24.85800000  25.28700000  24.94700000  24.94800000  25.01300000  24.95400000  24.87400000  24.72900000  24.55300000  23.95800000  25.08200000  25.17700000  25.05300000  25.06200000  24.61400000  24.53600000
 24.95400000  25.12800000  24.97100000  24.91200000  24.98000000  25.04000000  25.04400000  25.04100000  24.96100000  24.75500000  23.84400000  23.81000000  24.55300000  24.82700000  25.22300000  25.09500000  24.95400000  24.94000000  24.78200000  24.72700000  24.58400000  24.33300000  25.35700000  25.24000000  25.00500000  25.03700000  24.89600000  24.90900000  24.96500000  24.84600000
 24.51300000  25.09600000  25.31700000  25.00500000  24.75600000  24.80500000  24.57500000  23.92800000  24.00800000  24.00300000  24.19800000  24.54900000  24.67300000  25.11600000  25.32300000  24.93000000  24.90700000  24.83500000  24.58100000  24.28300000  25.44300000  25.43400000  25.42900000  25.47500000  25.64200000  25.50900000  24.94500000  24.81100000  24.84600000  24.98200000
 24.43400000  24.51100000  24.60400000  25.28800000  25.58700000  24.94300000  24.35100000  23.94400000  24.10600000  24.92800000  25.00200000  24.99800000  25.03600000  25.20900000  25.45300000  24.85900000  24.83200000  24.54700000  25.06800000  25.30700000  25.32400000  25.06000000  24.97700000  25.01100000  25.24800000  25.64100000  25.74500000  24.82000000  24.70300000  24.90200000
 24.56700000  24.09700000  24.12400000  24.22600000  25.40800000  25.56500000  25.25700000  25.22900000  25.20200000  25.18700000  25.13500000  25.11000000  25.11000000  25.16400000  25.48900000  24.98700000  24.55100000  25.14500000  25.30000000  25.25200000  25.02000000  24.80100000  24.57600000  24.80200000  25.19300000  25.74800000  26.03000000  25.73500000  24.77700000  24.88300000
 23.57000000  24.19400000  23.81800000  23.89600000  24.08300000  25.61200000  25.81900000  25.29700000  25.40900000  25.47800000  25.50700000  25.44300000  25.36900000  25.28900000  25.46000000  25.26400000  24.76300000  25.36200000  25.24500000  25.13300000  24.93000000  24.78700000  24.79500000  25.14200000  25.75500000  26.02600000  26.24400000  26.23900000  25.56600000  25.10500000
 22.76600000  23.34200000  23.77300000  23.16400000  23.70800000  23.94500000  25.59200000  25.96000000  26.00800000  25.36000000  25.32700000  25.38700000  25.38300000  25.40200000  25.39000000  25.37800000  24.82200000  25.31500000  25.29000000  25.17000000  25.14700000  25.18300000  25.51600000  25.88500000  25.82600000  25.90400000  26.21300000  26.34100000  25.70400000  25.76000000
 22.43100000  23.05500000  23.06800000  22.76400000  23.25000000  23.52700000  25.08100000  25.70400000  26.07800000  25.98200000  25.30800000  25.38400000  25.46600000  25.47300000  25.45500000  25.41100000  25.28200000  25.26200000  25.35700000  25.52000000  25.59900000  26.22700000  26.02500000  25.89200000  26.12200000  25.95500000  26.05800000  26.28200000  25.81000000  25.84800000
 19.04100000  17.89000000  17.90600000  21.18100000  22.88500000  23.17500000  23.76200000  24.89200000  25.19000000  25.64200000  25.76600000  25.32300000  25.43000000  25.42500000  25.40200000  25.57400000  25.54300000  25.54900000  25.50800000  26.27200000  26.37300000  26.00200000  25.98400000  25.96000000  26.21200000  26.21300000  26.22900000  26.00800000  25.68800000  25.83700000
 19.31000000  27.83300000  17.96300000  17.81400000  21.20600000  22.77100000  23.17600000  23.65800000  24.56000000  24.44700000  24.66100000  25.84400000  25.35200000  25.39700000  25.43900000  25.45700000  25.44600000  26.12700000  26.13400000  26.36200000  26.34000000  25.71700000  25.97400000  26.24300000  26.19200000  25.86100000  25.73300000  25.72400000  25.87700000  25.71100000
 27.83300000  27.83300000  27.83300000  27.83300000  18.37800000  20.28300000  21.51600000  22.82600000  24.01500000  24.14000000  23.68200000  24.09700000  25.58200000  25.87600000  25.99800000  25.95700000  25.60900000  25.63900000  26.31700000  26.33400000  25.89600000  25.98200000  26.06700000  25.99800000  26.26800000  26.25200000  25.71100000  25.94500000  25.91800000  25.65900000
 27.83300000  27.83300000  27.83300000  27.83300000  27.83300000  18.07100000  18.66000000  19.72700000  23.03900000  23.26300000  23.16300000  23.43000000  23.78600000  24.66500000  25.14000000  25.00700000  24.62800000  24.97800000  26.34300000  26.36300000  25.76800000  25.84200000  26.05700000  25.89200000  26.00400000  26.46400000  26.13100000  25.93800000  25.87900000  25.88400000
 27.83300000  27.83300000  27.83300000  27.83300000  27.83300000  27.83300000  27.83300000  17.75200000  17.08000000  18.69200000  21.06200000  20.04500000  20.61800000  22.91200000  23.65100000  24.38400000  24.69700000  24.24200000  26.30600000  26.36400000  26.41000000  25.79800000  25.92000000  25.88000000  26.17800000  26.56600000  26.53800000  25.98300000  26.14900000  25.92300000
 27.83300000  27.83300000  27.83300000  27.83300000  27.83300000  27.83300000  27.83300000  27.83300000  27.83300000  27.83300000  27.83300000  27.83300000  27.83300000  27.83300000  27.83300000  19.56800000  24.47700000  24.72500000  24.86100000  26.40100000  26.41800000  26.49700000  26.47500000  26.53600000  26.50100000  26.65300000  26.56500000  26.56700000  26.09900000  26.00200000
 27.83300000  27.83300000  27.83300000  27.83300000  27.83300000  27.83300000  27.83300000  27.83300000  27.83300000  27.83300000  27.83300000  27.83300000  27.83300000  27.83300000  27.83300000  27.83300000  23.55700000  24.00700000  24.24100000  25.94400000  26.43400000  26.42000000  26.45900000  26.29300000  26.72300000  26.68800000  26.59400000  26.61400000  26.65600000  26.67600000
 27.83300000  27.83300000  27.83300000  27.83300000  27.83300000  27.83300000  27.83300000  27.83300000  27.83300000  27.83300000  27.83300000  27.83300000  27.83300000  27.83300000  27.83300000  27.83300000  27.83300000  20.38500000  23.19800000  23.71000000  25.79500000  26.49000000  26.40800000  26.59500000  26.76100000  26.78700000  26.68800000  26.65800000  26.76700000  26.87900000
 27.83300000  27.83300000  27.83300000  27.83300000  27.83300000  27.83300000  27.83300000  27.83300000  27.83300000  27.83300000  27.83300000  27.83300000  27.83300000  27.83300000  27.83300000  27.83300000  27.83300000  27.83300000  27.83300000  24.61600000  24.47200000  26.52400000  26.49000000  26.70400000  26.72300000  26.74000000  26.76000000  26.70700000  26.87600000  26.82300000
 27.83300000  27.83300000  27.83300000  27.83300000  27.83300000  27.83300000  27.83300000  27.83300000  27.83300000  27.83300000  27.83300000  27.83300000  27.83300000  27.83300000  27.83300000  27.83300000  27.83300000  27.83300000  27.83300000  27.83300000  23.26600000  26.58900000  26.51500000  26.76900000  26.84600000  26.74300000  26.77400000  26.82100000  26.94700000  26.94100000
 27.83300000  27.83300000  27.83300000  27.83300000  27.83300000  27.83300000  27.83300000  27.83300000  27.83300000  27.83300000  27.83300000  27.83300000  27.83300000  27.83300000  27.83300000  27.83300000  27.83300000  27.83300000  27.83300000  27.83300000  23.67400000  26.64400000  26.62300000  26.85900000  26.68900000  26.88200000  26.88300000  26.90600000  26.93300000  27.00100000
 27.83300000  27.83300000  27.83300000  27.83300000  27.83300000  27.83300000  27.83300000  27.83300000  27.83300000  27.83300000  27.83300000  27.83300000  27.83300000  27.83300000  27.83300000  27.83300000  27.83300000  27.83300000  27.83300000  27.83300000  20.19900000  26.64500000  26.81700000  26.83200000  26.67700000  26.82800000  26.72400000  26.85400000  26.93500000  26.94500000
 27.83300000  27.83300000  27.83300000  27.83300000  27.83300000  27.83300000  27.83300000  27.83300000  27.83300000  27.83300000  27.83300000  27.83300000  27.83300000  27.83300000  27.83300000  27.83300000  27.83300000  27.83300000  27.83300000  27.83300000  22.05700000  26.49300000  26.79700000  26.75300000  26.73000000  26.83300000  26.66800000  26.37100000  26.88500000  27.00000000
 27.83300000  27.83300000  27.83300000  27.83300000  27.83300000  27.83300000  27.83300000  27.83300000  27.83300000  27.83300000  27.83300000  27.83300000  27.83300000  27.83300000  27.83300000  27.83300000  27.83300000  27.83300000  27.83300000  27.83300000  27.83300000  25.95200000  26.63000000  26.70200000  26.73300000  26.79400000  26.62600000  26.39800000  26.71800000  26.98500000
 27.83300000  27.83300000  27.83300000  27.83300000  27.83300000  27.83300000  27.83300000  27.83300000  27.83300000  27.83300000  27.83300000  27.83300000  27.83300000  27.83300000  27.83300000  27.83300000  27.83300000  27.83300000  27.83300000  27.83300000  27.83300000  24.30500000  26.41500000  26.61300000  26.70600000  26.70400000  26.61100000  26.41100000  26.87900000  27.02700000
 27.83300000  27.83300000  27.83300000  27.83300000  27.83300000  27.83300000  27.83300000  27.83300000  27.83300000  27.83300000  27.83300000  27.83300000  27.83300000  27.83300000  27.83300000  27.83300000  27.83300000  27.83300000  27.83300000  27.83300000  27.83300000  27.83300000  26.06200000  26.51900000  26.52000000  26.47800000  26.36900000  26.34600000  26.86700000  27.07500000
 27.83300000  27.83300000  27.83300000  27.83300000  27.83300000  27.83300000  27.83300000  27.83300000  27.83300000  27.83300000  27.83300000  27.83300000  27.83300000  27.83300000  27.83300000  27.83300000  27.83300000  27.83300000  27.83300000  27.83300000  27.83300000  27.83300000  25.62000000  26.12400000  26.11100000  26.22100000  26.37900000  26.51300000  26.43500000  27.13400000
 27.83300000  27.83300000  27.83300000  27.83300000  27.83300000  27.83300000  27.83300000  27.83300000  27.83300000  27.83300000  27.83300000  27.83300000  27.83300000  27.83300000  27.83300000  27.83300000  27.83300000  27.83300000  27.83300000  27.83300000  27.83300000  27.83300000  27.83300000  26.03700000  26.27700000  26.22700000  26.26300000  26.46200000  26.83200000  27.08700000
