 25.66600000  25.28300000  25.58700000  25.64500000  25.09200000  24.92900000  25.42400000  25.60000000  25.57600000  25.49300000  25.42000000  25.31000000  25.22300000  24.36100000  24.24900000  25.44000000  25.68300000  25.77800000  25.42600000  25.40900000  25.44000000  25.41000000  25.30600000  24.96100000  24.15000000  23.88800000  24.27000000  24.77000000  24.63400000  24.67500000
 25.39100000  25.24800000  25.47900000  25.33000000  24.58500000  25.33100000  25.52300000  25.51400000  25.45500000  25.38800000  25.25700000  25.10900000  24.20200000  24.17700000  24.87300000  25.27300000  25.71200000  25.44100000  25.42700000  25.39400000  25.41100000  25.29300000  25.10400000  24.56200000  23.77100000  24.40500000  24.54300000  24.58500000  25.00500000  25.18500000
 25.26000000  25.43600000  25.49800000  25.43800000  24.55600000  25.17400000  25.37200000  25.33400000  25.20800000  24.90100000  24.23500000  23.96900000  24.20600000  24.67300000  24.80900000  25.50600000  25.67700000  25.40800000  25.38200000  25.28900000  25.20900000  25.11800000  24.59100000  24.48500000  25.27900000  25.66500000  25.59100000  25.51300000  25.17300000  25.10600000
 24.70300000  25.36800000  25.46600000  25.55000000  25.09500000  24.49600000  24.56800000  24.25600000  24.06600000  24.28000000  24.64100000  24.86700000  24.92700000  24.89200000  24.94200000  25.65100000  25.69000000  25.34700000  25.29500000  25.17300000  24.92700000  24.79900000  25.68200000  25.92200000  25.97100000  25.69200000  25.53700000  25.39500000  25.33600000  25.43100000
 24.61900000  24.43700000  25.31800000  25.44200000  25.56100000  25.12700000  24.62100000  24.37000000  24.60100000  24.94900000  24.99700000  25.25100000  25.45100000  25.49600000  25.57400000  25.73400000  25.71400000  25.29600000  25.00100000  24.95700000  25.72500000  25.88600000  25.72600000  25.72100000  25.76900000  25.92900000  25.71700000  25.44200000  25.34100000  25.30300000
 24.24700000  24.03700000  25.03600000  25.46000000  25.47400000  25.55500000  25.65600000  25.52500000  25.54300000  25.65600000  25.62000000  25.65900000  25.84800000  25.93200000  25.96400000  25.80300000  25.71000000  25.50000000  25.30600000  25.75600000  25.74400000  25.62000000  25.51700000  25.38500000  25.56200000  25.88100000  25.95300000  26.05500000  25.35300000  25.15600000
 24.04000000  23.72000000  24.85500000  25.13400000  25.53500000  25.58200000  25.52400000  25.50800000  25.51700000  25.57400000  25.77100000  25.81500000  25.82100000  25.89600000  25.97700000  25.80200000  25.82700000  25.81700000  25.68300000  25.71700000  25.55500000  25.37000000  25.07200000  25.00400000  25.35200000  25.77100000  26.17500000  26.06000000  26.10500000  25.52900000
 23.89700000  23.61200000  24.42500000  24.50000000  25.04900000  25.68000000  25.82300000  25.69000000  25.71600000  25.78500000  25.92700000  25.89000000  25.87400000  25.94500000  25.98400000  25.81000000  25.90400000  25.90600000  25.76400000  25.65000000  25.57900000  25.43600000  25.30800000  25.38400000  25.64400000  26.11300000  26.53200000  26.42100000  25.98800000  26.16200000
 23.68400000  23.99800000  24.17200000  24.48300000  24.28300000  24.65200000  25.15000000  26.03600000  25.77300000  25.75600000  25.85500000  25.86700000  25.86700000  25.86200000  25.83600000  25.83400000  25.89100000  26.01700000  26.07800000  26.09800000  25.94400000  25.81600000  25.84300000  26.07600000  26.48800000  26.94100000  26.80700000  26.53600000  25.99600000  26.24100000
 23.42200000  23.27000000  23.77600000  24.06800000  24.11500000  24.27500000  24.28500000  24.85000000  26.25900000  26.30600000  26.12500000  25.95300000  25.76500000  25.71000000  25.77000000  25.82300000  25.79500000  25.87800000  25.99400000  26.92200000  26.93300000  26.90400000  26.93000000  26.90500000  26.68100000  26.55700000  26.71800000  26.28400000  26.07900000  26.25100000
 24.34900000  23.44400000  23.56100000  23.61200000  23.63800000  23.71200000  24.05800000  24.16700000  24.57500000  25.65100000  26.46300000  26.63700000  26.71800000  26.62900000  25.90300000  25.70700000  25.96800000  26.72000000  26.34100000  26.31600000  26.37800000  26.34800000  26.33800000  26.44500000  26.54100000  26.63700000  26.45600000  26.05000000  26.41100000  26.33900000
 27.83300000  27.83300000  27.83300000  24.15200000  23.57100000  23.39400000  23.60800000  23.62500000  23.76800000  24.26100000  24.92200000  26.06600000  26.00500000  26.32200000  26.48000000  26.34500000  26.05700000  25.75000000  26.29700000  26.85900000  26.17200000  26.40400000  26.50200000  26.24000000  26.26500000  26.50300000  26.58100000  26.31700000  26.54900000  26.45300000
 27.83300000  27.83300000  27.83300000  27.83300000  23.87700000  23.66500000  23.37000000  23.52800000  23.46100000  23.79000000  24.39000000  25.30400000  25.48400000  24.68400000  24.53000000  25.05100000  25.05100000  24.74900000  26.53600000  26.82100000  26.05200000  26.25700000  26.18400000  26.45500000  26.59500000  26.77900000  26.56500000  26.34500000  26.59600000  26.47100000
 27.83300000  27.83300000  27.83300000  27.83300000  27.83300000  27.83300000  24.58100000  24.01500000  23.39800000  23.44200000  23.70200000  23.77800000  24.22500000  23.82100000  23.33000000  23.82600000  24.55100000  24.68700000  26.22900000  26.88200000  26.45200000  26.08000000  26.25500000  26.32400000  26.37800000  26.79500000  27.01400000  26.77300000  26.34400000  26.47100000
 27.83300000  27.83300000  27.83300000  27.83300000  27.83300000  27.83300000  27.83300000  27.83300000  27.83300000  27.83300000  27.83300000  27.83300000  23.39900000  23.24500000  22.97300000  23.60700000  24.23300000  24.68300000  25.75300000  26.47900000  26.97900000  26.92200000  26.39900000  26.26400000  26.38200000  26.91800000  27.05100000  27.14600000  26.88900000  26.43600000
 27.83300000  27.83300000  27.83300000  27.83300000  27.83300000  27.83300000  27.83300000  27.83300000  27.83300000  27.83300000  27.83300000  27.83300000  27.83300000  27.83300000  27.83300000  23.74400000  24.10400000  24.73500000  25.22300000  26.00300000  26.62000000  26.99900000  26.92500000  27.03000000  26.49300000  27.00800000  27.11500000  27.07700000  27.14900000  27.21600000
 27.83300000  27.83300000  27.83300000  27.83300000  27.83300000  27.83300000  27.83300000  27.83300000  27.83300000  27.83300000  27.83300000  27.83300000  27.83300000  27.83300000  27.83300000  27.83300000  24.11200000  24.37900000  25.49700000  25.61500000  25.25700000  26.92200000  26.94400000  27.04700000  26.66700000  27.08400000  27.23800000  27.05800000  27.05200000  27.23700000
 27.83300000  27.83300000  27.83300000  27.83300000  27.83300000  27.83300000  27.83300000  27.83300000  27.83300000  27.83300000  27.83300000  27.83300000  27.83300000  27.83300000  27.83300000  27.83300000  27.83300000  27.83300000  23.59200000  25.69500000  25.88000000  26.11600000  26.94400000  27.02400000  26.79900000  27.17900000  27.31100000  27.24700000  27.11200000  27.08900000
 27.83300000  27.83300000  27.83300000  27.83300000  27.83300000  27.83300000  27.83300000  27.83300000  27.83300000  27.83300000  27.83300000  27.83300000  27.83300000  27.83300000  27.83300000  27.83300000  27.83300000  27.83300000  27.83300000  25.91200000  25.52400000  26.36600000  26.93900000  27.02100000  26.91300000  27.22900000  27.25700000  27.21400000  27.22400000  27.17400000
 27.83300000  27.83300000  27.83300000  27.83300000  27.83300000  27.83300000  27.83300000  27.83300000  27.83300000  27.83300000  27.83300000  27.83300000  27.83300000  27.83300000  27.83300000  27.83300000  27.83300000  27.83300000  27.83300000  26.04400000  22.49500000  26.49100000  26.91600000  26.86000000  27.05500000  27.35300000  27.39000000  27.22300000  27.21400000  27.25800000
 27.83300000  27.83300000  27.83300000  27.83300000  27.83300000  27.83300000  27.83300000  27.83300000  27.83300000  27.83300000  27.83300000  27.83300000  27.83300000  27.83300000  27.83300000  27.83300000  27.83300000  27.83300000  27.83300000  25.99700000  23.50800000  26.53500000  26.98500000  26.89800000  27.20200000  27.36900000  27.12400000  27.29600000  27.29000000  27.26400000
 27.83300000  27.83300000  27.83300000  27.83300000  27.83300000  27.83300000  27.83300000  27.83300000  27.83300000  27.83300000  27.83300000  27.83300000  27.83300000  27.83300000  27.83300000  27.83300000  27.83300000  27.83300000  27.83300000  25.69900000  23.49400000  26.40500000  27.19800000  27.07800000  27.34900000  27.13700000  27.12500000  27.29900000  27.31000000  27.36800000
 27.83300000  27.83300000  27.83300000  27.83300000  27.83300000  27.83300000  27.83300000  27.83300000  27.83300000  27.83300000  27.83300000  27.83300000  27.83300000  27.83300000  27.83300000  27.83300000  27.83300000  27.83300000  27.83300000  27.83300000  25.92900000  25.74400000  27.05200000  27.27600000  27.19400000  27.11500000  27.29200000  27.23800000  27.37500000  27.40100000
 27.83300000  27.83300000  27.83300000  27.83300000  27.83300000  27.83300000  27.83300000  27.83300000  27.83300000  27.83300000  27.83300000  27.83300000  27.83300000  27.83300000  27.83300000  27.83300000  27.83300000  27.83300000  27.83300000  27.83300000  27.83300000  24.49900000  26.31400000  27.10100000  27.13400000  27.10400000  27.23800000  27.11000000  27.13800000  27.37800000
 27.83300000  27.83300000  27.83300000  27.83300000  27.83300000  27.83300000  27.83300000  27.83300000  27.83300000  27.83300000  27.83300000  27.83300000  27.83300000  27.83300000  27.83300000  27.83300000  27.83300000  27.83300000  27.83300000  27.83300000  27.83300000  26.12500000  26.38600000  26.88700000  27.04700000  27.07900000  27.00400000  26.96300000  26.95100000  27.08900000
 27.83300000  27.83300000  27.83300000  27.83300000  27.83300000  27.83300000  27.83300000  27.83300000  27.83300000  27.83300000  27.83300000  27.83300000  27.83300000  27.83300000  27.83300000  27.83300000  27.83300000  27.83300000  27.83300000  27.83300000  27.83300000  27.83300000  26.54200000  26.93700000  26.71000000  26.83200000  26.81800000  26.91700000  26.95500000  27.28100000
 27.83300000  27.83300000  27.83300000  27.83300000  27.83300000  27.83300000  27.83300000  27.83300000  27.83300000  27.83300000  27.83300000  27.83300000  27.83300000  27.83300000  27.83300000  27.83300000  27.83300000  27.83300000  27.83300000  27.83300000  27.83300000  27.83300000  27.83300000  26.52800000  27.06300000  26.93600000  27.05900000  27.06300000  27.21700000  27.42800000
 25.70900000  25.38000000  25.62600000  25.69700000  25.16700000  24.95600000  25.42700000  25.60700000  25.58900000  25.52500000  25.43700000  25.33400000  25.29100000  24.36800000  24.26700000  25.44400000  25.72300000  25.80800000  25.47100000  25.46900000  25.44900000  25.41700000  25.29100000  24.95400000  24.15300000  23.88500000  24.27600000  24.71500000  24.64500000  24.68700000
 25.39200000  25.25200000  25.48900000  25.33800000  24.59100000  25.34000000  25.53200000  25.52300000  25.46400000  25.39600000  25.26500000  25.11600000  24.20300000  24.18100000  24.88000000  25.28100000  25.72000000  25.44700000  25.43400000  25.40200000  25.41800000  25.30000000  25.11200000  24.56700000  23.78200000  24.42000000  24.55700000  24.60000000  25.02400000  25.21500000
 25.26100000  25.44600000  25.50700000  25.44800000  24.56200000  25.18100000  25.38000000  25.34100000  25.21400000  24.90500000  24.23800000  23.97300000  24.21100000  24.67900000  24.81600000  25.51400000  25.68500000  25.41500000  25.38800000  25.29700000  25.21800000  25.12500000  24.59900000  24.49500000  25.29300000  25.68000000  25.60700000  25.52700000  25.18600000  25.11900000
 24.76600000  25.37700000  25.47300000  25.55900000  25.10400000  24.50100000  24.57100000  24.25900000  24.07000000  24.28400000  24.64700000  24.87400000  24.93500000  24.89800000  24.94900000  25.65700000  25.69700000  25.35400000  25.30300000  25.18100000  24.93400000  24.80800000  25.69500000  25.93600000  25.98500000  25.70700000  25.55200000  25.40900000  25.34800000  25.44700000
 24.61400000  24.48300000  25.32500000  25.44900000  25.56900000  25.13100000  24.62900000  24.37400000  24.60900000  24.95700000  25.00500000  25.26100000  25.46300000  25.50800000  25.58400000  25.74200000  25.72200000  25.30200000  25.00900000  24.96200000  25.73600000  25.89700000  25.73700000  25.73700000  25.78500000  25.94200000  25.73300000  25.45700000  25.35600000  25.32000000
 24.09200000  24.07600000  25.04200000  25.46700000  25.48100000  25.56300000  25.66600000  25.53600000  25.55500000  25.66800000  25.63000000  25.66900000  25.86000000  25.94200000  25.97600000  25.81400000  25.72000000  25.51100000  25.31300000  25.76600000  25.75600000  25.63400000  25.53400000  25.40200000  25.57700000  25.89600000  25.97000000  26.07200000  25.37000000  25.17200000
 23.99500000  24.11700000  24.86800000  25.14300000  25.54600000  25.59100000  25.53600000  25.51900000  25.52800000  25.58500000  25.78300000  25.82500000  25.83300000  25.90700000  25.98900000  25.81500000  25.84100000  25.83100000  25.69600000  25.73400000  25.57100000  25.38500000  25.08700000  25.01800000  25.36600000  25.78600000  26.19200000  26.07900000  26.12200000  25.54600000
 23.62600000  23.10500000  25.15600000  24.51800000  25.06600000  25.69300000  25.83700000  25.70500000  25.73000000  25.80000000  25.93700000  25.90400000  25.88900000  25.96000000  25.99900000  25.82500000  25.91900000  25.92300000  25.78100000  25.66800000  25.59400000  25.45300000  25.32500000  25.40000000  25.65900000  26.12900000  26.55000000  26.43700000  25.99900000  26.17400000
 21.32500000  21.66000000  24.67100000  24.50400000  24.30100000  24.66700000  25.16400000  26.05000000  25.79000000  25.77300000  25.87100000  25.88300000  25.88400000  25.88000000  25.85400000  25.85200000  25.90900000  26.03600000  26.09500000  26.11600000  25.96500000  25.83600000  25.86200000  26.09500000  26.50800000  26.95800000  26.82000000  26.54500000  26.00200000  26.24800000
 20.13800000  20.49600000  23.61500000  24.09000000  24.13000000  24.28800000  24.30300000  24.86600000  26.27600000  26.32300000  26.14500000  25.97100000  25.78400000  25.72800000  25.78800000  25.84100000  25.81300000  25.89600000  26.01300000  26.93900000  26.94900000  26.91900000  26.94500000  26.91900000  26.69200000  26.56700000  26.72500000  26.28400000  26.07900000  26.25100000
 22.13100000  27.83300000  21.23400000  21.72200000  23.18700000  23.65800000  24.08900000  24.44500000  24.59600000  25.66400000  26.48400000  26.66100000  26.73900000  26.65000000  25.92400000  25.72500000  25.99000000  26.73500000  26.36000000  26.33500000  26.39200000  26.36100000  26.35000000  26.45600000  26.54900000  26.64000000  26.45000000  26.04200000  26.40400000  26.32700000
 27.83300000  27.83300000  27.83300000  27.83300000  20.66700000  21.42500000  22.74900000  23.30900000  23.51400000  24.33100000  24.93200000  26.08700000  26.02200000  26.33600000  26.49500000  26.36100000  26.07100000  25.75900000  26.30800000  26.87100000  26.18200000  26.41400000  26.51000000  26.24100000  26.26100000  26.49000000  26.57400000  26.30800000  26.53400000  26.42800000
 27.83300000  27.83300000  27.83300000  27.83300000  27.83300000  20.70800000  20.32800000  20.92600000  21.78800000  22.98200000  24.38100000  25.29200000  25.50900000  24.70500000  24.54100000  25.06900000  25.06400000  24.77900000  26.54500000  26.82900000  26.05800000  26.25900000  26.18200000  26.45000000  26.58700000  26.77100000  26.55300000  26.32100000  26.56900000  26.43000000
 27.83300000  27.83300000  27.83300000  27.83300000  27.83300000  27.83300000  27.83300000  23.43000000  20.97600000  20.67200000  22.35100000  23.64400000  24.19700000  23.65000000  22.96100000  23.70800000  24.55900000  24.70600000  26.23100000  26.88800000  26.45600000  26.07400000  26.24900000  26.31500000  26.36600000  26.78900000  27.00500000  26.74400000  26.29500000  26.42000000
 27.83300000  27.83300000  27.83300000  27.83300000  27.83300000  27.83300000  27.83300000  27.83300000  27.83300000  27.83300000  27.83300000  27.83300000  27.83300000  27.83300000  27.83300000  20.51900000  24.16400000  24.59300000  25.74900000  26.47600000  26.98000000  26.92100000  26.39800000  26.25400000  26.37000000  26.90600000  27.02900000  27.10700000  26.83000000  26.39300000
 27.83300000  27.83300000  27.83300000  27.83300000  27.83300000  27.83300000  27.83300000  27.83300000  27.83300000  27.83300000  27.83300000  27.83300000  27.83300000  27.83300000  27.83300000  27.83300000  22.88100000  23.22900000  25.21600000  25.99400000  26.60600000  26.99500000  26.91900000  27.02200000  26.47200000  26.98600000  27.07000000  27.03500000  27.12000000  27.19800000
 27.83300000  27.83300000  27.83300000  27.83300000  27.83300000  27.83300000  27.83300000  27.83300000  27.83300000  27.83300000  27.83300000  27.83300000  27.83300000  27.83300000  27.83300000  27.83300000  27.83300000  21.29300000  24.79700000  25.53800000  25.22200000  26.91100000  26.93300000  27.03400000  26.63900000  27.03300000  27.18200000  27.01800000  27.02500000  27.22100000
 27.83300000  27.83300000  27.83300000  27.83300000  27.83300000  27.83300000  27.83300000  27.83300000  27.83300000  27.83300000  27.83300000  27.83300000  27.83300000  27.83300000  27.83300000  27.83300000  27.83300000  27.83300000  27.83300000  25.36800000  25.79200000  25.92500000  26.93000000  27.00600000  26.75600000  27.10500000  27.25500000  27.21500000  27.08900000  27.07900000
 27.83300000  27.83300000  27.83300000  27.83300000  27.83300000  27.83300000  27.83300000  27.83300000  27.83300000  27.83300000  27.83300000  27.83300000  27.83300000  27.83300000  27.83300000  27.83300000  27.83300000  27.83300000  27.83300000  27.83300000  25.37000000  26.52500000  26.92300000  26.99800000  26.84000000  27.14900000  27.20900000  27.20100000  27.20800000  27.16200000
 27.83300000  27.83300000  27.83300000  27.83300000  27.83300000  27.83300000  27.83300000  27.83300000  27.83300000  27.83300000  27.83300000  27.83300000  27.83300000  27.83300000  27.83300000  27.83300000  27.83300000  27.83300000  27.83300000  27.83300000  21.33200000  26.55600000  26.89700000  26.83200000  26.99900000  27.28200000  27.36400000  27.21300000  27.20300000  27.24900000
 27.83300000  27.83300000  27.83300000  27.83300000  27.83300000  27.83300000  27.83300000  27.83300000  27.83300000  27.83300000  27.83300000  27.83300000  27.83300000  27.83300000  27.83300000  27.83300000  27.83300000  27.83300000  27.83300000  27.83300000  19.23800000  26.65900000  26.96600000  26.87500000  27.17600000  27.33300000  27.10700000  27.29000000  27.27500000  27.25200000
 27.83300000  27.83300000  27.83300000  27.83300000  27.83300000  27.83300000  27.83300000  27.83300000  27.83300000  27.83300000  27.83300000  27.83300000  27.83300000  27.83300000  27.83300000  27.83300000  27.83300000  27.83300000  27.83300000  27.83300000  19.84500000  26.44200000  27.17800000  27.05300000  27.32400000  27.11800000  27.11300000  27.28700000  27.29500000  27.35200000
 27.83300000  27.83300000  27.83300000  27.83300000  27.83300000  27.83300000  27.83300000  27.83300000  27.83300000  27.83300000  27.83300000  27.83300000  27.83300000  27.83300000  27.83300000  27.83300000  27.83300000  27.83300000  27.83300000  27.83300000  27.83300000  25.57400000  27.03600000  27.25400000  27.16500000  27.08800000  27.27200000  27.21800000  27.35700000  27.38400000
 27.83300000  27.83300000  27.83300000  27.83300000  27.83300000  27.83300000  27.83300000  27.83300000  27.83300000  27.83300000  27.83300000  27.83300000  27.83300000  27.83300000  27.83300000  27.83300000  27.83300000  27.83300000  27.83300000  27.83300000  27.83300000  22.28900000  26.40000000  27.08400000  27.11000000  27.06500000  27.21100000  27.07900000  27.10000000  27.35000000
 27.83300000  27.83300000  27.83300000  27.83300000  27.83300000  27.83300000  27.83300000  27.83300000  27.83300000  27.83300000  27.83300000  27.83300000  27.83300000  27.83300000  27.83300000  27.83300000  27.83300000  27.83300000  27.83300000  27.83300000  27.83300000  27.83300000  26.23100000  26.85600000  27.00200000  27.02900000  26.95900000  26.91200000  26.89900000  27.04900000
 27.83300000  27.83300000  27.83300000  27.83300000  27.83300000  27.83300000  27.83300000  27.83300000  27.83300000  27.83300000  27.83300000  27.83300000  27.83300000  27.83300000  27.83300000  27.83300000  27.83300000  27.83300000  27.83300000  27.83300000  27.83300000  27.83300000  23.72600000  26.85800000  26.64600000  26.76800000  26.75100000  26.85000000  26.86000000  27.23000000
 27.83300000  27.83300000  27.83300000  27.83300000  27.83300000  27.83300000  27.83300000  27.83300000  27.83300000  27.83300000  27.83300000  27.83300000  27.83300000  27.83300000  27.83300000  27.83300000  27.83300000  27.83300000  27.83300000  27.83300000  27.83300000  27.83300000  27.83300000  26.69500000  26.96100000  26.84600000  26.97600000  26.99500000  27.14500000  27.36300000
