37.01300000 36.92700000 37.03200000 36.95800000 36.98800000 37.04800000 37.17100000 37.27800000 37.26600000 37.23100000 37.15600000 37.05700000 36.90600000 36.61000000 36.49000000 36.83200000 36.91100000 36.99900000 36.97900000 37.03300000 37.05500000 37.03100000 36.91600000 36.74200000 36.45500000 36.26000000 36.39400000 36.51600000 36.37700000 36.36500000
36.99700000 36.95900000 36.94400000 36.92900000 36.90600000 37.17700000 37.22900000 37.23400000 37.20300000 37.15200000 37.06700000 36.95600000 36.62300000 36.52000000 36.78300000 36.88400000 36.99100000 37.01900000 36.99900000 37.07000000 37.06000000 36.98000000 36.84800000 36.66800000 36.33800000 36.58200000 36.56300000 36.53700000 36.76300000 36.90600000
36.95300000 37.03400000 36.92700000 36.92700000 36.87800000 37.11100000 37.16100000 37.14000000 37.07300000 36.93600000 36.65600000 36.44200000 36.52700000 36.77800000 36.79900000 36.93400000 37.08600000 37.00100000 36.98000000 37.01400000 36.96100000 36.88200000 36.69900000 36.64100000 36.92200000 37.05500000 37.03600000 37.04600000 36.94200000 36.86000000
36.62100000 37.01700000 36.95000000 36.91200000 36.95500000 36.80900000 36.83500000 36.65000000 36.48000000 36.63400000 36.82000000 36.89100000 36.88800000 36.86100000 36.84100000 36.95900000 37.08800000 36.96200000 36.93800000 36.92900000 36.83900000 36.71700000 37.09800000 37.19800000 37.21000000 37.05800000 37.03400000 37.00100000 36.98500000 36.96900000
36.53300000 36.34800000 37.00500000 36.85000000 36.91300000 36.92800000 36.86000000 36.72800000 36.83600000 36.93600000 36.87900000 36.89100000 36.91000000 36.91600000 36.93200000 36.97500000 37.07400000 36.94200000 36.78200000 36.77300000 37.11300000 37.20500000 37.20200000 37.19600000 37.20900000 37.24000000 37.08700000 36.96000000 36.86300000 36.78600000
36.37900000 35.94700000 36.92400000 36.95600000 36.82600000 36.87000000 36.93800000 36.93000000 36.93000000 36.92500000 36.86600000 36.86600000 36.97300000 37.02500000 37.03500000 36.99000000 37.11700000 37.05400000 36.99200000 37.15100000 37.18800000 37.16200000 37.10300000 37.06000000 37.13600000 37.22000000 37.24300000 37.25200000 36.84500000 36.57900000
36.07800000 35.36400000 36.85900000 37.00600000 37.00700000 36.89700000 36.80800000 36.78900000 36.79400000 36.83400000 36.94900000 36.99500000 36.99300000 37.01300000 37.04800000 36.99500000 37.19200000 37.18600000 37.13000000 37.15500000 37.14100000 37.05000000 36.95400000 36.94100000 37.06400000 37.18800000 37.26100000 37.26400000 37.25700000 36.91400000
35.67200000 35.14500000 36.23500000 36.63700000 36.92500000 37.12400000 37.07700000 36.90400000 36.90400000 36.93100000 37.01500000 36.98000000 36.98600000 37.04200000 37.05800000 37.02000000 37.22400000 37.21200000 37.15200000 37.12700000 37.15100000 37.08400000 37.02800000 37.06800000 37.16300000 37.22500000 37.32800000 37.32700000 37.25300000 37.24000000
35.36700000 35.65900000 36.18800000 36.67500000 36.52700000 36.71900000 36.92600000 37.23000000 36.92900000 36.90300000 36.93900000 36.94600000 36.95500000 36.94300000 36.93300000 36.99400000 37.15100000 37.22400000 37.24800000 37.24800000 37.19600000 37.16300000 37.17500000 37.21700000 37.28000000 37.43600000 37.44300000 37.36100000 37.26800000 37.25800000
35.17900000 35.37400000 35.85100000 36.26900000 36.38700000 36.56400000 36.52400000 36.80800000 37.30200000 37.26900000 37.14400000 37.01700000 36.93100000 36.93600000 36.96800000 36.96600000 37.03100000 37.01900000 37.02100000 37.41400000 37.43500000 37.43400000 37.43800000 37.43900000 37.41900000 37.40900000 37.44500000 37.31500000 37.24900000 37.24800000
34.56300000 34.95600000 35.01600000 35.22700000 35.98900000 36.18800000 36.43400000 36.14400000 36.65100000 37.14800000 37.36900000 37.38600000 37.40000000 37.33800000 37.00200000 36.93900000 37.03400000 37.40000000 37.26600000 37.26800000 37.33900000 37.32900000 37.32800000 37.37600000 37.40200000 37.42100000 37.34300000 37.25900000 37.31800000 37.22300000
37.59700000 37.59700000 37.59700000 35.05600000 35.49900000 35.72400000 36.07500000 35.90100000 35.76600000 36.33300000 36.93900000 37.25400000 37.23900000 37.31900000 37.34800000 37.31200000 37.19300000 37.11900000 37.25600000 37.36100000 37.26300000 37.34600000 37.36600000 37.26400000 37.26500000 37.33900000 37.35300000 37.27900000 37.35900000 37.21200000
37.59700000 37.59700000 37.59700000 37.59700000 35.15800000 35.29800000 35.47200000 35.53500000 35.60800000 35.94300000 36.56200000 37.08500000 37.10800000 36.76800000 36.66800000 36.97600000 36.91400000 36.46900000 37.30100000 37.34700000 37.22000000 37.26500000 37.22600000 37.21300000 37.25100000 37.33300000 37.32500000 37.29900000 37.38500000 37.21800000
37.59700000 37.59700000 37.59700000 37.59700000 37.59700000 37.59700000 35.28000000 35.36900000 35.46700000 35.57100000 36.09000000 36.27800000 36.49300000 36.31000000 36.15400000 36.28200000 36.73200000 36.19200000 37.22500000 37.36000000 37.27600000 37.16900000 37.18800000 37.18300000 37.24600000 37.33900000 37.43500000 37.37000000 37.26700000 37.26400000
37.59700000 37.59700000 37.59700000 37.59700000 37.59700000 37.59700000 37.59700000 37.59700000 37.59700000 37.59700000 37.59700000 37.59700000 35.63700000 35.88300000 36.18200000 36.13700000 36.61600000 36.03800000 37.06800000 37.24100000 37.35800000 37.35600000 37.22800000 37.18800000 37.26800000 37.35500000 37.41800000 37.47200000 37.40300000 37.28600000
37.59700000 37.59700000 37.59700000 37.59700000 37.59700000 37.59700000 37.59700000 37.59700000 37.59700000 37.59700000 37.59700000 37.59700000 37.59700000 37.59700000 37.59700000 35.91700000 36.23800000 35.91500000 36.45100000 37.12200000 37.26200000 37.34400000 37.37200000 37.39300000 37.30300000 37.33900000 37.37000000 37.43600000 37.49900000 37.56100000
37.59700000 37.59700000 37.59700000 37.59700000 37.59700000 37.59700000 37.59700000 37.59700000 37.59700000 37.59700000 37.59700000 37.59700000 37.59700000 37.59700000 37.59700000 37.59700000 35.95400000 35.91500000 36.61400000 36.93100000 36.96700000 37.32300000 37.39500000 37.39600000 37.34600000 37.31000000 37.34100000 37.38600000 37.38700000 37.53600000
37.59700000 37.59700000 37.59700000 37.59700000 37.59700000 37.59700000 37.59700000 37.59700000 37.59700000 37.59700000 37.59700000 37.59700000 37.59700000 37.59700000 37.59700000 37.59700000 37.59700000 37.59700000 36.07400000 36.77400000 37.06400000 36.94100000 37.37300000 37.40400000 37.38900000 37.29700000 37.32400000 37.35700000 37.32600000 37.35400000
37.59700000 37.59700000 37.59700000 37.59700000 37.59700000 37.59700000 37.59700000 37.59700000 37.59700000 37.59700000 37.59700000 37.59700000 37.59700000 37.59700000 37.59700000 37.59700000 37.59700000 37.59700000 37.59700000 36.60700000 36.97500000 36.88400000 37.38400000 37.43200000 37.38400000 37.31900000 37.33600000 37.33900000 37.37100000 37.30900000
37.59700000 37.59700000 37.59700000 37.59700000 37.59700000 37.59700000 37.59700000 37.59700000 37.59700000 37.59700000 37.59700000 37.59700000 37.59700000 37.59700000 37.59700000 37.59700000 37.59700000 37.59700000 37.59700000 36.92400000 36.48900000 36.96000000 37.38000000 37.43200000 37.28900000 37.38100000 37.41200000 37.38700000 37.35500000 37.34000000
37.59700000 37.59700000 37.59700000 37.59700000 37.59700000 37.59700000 37.59700000 37.59700000 37.59700000 37.59700000 37.59700000 37.59700000 37.59700000 37.59700000 37.59700000 37.59700000 37.59700000 37.59700000 37.59700000 36.89100000 36.65600000 36.94500000 37.34700000 37.38300000 37.32500000 37.39500000 37.38500000 37.40200000 37.41200000 37.34800000
37.59700000 37.59700000 37.59700000 37.59700000 37.59700000 37.59700000 37.59700000 37.59700000 37.59700000 37.59700000 37.59700000 37.59700000 37.59700000 37.59700000 37.59700000 37.59700000 37.59700000 37.59700000 37.59700000 36.60900000 36.65800000 36.83100000 37.34700000 37.30500000 37.39800000 37.36100000 37.37500000 37.38300000 37.38900000 37.40800000
37.59700000 37.59700000 37.59700000 37.59700000 37.59700000 37.59700000 37.59700000 37.59700000 37.59700000 37.59700000 37.59700000 37.59700000 37.59700000 37.59700000 37.59700000 37.59700000 37.59700000 37.59700000 37.59700000 37.59700000 36.70100000 36.67600000 37.31100000 37.37300000 37.35100000 37.34500000 37.34100000 37.32800000 37.33600000 37.36800000
37.59700000 37.59700000 37.59700000 37.59700000 37.59700000 37.59700000 37.59700000 37.59700000 37.59700000 37.59700000 37.59700000 37.59700000 37.59700000 37.59700000 37.59700000 37.59700000 37.59700000 37.59700000 37.59700000 37.59700000 37.59700000 36.62800000 36.81500000 37.30800000 37.32700000 37.32300000 37.33800000 37.31400000 37.30400000 37.31600000
37.59700000 37.59700000 37.59700000 37.59700000 37.59700000 37.59700000 37.59700000 37.59700000 37.59700000 37.59700000 37.59700000 37.59700000 37.59700000 37.59700000 37.59700000 37.59700000 37.59700000 37.59700000 37.59700000 37.59700000 37.59700000 36.49900000 36.54200000 37.23200000 37.27400000 37.31000000 37.29600000 37.28200000 37.28300000 37.27700000
37.59700000 37.59700000 37.59700000 37.59700000 37.59700000 37.59700000 37.59700000 37.59700000 37.59700000 37.59700000 37.59700000 37.59700000 37.59700000 37.59700000 37.59700000 37.59700000 37.59700000 37.59700000 37.59700000 37.59700000 37.59700000 37.59700000 36.36500000 37.14800000 37.13000000 37.20100000 37.20600000 37.22900000 37.23200000 37.29700000
37.59700000 37.59700000 37.59700000 37.59700000 37.59700000 37.59700000 37.59700000 37.59700000 37.59700000 37.59700000 37.59700000 37.59700000 37.59700000 37.59700000 37.59700000 37.59700000 37.59700000 37.59700000 37.59700000 37.59700000 37.59700000 37.59700000 37.59700000 36.16700000 37.17600000 37.18400000 37.21100000 37.22800000 37.27500000 37.29300000
37.01200000 36.92600000 37.03200000 36.95800000 36.98800000 37.04800000 37.17100000 37.27700000 37.26500000 37.23400000 37.15800000 37.05800000 36.91000000 36.61000000 36.49400000 36.83100000 36.90900000 37.00000000 36.97800000 37.03300000 37.05400000 37.03400000 36.91600000 36.74200000 36.45800000 36.25800000 36.39300000 36.51800000 36.37500000 36.36600000
36.99500000 36.95600000 36.94300000 36.92700000 36.90400000 37.17600000 37.22700000 37.23200000 37.20200000 37.15000000 37.06500000 36.95400000 36.62000000 36.51900000 36.78100000 36.88300000 36.99000000 37.01800000 36.99700000 37.06800000 37.05800000 36.97900000 36.84700000 36.66700000 36.33800000 36.58200000 36.56200000 36.53700000 36.76400000 36.91000000
36.95100000 37.03200000 36.92600000 36.92500000 36.87700000 37.10900000 37.16000000 37.13900000 37.07200000 36.93400000 36.65200000 36.44000000 36.52700000 36.77700000 36.79700000 36.93300000 37.08500000 36.99900000 36.97900000 37.01200000 36.96000000 36.88100000 36.69700000 36.64000000 36.92200000 37.05300000 37.03500000 37.04500000 36.94100000 36.86000000
36.62000000 37.01600000 36.94900000 36.91000000 36.95400000 36.80700000 36.83200000 36.64700000 36.47900000 36.63300000 36.82000000 36.89000000 36.88600000 36.85900000 36.84000000 36.95800000 37.08700000 36.96000000 36.93700000 36.92700000 36.83800000 36.71600000 37.09800000 37.19800000 37.20900000 37.05700000 37.03300000 37.00100000 36.98400000 36.96800000
36.53200000 36.37100000 37.00300000 36.84900000 36.91200000 36.92700000 36.86100000 36.72800000 36.83600000 36.93500000 36.87700000 36.88900000 36.90900000 36.91500000 36.93100000 36.97400000 37.07300000 36.94100000 36.78100000 36.77200000 37.11200000 37.20400000 37.20100000 37.19500000 37.20900000 37.24000000 37.08800000 36.96000000 36.86200000 36.78500000
36.38600000 35.96900000 36.92200000 36.95400000 36.82500000 36.86800000 36.93600000 36.92900000 36.92900000 36.92400000 36.86400000 36.86500000 36.97200000 37.02300000 37.03400000 36.98900000 37.11600000 37.05300000 36.99100000 37.15000000 37.18700000 37.16100000 37.10300000 37.06000000 37.13500000 37.22000000 37.24300000 37.25200000 36.84500000 36.57800000
36.10300000 35.77400000 36.85800000 37.00400000 37.00600000 36.89700000 36.80800000 36.78800000 36.79300000 36.83300000 36.94800000 36.99400000 36.99200000 37.01200000 37.04700000 36.99400000 37.19100000 37.18600000 37.12900000 37.15400000 37.14100000 37.05000000 36.95600000 36.94100000 37.06300000 37.18700000 37.26000000 37.26300000 37.25600000 36.91600000
35.90400000 36.05900000 36.77400000 36.63600000 36.92400000 37.12300000 37.07700000 36.90300000 36.90300000 36.93000000 37.01400000 36.97900000 36.98500000 37.04100000 37.05700000 37.01900000 37.22300000 37.21200000 37.15100000 37.12600000 37.15100000 37.08500000 37.02900000 37.06800000 37.16200000 37.22500000 37.32800000 37.32600000 37.25300000 37.23900000
35.79300000 35.93000000 36.64100000 36.67300000 36.52500000 36.71800000 36.92500000 37.22800000 36.92800000 36.90200000 36.93800000 36.94500000 36.95400000 36.94200000 36.93200000 36.99300000 37.15000000 37.22300000 37.24700000 37.24800000 37.19700000 37.16400000 37.17600000 37.21700000 37.28100000 37.43600000 37.44200000 37.36100000 37.26700000 37.25700000
35.70300000 35.85200000 36.12800000 36.26900000 36.38600000 36.56200000 36.52500000 36.80600000 37.30000000 37.26900000 37.14400000 37.01700000 36.93000000 36.93500000 36.96700000 36.96500000 37.03000000 37.01800000 37.02000000 37.41500000 37.43500000 37.43300000 37.43700000 37.43800000 37.41900000 37.40800000 37.44500000 37.31500000 37.25000000 37.24800000
35.44100000 37.59700000 35.60500000 35.70300000 36.15300000 36.20500000 36.45700000 36.35600000 36.65000000 37.14500000 37.36700000 37.38400000 37.39900000 37.33800000 37.00300000 36.93800000 37.03500000 37.39800000 37.26600000 37.27000000 37.33900000 37.32800000 37.32700000 37.37500000 37.40100000 37.42100000 37.34300000 37.26400000 37.32200000 37.22500000
37.59700000 37.59700000 37.59700000 37.59700000 35.71600000 35.98100000 36.45100000 36.39800000 36.17900000 36.38000000 36.93600000 37.25200000 37.23800000 37.31800000 37.34800000 37.31100000 37.19200000 37.11800000 37.25600000 37.36100000 37.26200000 37.34500000 37.36400000 37.26200000 37.26400000 37.33400000 37.35700000 37.28700000 37.35800000 37.21500000
37.59700000 37.59700000 37.59700000 37.59700000 37.59700000 35.67400000 35.84000000 35.95700000 36.12300000 35.97700000 36.56600000 37.07500000 37.11400000 36.77100000 36.66800000 36.97700000 36.91200000 36.47800000 37.30000000 37.34600000 37.22000000 37.26400000 37.22600000 37.21200000 37.24900000 37.33100000 37.32400000 37.29700000 37.38300000 37.22500000
37.59700000 37.59700000 37.59700000 37.59700000 37.59700000 37.59700000 37.59700000 35.51200000 35.74900000 35.76700000 36.32200000 36.42000000 36.49900000 36.34500000 36.17000000 36.27500000 36.72900000 36.22000000 37.22300000 37.35900000 37.27600000 37.16900000 37.18900000 37.18200000 37.24500000 37.33800000 37.43700000 37.38100000 37.29000000 37.29500000
37.59700000 37.59700000 37.59700000 37.59700000 37.59700000 37.59700000 37.59700000 37.59700000 37.59700000 37.59700000 37.59700000 37.59700000 37.59700000 37.59700000 37.59700000 36.22300000 36.60300000 36.21800000 37.06600000 37.23800000 37.35700000 37.35600000 37.23200000 37.18900000 37.26700000 37.35600000 37.41900000 37.48300000 37.41000000 37.29800000
37.59700000 37.59700000 37.59700000 37.59700000 37.59700000 37.59700000 37.59700000 37.59700000 37.59700000 37.59700000 37.59700000 37.59700000 37.59700000 37.59700000 37.59700000 37.59700000 36.37600000 36.41600000 36.45200000 37.12100000 37.25700000 37.34300000 37.37100000 37.39200000 37.30400000 37.34300000 37.36900000 37.44800000 37.51500000 37.57200000
37.59700000 37.59700000 37.59700000 37.59700000 37.59700000 37.59700000 37.59700000 37.59700000 37.59700000 37.59700000 37.59700000 37.59700000 37.59700000 37.59700000 37.59700000 37.59700000 37.59700000 36.39300000 36.68800000 36.92800000 36.97700000 37.32000000 37.39500000 37.39700000 37.35100000 37.31000000 37.34100000 37.39100000 37.41200000 37.54900000
37.59700000 37.59700000 37.59700000 37.59700000 37.59700000 37.59700000 37.59700000 37.59700000 37.59700000 37.59700000 37.59700000 37.59700000 37.59700000 37.59700000 37.59700000 37.59700000 37.59700000 37.59700000 37.59700000 36.74900000 37.05700000 36.98200000 37.37400000 37.40400000 37.38600000 37.29500000 37.33100000 37.36700000 37.34400000 37.38200000
37.59700000 37.59700000 37.59700000 37.59700000 37.59700000 37.59700000 37.59700000 37.59700000 37.59700000 37.59700000 37.59700000 37.59700000 37.59700000 37.59700000 37.59700000 37.59700000 37.59700000 37.59700000 37.59700000 37.59700000 36.95500000 37.04600000 37.38400000 37.43000000 37.38200000 37.31600000 37.33900000 37.34600000 37.37400000 37.31600000
37.59700000 37.59700000 37.59700000 37.59700000 37.59700000 37.59700000 37.59700000 37.59700000 37.59700000 37.59700000 37.59700000 37.59700000 37.59700000 37.59700000 37.59700000 37.59700000 37.59700000 37.59700000 37.59700000 37.59700000 36.37800000 37.01800000 37.38100000 37.42900000 37.28600000 37.37800000 37.41000000 37.38800000 37.35500000 37.33900000
37.59700000 37.59700000 37.59700000 37.59700000 37.59700000 37.59700000 37.59700000 37.59700000 37.59700000 37.59700000 37.59700000 37.59700000 37.59700000 37.59700000 37.59700000 37.59700000 37.59700000 37.59700000 37.59700000 37.59700000 36.09200000 37.03700000 37.34800000 37.38000000 37.32600000 37.39200000 37.38500000 37.40200000 37.41200000 37.34700000
37.59700000 37.59700000 37.59700000 37.59700000 37.59700000 37.59700000 37.59700000 37.59700000 37.59700000 37.59700000 37.59700000 37.59700000 37.59700000 37.59700000 37.59700000 37.59700000 37.59700000 37.59700000 37.59700000 37.59700000 36.19800000 36.89300000 37.35300000 37.31500000 37.39700000 37.35900000 37.37900000 37.38200000 37.38800000 37.40400000
37.59700000 37.59700000 37.59700000 37.59700000 37.59700000 37.59700000 37.59700000 37.59700000 37.59700000 37.59700000 37.59700000 37.59700000 37.59700000 37.59700000 37.59700000 37.59700000 37.59700000 37.59700000 37.59700000 37.59700000 37.59700000 36.75900000 37.31400000 37.37600000 37.34900000 37.36200000 37.34400000 37.32500000 37.33400000 37.36600000
37.59700000 37.59700000 37.59700000 37.59700000 37.59700000 37.59700000 37.59700000 37.59700000 37.59700000 37.59700000 37.59700000 37.59700000 37.59700000 37.59700000 37.59700000 37.59700000 37.59700000 37.59700000 37.59700000 37.59700000 37.59700000 36.54900000 36.94400000 37.30700000 37.32800000 37.32600000 37.33700000 37.31300000 37.30000000 37.31400000
37.59700000 37.59700000 37.59700000 37.59700000 37.59700000 37.59700000 37.59700000 37.59700000 37.59700000 37.59700000 37.59700000 37.59700000 37.59700000 37.59700000 37.59700000 37.59700000 37.59700000 37.59700000 37.59700000 37.59700000 37.59700000 37.59700000 37.01400000 37.23300000 37.28500000 37.31600000 37.29900000 37.28100000 37.28200000 37.27400000
37.59700000 37.59700000 37.59700000 37.59700000 37.59700000 37.59700000 37.59700000 37.59700000 37.59700000 37.59700000 37.59700000 37.59700000 37.59700000 37.59700000 37.59700000 37.59700000 37.59700000 37.59700000 37.59700000 37.59700000 37.59700000 37.59700000 36.67400000 37.14400000 37.13800000 37.21200000 37.21400000 37.23000000 37.23000000 37.29200000
37.59700000 37.59700000 37.59700000 37.59700000 37.59700000 37.59700000 37.59700000 37.59700000 37.59700000 37.59700000 37.59700000 37.59700000 37.59700000 37.59700000 37.59700000 37.59700000 37.59700000 37.59700000 37.59700000 37.59700000 37.59700000 37.59700000 37.59700000 37.00700000 37.18500000 37.18800000 37.21300000 37.22600000 37.27300000 37.28700000
