 25.66300000  25.26600000  25.58400000  25.62800000  25.09000000  24.94300000  25.43500000  25.60200000  25.57800000  25.48900000  25.41400000  25.31100000  25.21000000  24.36900000  24.24400000  25.43600000  25.67100000  25.77400000  25.41800000  25.40000000  25.44000000  25.40900000  25.30300000  24.95800000  24.16700000  23.88600000  24.26500000  24.76600000  24.62700000  24.67600000
 25.39700000  25.24700000  25.48400000  25.33300000  24.58600000  25.34400000  25.53000000  25.51500000  25.45900000  25.39300000  25.26400000  25.12000000  24.23500000  24.18000000  24.86900000  25.27500000  25.71500000  25.44400000  25.43000000  25.39900000  25.41400000  25.29400000  25.10500000  24.57500000  23.76800000  24.40500000  24.54200000  24.59100000  25.02800000  25.16800000
 25.25800000  25.44600000  25.50100000  25.44300000  24.55100000  25.19900000  25.38300000  25.33900000  25.21400000  24.91700000  24.26300000  23.97100000  24.20700000  24.67900000  24.81000000  25.51000000  25.68000000  25.41100000  25.38400000  25.29300000  25.21600000  25.12400000  24.59700000  24.48700000  25.30700000  25.65700000  25.58400000  25.49800000  25.16400000  25.10200000
 24.67900000  25.37600000  25.46900000  25.55400000  25.09900000  24.50400000  24.60700000  24.28000000  24.07100000  24.28400000  24.64200000  24.87200000  24.93300000  24.89800000  24.95000000  25.65500000  25.69100000  25.34700000  25.30000000  25.17300000  24.92400000  24.80300000  25.69600000  25.92600000  25.97000000  25.68400000  25.53200000  25.39100000  25.33500000  25.42600000
 24.60400000  24.45900000  25.32700000  25.44700000  25.56600000  25.12600000  24.60200000  24.36100000  24.58900000  24.95200000  24.99800000  25.25300000  25.45500000  25.50300000  25.58100000  25.73800000  25.71100000  25.29100000  25.00400000  24.96100000  25.73300000  25.88200000  25.71700000  25.72000000  25.77000000  25.91800000  25.72000000  25.43700000  25.33100000  25.30000000
 24.24900000  24.04600000  25.03700000  25.46600000  25.47900000  25.55900000  25.65900000  25.52800000  25.54300000  25.65800000  25.62000000  25.65700000  25.84800000  25.93000000  25.96600000  25.80300000  25.70900000  25.48700000  25.30500000  25.75900000  25.73700000  25.61300000  25.50700000  25.37600000  25.55400000  25.87600000  25.95500000  26.05100000  25.34700000  25.15300000
 24.04600000  23.74300000  24.86600000  25.14700000  25.54000000  25.58300000  25.52700000  25.50900000  25.51800000  25.57300000  25.77100000  25.81100000  25.81900000  25.89300000  25.97500000  25.80100000  25.82500000  25.81000000  25.67900000  25.71500000  25.55100000  25.36400000  25.06500000  24.99900000  25.34900000  25.76900000  26.17600000  26.06000000  26.10200000  25.50700000
 23.89200000  23.61400000  24.43400000  24.50000000  25.04000000  25.68000000  25.82500000  25.68700000  25.71500000  25.78500000  25.92300000  25.88800000  25.87100000  25.94200000  25.98100000  25.80600000  25.89800000  25.89800000  25.75800000  25.64500000  25.57400000  25.43200000  25.30400000  25.38200000  25.64400000  26.11900000  26.53900000  26.41800000  25.98800000  26.15900000
 23.68200000  23.99300000  24.17900000  24.49400000  24.28600000  24.65700000  25.13800000  26.03700000  25.77300000  25.74800000  25.84500000  25.85800000  25.86300000  25.85700000  25.83000000  25.82800000  25.89000000  26.01300000  26.07200000  26.09200000  25.94200000  25.81400000  25.84200000  26.07800000  26.50100000  26.94500000  26.80600000  26.53500000  25.99500000  26.24000000
 23.40900000  23.27400000  23.77000000  24.07500000  24.11500000  24.28200000  24.27500000  24.83900000  26.25700000  26.31900000  26.14600000  25.95900000  25.76200000  25.70600000  25.76700000  25.81900000  25.79100000  25.87400000  25.99000000  26.91700000  26.91900000  26.88900000  26.91500000  26.89100000  26.66800000  26.55500000  26.72000000  26.28700000  26.08700000  26.25500000
 24.34700000  23.42900000  23.53600000  23.58900000  23.64500000  23.70700000  24.04700000  24.16400000  24.56200000  25.62300000  26.45900000  26.62600000  26.71600000  26.61700000  25.88600000  25.70000000  25.96100000  26.70800000  26.34000000  26.32100000  26.36800000  26.34100000  26.33500000  26.44700000  26.54400000  26.64100000  26.45900000  26.06000000  26.42000000  26.34700000
 27.83300000  27.83300000  27.83300000  24.14700000  23.57000000  23.38500000  23.60300000  23.61300000  23.74700000  24.24400000  24.91500000  26.04500000  25.98900000  26.30900000  26.45600000  26.33300000  26.04000000  25.74600000  26.33500000  26.85400000  26.16900000  26.40400000  26.50100000  26.24000000  26.27400000  26.51800000  26.58500000  26.32300000  26.56100000  26.46600000
 27.83300000  27.83300000  27.83300000  27.83300000  23.85400000  23.65000000  23.35900000  23.51500000  23.45200000  23.77100000  24.37700000  25.30800000  25.46400000  24.66500000  24.53500000  25.04600000  25.05000000  24.74800000  26.54100000  26.81400000  26.04500000  26.26000000  26.19000000  26.46800000  26.60500000  26.79000000  26.57100000  26.37100000  26.61700000  26.49400000
 27.83300000  27.83300000  27.83300000  27.83300000  27.83300000  27.83300000  24.56800000  23.98800000  23.38600000  23.42700000  23.68200000  23.76400000  24.20700000  23.79300000  23.31600000  23.81900000  24.55300000  24.70600000  26.23200000  26.88400000  26.44800000  26.09000000  26.26700000  26.33200000  26.39200000  26.80900000  27.02900000  26.78200000  26.38200000  26.52100000
 27.83300000  27.83300000  27.83300000  27.83300000  27.83300000  27.83300000  27.83300000  27.83300000  27.83300000  27.83300000  27.83300000  27.83300000  23.41500000  23.27200000  23.01300000  23.58900000  24.23900000  24.72000000  25.75800000  26.49900000  26.98300000  26.92800000  26.40300000  26.27700000  26.39800000  26.93600000  27.06900000  27.16900000  26.92800000  26.48400000
 27.83300000  27.83300000  27.83300000  27.83300000  27.83300000  27.83300000  27.83300000  27.83300000  27.83300000  27.83300000  27.83300000  27.83300000  27.83300000  27.83300000  27.83300000  23.73100000  24.11300000  24.78300000  25.23400000  26.00400000  26.65700000  27.00600000  26.93700000  27.04100000  26.51300000  27.03100000  27.13600000  27.12000000  27.19100000  27.25400000
 27.83300000  27.83300000  27.83300000  27.83300000  27.83300000  27.83300000  27.83300000  27.83300000  27.83300000  27.83300000  27.83300000  27.83300000  27.83300000  27.83300000  27.83300000  27.83300000  24.12900000  24.40700000  25.51400000  25.63900000  25.20800000  26.95200000  26.95900000  27.06500000  26.68500000  27.10000000  27.28500000  27.10600000  27.09300000  27.26700000
 27.83300000  27.83300000  27.83300000  27.83300000  27.83300000  27.83300000  27.83300000  27.83300000  27.83300000  27.83300000  27.83300000  27.83300000  27.83300000  27.83300000  27.83300000  27.83300000  27.83300000  27.83300000  23.65500000  25.72300000  25.91500000  26.22400000  26.96000000  27.04300000  26.81500000  27.23100000  27.37400000  27.29600000  27.14800000  27.11600000
 27.83300000  27.83300000  27.83300000  27.83300000  27.83300000  27.83300000  27.83300000  27.83300000  27.83300000  27.83300000  27.83300000  27.83300000  27.83300000  27.83300000  27.83300000  27.83300000  27.83300000  27.83300000  27.83300000  25.91500000  25.48500000  26.39500000  26.95600000  27.04000000  26.92800000  27.28300000  27.32200000  27.24700000  27.24800000  27.19400000
 27.83300000  27.83300000  27.83300000  27.83300000  27.83300000  27.83300000  27.83300000  27.83300000  27.83300000  27.83300000  27.83300000  27.83300000  27.83300000  27.83300000  27.83300000  27.83300000  27.83300000  27.83300000  27.83300000  26.06700000  22.61800000  26.52500000  26.93500000  26.87900000  27.06800000  27.40700000  27.43800000  27.24500000  27.23500000  27.27500000
 27.83300000  27.83300000  27.83300000  27.83300000  27.83300000  27.83300000  27.83300000  27.83300000  27.83300000  27.83300000  27.83300000  27.83300000  27.83300000  27.83300000  27.83300000  27.83300000  27.83300000  27.83300000  27.83300000  26.03100000  23.74100000  26.57000000  27.00100000  26.92000000  27.22500000  27.40900000  27.15800000  27.31700000  27.31300000  27.28400000
 27.83300000  27.83300000  27.83300000  27.83300000  27.83300000  27.83300000  27.83300000  27.83300000  27.83300000  27.83300000  27.83300000  27.83300000  27.83300000  27.83300000  27.83300000  27.83300000  27.83300000  27.83300000  27.83300000  25.75800000  23.52400000  26.43200000  27.22100000  27.10400000  27.37500000  27.16900000  27.15600000  27.32000000  27.33200000  27.39200000
 27.83300000  27.83300000  27.83300000  27.83300000  27.83300000  27.83300000  27.83300000  27.83300000  27.83300000  27.83300000  27.83300000  27.83300000  27.83300000  27.83300000  27.83300000  27.83300000  27.83300000  27.83300000  27.83300000  27.83300000  25.96100000  25.95500000  27.08000000  27.30800000  27.23100000  27.15600000  27.32400000  27.26300000  27.40100000  27.43000000
 27.83300000  27.83300000  27.83300000  27.83300000  27.83300000  27.83300000  27.83300000  27.83300000  27.83300000  27.83300000  27.83300000  27.83300000  27.83300000  27.83300000  27.83300000  27.83300000  27.83300000  27.83300000  27.83300000  27.83300000  27.83300000  24.49400000  26.34700000  27.12900000  27.16800000  27.15100000  27.27700000  27.14700000  27.17700000  27.41400000
 27.83300000  27.83300000  27.83300000  27.83300000  27.83300000  27.83300000  27.83300000  27.83300000  27.83300000  27.83300000  27.83300000  27.83300000  27.83300000  27.83300000  27.83300000  27.83300000  27.83300000  27.83300000  27.83300000  27.83300000  27.83300000  26.21200000  26.43000000  26.92700000  27.09600000  27.13100000  27.05200000  27.01500000  27.00200000  27.13500000
 27.83300000  27.83300000  27.83300000  27.83300000  27.83300000  27.83300000  27.83300000  27.83300000  27.83300000  27.83300000  27.83300000  27.83300000  27.83300000  27.83300000  27.83300000  27.83300000  27.83300000  27.83300000  27.83300000  27.83300000  27.83300000  27.83300000  26.61000000  26.99400000  26.77100000  26.89400000  26.88200000  26.98400000  27.04600000  27.34200000
 27.83300000  27.83300000  27.83300000  27.83300000  27.83300000  27.83300000  27.83300000  27.83300000  27.83300000  27.83300000  27.83300000  27.83300000  27.83300000  27.83300000  27.83300000  27.83300000  27.83300000  27.83300000  27.83300000  27.83300000  27.83300000  27.83300000  27.83300000  26.64700000  27.15600000  27.01700000  27.14400000  27.13300000  27.31100000  27.49900000
 25.70200000  25.37500000  25.62800000  25.68900000  25.16300000  24.96600000  25.43600000  25.60900000  25.59000000  25.52300000  25.43300000  25.33500000  25.29100000  24.37600000  24.26400000  25.44000000  25.71500000  25.80600000  25.46300000  25.45400000  25.45000000  25.41500000  25.28900000  24.95200000  24.17000000  23.88400000  24.27300000  24.70600000  24.63800000  24.68800000
 25.39700000  25.24900000  25.49200000  25.34000000  24.59000000  25.35100000  25.53800000  25.52300000  25.46600000  25.39900000  25.27000000  25.12500000  24.23300000  24.18300000  24.87400000  25.28100000  25.72200000  25.44900000  25.43500000  25.40500000  25.42000000  25.30000000  25.11100000  24.57900000  23.77800000  24.41800000  24.55600000  24.60600000  25.04200000  25.19800000
 25.25500000  25.45300000  25.50800000  25.45000000  24.55500000  25.20400000  25.38900000  25.34400000  25.21800000  24.91800000  24.26200000  23.97200000  24.20900000  24.68300000  24.81400000  25.51600000  25.68600000  25.41600000  25.38900000  25.29900000  25.22200000  25.13000000  24.60300000  24.49600000  25.32200000  25.67200000  25.59900000  25.51200000  25.17800000  25.11500000
 24.74400000  25.38100000  25.47500000  25.56000000  25.10500000  24.50600000  24.60600000  24.28000000  24.07200000  24.28600000  24.64600000  24.87700000  24.93800000  24.90200000  24.95500000  25.65900000  25.69700000  25.35200000  25.30600000  25.17900000  24.93000000  24.81000000  25.70500000  25.94000000  25.98400000  25.69900000  25.54700000  25.40500000  25.34800000  25.44100000
 24.61400000  24.51700000  25.33200000  25.45300000  25.57100000  25.12900000  24.60700000  24.36400000  24.59400000  24.95700000  25.00500000  25.26100000  25.46600000  25.51300000  25.58900000  25.74400000  25.71700000  25.29700000  25.01100000  24.96500000  25.74300000  25.89200000  25.73000000  25.73600000  25.78500000  25.93200000  25.73700000  25.45200000  25.34700000  25.31700000
 24.09000000  24.08200000  25.04100000  25.47200000  25.48400000  25.56400000  25.66800000  25.53800000  25.55400000  25.66900000  25.62900000  25.66700000  25.85900000  25.94000000  25.97600000  25.81200000  25.71800000  25.49700000  25.31200000  25.76900000  25.74900000  25.62600000  25.52300000  25.39200000  25.56800000  25.89100000  25.97300000  26.06900000  25.36400000  25.16800000
 24.00300000  24.10100000  24.87400000  25.15500000  25.55000000  25.59100000  25.53800000  25.51900000  25.52800000  25.58400000  25.78200000  25.82100000  25.83000000  25.90400000  25.98600000  25.81300000  25.83800000  25.82400000  25.69200000  25.72900000  25.56700000  25.38000000  25.08100000  25.01300000  25.36400000  25.78400000  26.19400000  26.07800000  26.11900000  25.52600000
 23.61900000  23.10700000  25.16300000  24.51700000  25.05700000  25.69300000  25.84000000  25.70100000  25.72900000  25.79900000  25.93400000  25.90200000  25.88600000  25.95700000  25.99600000  25.82000000  25.91300000  25.91400000  25.77500000  25.66200000  25.58900000  25.44900000  25.32100000  25.39800000  25.66000000  26.13600000  26.55700000  26.43500000  25.99900000  26.17100000
 21.32400000  21.91100000  24.69100000  24.51400000  24.30500000  24.67100000  25.15100000  26.05000000  25.79000000  25.76400000  25.86100000  25.87300000  25.88000000  25.87400000  25.84800000  25.84600000  25.90700000  26.03100000  26.08900000  26.11000000  25.96200000  25.83400000  25.86200000  26.09700000  26.52200000  26.96300000  26.81900000  26.54400000  26.00200000  26.24800000
 20.15800000  20.51000000  23.51900000  24.09400000  24.12900000  24.29400000  24.29200000  24.85500000  26.27300000  26.33500000  26.16400000  25.97700000  25.78000000  25.72400000  25.78400000  25.83700000  25.80900000  25.89100000  26.00900000  26.93500000  26.93500000  26.90400000  26.93000000  26.90600000  26.67900000  26.56500000  26.72800000  26.28800000  26.08700000  26.25500000
 22.13000000  27.83300000  21.23000000  21.65400000  23.12900000  23.65800000  24.07800000  24.42800000  24.58100000  25.63500000  26.47900000  26.64800000  26.73600000  26.63900000  25.90800000  25.71800000  25.98200000  26.72400000  26.35900000  26.34100000  26.38200000  26.35400000  26.34800000  26.45800000  26.55200000  26.64500000  26.44900000  26.04500000  26.40900000  26.33100000
 27.83300000  27.83300000  27.83300000  27.83300000  20.63400000  21.44200000  22.79300000  23.29200000  23.52100000  24.31600000  24.92500000  26.06600000  26.00600000  26.32300000  26.47100000  26.34900000  26.05400000  25.75600000  26.34900000  26.86700000  26.18000000  26.41500000  26.50900000  26.24100000  26.26900000  26.49600000  26.57400000  26.30800000  26.53800000  26.43300000
 27.83300000  27.83300000  27.83300000  27.83300000  27.83300000  20.75100000  20.32500000  20.80200000  21.75400000  22.94600000  24.36800000  25.29600000  25.49000000  24.68600000  24.54600000  25.06300000  25.06500000  24.77700000  26.55100000  26.82300000  26.05200000  26.26300000  26.18700000  26.46100000  26.59100000  26.77600000  26.55400000  26.33000000  26.57600000  26.43500000
 27.83300000  27.83300000  27.83300000  27.83300000  27.83300000  27.83300000  27.83300000  23.42100000  20.86500000  20.59800000  22.32200000  23.62400000  24.17500000  23.62400000  22.93800000  23.72100000  24.56300000  24.72300000  26.23400000  26.89100000  26.45300000  26.08100000  26.25500000  26.31800000  26.37200000  26.79700000  27.01000000  26.74200000  26.30100000  26.42300000
 27.83300000  27.83300000  27.83300000  27.83300000  27.83300000  27.83300000  27.83300000  27.83300000  27.83300000  27.83300000  27.83300000  27.83300000  27.83300000  27.83300000  27.83300000  20.53300000  24.15600000  24.60400000  25.75100000  26.49200000  26.98300000  26.92500000  26.40300000  26.26200000  26.37600000  26.91300000  27.03300000  27.11100000  26.82600000  26.39500000
 27.83300000  27.83300000  27.83300000  27.83300000  27.83300000  27.83300000  27.83300000  27.83300000  27.83300000  27.83300000  27.83300000  27.83300000  27.83300000  27.83300000  27.83300000  27.83300000  22.83900000  23.30800000  25.21800000  25.99000000  26.63400000  26.99800000  26.92500000  27.02700000  26.47800000  26.99300000  27.07300000  27.04000000  27.12400000  27.20000000
 27.83300000  27.83300000  27.83300000  27.83300000  27.83300000  27.83300000  27.83300000  27.83300000  27.83300000  27.83300000  27.83300000  27.83300000  27.83300000  27.83300000  27.83300000  27.83300000  27.83300000  21.29400000  24.87100000  25.55100000  25.19200000  26.93100000  26.94000000  27.04100000  26.64100000  27.04200000  27.18700000  27.02100000  27.02900000  27.22500000
 27.83300000  27.83300000  27.83300000  27.83300000  27.83300000  27.83300000  27.83300000  27.83300000  27.83300000  27.83300000  27.83300000  27.83300000  27.83300000  27.83300000  27.83300000  27.83300000  27.83300000  27.83300000  27.83300000  25.35700000  25.80400000  26.01800000  26.93300000  27.01100000  26.75600000  27.11300000  27.26200000  27.21800000  27.09300000  27.08500000
 27.83300000  27.83300000  27.83300000  27.83300000  27.83300000  27.83300000  27.83300000  27.83300000  27.83300000  27.83300000  27.83300000  27.83300000  27.83300000  27.83300000  27.83300000  27.83300000  27.83300000  27.83300000  27.83300000  27.83300000  25.32200000  26.52000000  26.92700000  27.00200000  26.85200000  27.15500000  27.21400000  27.20600000  27.21200000  27.16700000
 27.83300000  27.83300000  27.83300000  27.83300000  27.83300000  27.83300000  27.83300000  27.83300000  27.83300000  27.83300000  27.83300000  27.83300000  27.83300000  27.83300000  27.83300000  27.83300000  27.83300000  27.83300000  27.83300000  27.83300000  21.33700000  26.57500000  26.90100000  26.83500000  27.00500000  27.28700000  27.36900000  27.21700000  27.21000000  27.25400000
 27.83300000  27.83300000  27.83300000  27.83300000  27.83300000  27.83300000  27.83300000  27.83300000  27.83300000  27.83300000  27.83300000  27.83300000  27.83300000  27.83300000  27.83300000  27.83300000  27.83300000  27.83300000  27.83300000  27.83300000  19.21600000  26.66700000  26.96700000  26.88100000  27.18300000  27.33600000  27.11000000  27.30000000  27.28100000  27.25800000
 27.83300000  27.83300000  27.83300000  27.83300000  27.83300000  27.83300000  27.83300000  27.83300000  27.83300000  27.83300000  27.83300000  27.83300000  27.83300000  27.83300000  27.83300000  27.83300000  27.83300000  27.83300000  27.83300000  27.83300000  19.87000000  26.44500000  27.18200000  27.05700000  27.32800000  27.12100000  27.12000000  27.29100000  27.30100000  27.35600000
 27.83300000  27.83300000  27.83300000  27.83300000  27.83300000  27.83300000  27.83300000  27.83300000  27.83300000  27.83300000  27.83300000  27.83300000  27.83300000  27.83300000  27.83300000  27.83300000  27.83300000  27.83300000  27.83300000  27.83300000  27.83300000  25.60000000  27.04500000  27.26000000  27.17000000  27.09300000  27.27600000  27.22100000  27.36400000  27.39100000
 27.83300000  27.83300000  27.83300000  27.83300000  27.83300000  27.83300000  27.83300000  27.83300000  27.83300000  27.83300000  27.83300000  27.83300000  27.83300000  27.83300000  27.83300000  27.83300000  27.83300000  27.83300000  27.83300000  27.83300000  27.83300000  22.26800000  26.41400000  27.08900000  27.11600000  27.07100000  27.21800000  27.08400000  27.10300000  27.35700000
 27.83300000  27.83300000  27.83300000  27.83300000  27.83300000  27.83300000  27.83300000  27.83300000  27.83300000  27.83300000  27.83300000  27.83300000  27.83300000  27.83300000  27.83300000  27.83300000  27.83300000  27.83300000  27.83300000  27.83300000  27.83300000  27.83300000  26.35300000  26.86500000  27.00800000  27.03300000  26.96400000  26.91600000  26.90100000  27.05200000
 27.83300000  27.83300000  27.83300000  27.83300000  27.83300000  27.83300000  27.83300000  27.83300000  27.83300000  27.83300000  27.83300000  27.83300000  27.83300000  27.83300000  27.83300000  27.83300000  27.83300000  27.83300000  27.83300000  27.83300000  27.83300000  27.83300000  23.32400000  26.86700000  26.64600000  26.77100000  26.76200000  26.85500000  26.86600000  27.23200000
 27.83300000  27.83300000  27.83300000  27.83300000  27.83300000  27.83300000  27.83300000  27.83300000  27.83300000  27.83300000  27.83300000  27.83300000  27.83300000  27.83300000  27.83300000  27.83300000  27.83300000  27.83300000  27.83300000  27.83300000  27.83300000  27.83300000  27.83300000  26.53500000  26.96200000  26.85300000  26.98700000  27.00200000  27.15900000  27.36900000
