37.01300000 36.92700000 37.03200000 36.95700000 36.98900000 37.05200000 37.17200000 37.27800000 37.26600000 37.23100000 37.15600000 37.05700000 36.90600000 36.61400000 36.49000000 36.83100000 36.91200000 37.00000000 36.98000000 37.03300000 37.05500000 37.03000000 36.91500000 36.74100000 36.46100000 36.26000000 36.39400000 36.51500000 36.37800000 36.36500000
36.99500000 36.95600000 36.94400000 36.92900000 36.90500000 37.17900000 37.22900000 37.23400000 37.20300000 37.15200000 37.06700000 36.95600000 36.63400000 36.51900000 36.78200000 36.88400000 36.99200000 37.02000000 37.00000000 37.07000000 37.06000000 36.98000000 36.84800000 36.67100000 36.33600000 36.58400000 36.56600000 36.54400000 36.77400000 36.90100000
36.94800000 37.03500000 36.92700000 36.92700000 36.87500000 37.11800000 37.16300000 37.14000000 37.07400000 36.93900000 36.66400000 36.44200000 36.52400000 36.78000000 36.79900000 36.93500000 37.08700000 37.00100000 36.98100000 37.01400000 36.96200000 36.88400000 36.70200000 36.64100000 36.93300000 37.05400000 37.03500000 37.04400000 36.94100000 36.86100000
36.62100000 37.01900000 36.94700000 36.91200000 36.95700000 36.80900000 36.84900000 36.66000000 36.47900000 36.63300000 36.81900000 36.89100000 36.88800000 36.86200000 36.84200000 36.96000000 37.08800000 36.96000000 36.94000000 36.92900000 36.83800000 36.71700000 37.10300000 37.20300000 37.21200000 37.05800000 37.03400000 37.00300000 36.98700000 36.96800000
36.53200000 36.35400000 37.00300000 36.85100000 36.91400000 36.93000000 36.85200000 36.72100000 36.82900000 36.93700000 36.88000000 36.89100000 36.91100000 36.91700000 36.93300000 36.97600000 37.07300000 36.93900000 36.78300000 36.77300000 37.11600000 37.20600000 37.20100000 37.19600000 37.21000000 37.24000000 37.09300000 36.95800000 36.85800000 36.78600000
36.38000000 35.94500000 36.92400000 36.95500000 36.82600000 36.87000000 36.93800000 36.93000000 36.93000000 36.92600000 36.86600000 36.86500000 36.97100000 37.02400000 37.03500000 36.99000000 37.11600000 37.04900000 36.99200000 37.15200000 37.18900000 37.16200000 37.10100000 37.05900000 37.13500000 37.22000000 37.24500000 37.25300000 36.84400000 36.57700000
36.07800000 35.36600000 36.86400000 37.00900000 37.01100000 36.90000000 36.81100000 36.79100000 36.79500000 36.83400000 36.94900000 36.99500000 36.99300000 37.01300000 37.04800000 36.99500000 37.19200000 37.18500000 37.13000000 37.15600000 37.14200000 37.04900000 36.95500000 36.94100000 37.06500000 37.18800000 37.26100000 37.26500000 37.25700000 36.90100000
35.67100000 35.14700000 36.25300000 36.64000000 36.92100000 37.12600000 37.08100000 36.90400000 36.90500000 36.93200000 37.01500000 36.98000000 36.98600000 37.04200000 37.05900000 37.02200000 37.22300000 37.21100000 37.15100000 37.12700000 37.15100000 37.08500000 37.02900000 37.06900000 37.16300000 37.22600000 37.33000000 37.32800000 37.25300000 37.23900000
35.36600000 35.66400000 36.19900000 36.68400000 36.53500000 36.71900000 36.92100000 37.23200000 36.93200000 36.90100000 36.93700000 36.94400000 36.95500000 36.94300000 36.93300000 36.99700000 37.15400000 37.22600000 37.24800000 37.24800000 37.19700000 37.16400000 37.17600000 37.21700000 37.28600000 37.44000000 37.44300000 37.36200000 37.26800000 37.25800000
35.18100000 35.37700000 35.85400000 36.27500000 36.38900000 36.56700000 36.52200000 36.80600000 37.30400000 37.28100000 37.15900000 37.02400000 36.93200000 36.93700000 36.96800000 36.96700000 37.03200000 37.02000000 37.02100000 37.41600000 37.43500000 37.43300000 37.43600000 37.43800000 37.41800000 37.40800000 37.44500000 37.31600000 37.25100000 37.24800000
34.56600000 34.95200000 35.02200000 35.23100000 35.99600000 36.18700000 36.43100000 36.14500000 36.64100000 37.14100000 37.36700000 37.38400000 37.40100000 37.33600000 36.99800000 36.93900000 37.03200000 37.39900000 37.26600000 37.27000000 37.33700000 37.32800000 37.32900000 37.37700000 37.40200000 37.42200000 37.34300000 37.26000000 37.31900000 37.22400000
37.59700000 37.59700000 37.59700000 35.05700000 35.51100000 35.72700000 36.07500000 35.90400000 35.76000000 36.32400000 36.93600000 37.25100000 37.23700000 37.31800000 37.34500000 37.31000000 37.18900000 37.12000000 37.26900000 37.36100000 37.26200000 37.34600000 37.36500000 37.26300000 37.26500000 37.34100000 37.35200000 37.27900000 37.35900000 37.21200000
37.59700000 37.59700000 37.59700000 37.59700000 35.16300000 35.30200000 35.47700000 35.53500000 35.60900000 35.93500000 36.56200000 37.08600000 37.10800000 36.76300000 36.67500000 36.97300000 36.91300000 36.45600000 37.30300000 37.34600000 37.21900000 37.26500000 37.22700000 37.21400000 37.25200000 37.33400000 37.32400000 37.30100000 37.38600000 37.21900000
37.59700000 37.59700000 37.59700000 37.59700000 37.59700000 37.59700000 35.28400000 35.37400000 35.46900000 35.57300000 36.07900000 36.28200000 36.48800000 36.30300000 36.15400000 36.28400000 36.73800000 36.19900000 37.22200000 37.36000000 37.27400000 37.16900000 37.18900000 37.18400000 37.24700000 37.34000000 37.43600000 37.36700000 37.27300000 37.25700000
37.59700000 37.59700000 37.59700000 37.59700000 37.59700000 37.59700000 37.59700000 37.59700000 37.59700000 37.59700000 37.59700000 37.59700000 35.64600000 35.89800000 36.17400000 36.13900000 36.61700000 36.04600000 37.06200000 37.24600000 37.35800000 37.35600000 37.22700000 37.18800000 37.26900000 37.35600000 37.41900000 37.47500000 37.40300000 37.28400000
37.59700000 37.59700000 37.59700000 37.59700000 37.59700000 37.59700000 37.59700000 37.59700000 37.59700000 37.59700000 37.59700000 37.59700000 37.59700000 37.59700000 37.59700000 35.91800000 36.24200000 35.92300000 36.45300000 37.11900000 37.26900000 37.34500000 37.37200000 37.39300000 37.30400000 37.34000000 37.37000000 37.43900000 37.49700000 37.55300000
37.59700000 37.59700000 37.59700000 37.59700000 37.59700000 37.59700000 37.59700000 37.59700000 37.59700000 37.59700000 37.59700000 37.59700000 37.59700000 37.59700000 37.59700000 37.59700000 35.95900000 35.92000000 36.61600000 36.93600000 36.95400000 37.32700000 37.39800000 37.39700000 37.34600000 37.31000000 37.34200000 37.38600000 37.38200000 37.53000000
37.59700000 37.59700000 37.59700000 37.59700000 37.59700000 37.59700000 37.59700000 37.59700000 37.59700000 37.59700000 37.59700000 37.59700000 37.59700000 37.59700000 37.59700000 37.59700000 37.59700000 37.59700000 36.05900000 36.78300000 37.06900000 36.94400000 37.37700000 37.40300000 37.38800000 37.29900000 37.32300000 37.35600000 37.32200000 37.34200000
37.59700000 37.59700000 37.59700000 37.59700000 37.59700000 37.59700000 37.59700000 37.59700000 37.59700000 37.59700000 37.59700000 37.59700000 37.59700000 37.59700000 37.59700000 37.59700000 37.59700000 37.59700000 37.59700000 36.60700000 36.96900000 36.88900000 37.38900000 37.43200000 37.38200000 37.32000000 37.33600000 37.33900000 37.36900000 37.30500000
37.59700000 37.59700000 37.59700000 37.59700000 37.59700000 37.59700000 37.59700000 37.59700000 37.59700000 37.59700000 37.59700000 37.59700000 37.59700000 37.59700000 37.59700000 37.59700000 37.59700000 37.59700000 37.59700000 36.91800000 36.50100000 36.97500000 37.38300000 37.43200000 37.28900000 37.38000000 37.41200000 37.38700000 37.35500000 37.33800000
37.59700000 37.59700000 37.59700000 37.59700000 37.59700000 37.59700000 37.59700000 37.59700000 37.59700000 37.59700000 37.59700000 37.59700000 37.59700000 37.59700000 37.59700000 37.59700000 37.59700000 37.59700000 37.59700000 36.89800000 36.67100000 36.96300000 37.34900000 37.38400000 37.32600000 37.39400000 37.38500000 37.40300000 37.41200000 37.34600000
37.59700000 37.59700000 37.59700000 37.59700000 37.59700000 37.59700000 37.59700000 37.59700000 37.59700000 37.59700000 37.59700000 37.59700000 37.59700000 37.59700000 37.59700000 37.59700000 37.59700000 37.59700000 37.59700000 36.60900000 36.65500000 36.84600000 37.34700000 37.30500000 37.39800000 37.36100000 37.37200000 37.38200000 37.38900000 37.40800000
37.59700000 37.59700000 37.59700000 37.59700000 37.59700000 37.59700000 37.59700000 37.59700000 37.59700000 37.59700000 37.59700000 37.59700000 37.59700000 37.59700000 37.59700000 37.59700000 37.59700000 37.59700000 37.59700000 37.59700000 36.70700000 36.68600000 37.31300000 37.37400000 37.35200000 37.34100000 37.34000000 37.32800000 37.33700000 37.36900000
37.59700000 37.59700000 37.59700000 37.59700000 37.59700000 37.59700000 37.59700000 37.59700000 37.59700000 37.59700000 37.59700000 37.59700000 37.59700000 37.59700000 37.59700000 37.59700000 37.59700000 37.59700000 37.59700000 37.59700000 37.59700000 36.62600000 36.83400000 37.30800000 37.32800000 37.32300000 37.33900000 37.31500000 37.30500000 37.31700000
37.59700000 37.59700000 37.59700000 37.59700000 37.59700000 37.59700000 37.59700000 37.59700000 37.59700000 37.59700000 37.59700000 37.59700000 37.59700000 37.59700000 37.59700000 37.59700000 37.59700000 37.59700000 37.59700000 37.59700000 37.59700000 36.48900000 36.55400000 37.23200000 37.27200000 37.31100000 37.29700000 37.28300000 37.28100000 37.27800000
37.59700000 37.59700000 37.59700000 37.59700000 37.59700000 37.59700000 37.59700000 37.59700000 37.59700000 37.59700000 37.59700000 37.59700000 37.59700000 37.59700000 37.59700000 37.59700000 37.59700000 37.59700000 37.59700000 37.59700000 37.59700000 37.59700000 36.36500000 37.14900000 37.12700000 37.20200000 37.20600000 37.22600000 37.23100000 37.29800000
37.59700000 37.59700000 37.59700000 37.59700000 37.59700000 37.59700000 37.59700000 37.59700000 37.59700000 37.59700000 37.59700000 37.59700000 37.59700000 37.59700000 37.59700000 37.59700000 37.59700000 37.59700000 37.59700000 37.59700000 37.59700000 37.59700000 37.59700000 36.20100000 37.17800000 37.18400000 37.21100000 37.22700000 37.27600000 37.29400000
37.01100000 36.92700000 37.03200000 36.95700000 36.98900000 37.05100000 37.17200000 37.27700000 37.26500000 37.23300000 37.15800000 37.05800000 36.91000000 36.61300000 36.49400000 36.83100000 36.91000000 37.00000000 36.97800000 37.03300000 37.05400000 37.03300000 36.91500000 36.74100000 36.46400000 36.25800000 36.39400000 36.51600000 36.37500000 36.36600000
36.99300000 36.95400000 36.94300000 36.92700000 36.90300000 37.17700000 37.22800000 37.23300000 37.20200000 37.15000000 37.06600000 36.95400000 36.63200000 36.51800000 36.78100000 36.88300000 36.99100000 37.01800000 36.99800000 37.06900000 37.05800000 36.97800000 36.84700000 36.67000000 36.33600000 36.58300000 36.56500000 36.54400000 36.77500000 36.90400000
36.94600000 37.03300000 36.92500000 36.92600000 36.87400000 37.11700000 37.16100000 37.13900000 37.07200000 36.93700000 36.66100000 36.44000000 36.52400000 36.77800000 36.79700000 36.93300000 37.08600000 36.99900000 36.98000000 37.01300000 36.96000000 36.88300000 36.70000000 36.64000000 36.93300000 37.05200000 37.03400000 37.04200000 36.94000000 36.86000000
36.62000000 37.01800000 36.94600000 36.91100000 36.95500000 36.80800000 36.84600000 36.65700000 36.47800000 36.63200000 36.81900000 36.89000000 36.88700000 36.86000000 36.84100000 36.95800000 37.08600000 36.95900000 36.93800000 36.92800000 36.83700000 36.71600000 37.10300000 37.20200000 37.21100000 37.05700000 37.03300000 37.00200000 36.98600000 36.96800000
36.53100000 36.38300000 37.00200000 36.84900000 36.91200000 36.92900000 36.85200000 36.72100000 36.82900000 36.93500000 36.87800000 36.88900000 36.91000000 36.91500000 36.93200000 36.97400000 37.07200000 36.93800000 36.78100000 36.77200000 37.11500000 37.20500000 37.20100000 37.19600000 37.21000000 37.24000000 37.09400000 36.95800000 36.85700000 36.78500000
36.38600000 35.97100000 36.92200000 36.95400000 36.82500000 36.86800000 36.93700000 36.92900000 36.92900000 36.92400000 36.86400000 36.86400000 36.97000000 37.02300000 37.03400000 36.98900000 37.11500000 37.04800000 36.99100000 37.15100000 37.18800000 37.16100000 37.10000000 37.05800000 37.13400000 37.22000000 37.24400000 37.25200000 36.84400000 36.57600000
36.10300000 35.76700000 36.86300000 37.00700000 37.01000000 36.89900000 36.81000000 36.79000000 36.79400000 36.83300000 36.94900000 36.99300000 36.99200000 37.01200000 37.04700000 36.99400000 37.19100000 37.18400000 37.12900000 37.15500000 37.14100000 37.04900000 36.95600000 36.94100000 37.06500000 37.18700000 37.26100000 37.26400000 37.25600000 36.90400000
35.90600000 36.03300000 36.76400000 36.63900000 36.92000000 37.12500000 37.08100000 36.90300000 36.90400000 36.93100000 37.01400000 36.97900000 36.98500000 37.04100000 37.05800000 37.02100000 37.22200000 37.21000000 37.15100000 37.12600000 37.15100000 37.08500000 37.02900000 37.06900000 37.16300000 37.22600000 37.33000000 37.32700000 37.25200000 37.23900000
35.78900000 35.85900000 36.66100000 36.68200000 36.53300000 36.71800000 36.91900000 37.23000000 36.93200000 36.90000000 36.93500000 36.94300000 36.95400000 36.94200000 36.93200000 36.99600000 37.15300000 37.22500000 37.24700000 37.24800000 37.19700000 37.16500000 37.17700000 37.21700000 37.28600000 37.44000000 37.44300000 37.36100000 37.26700000 37.25700000
35.70100000 35.85700000 36.17700000 36.27500000 36.38800000 36.56400000 36.52300000 36.80400000 37.30200000 37.28000000 37.15900000 37.02400000 36.93200000 36.93600000 36.96700000 36.96600000 37.03000000 37.01900000 37.02100000 37.41700000 37.43400000 37.43200000 37.43500000 37.43700000 37.41700000 37.40700000 37.44500000 37.31500000 37.25100000 37.24800000
35.43900000 37.59700000 35.59800000 35.70000000 36.17100000 36.20000000 36.45200000 36.35000000 36.64000000 37.13700000 37.36600000 37.38200000 37.40000000 37.33600000 36.99900000 36.93800000 37.03300000 37.39700000 37.26600000 37.27100000 37.33700000 37.32700000 37.32800000 37.37700000 37.40200000 37.42100000 37.34200000 37.26300000 37.32100000 37.22500000
37.59700000 37.59700000 37.59700000 37.59700000 35.72200000 35.98300000 36.44800000 36.40700000 36.15900000 36.36700000 36.93200000 37.24900000 37.23500000 37.31700000 37.34400000 37.30900000 37.18800000 37.11800000 37.26800000 37.36100000 37.26200000 37.34500000 37.36400000 37.26200000 37.26400000 37.33500000 37.35600000 37.28600000 37.35800000 37.21400000
37.59700000 37.59700000 37.59700000 37.59700000 37.59700000 35.67400000 35.84300000 35.96300000 36.13200000 35.95300000 36.56400000 37.07700000 37.10900000 36.76500000 36.67300000 36.97300000 36.91000000 36.46300000 37.30200000 37.34500000 37.21800000 37.26400000 37.22600000 37.21300000 37.25000000 37.33200000 37.32400000 37.29800000 37.38300000 37.22500000
37.59700000 37.59700000 37.59700000 37.59700000 37.59700000 37.59700000 37.59700000 35.50900000 35.75000000 35.76800000 36.31800000 36.42600000 36.49500000 36.34300000 36.16800000 36.27400000 36.73500000 36.22800000 37.22200000 37.35900000 37.27400000 37.16900000 37.18900000 37.18300000 37.24600000 37.33900000 37.43700000 37.38000000 37.29100000 37.29500000
37.59700000 37.59700000 37.59700000 37.59700000 37.59700000 37.59700000 37.59700000 37.59700000 37.59700000 37.59700000 37.59700000 37.59700000 37.59700000 37.59700000 37.59700000 36.22600000 36.60500000 36.20900000 37.06100000 37.24200000 37.35700000 37.35600000 37.23300000 37.19000000 37.26800000 37.35600000 37.41900000 37.48300000 37.40800000 37.29800000
37.59700000 37.59700000 37.59700000 37.59700000 37.59700000 37.59700000 37.59700000 37.59700000 37.59700000 37.59700000 37.59700000 37.59700000 37.59700000 37.59700000 37.59700000 37.59700000 36.38000000 36.41600000 36.45600000 37.11900000 37.26300000 37.34300000 37.37100000 37.39200000 37.30500000 37.34200000 37.36900000 37.44800000 37.51500000 37.57000000
37.59700000 37.59700000 37.59700000 37.59700000 37.59700000 37.59700000 37.59700000 37.59700000 37.59700000 37.59700000 37.59700000 37.59700000 37.59700000 37.59700000 37.59700000 37.59700000 37.59700000 36.39300000 36.67800000 36.93200000 36.96900000 37.32300000 37.39800000 37.39800000 37.35100000 37.30900000 37.34200000 37.39100000 37.41200000 37.54900000
37.59700000 37.59700000 37.59700000 37.59700000 37.59700000 37.59700000 37.59700000 37.59700000 37.59700000 37.59700000 37.59700000 37.59700000 37.59700000 37.59700000 37.59700000 37.59700000 37.59700000 37.59700000 37.59700000 36.74600000 37.06000000 36.99600000 37.37800000 37.40400000 37.38500000 37.29500000 37.33200000 37.36700000 37.34300000 37.38400000
37.59700000 37.59700000 37.59700000 37.59700000 37.59700000 37.59700000 37.59700000 37.59700000 37.59700000 37.59700000 37.59700000 37.59700000 37.59700000 37.59700000 37.59700000 37.59700000 37.59700000 37.59700000 37.59700000 37.59700000 36.95000000 37.02900000 37.38800000 37.43000000 37.37900000 37.31600000 37.33900000 37.34600000 37.37300000 37.31600000
37.59700000 37.59700000 37.59700000 37.59700000 37.59700000 37.59700000 37.59700000 37.59700000 37.59700000 37.59700000 37.59700000 37.59700000 37.59700000 37.59700000 37.59700000 37.59700000 37.59700000 37.59700000 37.59700000 37.59700000 36.38000000 37.03200000 37.38400000 37.42900000 37.28500000 37.37800000 37.41000000 37.38600000 37.35500000 37.33800000
37.59700000 37.59700000 37.59700000 37.59700000 37.59700000 37.59700000 37.59700000 37.59700000 37.59700000 37.59700000 37.59700000 37.59700000 37.59700000 37.59700000 37.59700000 37.59700000 37.59700000 37.59700000 37.59700000 37.59700000 36.09500000 37.04400000 37.34900000 37.38000000 37.32700000 37.39100000 37.38500000 37.40300000 37.41200000 37.34700000
37.59700000 37.59700000 37.59700000 37.59700000 37.59700000 37.59700000 37.59700000 37.59700000 37.59700000 37.59700000 37.59700000 37.59700000 37.59700000 37.59700000 37.59700000 37.59700000 37.59700000 37.59700000 37.59700000 37.59700000 36.20900000 36.90000000 37.35200000 37.31400000 37.39700000 37.36000000 37.37800000 37.38200000 37.38800000 37.40300000
37.59700000 37.59700000 37.59700000 37.59700000 37.59700000 37.59700000 37.59700000 37.59700000 37.59700000 37.59700000 37.59700000 37.59700000 37.59700000 37.59700000 37.59700000 37.59700000 37.59700000 37.59700000 37.59700000 37.59700000 37.59700000 36.76900000 37.31400000 37.37600000 37.34900000 37.36300000 37.34400000 37.32400000 37.33500000 37.36700000
37.59700000 37.59700000 37.59700000 37.59700000 37.59700000 37.59700000 37.59700000 37.59700000 37.59700000 37.59700000 37.59700000 37.59700000 37.59700000 37.59700000 37.59700000 37.59700000 37.59700000 37.59700000 37.59700000 37.59700000 37.59700000 36.54700000 36.96400000 37.30700000 37.32900000 37.32700000 37.33700000 37.31300000 37.29900000 37.31500000
37.59700000 37.59700000 37.59700000 37.59700000 37.59700000 37.59700000 37.59700000 37.59700000 37.59700000 37.59700000 37.59700000 37.59700000 37.59700000 37.59700000 37.59700000 37.59700000 37.59700000 37.59700000 37.59700000 37.59700000 37.59700000 37.59700000 36.99000000 37.23500000 37.28500000 37.31600000 37.29900000 37.28100000 37.28100000 37.27400000
37.59700000 37.59700000 37.59700000 37.59700000 37.59700000 37.59700000 37.59700000 37.59700000 37.59700000 37.59700000 37.59700000 37.59700000 37.59700000 37.59700000 37.59700000 37.59700000 37.59700000 37.59700000 37.59700000 37.59700000 37.59700000 37.59700000 36.62200000 37.14700000 37.13600000 37.21200000 37.21400000 37.23000000 37.23000000 37.29100000
37.59700000 37.59700000 37.59700000 37.59700000 37.59700000 37.59700000 37.59700000 37.59700000 37.59700000 37.59700000 37.59700000 37.59700000 37.59700000 37.59700000 37.59700000 37.59700000 37.59700000 37.59700000 37.59700000 37.59700000 37.59700000 37.59700000 37.59700000 36.98800000 37.18500000 37.18800000 37.21500000 37.22600000 37.27500000 37.28700000
