25.65800000 25.26200000 25.58900000 25.60600000 25.08500000 24.97400000 25.45300000 25.60600000 25.57800000 25.48900000 25.40100000 25.31200000 25.19800000 24.38400000 24.23500000 25.42700000 25.65800000 25.76700000 25.41000000 25.38800000 25.43900000 25.40400000 25.30000000 24.95200000 24.19700000 23.88400000 24.26400000 24.75900000 24.61600000 24.67700000
25.40700000 25.22800000 25.49300000 25.33300000 24.59000000 25.36700000 25.54200000 25.51200000 25.46400000 25.39900000 25.27100000 25.13400000 24.28700000 24.18200000 24.85700000 25.27800000 25.71800000 25.44400000 25.43200000 25.40200000 25.41600000 25.29300000 25.10400000 24.59300000 23.76300000 24.40000000 24.54100000 24.60000000 25.04700000 25.13700000
25.23100000 25.46200000 25.50700000 25.44700000 24.54600000 25.24300000 25.40000000 25.34600000 25.22400000 24.94800000 24.31100000 23.97300000 24.20300000 24.68800000 24.80800000 25.51800000 25.68200000 25.41200000 25.38700000 25.29700000 25.22300000 25.13600000 24.61300000 24.48600000 25.34400000 25.64700000 25.57000000 25.47600000 25.14800000 25.09300000
24.64600000 25.38500000 25.47400000 25.56100000 25.10000000 24.51700000 24.67800000 24.31900000 24.07800000 24.29000000 24.64300000 24.87700000 24.94100000 24.90700000 24.96200000 25.66000000 25.69000000 25.34200000 25.30600000 25.17000000 24.91800000 24.80800000 25.70800000 25.93400000 25.97000000 25.67200000 25.51900000 25.38200000 25.33400000 25.41800000
24.56500000 24.47800000 25.33000000 25.45400000 25.57200000 25.12100000 24.56700000 24.34700000 24.56300000 24.95300000 24.99900000 25.25000000 25.46000000 25.51300000 25.59000000 25.74000000 25.70400000 25.27900000 25.00800000 24.96200000 25.74500000 25.87400000 25.71100000 25.72200000 25.77100000 25.89100000 25.73100000 25.42300000 25.31200000 25.29600000
24.25200000 24.05900000 25.03500000 25.47300000 25.48500000 25.56200000 25.66200000 25.53400000 25.54400000 25.65900000 25.61800000 25.65100000 25.84600000 25.92800000 25.96800000 25.80100000 25.70600000 25.46000000 25.30400000 25.76200000 25.72200000 25.59900000 25.48100000 25.35200000 25.53300000 25.86300000 25.96200000 26.04500000 25.33900000 25.14700000
24.05600000 23.77200000 24.87200000 25.16400000 25.54500000 25.58300000 25.53000000 25.50900000 25.51600000 25.57000000 25.76700000 25.80400000 25.81100000 25.88500000 25.96900000 25.79900000 25.82200000 25.79800000 25.67200000 25.70700000 25.54300000 25.35500000 25.05100000 24.98800000 25.34200000 25.76500000 26.17900000 26.06000000 26.09400000 25.46600000
23.88900000 23.61700000 24.45500000 24.50000000 25.01400000 25.67600000 25.83200000 25.67800000 25.71200000 25.78100000 25.91400000 25.88200000 25.86400000 25.93500000 25.97500000 25.79700000 25.88600000 25.88000000 25.74600000 25.63300000 25.56300000 25.42300000 25.29400000 25.37500000 25.64400000 26.13300000 26.55100000 26.41400000 25.98000000 26.14700000
23.67700000 23.97500000 24.19000000 24.50800000 24.29200000 24.65100000 25.10700000 26.03400000 25.77800000 25.73100000 25.82500000 25.83900000 25.85500000 25.84600000 25.81900000 25.81700000 25.88600000 26.00400000 26.05900000 26.08100000 25.93800000 25.81200000 25.84700000 26.08600000 26.53400000 26.95100000 26.79600000 26.52600000 25.98500000 26.22900000
23.40800000 23.24700000 23.75800000 24.08600000 24.11800000 24.27300000 24.26400000 24.81500000 26.25100000 26.34400000 26.18900000 25.97200000 25.75600000 25.69800000 25.75900000 25.81300000 25.78600000 25.86400000 25.98500000 26.91100000 26.88800000 26.85600000 26.88500000 26.86300000 26.63600000 26.54100000 26.71600000 26.27600000 26.08900000 26.24500000
24.34400000 23.47100000 23.51200000 23.53600000 23.66200000 23.69900000 24.03200000 24.15100000 24.52700000 25.54200000 26.44500000 26.60400000 26.71200000 26.59600000 25.86000000 25.68800000 25.93500000 26.68700000 26.34100000 26.33500000 26.34400000 26.32400000 26.32900000 26.44700000 26.54300000 26.63800000 26.44000000 26.04900000 26.41300000 26.33700000
27.83300000 27.83300000 27.83300000 24.14000000 23.57200000 23.37300000 23.58700000 23.58400000 23.69700000 24.20100000 24.86000000 26.00300000 25.95400000 26.28100000 26.41200000 26.30800000 26.01100000 25.72300000 26.40400000 26.83700000 26.16000000 26.40100000 26.49400000 26.22900000 26.27700000 26.51900000 26.57000000 26.31100000 26.55800000 26.46100000
27.83300000 27.83300000 27.83300000 27.83300000 23.80600000 23.62600000 23.33900000 23.48700000 23.42900000 23.72300000 24.34700000 25.27300000 25.43100000 24.62700000 24.53500000 25.03400000 25.02100000 24.74600000 26.53200000 26.79200000 26.02800000 26.25700000 26.19000000 26.47800000 26.60300000 26.79100000 26.56400000 26.38800000 26.62400000 26.49600000
27.83300000 27.83300000 27.83300000 27.83300000 27.83300000 27.83300000 24.54900000 23.95000000 23.37500000 23.42300000 23.64900000 23.75600000 24.17100000 23.74000000 23.28500000 23.79800000 24.55000000 24.73000000 26.23000000 26.88200000 26.42900000 26.09500000 26.27300000 26.33000000 26.39800000 26.82200000 27.03500000 26.77000000 26.38800000 26.52100000
27.83300000 27.83300000 27.83300000 27.83300000 27.83300000 27.83300000 27.83300000 27.83300000 27.83300000 27.83300000 27.83300000 27.83300000 23.41200000 23.30700000 23.06400000 23.54500000 24.23700000 24.75900000 25.74600000 26.53200000 26.98200000 26.93100000 26.40700000 26.28500000 26.41300000 26.95200000 27.07500000 27.17400000 26.91300000 26.54500000
27.83300000 27.83300000 27.83300000 27.83300000 27.83300000 27.83300000 27.83300000 27.83300000 27.83300000 27.83300000 27.83300000 27.83300000 27.83300000 27.83300000 27.83300000 23.70600000 24.10700000 24.83700000 25.24900000 25.98600000 26.71800000 27.00500000 26.94600000 27.04700000 26.53000000 27.04700000 27.13900000 27.12400000 27.23000000 27.33000000
27.83300000 27.83300000 27.83300000 27.83300000 27.83300000 27.83300000 27.83300000 27.83300000 27.83300000 27.83300000 27.83300000 27.83300000 27.83300000 27.83300000 27.83300000 27.83300000 24.10600000 24.40400000 25.52800000 25.66500000 25.10700000 26.98500000 26.97600000 27.08200000 26.69200000 27.11600000 27.27600000 27.15800000 27.16100000 27.33000000
27.83300000 27.83300000 27.83300000 27.83300000 27.83300000 27.83300000 27.83300000 27.83300000 27.83300000 27.83300000 27.83300000 27.83300000 27.83300000 27.83300000 27.83300000 27.83300000 27.83300000 27.83300000 23.76800000 25.73800000 25.93600000 26.31600000 26.97100000 27.06100000 26.81400000 27.21600000 27.44700000 27.38600000 27.23000000 27.17400000
27.83300000 27.83300000 27.83300000 27.83300000 27.83300000 27.83300000 27.83300000 27.83300000 27.83300000 27.83300000 27.83300000 27.83300000 27.83300000 27.83300000 27.83300000 27.83300000 27.83300000 27.83300000 27.83300000 25.90300000 25.39000000 26.43500000 26.96800000 27.05400000 26.95400000 27.26600000 27.41400000 27.34700000 27.30200000 27.23100000
27.83300000 27.83300000 27.83300000 27.83300000 27.83300000 27.83300000 27.83300000 27.83300000 27.83300000 27.83300000 27.83300000 27.83300000 27.83300000 27.83300000 27.83300000 27.83300000 27.83300000 27.83300000 27.83300000 26.08100000 22.80800000 26.59500000 26.95000000 26.89400000 27.08000000 27.39800000 27.52100000 27.31800000 27.26900000 27.31000000
27.83300000 27.83300000 27.83300000 27.83300000 27.83300000 27.83300000 27.83300000 27.83300000 27.83300000 27.83300000 27.83300000 27.83300000 27.83300000 27.83300000 27.83300000 27.83300000 27.83300000 27.83300000 27.83300000 26.06100000 23.96500000 26.63500000 27.00600000 26.94000000 27.24700000 27.41900000 27.23800000 27.36800000 27.35100000 27.31500000
27.83300000 27.83300000 27.83300000 27.83300000 27.83300000 27.83300000 27.83300000 27.83300000 27.83300000 27.83300000 27.83300000 27.83300000 27.83300000 27.83300000 27.83300000 27.83300000 27.83300000 27.83300000 27.83300000 25.83400000 23.53300000 26.46600000 27.23600000 27.12400000 27.39600000 27.20100000 27.23100000 27.35900000 27.36600000 27.42800000
27.83300000 27.83300000 27.83300000 27.83300000 27.83300000 27.83300000 27.83300000 27.83300000 27.83300000 27.83300000 27.83300000 27.83300000 27.83300000 27.83300000 27.83300000 27.83300000 27.83300000 27.83300000 27.83300000 27.83300000 25.99900000 26.23100000 27.11600000 27.33900000 27.27100000 27.20500000 27.38300000 27.30000000 27.44200000 27.47100000
27.83300000 27.83300000 27.83300000 27.83300000 27.83300000 27.83300000 27.83300000 27.83300000 27.83300000 27.83300000 27.83300000 27.83300000 27.83300000 27.83300000 27.83300000 27.83300000 27.83300000 27.83300000 27.83300000 27.83300000 27.83300000 24.43600000 26.40000000 27.16100000 27.20700000 27.21700000 27.34500000 27.20600000 27.23600000 27.46200000
27.83300000 27.83300000 27.83300000 27.83300000 27.83300000 27.83300000 27.83300000 27.83300000 27.83300000 27.83300000 27.83300000 27.83300000 27.83300000 27.83300000 27.83300000 27.83300000 27.83300000 27.83300000 27.83300000 27.83300000 27.83300000 26.23000000 26.47300000 26.97800000 27.15300000 27.21300000 27.13700000 27.09900000 27.08500000 27.20600000
27.83300000 27.83300000 27.83300000 27.83300000 27.83300000 27.83300000 27.83300000 27.83300000 27.83300000 27.83300000 27.83300000 27.83300000 27.83300000 27.83300000 27.83300000 27.83300000 27.83300000 27.83300000 27.83300000 27.83300000 27.83300000 27.83300000 26.67700000 27.05000000 26.86300000 27.00200000 26.99000000 27.09900000 27.18200000 27.43600000
27.83300000 27.83300000 27.83300000 27.83300000 27.83300000 27.83300000 27.83300000 27.83300000 27.83300000 27.83300000 27.83300000 27.83300000 27.83300000 27.83300000 27.83300000 27.83300000 27.83300000 27.83300000 27.83300000 27.83300000 27.83300000 27.83300000 27.83300000 26.72000000 27.29300000 27.16500000 27.30500000 27.25500000 27.45200000 27.60700000
25.69400000 25.36800000 25.63100000 25.67000000 25.15300000 24.99300000 25.45300000 25.61300000 25.59200000 25.52100000 25.42400000 25.33500000 25.29300000 24.39200000 24.25400000 25.43200000 25.69600000 25.80100000 25.45200000 25.42600000 25.45000000 25.41100000 25.28700000 24.94800000 24.20100000 23.88200000 24.27100000 24.68800000 24.62700000 24.68900000
25.40900000 25.22900000 25.49900000 25.33700000 24.59200000 25.37100000 25.54800000 25.51800000 25.46900000 25.40400000 25.27600000 25.13900000 24.28500000 24.18500000 24.86100000 25.28500000 25.72500000 25.45000000 25.43800000 25.40900000 25.42300000 25.30000000 25.11000000 24.59700000 23.77100000 24.41100000 24.55300000 24.61400000 25.06300000 25.16600000
25.22700000 25.46700000 25.51200000 25.45200000 24.54800000 25.24700000 25.40400000 25.35000000 25.22700000 24.94800000 24.30900000 23.97300000 24.20600000 24.69200000 24.81100000 25.52500000 25.68800000 25.41700000 25.39300000 25.30300000 25.23000000 25.14200000 24.61800000 24.49600000 25.35900000 25.66100000 25.58300000 25.49000000 25.16200000 25.10800000
24.70700000 25.38800000 25.47800000 25.56600000 25.10400000 24.51700000 24.67500000 24.31600000 24.07700000 24.29100000 24.64600000 24.88200000 24.94500000 24.91000000 24.96600000 25.66400000 25.69600000 25.34800000 25.31200000 25.17600000 24.92500000 24.81400000 25.71700000 25.94600000 25.98400000 25.68700000 25.53500000 25.39800000 25.34900000 25.43000000
24.57700000 24.55600000 25.33400000 25.46000000 25.57700000 25.12300000 24.57200000 24.34900000 24.56800000 24.95800000 25.00500000 25.25800000 25.46900000 25.52100000 25.59700000 25.74700000 25.71000000 25.28500000 25.01500000 24.96700000 25.75500000 25.88500000 25.72300000 25.73800000 25.78800000 25.90700000 25.75000000 25.44000000 25.32900000 25.31100000
24.10300000 24.09000000 25.04000000 25.47900000 25.49000000 25.56700000 25.67000000 25.54300000 25.55300000 25.66900000 25.62800000 25.66000000 25.85600000 25.93800000 25.97800000 25.80800000 25.71400000 25.46900000 25.31100000 25.77400000 25.73400000 25.61300000 25.49700000 25.36800000 25.55000000 25.88100000 25.98100000 26.06200000 25.35400000 25.16000000
24.01700000 24.10600000 24.87900000 25.17200000 25.55500000 25.59300000 25.54000000 25.52000000 25.52600000 25.58000000 25.77800000 25.81300000 25.82100000 25.89600000 25.98000000 25.81000000 25.83300000 25.81100000 25.68400000 25.72000000 25.55900000 25.37100000 25.06700000 25.00400000 25.35800000 25.78100000 26.19600000 26.07800000 26.11000000 25.48600000
23.60400000 23.39100000 25.13300000 24.51500000 25.03100000 25.69000000 25.84600000 25.69300000 25.72600000 25.79700000 25.92800000 25.89500000 25.87900000 25.94900000 25.98900000 25.81100000 25.90100000 25.89700000 25.76200000 25.64800000 25.57800000 25.43900000 25.31000000 25.39100000 25.65900000 26.15000000 26.57100000 26.43200000 25.99300000 26.16300000
21.34300000 23.01600000 24.71800000 24.52700000 24.30900000 24.66500000 25.12100000 26.04700000 25.79300000 25.74500000 25.84000000 25.85400000 25.86900000 25.86300000 25.83600000 25.83400000 25.90200000 26.02100000 26.07500000 26.09800000 25.95700000 25.83100000 25.86700000 26.10600000 26.55500000 26.97000000 26.81300000 26.54100000 25.99900000 26.24300000
20.19000000 20.45400000 23.35600000 24.10200000 24.12900000 24.28400000 24.27900000 24.83100000 26.26600000 26.35700000 26.20500000 25.98900000 25.77300000 25.71400000 25.77500000 25.82900000 25.80200000 25.88100000 26.00100000 26.92900000 26.90400000 26.87200000 26.90100000 26.87800000 26.65000000 26.55400000 26.72900000 26.28500000 26.09700000 26.25500000
22.14800000 27.83300000 21.40600000 21.78900000 23.08200000 23.65600000 24.06100000 24.41500000 24.54500000 25.55500000 26.46400000 26.62500000 26.73200000 26.61200000 25.88200000 25.70600000 25.95700000 26.70300000 26.36200000 26.35700000 26.36100000 26.33900000 26.34400000 26.46200000 26.55500000 26.64800000 26.44500000 26.05300000 26.41800000 26.33900000
27.83300000 27.83300000 27.83300000 27.83300000 20.77800000 21.53300000 22.83600000 23.20700000 23.52300000 24.27200000 24.87200000 26.02500000 25.97000000 26.29400000 26.42600000 26.32500000 26.02900000 25.73800000 26.42300000 26.85400000 26.17500000 26.41400000 26.50500000 26.23600000 26.28300000 26.50900000 26.57600000 26.31200000 26.55000000 26.44500000
27.83300000 27.83300000 27.83300000 27.83300000 27.83300000 20.97500000 20.29500000 20.60900000 21.69100000 22.85400000 24.33900000 25.27100000 25.45300000 24.64700000 24.54900000 25.05000000 25.03800000 24.77200000 26.54700000 26.80700000 26.03900000 26.26500000 26.19400000 26.48100000 26.60200000 26.78900000 26.56600000 26.35000000 26.59200000 26.44700000
27.83300000 27.83300000 27.83300000 27.83300000 27.83300000 27.83300000 27.83300000 23.49600000 20.77100000 20.59400000 22.28200000 23.59300000 24.10500000 23.58400000 22.94400000 23.73600000 24.56200000 24.74500000 26.23900000 26.89300000 26.44000000 26.09300000 26.26900000 26.32500000 26.38900000 26.81800000 27.02400000 26.74300000 26.31200000 26.42900000
27.83300000 27.83300000 27.83300000 27.83300000 27.83300000 27.83300000 27.83300000 27.83300000 27.83300000 27.83300000 27.83300000 27.83300000 27.83300000 27.83300000 27.83300000 20.51200000 24.13600000 24.63100000 25.73600000 26.52500000 26.98600000 26.93500000 26.42100000 26.28100000 26.39700000 26.93400000 27.04300000 27.11900000 26.82200000 26.39800000
27.83300000 27.83300000 27.83300000 27.83300000 27.83300000 27.83300000 27.83300000 27.83300000 27.83300000 27.83300000 27.83300000 27.83300000 27.83300000 27.83300000 27.83300000 27.83300000 22.80300000 23.54400000 25.22800000 25.97900000 26.69500000 27.00500000 26.93800000 27.03900000 26.49800000 27.01200000 27.08000000 27.04800000 27.13100000 27.20600000
27.83300000 27.83300000 27.83300000 27.83300000 27.83300000 27.83300000 27.83300000 27.83300000 27.83300000 27.83300000 27.83300000 27.83300000 27.83300000 27.83300000 27.83300000 27.83300000 27.83300000 21.30800000 24.95400000 25.56600000 25.11100000 26.96800000 26.96000000 27.06000000 26.65100000 27.05900000 27.19400000 27.02800000 27.03900000 27.23200000
27.83300000 27.83300000 27.83300000 27.83300000 27.83300000 27.83300000 27.83300000 27.83300000 27.83300000 27.83300000 27.83300000 27.83300000 27.83300000 27.83300000 27.83300000 27.83300000 27.83300000 27.83300000 27.83300000 25.24700000 25.81800000 26.13600000 26.94600000 27.02900000 26.75900000 27.12600000 27.27500000 27.22500000 27.10100000 27.09500000
27.83300000 27.83300000 27.83300000 27.83300000 27.83300000 27.83300000 27.83300000 27.83300000 27.83300000 27.83300000 27.83300000 27.83300000 27.83300000 27.83300000 27.83300000 27.83300000 27.83300000 27.83300000 27.83300000 27.83300000 25.24500000 26.50800000 26.93800000 27.01500000 26.87500000 27.16200000 27.22400000 27.21600000 27.21800000 27.17700000
27.83300000 27.83300000 27.83300000 27.83300000 27.83300000 27.83300000 27.83300000 27.83300000 27.83300000 27.83300000 27.83300000 27.83300000 27.83300000 27.83300000 27.83300000 27.83300000 27.83300000 27.83300000 27.83300000 27.83300000 21.41900000 26.63600000 26.91200000 26.84800000 27.01700000 27.29500000 27.37700000 27.22700000 27.22300000 27.26300000
27.83300000 27.83300000 27.83300000 27.83300000 27.83300000 27.83300000 27.83300000 27.83300000 27.83300000 27.83300000 27.83300000 27.83300000 27.83300000 27.83300000 27.83300000 27.83300000 27.83300000 27.83300000 27.83300000 27.83300000 19.56100000 26.69500000 26.97100000 26.89800000 27.20400000 27.33800000 27.11400000 27.31500000 27.29600000 27.26800000
27.83300000 27.83300000 27.83300000 27.83300000 27.83300000 27.83300000 27.83300000 27.83300000 27.83300000 27.83300000 27.83300000 27.83300000 27.83300000 27.83300000 27.83300000 27.83300000 27.83300000 27.83300000 27.83300000 27.83300000 20.10900000 26.45100000 27.19000000 27.06800000 27.33700000 27.12600000 27.13500000 27.29800000 27.31200000 27.36700000
27.83300000 27.83300000 27.83300000 27.83300000 27.83300000 27.83300000 27.83300000 27.83300000 27.83300000 27.83300000 27.83300000 27.83300000 27.83300000 27.83300000 27.83300000 27.83300000 27.83300000 27.83300000 27.83300000 27.83300000 27.83300000 25.37600000 27.06700000 27.27400000 27.17800000 27.10000000 27.28100000 27.22900000 27.37700000 27.40300000
27.83300000 27.83300000 27.83300000 27.83300000 27.83300000 27.83300000 27.83300000 27.83300000 27.83300000 27.83300000 27.83300000 27.83300000 27.83300000 27.83300000 27.83300000 27.83300000 27.83300000 27.83300000 27.83300000 27.83300000 27.83300000 22.26900000 26.45600000 27.10100000 27.12600000 27.08400000 27.22900000 27.09300000 27.11300000 27.37400000
27.83300000 27.83300000 27.83300000 27.83300000 27.83300000 27.83300000 27.83300000 27.83300000 27.83300000 27.83300000 27.83300000 27.83300000 27.83300000 27.83300000 27.83300000 27.83300000 27.83300000 27.83300000 27.83300000 27.83300000 27.83300000 27.83300000 26.49200000 26.88200000 27.01800000 27.04000000 26.97300000 26.92500000 26.90700000 27.05700000
27.83300000 27.83300000 27.83300000 27.83300000 27.83300000 27.83300000 27.83300000 27.83300000 27.83300000 27.83300000 27.83300000 27.83300000 27.83300000 27.83300000 27.83300000 27.83300000 27.83300000 27.83300000 27.83300000 27.83300000 27.83300000 27.83300000 22.64400000 26.88400000 26.65100000 26.77600000 26.77500000 26.86300000 26.86700000 27.22200000
27.83300000 27.83300000 27.83300000 27.83300000 27.83300000 27.83300000 27.83300000 27.83300000 27.83300000 27.83300000 27.83300000 27.83300000 27.83300000 27.83300000 27.83300000 27.83300000 27.83300000 27.83300000 27.83300000 27.83300000 27.83300000 27.83300000 27.83300000 26.55700000 26.96900000 26.86100000 27.01300000 27.00400000 27.19300000 27.38300000
