 25.77300000  25.40800000  25.55300000  25.76100000  25.23700000  24.95800000  25.33500000  25.67300000  25.62400000  25.58800000  25.49600000  25.35100000  25.22200000  24.25800000  24.29300000  25.50500000  25.76100000  25.83900000  25.47100000  25.49200000  25.56500000  25.49200000  25.36800000  25.03700000  24.15200000  23.91900000  24.34100000  24.80900000  24.72000000  24.67800000
 25.56000000  25.50800000  25.57500000  25.52500000  24.88800000  25.18700000  25.55500000  25.59100000  25.53600000  25.43600000  25.29100000  25.11200000  24.07100000  24.22300000  24.97800000  25.34600000  25.74900000  25.60000000  25.49300000  25.47200000  25.48100000  25.40000000  25.28300000  24.85800000  23.83700000  24.35300000  24.61700000  24.58500000  24.87500000  25.35900000
 25.65600000  25.42300000  25.59300000  25.57300000  24.90900000  24.95700000  25.38100000  25.38700000  25.27300000  24.90000000  24.19700000  24.02800000  24.25000000  24.67400000  24.92500000  25.50900000  25.80200000  25.52000000  25.44200000  25.38700000  25.27700000  25.20300000  24.76600000  24.37800000  24.82500000  25.68200000  25.67900000  25.66600000  25.27100000  25.15100000
 24.75800000  25.29400000  25.58900000  25.61500000  25.25700000  24.49300000  24.45900000  24.19900000  24.11100000  24.29900000  24.67200000  24.89700000  24.95400000  24.90500000  24.91100000  25.65000000  25.78000000  25.52400000  25.30500000  25.33800000  25.10500000  24.93800000  25.26700000  25.86200000  26.01500000  25.87600000  25.62200000  25.48500000  25.37200000  25.53200000
 24.85100000  24.46500000  25.43700000  25.53600000  25.62800000  25.30500000  24.93400000  24.60400000  24.75300000  24.98100000  25.03700000  25.28500000  25.48300000  25.51000000  25.56600000  25.80000000  25.89600000  25.51700000  25.14400000  25.02800000  25.51400000  25.95900000  25.87500000  25.79700000  25.82300000  25.97100000  25.93400000  25.51000000  25.44700000  25.34200000
 24.45600000  24.16400000  24.79900000  25.51200000  25.55000000  25.62900000  25.72600000  25.56500000  25.56100000  25.71100000  25.71300000  25.74500000  25.93700000  26.01000000  26.03900000  25.93900000  25.85800000  25.80000000  25.40900000  25.68700000  25.87100000  25.67200000  25.60900000  25.54500000  25.64700000  25.90000000  25.99600000  26.13600000  25.47200000  25.18900000
 24.09500000  23.81800000  24.55400000  25.16600000  25.58800000  25.60100000  25.57200000  25.56900000  25.57700000  25.63400000  25.79400000  25.93000000  25.90400000  25.98200000  26.05500000  25.93300000  25.93900000  25.96300000  25.81000000  25.73000000  25.67300000  25.50100000  25.20800000  25.08200000  25.35000000  25.77500000  26.17900000  26.14400000  26.17100000  25.66500000
 23.92100000  23.65800000  24.25700000  24.61500000  25.22000000  25.63500000  25.82900000  25.76100000  25.74000000  25.80700000  25.99400000  25.97700000  25.96100000  26.00400000  26.04800000  25.90100000  26.02300000  26.06000000  25.90300000  25.75400000  25.71200000  25.52500000  25.35500000  25.40200000  25.64500000  26.09300000  26.52400000  26.46400000  26.02200000  26.18200000
 23.70000000  23.99200000  24.19500000  24.44000000  24.43000000  24.75300000  25.22400000  25.90000000  25.88500000  25.80900000  25.94700000  25.98500000  25.96600000  25.96700000  25.94300000  25.94300000  25.93500000  26.08900000  26.17600000  26.22500000  26.10900000  25.93500000  25.92100000  26.11400000  26.48400000  26.93400000  26.82300000  26.53500000  26.01500000  26.25200000
 23.68800000  23.77600000  23.94100000  24.15100000  24.23500000  24.22400000  24.54000000  24.84000000  26.11100000  26.31800000  26.06500000  26.00300000  25.87400000  25.79800000  25.80500000  25.89400000  25.87700000  25.95500000  26.08400000  27.03600000  27.09800000  27.08000000  27.08400000  27.02600000  26.77200000  26.60100000  26.75500000  26.26600000  26.13800000  26.25900000
 24.49600000  23.67000000  23.59000000  24.05100000  23.81900000  23.83200000  24.21800000  24.14000000  24.56900000  25.68500000  26.41400000  26.68500000  26.79700000  26.88100000  26.35000000  25.92900000  26.19600000  26.97200000  26.42700000  26.38000000  26.50900000  26.45500000  26.39100000  26.46700000  26.55800000  26.65900000  26.47400000  26.06900000  26.42900000  26.34200000
 27.83300000  27.83300000  27.83300000  24.45500000  23.72000000  23.62200000  23.73200000  23.75700000  23.84800000  24.15800000  24.80000000  26.28900000  26.20400000  26.37400000  26.64200000  26.55000000  26.29100000  25.91600000  26.00500000  26.88000000  26.24400000  26.39200000  26.54200000  26.32000000  26.26200000  26.42900000  26.62300000  26.46200000  26.57500000  26.43400000
 27.83300000  27.83300000  27.83300000  27.83300000  24.16400000  23.99800000  23.77000000  23.79300000  23.63600000  23.71900000  24.33600000  24.69800000  25.83300000  25.19600000  24.61700000  24.87700000  25.10300000  24.97100000  25.83200000  26.94100000  26.37300000  26.25300000  26.19500000  26.39800000  26.61200000  26.77200000  26.66600000  26.28800000  26.54300000  26.44600000
 27.83300000  27.83300000  27.83300000  27.83300000  27.83300000  27.83300000  24.77600000  24.17500000  23.59400000  23.61200000  23.78300000  24.10100000  24.20400000  24.23700000  23.60700000  23.89700000  24.34300000  24.54700000  26.37200000  26.90700000  26.77300000  26.08200000  26.24400000  26.34000000  26.38900000  26.78300000  27.01800000  26.83000000  26.30600000  26.45000000
 27.83300000  27.83300000  27.83300000  27.83300000  27.83300000  27.83300000  27.83300000  27.83300000  27.83300000  27.83300000  27.83300000  27.83300000  23.62300000  23.58500000  22.50200000  23.28800000  24.18100000  24.34800000  25.28100000  26.40400000  27.00300000  26.98500000  26.66300000  26.28100000  26.38000000  26.90700000  27.04600000  27.13100000  26.95100000  26.41600000
 27.83300000  27.83300000  27.83300000  27.83300000  27.83300000  27.83300000  27.83300000  27.83300000  27.83300000  27.83300000  27.83300000  27.83300000  27.83300000  27.83300000  27.83300000  24.18300000  24.27000000  24.43400000  25.30500000  25.63600000  26.47000000  27.03400000  26.93800000  27.04700000  26.48200000  26.97900000  27.07700000  27.05000000  27.13900000  27.23500000
 27.83300000  27.83300000  27.83300000  27.83300000  27.83300000  27.83300000  27.83300000  27.83300000  27.83300000  27.83300000  27.83300000  27.83300000  27.83300000  27.83300000  27.83300000  27.83300000  24.27900000  24.33400000  25.51000000  25.61800000  25.91100000  26.79500000  26.93800000  27.04900000  26.65200000  27.01200000  27.18500000  27.04400000  27.03100000  27.23600000
 27.83300000  27.83300000  27.83300000  27.83300000  27.83300000  27.83300000  27.83300000  27.83300000  27.83300000  27.83300000  27.83300000  27.83300000  27.83300000  27.83300000  27.83300000  27.83300000  27.83300000  27.83300000  23.94700000  25.64900000  25.88300000  25.12000000  26.95100000  27.00100000  26.78000000  27.09200000  27.26000000  27.23200000  27.09700000  27.09300000
 27.83300000  27.83300000  27.83300000  27.83300000  27.83300000  27.83300000  27.83300000  27.83300000  27.83300000  27.83300000  27.83300000  27.83300000  27.83300000  27.83300000  27.83300000  27.83300000  27.83300000  27.83300000  27.83300000  25.95300000  25.21900000  26.31200000  26.94400000  27.00800000  26.80700000  27.15300000  27.22400000  27.22400000  27.23900000  27.17400000
 27.83300000  27.83300000  27.83300000  27.83300000  27.83300000  27.83300000  27.83300000  27.83300000  27.83300000  27.83300000  27.83300000  27.83300000  27.83300000  27.83300000  27.83300000  27.83300000  27.83300000  27.83300000  27.83300000  26.06400000  22.10000000  26.75300000  26.92100000  26.86300000  27.00000000  27.29800000  27.38500000  27.25100000  27.21800000  27.25900000
 27.83300000  27.83300000  27.83300000  27.83300000  27.83300000  27.83300000  27.83300000  27.83300000  27.83300000  27.83300000  27.83300000  27.83300000  27.83300000  27.83300000  27.83300000  27.83300000  27.83300000  27.83300000  27.83300000  25.99400000  24.71900000  26.75700000  26.98500000  26.87200000  27.16700000  27.36600000  27.14700000  27.29100000  27.27500000  27.24500000
 27.83300000  27.83300000  27.83300000  27.83300000  27.83300000  27.83300000  27.83300000  27.83300000  27.83300000  27.83300000  27.83300000  27.83300000  27.83300000  27.83300000  27.83300000  27.83300000  27.83300000  27.83300000  27.83300000  25.83200000  24.32900000  26.32500000  27.19300000  27.06400000  27.34600000  27.15500000  27.09800000  27.31900000  27.32000000  27.36700000
 27.83300000  27.83300000  27.83300000  27.83300000  27.83300000  27.83300000  27.83300000  27.83300000  27.83300000  27.83300000  27.83300000  27.83300000  27.83300000  27.83300000  27.83300000  27.83300000  27.83300000  27.83300000  27.83300000  27.83300000  25.97000000  25.93700000  27.10300000  27.27500000  27.20000000  27.10800000  27.29600000  27.28000000  27.40800000  27.43300000
 27.83300000  27.83300000  27.83300000  27.83300000  27.83300000  27.83300000  27.83300000  27.83300000  27.83300000  27.83300000  27.83300000  27.83300000  27.83300000  27.83300000  27.83300000  27.83300000  27.83300000  27.83300000  27.83300000  27.83300000  27.83300000  24.63500000  26.46900000  27.12100000  27.12800000  27.09300000  27.22900000  27.13400000  27.17300000  27.37300000
 27.83300000  27.83300000  27.83300000  27.83300000  27.83300000  27.83300000  27.83300000  27.83300000  27.83300000  27.83300000  27.83300000  27.83300000  27.83300000  27.83300000  27.83300000  27.83300000  27.83300000  27.83300000  27.83300000  27.83300000  27.83300000  26.07300000  26.34500000  26.91000000  27.04000000  27.05900000  26.99200000  26.95000000  26.97800000  27.10600000
 27.83300000  27.83300000  27.83300000  27.83300000  27.83300000  27.83300000  27.83300000  27.83300000  27.83300000  27.83300000  27.83300000  27.83300000  27.83300000  27.83300000  27.83300000  27.83300000  27.83300000  27.83300000  27.83300000  27.83300000  27.83300000  27.83300000  26.44100000  26.81700000  26.75500000  26.82900000  26.80100000  26.89800000  26.88900000  27.20500000
 27.83300000  27.83300000  27.83300000  27.83300000  27.83300000  27.83300000  27.83300000  27.83300000  27.83300000  27.83300000  27.83300000  27.83300000  27.83300000  27.83300000  27.83300000  27.83300000  27.83300000  27.83300000  27.83300000  27.83300000  27.83300000  27.83300000  27.83300000  26.31400000  26.97900000  26.85000000  26.90900000  27.14400000  27.13300000  27.33600000
 25.79300000  25.39700000  25.57400000  25.76900000  25.27100000  25.00300000  25.33200000  25.70700000  25.64800000  25.62200000  25.53200000  25.38500000  25.25700000  24.24500000  24.28900000  25.50500000  25.76300000  25.84700000  25.47300000  25.47300000  25.51500000  25.46600000  25.31700000  25.00100000  24.15100000  23.90200000  24.34500000  24.80700000  24.66500000  24.67000000
 25.58800000  25.53700000  25.60600000  25.55300000  24.91400000  25.21600000  25.58400000  25.62100000  25.56800000  25.46800000  25.32500000  25.14200000  24.10800000  24.25300000  25.01200000  25.37500000  25.77500000  25.61700000  25.51400000  25.48700000  25.49600000  25.41300000  25.29000000  24.82100000  23.84500000  24.37600000  24.62600000  24.59800000  24.90900000  25.40900000
 25.68000000  25.45400000  25.62200000  25.59900000  24.93500000  24.98400000  25.41000000  25.41700000  25.30400000  24.93000000  24.23800000  24.06900000  24.27500000  24.70600000  24.94600000  25.53800000  25.82200000  25.54300000  25.46000000  25.39800000  25.28900000  25.21200000  24.76200000  24.39600000  24.85100000  25.70000000  25.69100000  25.68300000  25.28200000  25.16600000
 24.78000000  25.32900000  25.61800000  25.64400000  25.28200000  24.51800000  24.48900000  24.23500000  24.14500000  24.32900000  24.70800000  24.93800000  24.99200000  24.93300000  24.93600000  25.67700000  25.80400000  25.54300000  25.31900000  25.34900000  25.11300000  24.94600000  25.32100000  25.87800000  26.02900000  25.88500000  25.63200000  25.50300000  25.38800000  25.55600000
 24.65600000  24.74500000  25.47100000  25.56400000  25.65700000  25.33700000  24.97200000  24.63400000  24.79300000  25.02500000  25.08200000  25.32900000  25.52100000  25.54300000  25.59600000  25.81700000  25.91700000  25.52900000  25.15400000  25.04000000  25.53900000  25.97400000  25.88800000  25.81300000  25.83600000  25.98800000  25.95300000  25.52100000  25.46000000  25.36600000
 24.20300000  24.30300000  25.40300000  25.55100000  25.58000000  25.65900000  25.76400000  25.60800000  25.61000000  25.75600000  25.75100000  25.77600000  25.96600000  26.03400000  26.06000000  25.95300000  25.87300000  25.81300000  25.42200000  25.70300000  25.88300000  25.68500000  25.61500000  25.55400000  25.65900000  25.91500000  26.00500000  26.14900000  25.48900000  25.20800000
 24.13200000  24.28300000  25.34800000  25.20400000  25.61500000  25.63300000  25.60800000  25.60800000  25.61500000  25.66800000  25.82200000  25.95400000  25.92800000  26.00300000  26.07300000  25.94700000  25.95400000  25.97600000  25.82100000  25.74300000  25.67900000  25.50200000  25.21200000  25.09000000  25.36200000  25.79000000  26.19200000  26.15000000  26.17900000  25.68500000
 23.69600000  23.52600000  25.20600000  24.65400000  25.25600000  25.66800000  25.86100000  25.79400000  25.77000000  25.83600000  26.02200000  26.00200000  25.98300000  26.02200000  26.06400000  25.91600000  26.03700000  26.07400000  25.91500000  25.76300000  25.71900000  25.53400000  25.35900000  25.41200000  25.65500000  26.10500000  26.53600000  26.47400000  26.03500000  26.20100000
 20.99200000  21.77900000  24.62300000  24.49400000  24.47200000  24.78900000  25.25500000  25.92100000  25.90900000  25.83500000  25.96900000  26.00400000  25.98300000  25.98300000  25.95800000  25.95600000  25.94800000  26.10100000  26.18800000  26.23500000  26.10900000  25.93700000  25.92500000  26.11900000  26.49300000  26.94600000  26.83000000  26.54600000  26.02400000  26.26500000
 20.11800000  20.33200000  22.74000000  23.97300000  24.23600000  24.27500000  24.56600000  24.87500000  26.13100000  26.34000000  26.08700000  26.02000000  25.89000000  25.81300000  25.81900000  25.90700000  25.88800000  25.96600000  26.10100000  27.05200000  27.11500000  27.09700000  27.10300000  27.04200000  26.78900000  26.61400000  26.76900000  26.27500000  26.15000000  26.27000000
 22.08100000  27.83300000  21.59100000  22.88200000  22.34300000  23.35000000  24.22000000  24.68900000  24.72900000  25.69200000  26.43800000  26.71500000  26.82100000  26.90100000  26.37300000  25.94700000  26.22400000  26.98100000  26.44100000  26.39200000  26.52400000  26.46900000  26.40500000  26.47800000  26.56700000  26.67400000  26.48200000  26.07800000  26.44000000  26.35400000
 27.83300000  27.83300000  27.83300000  27.83300000  21.48300000  21.16000000  22.31900000  22.77200000  23.41600000  24.40200000  24.81600000  26.30800000  26.22100000  26.37800000  26.65200000  26.55600000  26.29900000  25.91800000  26.04200000  26.89400000  26.24900000  26.40700000  26.55500000  26.33200000  26.27300000  26.44300000  26.63600000  26.46600000  26.58500000  26.44800000
 27.83300000  27.83300000  27.83300000  27.83300000  27.83300000  21.42500000  20.01200000  20.53000000  21.17000000  22.76900000  24.39400000  24.71200000  25.85200000  25.19900000  24.60000000  24.97200000  25.07500000  24.98700000  26.28400000  26.95800000  26.29900000  26.26700000  26.20700000  26.40900000  26.62600000  26.78500000  26.66600000  26.29900000  26.55500000  26.46100000
 27.83300000  27.83300000  27.83300000  27.83300000  27.83300000  27.83300000  27.83300000  21.21600000  20.84000000  21.11600000  22.42800000  23.47000000  23.78200000  23.47400000  23.14700000  23.80200000  24.52800000  24.60800000  26.38900000  26.92700000  26.73600000  26.09300000  26.25600000  26.35100000  26.40200000  26.79700000  27.03300000  26.83300000  26.31600000  26.46800000
 27.83300000  27.83300000  27.83300000  27.83300000  27.83300000  27.83300000  27.83300000  27.83300000  27.83300000  27.83300000  27.83300000  27.83300000  27.83300000  27.83300000  27.83300000  19.48100000  24.17400000  24.45200000  25.69900000  26.43000000  27.02100000  26.99600000  26.61900000  26.28800000  26.39200000  26.92200000  27.06000000  27.14600000  26.95300000  26.42800000
 27.83300000  27.83300000  27.83300000  27.83300000  27.83300000  27.83300000  27.83300000  27.83300000  27.83300000  27.83300000  27.83300000  27.83300000  27.83300000  27.83300000  27.83300000  27.83300000  23.27000000  23.83100000  25.25800000  25.71500000  26.50000000  27.04900000  26.95400000  27.06000000  26.49500000  26.99900000  27.09100000  27.06300000  27.15700000  27.25600000
 27.83300000  27.83300000  27.83300000  27.83300000  27.83300000  27.83300000  27.83300000  27.83300000  27.83300000  27.83300000  27.83300000  27.83300000  27.83300000  27.83300000  27.83300000  27.83300000  27.83300000  21.19200000  24.15700000  25.55300000  25.80100000  26.81800000  26.95200000  27.06600000  26.66300000  27.02900000  27.20000000  27.05600000  27.04500000  27.25300000
 27.83300000  27.83300000  27.83300000  27.83300000  27.83300000  27.83300000  27.83300000  27.83300000  27.83300000  27.83300000  27.83300000  27.83300000  27.83300000  27.83300000  27.83300000  27.83300000  27.83300000  27.83300000  27.83300000  25.60000000  25.88400000  25.15500000  26.96800000  27.02000000  26.79300000  27.10900000  27.27900000  27.24400000  27.10900000  27.11300000
 27.83300000  27.83300000  27.83300000  27.83300000  27.83300000  27.83300000  27.83300000  27.83300000  27.83300000  27.83300000  27.83300000  27.83300000  27.83300000  27.83300000  27.83300000  27.83300000  27.83300000  27.83300000  27.83300000  27.83300000  24.69000000  26.39700000  26.96100000  27.02600000  26.82200000  27.17200000  27.24400000  27.23700000  27.25000000  27.18800000
 27.83300000  27.83300000  27.83300000  27.83300000  27.83300000  27.83300000  27.83300000  27.83300000  27.83300000  27.83300000  27.83300000  27.83300000  27.83300000  27.83300000  27.83300000  27.83300000  27.83300000  27.83300000  27.83300000  27.83300000  21.88300000  26.80800000  26.93800000  26.88000000  27.01300000  27.31200000  27.40700000  27.26400000  27.23500000  27.27400000
 27.83300000  27.83300000  27.83300000  27.83300000  27.83300000  27.83300000  27.83300000  27.83300000  27.83300000  27.83300000  27.83300000  27.83300000  27.83300000  27.83300000  27.83300000  27.83300000  27.83300000  27.83300000  27.83300000  27.83300000  19.31200000  26.85600000  27.00100000  26.88800000  27.18600000  27.38700000  27.16700000  27.31100000  27.29100000  27.26500000
 27.83300000  27.83300000  27.83300000  27.83300000  27.83300000  27.83300000  27.83300000  27.83300000  27.83300000  27.83300000  27.83300000  27.83300000  27.83300000  27.83300000  27.83300000  27.83300000  27.83300000  27.83300000  27.83300000  27.83300000  20.49600000  26.63300000  27.21400000  27.07900000  27.36600000  27.17500000  27.11600000  27.33900000  27.33900000  27.38400000
 27.83300000  27.83300000  27.83300000  27.83300000  27.83300000  27.83300000  27.83300000  27.83300000  27.83300000  27.83300000  27.83300000  27.83300000  27.83300000  27.83300000  27.83300000  27.83300000  27.83300000  27.83300000  27.83300000  27.83300000  27.83300000  25.05400000  27.12400000  27.30000000  27.22200000  27.12700000  27.31600000  27.29900000  27.42800000  27.45300000
 27.83300000  27.83300000  27.83300000  27.83300000  27.83300000  27.83300000  27.83300000  27.83300000  27.83300000  27.83300000  27.83300000  27.83300000  27.83300000  27.83300000  27.83300000  27.83300000  27.83300000  27.83300000  27.83300000  27.83300000  27.83300000  23.12800000  26.50900000  27.14000000  27.14700000  27.11000000  27.25200000  27.14800000  27.19800000  27.39600000
 27.83300000  27.83300000  27.83300000  27.83300000  27.83300000  27.83300000  27.83300000  27.83300000  27.83300000  27.83300000  27.83300000  27.83300000  27.83300000  27.83300000  27.83300000  27.83300000  27.83300000  27.83300000  27.83300000  27.83300000  27.83300000  27.83300000  26.19200000  26.92900000  27.05800000  27.07900000  27.00800000  26.96600000  26.99800000  27.12500000
 27.83300000  27.83300000  27.83300000  27.83300000  27.83300000  27.83300000  27.83300000  27.83300000  27.83300000  27.83300000  27.83300000  27.83300000  27.83300000  27.83300000  27.83300000  27.83300000  27.83300000  27.83300000  27.83300000  27.83300000  27.83300000  27.83300000  25.08800000  26.80300000  26.77400000  26.84700000  26.81600000  26.91400000  26.92500000  27.22500000
 27.83300000  27.83300000  27.83300000  27.83300000  27.83300000  27.83300000  27.83300000  27.83300000  27.83300000  27.83300000  27.83300000  27.83300000  27.83300000  27.83300000  27.83300000  27.83300000  27.83300000  27.83300000  27.83300000  27.83300000  27.83300000  27.83300000  27.83300000  26.58900000  27.00500000  26.86100000  26.92200000  27.16300000  27.17600000  27.36100000
