37.01100000 36.92800000 37.03200000 36.95600000 36.99100000 37.05800000 37.17600000 37.27900000 37.26600000 37.23000000 37.15600000 37.05600000 36.90600000 36.62000000 36.49000000 36.83100000 36.91400000 37.00300000 36.98100000 37.03400000 37.05400000 37.02900000 36.91400000 36.74000000 36.47200000 36.26200000 36.39600000 36.51200000 36.38100000 36.36500000
36.99200000 36.94700000 36.94300000 36.92900000 36.90400000 37.18200000 37.23000000 37.23400000 37.20300000 37.15100000 37.06700000 36.95400000 36.64900000 36.51700000 36.78000000 36.88500000 36.99500000 37.01900000 37.00200000 37.07100000 37.05900000 36.97800000 36.84600000 36.67300000 36.33100000 36.58500000 36.57000000 36.55300000 36.78900000 36.89300000
36.93300000 37.03600000 36.92500000 36.92700000 36.86800000 37.13100000 37.16500000 37.14100000 37.07500000 36.94600000 36.67700000 36.44200000 36.51800000 36.78100000 36.79900000 36.93600000 37.08800000 37.00000000 36.98300000 37.01600000 36.96300000 36.88700000 36.70700000 36.64200000 36.94800000 37.05200000 37.03300000 37.04100000 36.94000000 36.86200000
36.62100000 37.02200000 36.94100000 36.91300000 36.96100000 36.81000000 36.87500000 36.67300000 36.47900000 36.63200000 36.81800000 36.89200000 36.88900000 36.86300000 36.84400000 36.96000000 37.08700000 36.95800000 36.94300000 36.92900000 36.83600000 36.71800000 37.11000000 37.20900000 37.21700000 37.06000000 37.03400000 37.00600000 36.99100000 36.96800000
36.53700000 36.34200000 37.00100000 36.85100000 36.91500000 36.93300000 36.83500000 36.70800000 36.81600000 36.93800000 36.88100000 36.89100000 36.91200000 36.91800000 36.93400000 36.97700000 37.07100000 36.93200000 36.78300000 36.77200000 37.12000000 37.20800000 37.20100000 37.19800000 37.21200000 37.24000000 37.10800000 36.95500000 36.84800000 36.78500000
36.38000000 35.93900000 36.92300000 36.95500000 36.82600000 36.86900000 36.93900000 36.93100000 36.93100000 36.92600000 36.86600000 36.86400000 36.96800000 37.02400000 37.03600000 36.99100000 37.11400000 37.03900000 36.99200000 37.15500000 37.19000000 37.16200000 37.09700000 37.05700000 37.13300000 37.22100000 37.24900000 37.25500000 36.84500000 36.57300000
36.08400000 35.36500000 36.86600000 37.01100000 37.02000000 36.90500000 36.81500000 36.79500000 36.79700000 36.83500000 36.94900000 36.99400000 36.99300000 37.01300000 37.04600000 36.99600000 37.19300000 37.18300000 37.12900000 37.15800000 37.14400000 37.04900000 36.95700000 36.94200000 37.06800000 37.18800000 37.26300000 37.26700000 37.25800000 36.87900000
35.68100000 35.15200000 36.26200000 36.64400000 36.91400000 37.12900000 37.09000000 36.90400000 36.90800000 36.93400000 37.01500000 36.98100000 36.98600000 37.04400000 37.06100000 37.02500000 37.22200000 37.20900000 37.15100000 37.12700000 37.15200000 37.08700000 37.03000000 37.07200000 37.16500000 37.22900000 37.33400000 37.33000000 37.25300000 37.23800000
35.36400000 35.65700000 36.21500000 36.69100000 36.54500000 36.71400000 36.90800000 37.23500000 36.94100000 36.89700000 36.93100000 36.94000000 36.95400000 36.94400000 36.93500000 37.00100000 37.15900000 37.23000000 37.25000000 37.25000000 37.20100000 37.16800000 37.18200000 37.21800000 37.29800000 37.44500000 37.44500000 37.36200000 37.26800000 37.25700000
35.18900000 35.36700000 35.84500000 36.28100000 36.39400000 36.55600000 36.52600000 36.79700000 37.30600000 37.30200000 37.18800000 37.03900000 36.93500000 36.93900000 36.96800000 36.96800000 37.03400000 37.02200000 37.02400000 37.42300000 37.43200000 37.43000000 37.43400000 37.43600000 37.41400000 37.40700000 37.44600000 37.31600000 37.25400000 37.24800000
34.57600000 34.91400000 35.01700000 35.23500000 36.00900000 36.17700000 36.43000000 36.13900000 36.61100000 37.11900000 37.36300000 37.38000000 37.40400000 37.32900000 36.99400000 36.94000000 37.02500000 37.39600000 37.26700000 37.27600000 37.33300000 37.32700000 37.33100000 37.38000000 37.40400000 37.42300000 37.34100000 37.26200000 37.32200000 37.22500000
37.59700000 37.59700000 37.59700000 35.05900000 35.53300000 35.73200000 36.07000000 35.91600000 35.74600000 36.29900000 36.91800000 37.24500000 37.23100000 37.31500000 37.34000000 37.30800000 37.18400000 37.11300000 37.29000000 37.35900000 37.26200000 37.34800000 37.36300000 37.26100000 37.26600000 37.33900000 37.35200000 37.28000000 37.35900000 37.21300000
37.59700000 37.59700000 37.59700000 37.59700000 35.16800000 35.30900000 35.48700000 35.53200000 35.61000000 35.90200000 36.55500000 37.07500000 37.10700000 36.75500000 36.68300000 36.96500000 36.90100000 36.43400000 37.30300000 37.34400000 37.21600000 37.26500000 37.22800000 37.21500000 37.25400000 37.33600000 37.32400000 37.30500000 37.38700000 37.22100000
37.59700000 37.59700000 37.59700000 37.59700000 37.59700000 37.59700000 35.29000000 35.38300000 35.47300000 35.57000000 36.05500000 36.29300000 36.47700000 36.29600000 36.15500000 36.28400000 36.74800000 36.21500000 37.21900000 37.36000000 37.27000000 37.17000000 37.19100000 37.18500000 37.25000000 37.34300000 37.43800000 37.36800000 37.28400000 37.27200000
37.59700000 37.59700000 37.59700000 37.59700000 37.59700000 37.59700000 37.59700000 37.59700000 37.59700000 37.59700000 37.59700000 37.59700000 35.64800000 35.89000000 36.16000000 36.14100000 36.62000000 36.05900000 37.04700000 37.25300000 37.35700000 37.35800000 37.23000000 37.18900000 37.27200000 37.35700000 37.42100000 37.48100000 37.40200000 37.29000000
37.59700000 37.59700000 37.59700000 37.59700000 37.59700000 37.59700000 37.59700000 37.59700000 37.59700000 37.59700000 37.59700000 37.59700000 37.59700000 37.59700000 37.59700000 35.92000000 36.24500000 35.93600000 36.45400000 37.11100000 37.28000000 37.34400000 37.37200000 37.39200000 37.30700000 37.34100000 37.37100000 37.44500000 37.50300000 37.54800000
37.59700000 37.59700000 37.59700000 37.59700000 37.59700000 37.59700000 37.59700000 37.59700000 37.59700000 37.59700000 37.59700000 37.59700000 37.59700000 37.59700000 37.59700000 37.59700000 35.96500000 35.92600000 36.61500000 36.94300000 36.93600000 37.33200000 37.40600000 37.39900000 37.34700000 37.31000000 37.34400000 37.39000000 37.38700000 37.51800000
37.59700000 37.59700000 37.59700000 37.59700000 37.59700000 37.59700000 37.59700000 37.59700000 37.59700000 37.59700000 37.59700000 37.59700000 37.59700000 37.59700000 37.59700000 37.59700000 37.59700000 37.59700000 36.02300000 36.78500000 37.07300000 36.94800000 37.38900000 37.40300000 37.38600000 37.30000000 37.33100000 37.36000000 37.31900000 37.31600000
37.59700000 37.59700000 37.59700000 37.59700000 37.59700000 37.59700000 37.59700000 37.59700000 37.59700000 37.59700000 37.59700000 37.59700000 37.59700000 37.59700000 37.59700000 37.59700000 37.59700000 37.59700000 37.59700000 36.60600000 36.95800000 36.91000000 37.39800000 37.43100000 37.37300000 37.32000000 37.33900000 37.34100000 37.36500000 37.29900000
37.59700000 37.59700000 37.59700000 37.59700000 37.59700000 37.59700000 37.59700000 37.59700000 37.59700000 37.59700000 37.59700000 37.59700000 37.59700000 37.59700000 37.59700000 37.59700000 37.59700000 37.59700000 37.59700000 36.89500000 36.52300000 37.02300000 37.39100000 37.43200000 37.28700000 37.38000000 37.41200000 37.39000000 37.35100000 37.33500000
37.59700000 37.59700000 37.59700000 37.59700000 37.59700000 37.59700000 37.59700000 37.59700000 37.59700000 37.59700000 37.59700000 37.59700000 37.59700000 37.59700000 37.59700000 37.59700000 37.59700000 37.59700000 37.59700000 36.90500000 36.66900000 37.01700000 37.35400000 37.38300000 37.33100000 37.39200000 37.38600000 37.40500000 37.41300000 37.34100000
37.59700000 37.59700000 37.59700000 37.59700000 37.59700000 37.59700000 37.59700000 37.59700000 37.59700000 37.59700000 37.59700000 37.59700000 37.59700000 37.59700000 37.59700000 37.59700000 37.59700000 37.59700000 37.59700000 36.60500000 36.64400000 36.88300000 37.34600000 37.30900000 37.39800000 37.36200000 37.36900000 37.37600000 37.38700000 37.40800000
37.59700000 37.59700000 37.59700000 37.59700000 37.59700000 37.59700000 37.59700000 37.59700000 37.59700000 37.59700000 37.59700000 37.59700000 37.59700000 37.59700000 37.59700000 37.59700000 37.59700000 37.59700000 37.59700000 37.59700000 36.71400000 36.71100000 37.31600000 37.37700000 37.35400000 37.34500000 37.33700000 37.32800000 37.33900000 37.37000000
37.59700000 37.59700000 37.59700000 37.59700000 37.59700000 37.59700000 37.59700000 37.59700000 37.59700000 37.59700000 37.59700000 37.59700000 37.59700000 37.59700000 37.59700000 37.59700000 37.59700000 37.59700000 37.59700000 37.59700000 37.59700000 36.62100000 36.88700000 37.30900000 37.33100000 37.32600000 37.34100000 37.31600000 37.30500000 37.31700000
37.59700000 37.59700000 37.59700000 37.59700000 37.59700000 37.59700000 37.59700000 37.59700000 37.59700000 37.59700000 37.59700000 37.59700000 37.59700000 37.59700000 37.59700000 37.59700000 37.59700000 37.59700000 37.59700000 37.59700000 37.59700000 36.47600000 36.59500000 37.23200000 37.27100000 37.31000000 37.29800000 37.28300000 37.27900000 37.27900000
37.59700000 37.59700000 37.59700000 37.59700000 37.59700000 37.59700000 37.59700000 37.59700000 37.59700000 37.59700000 37.59700000 37.59700000 37.59700000 37.59700000 37.59700000 37.59700000 37.59700000 37.59700000 37.59700000 37.59700000 37.59700000 37.59700000 36.38500000 37.14500000 37.12200000 37.20000000 37.20600000 37.21800000 37.22500000 37.29900000
37.59700000 37.59700000 37.59700000 37.59700000 37.59700000 37.59700000 37.59700000 37.59700000 37.59700000 37.59700000 37.59700000 37.59700000 37.59700000 37.59700000 37.59700000 37.59700000 37.59700000 37.59700000 37.59700000 37.59700000 37.59700000 37.59700000 37.59700000 36.26800000 37.18100000 37.18400000 37.21300000 37.22100000 37.27600000 37.29700000
37.01000000 36.92800000 37.03200000 36.95600000 36.99100000 37.05800000 37.17600000 37.27800000 37.26500000 37.23300000 37.15700000 37.05700000 36.90900000 36.62000000 36.49300000 36.83100000 36.91200000 37.00300000 36.97900000 37.03400000 37.05300000 37.03100000 36.91400000 36.73900000 36.47500000 36.26000000 36.39500000 36.51300000 36.37800000 36.36600000
36.99000000 36.94500000 36.94200000 36.92800000 36.90300000 37.18100000 37.22900000 37.23300000 37.20200000 37.15000000 37.06500000 36.95200000 36.64700000 36.51700000 36.77900000 36.88400000 36.99400000 37.01800000 37.00000000 37.06900000 37.05800000 36.97600000 36.84500000 36.67200000 36.33100000 36.58400000 36.56900000 36.55300000 36.79000000 36.89600000
36.93100000 37.03400000 36.92400000 36.92600000 36.86700000 37.12900000 37.16400000 37.13900000 37.07300000 36.94400000 36.67400000 36.44100000 36.51900000 36.78100000 36.79800000 36.93500000 37.08600000 36.99900000 36.98200000 37.01500000 36.96200000 36.88600000 36.70500000 36.64100000 36.94900000 37.05100000 37.03200000 37.04000000 36.93800000 36.86100000
36.62000000 37.02100000 36.93900000 36.91200000 36.96000000 36.80800000 36.87300000 36.67100000 36.47700000 36.63200000 36.81800000 36.89100000 36.88800000 36.86200000 36.84300000 36.96000000 37.08500000 36.95600000 36.94100000 36.92800000 36.83500000 36.71700000 37.10900000 37.20800000 37.21600000 37.05900000 37.03300000 37.00500000 36.99000000 36.96800000
36.53600000 36.37700000 37.00000000 36.85000000 36.91300000 36.93200000 36.83500000 36.71000000 36.81700000 36.93700000 36.88000000 36.88900000 36.91100000 36.91700000 36.93300000 36.97600000 37.07000000 36.93100000 36.78200000 36.77100000 37.11900000 37.20700000 37.20100000 37.19800000 37.21200000 37.23900000 37.10800000 36.95400000 36.84700000 36.78400000
36.38600000 35.97300000 36.92200000 36.95300000 36.82400000 36.86800000 36.93700000 36.93000000 36.93000000 36.92500000 36.86500000 36.86300000 36.96800000 37.02300000 37.03500000 36.99000000 37.11300000 37.03800000 36.99100000 37.15400000 37.18900000 37.16100000 37.09600000 37.05600000 37.13200000 37.22000000 37.24800000 37.25400000 36.84400000 36.57200000
36.10400000 35.80400000 36.86500000 37.00900000 37.01900000 36.90400000 36.81400000 36.79400000 36.79600000 36.83400000 36.94800000 36.99300000 36.99200000 37.01200000 37.04500000 36.99500000 37.19200000 37.18200000 37.12800000 37.15700000 37.14300000 37.04800000 36.95600000 36.94100000 37.06700000 37.18700000 37.26200000 37.26600000 37.25700000 36.88300000
35.90700000 35.80100000 36.64800000 36.64200000 36.91200000 37.12800000 37.08900000 36.90300000 36.90700000 36.93300000 37.01400000 36.98000000 36.98500000 37.04300000 37.06000000 37.02400000 37.22100000 37.20800000 37.15000000 37.12600000 37.15100000 37.08600000 37.03000000 37.07100000 37.16400000 37.22900000 37.33500000 37.32900000 37.25200000 37.23800000
35.76900000 35.67300000 36.67500000 36.69000000 36.54200000 36.71300000 36.90600000 37.23300000 36.94100000 36.89600000 36.93000000 36.93900000 36.95300000 36.94300000 36.93400000 37.00000000 37.15800000 37.22900000 37.24800000 37.24900000 37.20000000 37.16800000 37.18200000 37.21700000 37.29800000 37.44500000 37.44400000 37.36100000 37.26700000 37.25600000
35.69800000 35.86100000 36.24200000 36.28000000 36.39300000 36.55300000 36.52700000 36.79600000 37.30400000 37.30100000 37.18800000 37.03900000 36.93500000 36.93800000 36.96700000 36.96700000 37.03200000 37.02100000 37.02400000 37.42300000 37.43100000 37.42900000 37.43300000 37.43500000 37.41300000 37.40600000 37.44500000 37.31400000 37.25300000 37.24800000
35.43600000 37.59700000 35.56400000 35.63500000 36.18100000 36.18300000 36.44800000 36.36100000 36.60900000 37.11600000 37.36100000 37.37900000 37.40200000 37.32800000 36.99400000 36.93900000 37.02500000 37.39400000 37.26700000 37.27700000 37.33300000 37.32600000 37.33000000 37.38000000 37.40300000 37.42200000 37.34000000 37.26200000 37.32200000 37.22500000
37.59700000 37.59700000 37.59700000 37.59700000 35.72700000 35.98300000 36.44600000 36.44300000 36.12300000 36.33100000 36.91400000 37.24400000 37.23000000 37.31200000 37.33800000 37.30600000 37.18100000 37.11200000 37.29000000 37.35900000 37.26100000 37.34700000 37.36200000 37.26000000 37.26500000 37.33600000 37.35300000 37.28200000 37.35900000 37.21300000
37.59700000 37.59700000 37.59700000 37.59700000 37.59700000 35.66800000 35.84800000 35.97000000 36.14900000 35.90100000 36.55800000 37.06900000 37.10600000 36.75400000 36.68000000 36.96400000 36.89700000 36.43700000 37.30300000 37.34300000 37.21600000 37.26400000 37.22700000 37.21300000 37.25300000 37.33500000 37.32400000 37.30200000 37.38500000 37.22300000
37.59700000 37.59700000 37.59700000 37.59700000 37.59700000 37.59700000 37.59700000 35.49600000 35.74300000 35.76300000 36.30600000 36.43600000 36.49200000 36.33600000 36.16200000 36.27400000 36.74500000 36.23700000 37.21900000 37.35900000 37.27000000 37.16900000 37.19000000 37.18400000 37.24900000 37.34200000 37.43800000 37.37600000 37.29100000 37.29300000
37.59700000 37.59700000 37.59700000 37.59700000 37.59700000 37.59700000 37.59700000 37.59700000 37.59700000 37.59700000 37.59700000 37.59700000 37.59700000 37.59700000 37.59700000 36.22300000 36.60700000 36.17400000 37.04600000 37.25000000 37.35500000 37.35700000 37.23500000 37.19100000 37.27100000 37.35600000 37.41900000 37.48300000 37.40600000 37.29800000
37.59700000 37.59700000 37.59700000 37.59700000 37.59700000 37.59700000 37.59700000 37.59700000 37.59700000 37.59700000 37.59700000 37.59700000 37.59700000 37.59700000 37.59700000 37.59700000 36.37800000 36.38400000 36.46000000 37.11200000 37.27400000 37.34300000 37.37200000 37.39200000 37.30600000 37.34100000 37.36800000 37.45000000 37.51400000 37.56600000
37.59700000 37.59700000 37.59700000 37.59700000 37.59700000 37.59700000 37.59700000 37.59700000 37.59700000 37.59700000 37.59700000 37.59700000 37.59700000 37.59700000 37.59700000 37.59700000 37.59700000 36.39400000 36.65800000 36.93500000 36.95200000 37.32900000 37.40500000 37.39900000 37.35000000 37.30800000 37.34200000 37.39100000 37.41100000 37.54900000
37.59700000 37.59700000 37.59700000 37.59700000 37.59700000 37.59700000 37.59700000 37.59700000 37.59700000 37.59700000 37.59700000 37.59700000 37.59700000 37.59700000 37.59700000 37.59700000 37.59700000 37.59700000 37.59700000 36.71800000 37.06100000 37.00200000 37.38800000 37.40400000 37.38400000 37.29700000 37.33300000 37.36700000 37.34200000 37.38800000
37.59700000 37.59700000 37.59700000 37.59700000 37.59700000 37.59700000 37.59700000 37.59700000 37.59700000 37.59700000 37.59700000 37.59700000 37.59700000 37.59700000 37.59700000 37.59700000 37.59700000 37.59700000 37.59700000 37.59700000 36.94400000 36.97900000 37.39600000 37.43000000 37.37200000 37.31700000 37.33900000 37.34800000 37.37200000 37.31600000
37.59700000 37.59700000 37.59700000 37.59700000 37.59700000 37.59700000 37.59700000 37.59700000 37.59700000 37.59700000 37.59700000 37.59700000 37.59700000 37.59700000 37.59700000 37.59700000 37.59700000 37.59700000 37.59700000 37.59700000 36.39300000 37.06700000 37.39000000 37.42900000 37.28400000 37.38000000 37.41000000 37.38400000 37.35600000 37.33600000
37.59700000 37.59700000 37.59700000 37.59700000 37.59700000 37.59700000 37.59700000 37.59700000 37.59700000 37.59700000 37.59700000 37.59700000 37.59700000 37.59700000 37.59700000 37.59700000 37.59700000 37.59700000 37.59700000 37.59700000 36.22500000 37.06600000 37.35400000 37.38000000 37.33300000 37.38900000 37.38500000 37.40500000 37.41300000 37.34700000
37.59700000 37.59700000 37.59700000 37.59700000 37.59700000 37.59700000 37.59700000 37.59700000 37.59700000 37.59700000 37.59700000 37.59700000 37.59700000 37.59700000 37.59700000 37.59700000 37.59700000 37.59700000 37.59700000 37.59700000 36.25500000 36.91300000 37.34900000 37.31300000 37.39700000 37.36100000 37.37700000 37.38200000 37.38700000 37.40100000
37.59700000 37.59700000 37.59700000 37.59700000 37.59700000 37.59700000 37.59700000 37.59700000 37.59700000 37.59700000 37.59700000 37.59700000 37.59700000 37.59700000 37.59700000 37.59700000 37.59700000 37.59700000 37.59700000 37.59700000 37.59700000 36.75100000 37.31500000 37.37700000 37.34900000 37.36400000 37.34400000 37.32400000 37.33600000 37.36700000
37.59700000 37.59700000 37.59700000 37.59700000 37.59700000 37.59700000 37.59700000 37.59700000 37.59700000 37.59700000 37.59700000 37.59700000 37.59700000 37.59700000 37.59700000 37.59700000 37.59700000 37.59700000 37.59700000 37.59700000 37.59700000 36.54700000 36.99300000 37.30800000 37.33000000 37.32700000 37.33600000 37.31300000 37.29800000 37.31500000
37.59700000 37.59700000 37.59700000 37.59700000 37.59700000 37.59700000 37.59700000 37.59700000 37.59700000 37.59700000 37.59700000 37.59700000 37.59700000 37.59700000 37.59700000 37.59700000 37.59700000 37.59700000 37.59700000 37.59700000 37.59700000 37.59700000 36.97000000 37.23800000 37.28600000 37.31500000 37.29900000 37.28100000 37.28000000 37.27300000
37.59700000 37.59700000 37.59700000 37.59700000 37.59700000 37.59700000 37.59700000 37.59700000 37.59700000 37.59700000 37.59700000 37.59700000 37.59700000 37.59700000 37.59700000 37.59700000 37.59700000 37.59700000 37.59700000 37.59700000 37.59700000 37.59700000 36.57500000 37.15200000 37.13600000 37.21000000 37.21400000 37.22900000 37.22900000 37.28900000
37.59700000 37.59700000 37.59700000 37.59700000 37.59700000 37.59700000 37.59700000 37.59700000 37.59700000 37.59700000 37.59700000 37.59700000 37.59700000 37.59700000 37.59700000 37.59700000 37.59700000 37.59700000 37.59700000 37.59700000 37.59700000 37.59700000 37.59700000 36.93500000 37.18500000 37.18800000 37.21800000 37.22400000 37.27900000 37.28700000
