 25.64900000  25.27100000  25.59300000  25.59700000  25.07800000  25.00300000  25.46000000  25.59600000  25.58100000  25.48900000  25.38800000  25.31300000  25.20000000  24.39400000  24.23300000  25.41800000  25.65400000  25.75900000  25.41100000  25.38600000  25.43700000  25.40100000  25.28300000  24.94700000  24.20300000  23.88000000  24.25500000  24.72600000  24.60300000  24.67700000
 25.40000000  25.18000000  25.49000000  25.31500000  24.59000000  25.37800000  25.54200000  25.49800000  25.45800000  25.39200000  25.26500000  25.13200000  24.30100000  24.17500000  24.83700000  25.27500000  25.71200000  25.42700000  25.42200000  25.39300000  25.40900000  25.28300000  25.09300000  24.58900000  23.75100000  24.38100000  24.53300000  24.59200000  25.04900000  25.11400000
 25.21400000  25.46100000  25.50000000  25.43200000  24.53100000  25.27200000  25.40100000  25.34300000  25.22300000  24.96400000  24.33200000  23.96300000  24.18900000  24.68800000  24.79500000  25.52000000  25.67100000  25.39700000  25.37900000  25.28900000  25.22000000  25.13700000  24.62300000  24.48000000  25.35900000  25.63800000  25.54800000  25.46000000  25.13000000  25.08000000
 24.64900000  25.37600000  25.46100000  25.55800000  25.08500000  24.51500000  24.72600000  24.33100000  24.07300000  24.28600000  24.63500000  24.87100000  24.93500000  24.90400000  24.96500000  25.65600000  25.67700000  25.32600000  25.30100000  25.15500000  24.90300000  24.79800000  25.70000000  25.92900000  25.96600000  25.65800000  25.50200000  25.37300000  25.32900000  25.40500000
 24.54400000  24.45200000  25.31000000  25.45100000  25.56900000  25.10500000  24.52500000  24.32700000  24.53400000  24.94400000  24.99100000  25.23500000  25.45300000  25.51200000  25.58900000  25.73300000  25.68700000  25.25500000  25.00300000  24.95100000  25.74500000  25.86100000  25.70000000  25.72200000  25.77100000  25.86000000  25.74500000  25.40500000  25.29200000  25.28700000
 24.25500000  24.04900000  25.02400000  25.46500000  25.47900000  25.55400000  25.65400000  25.52700000  25.53700000  25.65000000  25.61000000  25.63800000  25.83600000  25.92000000  25.96200000  25.79100000  25.69500000  25.42100000  25.29800000  25.76000000  25.70500000  25.58800000  25.46100000  25.32400000  25.51100000  25.84800000  25.97200000  26.03600000  25.32700000  25.13700000
 24.05900000  23.75900000  24.86400000  25.15600000  25.54000000  25.57800000  25.52600000  25.50500000  25.50900000  25.56100000  25.75400000  25.79100000  25.79600000  25.87300000  25.95800000  25.79100000  25.81300000  25.78000000  25.65800000  25.69600000  25.53400000  25.34300000  25.03400000  24.98000000  25.33500000  25.75900000  26.17900000  26.06000000  26.08400000  25.42800000
 23.88400000  23.60700000  24.43700000  24.48800000  24.98000000  25.66500000  25.83500000  25.66900000  25.70500000  25.77500000  25.90400000  25.87100000  25.85300000  25.92500000  25.96500000  25.78600000  25.87200000  25.86100000  25.73200000  25.61700000  25.54900000  25.41100000  25.28300000  25.36600000  25.64100000  26.14700000  26.56100000  26.41300000  25.96700000  26.13400000
 23.58600000  23.93600000  24.18300000  24.49900000  24.28700000  24.62900000  25.07100000  26.02800000  25.78300000  25.71100000  25.80200000  25.81800000  25.84400000  25.83300000  25.80900000  25.80600000  25.88000000  25.99200000  26.04200000  26.06700000  25.93600000  25.81400000  25.86200000  26.09700000  26.56800000  26.95100000  26.78300000  26.51700000  25.97600000  26.21800000
 23.42600000  23.16700000  23.74600000  24.08100000  24.11400000  24.23000000  24.25900000  24.78500000  26.23400000  26.35900000  26.22500000  25.98600000  25.74800000  25.68700000  25.74900000  25.80500000  25.77600000  25.85000000  25.97500000  26.90600000  26.84800000  26.81900000  26.85200000  26.83200000  26.60100000  26.51800000  26.70600000  26.25900000  26.08000000  26.23400000
 24.34000000  23.58000000  23.51900000  23.47100000  23.67000000  23.67600000  24.01800000  24.12500000  24.48100000  25.43800000  26.42400000  26.58200000  26.70600000  26.56600000  25.84100000  25.67600000  25.90000000  26.66000000  26.35300000  26.36000000  26.31900000  26.30400000  26.32100000  26.44600000  26.53900000  26.63200000  26.40900000  26.03000000  26.39700000  26.31700000
 27.83300000  27.83300000  27.83300000  24.12700000  23.57700000  23.35800000  23.56400000  23.55500000  23.64600000  24.15400000  24.77200000  25.96500000  25.91300000  26.24200000  26.37500000  26.28300000  25.98900000  25.66600000  26.45600000  26.81600000  26.14600000  26.39400000  26.47900000  26.21300000  26.27600000  26.48800000  26.54900000  26.28900000  26.53500000  26.43700000
 27.83300000  27.83300000  27.83300000  27.83300000  23.76700000  23.60300000  23.32200000  23.45800000  23.40300000  23.65900000  24.31200000  25.19500000  25.40100000  24.59500000  24.52300000  25.00200000  24.96900000  24.75300000  26.50600000  26.76400000  26.00600000  26.24500000  26.17900000  26.47200000  26.58300000  26.77400000  26.54700000  26.37300000  26.60300000  26.46400000
 27.83300000  27.83300000  27.83300000  27.83300000  27.83300000  27.83300000  24.52800000  23.93000000  23.35900000  23.40800000  23.61400000  23.74900000  24.13200000  23.70200000  23.25600000  23.76800000  24.53600000  24.73700000  26.21700000  26.87100000  26.39600000  26.08100000  26.25900000  26.30800000  26.38300000  26.81600000  27.01800000  26.72800000  26.35600000  26.47100000
 27.83300000  27.83300000  27.83300000  27.83300000  27.83300000  27.83300000  27.83300000  27.83300000  27.83300000  27.83300000  27.83300000  27.83300000  23.39900000  23.28700000  23.07900000  23.49100000  24.21500000  24.75300000  25.69900000  26.53500000  26.96300000  26.92400000  26.41200000  26.27700000  26.40500000  26.94400000  27.05200000  27.14000000  26.84600000  26.46900000
 27.83300000  27.83300000  27.83300000  27.83300000  27.83300000  27.83300000  27.83300000  27.83300000  27.83300000  27.83300000  27.83300000  27.83300000  27.83300000  27.83300000  27.83300000  23.67300000  24.07200000  24.82900000  25.22700000  25.93000000  26.74200000  26.98400000  26.93100000  27.02900000  26.52300000  27.03600000  27.10400000  27.08600000  27.17600000  27.27300000
 27.83300000  27.83300000  27.83300000  27.83300000  27.83300000  27.83300000  27.83300000  27.83300000  27.83300000  27.83300000  27.83300000  27.83300000  27.83300000  27.83300000  27.83300000  27.83300000  24.05700000  24.34400000  25.49700000  25.63600000  25.03100000  26.98100000  26.97000000  27.07100000  26.67200000  27.09700000  27.23200000  27.08600000  27.11400000  27.31500000
 27.83300000  27.83300000  27.83300000  27.83300000  27.83300000  27.83300000  27.83300000  27.83300000  27.83300000  27.83300000  27.83300000  27.83300000  27.83300000  27.83300000  27.83300000  27.83300000  27.83300000  27.83300000  23.85900000  25.70600000  25.90900000  26.35900000  26.95400000  27.04900000  26.78400000  27.17900000  27.33100000  27.31600000  27.23700000  27.19800000
 27.83300000  27.83300000  27.83300000  27.83300000  27.83300000  27.83300000  27.83300000  27.83300000  27.83300000  27.83300000  27.83300000  27.83300000  27.83300000  27.83300000  27.83300000  27.83300000  27.83300000  27.83300000  27.83300000  25.87000000  25.27900000  26.46000000  26.94900000  27.03600000  26.94900000  27.22300000  27.30300000  27.35700000  27.33900000  27.25300000
 27.83300000  27.83300000  27.83300000  27.83300000  27.83300000  27.83300000  27.83300000  27.83300000  27.83300000  27.83300000  27.83300000  27.83300000  27.83300000  27.83300000  27.83300000  27.83300000  27.83300000  27.83300000  27.83300000  26.05300000  22.92200000  26.66200000  26.93200000  26.87700000  27.06700000  27.35700000  27.44200000  27.34900000  27.30200000  27.33200000
 27.83300000  27.83300000  27.83300000  27.83300000  27.83300000  27.83300000  27.83300000  27.83300000  27.83300000  27.83300000  27.83300000  27.83300000  27.83300000  27.83300000  27.83300000  27.83300000  27.83300000  27.83300000  27.83300000  26.05200000  23.77000000  26.70200000  26.97700000  26.93200000  27.24500000  27.37700000  27.19300000  27.39500000  27.38300000  27.31900000
 27.83300000  27.83300000  27.83300000  27.83300000  27.83300000  27.83300000  27.83300000  27.83300000  27.83300000  27.83300000  27.83300000  27.83300000  27.83300000  27.83300000  27.83300000  27.83300000  27.83300000  27.83300000  27.83300000  25.84500000  23.40000000  26.47200000  27.21100000  27.10400000  27.37600000  27.17300000  27.21900000  27.37900000  27.38300000  27.42600000
 27.83300000  27.83300000  27.83300000  27.83300000  27.83300000  27.83300000  27.83300000  27.83300000  27.83300000  27.83300000  27.83300000  27.83300000  27.83300000  27.83300000  27.83300000  27.83300000  27.83300000  27.83300000  27.83300000  27.83300000  25.98300000  26.28800000  27.11000000  27.32600000  27.24900000  27.17700000  27.38400000  27.31800000  27.45200000  27.46700000
 27.83300000  27.83300000  27.83300000  27.83300000  27.83300000  27.83300000  27.83300000  27.83300000  27.83300000  27.83300000  27.83300000  27.83300000  27.83300000  27.83300000  27.83300000  27.83300000  27.83300000  27.83300000  27.83300000  27.83300000  27.83300000  24.37000000  26.43300000  27.14900000  27.18900000  27.20500000  27.36900000  27.22900000  27.23400000  27.44900000
 27.83300000  27.83300000  27.83300000  27.83300000  27.83300000  27.83300000  27.83300000  27.83300000  27.83300000  27.83300000  27.83300000  27.83300000  27.83300000  27.83300000  27.83300000  27.83300000  27.83300000  27.83300000  27.83300000  27.83300000  27.83300000  26.17600000  26.47500000  26.97700000  27.13600000  27.21900000  27.16900000  27.12800000  27.10800000  27.22300000
 27.83300000  27.83300000  27.83300000  27.83300000  27.83300000  27.83300000  27.83300000  27.83300000  27.83300000  27.83300000  27.83300000  27.83300000  27.83300000  27.83300000  27.83300000  27.83300000  27.83300000  27.83300000  27.83300000  27.83300000  27.83300000  27.83300000  26.68300000  27.01700000  26.87100000  27.03700000  27.02100000  27.14600000  27.20900000  27.47000000
 27.83300000  27.83300000  27.83300000  27.83300000  27.83300000  27.83300000  27.83300000  27.83300000  27.83300000  27.83300000  27.83300000  27.83300000  27.83300000  27.83300000  27.83300000  27.83300000  27.83300000  27.83300000  27.83300000  27.83300000  27.83300000  27.83300000  27.83300000  26.63400000  27.29200000  27.24000000  27.40900000  27.30300000  27.46200000  27.65800000
 25.68400000  25.36900000  25.63400000  25.66000000  25.14200000  25.02300000  25.46000000  25.60900000  25.59200000  25.51700000  25.41100000  25.33600000  25.29300000  24.40600000  24.24700000  25.42400000  25.68000000  25.79100000  25.44500000  25.41200000  25.44900000  25.40900000  25.28200000  24.94400000  24.21800000  23.87900000  24.26800000  24.66700000  24.62000000  24.69000000
 25.41100000  25.18800000  25.50300000  25.32500000  24.59800000  25.38800000  25.55300000  25.50900000  25.46900000  25.40300000  25.27700000  25.14300000  24.30800000  24.18500000  24.84800000  25.28800000  25.72600000  25.43900000  25.43600000  25.40600000  25.42400000  25.29700000  25.10200000  24.60100000  23.76400000  24.39700000  24.54800000  24.60900000  25.06900000  25.14200000
 25.21500000  25.47400000  25.51200000  25.44200000  24.53800000  25.28100000  25.41000000  25.35300000  25.23200000  24.97100000  24.33800000  23.97100000  24.19900000  24.69900000  24.80500000  25.53300000  25.68400000  25.40800000  25.39300000  25.30100000  25.23200000  25.14900000  24.63100000  24.49500000  25.37900000  25.65600000  25.56300000  25.47600000  25.14700000  25.09900000
 24.69900000  25.38900000  25.47300000  25.56800000  25.09300000  24.52200000  24.73200000  24.33700000  24.08000000  24.29400000  24.64500000  24.88300000  24.94600000  24.91400000  24.97700000  25.66700000  25.68900000  25.33900000  25.31400000  25.16600000  24.91600000  24.81100000  25.71300000  25.94400000  25.98400000  25.67600000  25.52000000  25.39100000  25.34700000  25.42300000
 24.42400000  24.53100000  25.32000000  25.46200000  25.57900000  25.11300000  24.53600000  24.33600000  24.54600000  24.95500000  25.00300000  25.24800000  25.46800000  25.52600000  25.60200000  25.74500000  25.69900000  25.26900000  25.01500000  24.96300000  25.76000000  25.87600000  25.71700000  25.74200000  25.79100000  25.87800000  25.76500000  25.42300000  25.30900000  25.30400000
 24.11800000  24.08400000  25.03600000  25.47900000  25.49200000  25.56600000  25.66800000  25.54400000  25.55300000  25.66600000  25.62400000  25.65000000  25.84800000  25.93300000  25.97300000  25.80400000  25.70700000  25.43400000  25.31000000  25.77500000  25.71900000  25.60400000  25.47600000  25.34000000  25.52800000  25.86600000  25.99200000  26.05400000  25.34400000  25.15100000
 24.02900000  24.14800000  24.87800000  25.17200000  25.55400000  25.59400000  25.54000000  25.52100000  25.52300000  25.57600000  25.76900000  25.80500000  25.80900000  25.88800000  25.97200000  25.80500000  25.82800000  25.79600000  25.67300000  25.71200000  25.55100000  25.35800000  25.04900000  24.99500000  25.35200000  25.77700000  26.19800000  26.07900000  26.10100000  25.45000000
 23.58700000  23.63100000  24.90900000  24.50800000  25.00000000  25.68100000  25.84900000  25.68600000  25.72200000  25.79200000  25.92100000  25.88800000  25.86800000  25.94100000  25.98100000  25.80200000  25.88900000  25.87900000  25.74900000  25.63400000  25.56500000  25.42600000  25.29900000  25.38300000  25.65800000  26.16600000  26.58200000  26.43200000  25.98300000  26.15000000
 21.42500000  23.54300000  24.71300000  24.52000000  24.30600000  24.64400000  25.08800000  26.04300000  25.80000000  25.72700000  25.81900000  25.83400000  25.85800000  25.85000000  25.82700000  25.82300000  25.89600000  26.01000000  26.06000000  26.08500000  25.95500000  25.83300000  25.88100000  26.11700000  26.58900000  26.97100000  26.80200000  26.53400000  25.99200000  26.23400000
 20.19600000  20.40200000  23.20500000  24.10100000  24.13000000  24.24500000  24.27500000  24.80000000  26.25000000  26.37500000  26.24200000  26.00300000  25.76500000  25.70400000  25.76500000  25.82100000  25.79400000  25.86800000  25.99400000  26.92400000  26.86300000  26.83400000  26.86900000  26.84700000  26.61600000  26.53500000  26.72300000  26.27200000  26.09100000  26.24900000
 22.16800000  27.83300000  21.65100000  22.19400000  23.17500000  23.66000000  24.05000000  24.40700000  24.50000000  25.45200000  26.44300000  26.60200000  26.72500000  26.58100000  25.86200000  25.69400000  25.92200000  26.67500000  26.37400000  26.38300000  26.33600000  26.32200000  26.33900000  26.46400000  26.55700000  26.64800000  26.42000000  26.04200000  26.41000000  26.33000000
 27.83300000  27.83300000  27.83300000  27.83300000  21.19000000  21.63300000  22.80600000  23.05600000  23.49100000  24.21400000  24.78400000  25.98600000  25.92800000  26.25500000  26.38900000  26.30100000  26.00400000  25.68200000  26.47700000  26.83500000  26.16500000  26.41200000  26.49500000  26.22700000  26.28900000  26.49200000  26.56500000  26.30300000  26.54600000  26.44700000
 27.83300000  27.83300000  27.83300000  27.83300000  27.83300000  21.31700000  20.27200000  20.54100000  21.60700000  22.74000000  24.30800000  25.20300000  25.42300000  24.61300000  24.53700000  25.02000000  24.98600000  24.78000000  26.52300000  26.78200000  26.02100000  26.25900000  26.19100000  26.48200000  26.59100000  26.78500000  26.56200000  26.37000000  26.60600000  26.46500000
 27.83300000  27.83300000  27.83300000  27.83300000  27.83300000  27.83300000  27.83300000  23.62300000  20.81300000  20.74500000  22.22500000  23.57700000  24.00100000  23.57500000  23.01000000  23.72000000  24.54900000  24.75700000  26.23300000  26.88700000  26.41300000  26.09200000  26.27000000  26.31600000  26.38800000  26.82600000  27.02800000  26.73900000  26.33200000  26.44200000
 27.83300000  27.83300000  27.83300000  27.83300000  27.83300000  27.83300000  27.83300000  27.83300000  27.83300000  27.83300000  27.83300000  27.83300000  27.83300000  27.83300000  27.83300000  20.51900000  24.13000000  24.65400000  25.71100000  26.54200000  26.97600000  26.93900000  26.43600000  26.28900000  26.41000000  26.95100000  27.05500000  27.13700000  26.83000000  26.40300000
 27.83300000  27.83300000  27.83300000  27.83300000  27.83300000  27.83300000  27.83300000  27.83300000  27.83300000  27.83300000  27.83300000  27.83300000  27.83300000  27.83300000  27.83300000  27.83300000  22.86900000  23.73400000  25.23900000  25.94700000  26.73600000  26.99600000  26.94000000  27.03800000  26.52000000  27.03700000  27.10000000  27.06200000  27.14100000  27.21400000
 27.83300000  27.83300000  27.83300000  27.83300000  27.83300000  27.83300000  27.83300000  27.83300000  27.83300000  27.83300000  27.83300000  27.83300000  27.83300000  27.83300000  27.83300000  27.83300000  27.83300000  21.34400000  24.93200000  25.57900000  25.04000000  26.98300000  26.97400000  27.07400000  26.66600000  27.08800000  27.20800000  27.03400000  27.04700000  27.23700000
 27.83300000  27.83300000  27.83300000  27.83300000  27.83300000  27.83300000  27.83300000  27.83300000  27.83300000  27.83300000  27.83300000  27.83300000  27.83300000  27.83300000  27.83300000  27.83300000  27.83300000  27.83300000  27.83300000  25.07800000  25.81000000  26.22400000  26.95600000  27.04600000  26.77000000  27.15100000  27.28100000  27.23100000  27.10700000  27.10200000
 27.83300000  27.83300000  27.83300000  27.83300000  27.83300000  27.83300000  27.83300000  27.83300000  27.83300000  27.83300000  27.83300000  27.83300000  27.83300000  27.83300000  27.83300000  27.83300000  27.83300000  27.83300000  27.83300000  27.83300000  25.20200000  26.50700000  26.94600000  27.02700000  26.90800000  27.18300000  27.22800000  27.22300000  27.22300000  27.18600000
 27.83300000  27.83300000  27.83300000  27.83300000  27.83300000  27.83300000  27.83300000  27.83300000  27.83300000  27.83300000  27.83300000  27.83300000  27.83300000  27.83300000  27.83300000  27.83300000  27.83300000  27.83300000  27.83300000  27.83300000  21.62600000  26.70400000  26.92500000  26.86300000  27.04400000  27.31800000  27.38000000  27.23500000  27.23300000  27.27100000
 27.83300000  27.83300000  27.83300000  27.83300000  27.83300000  27.83300000  27.83300000  27.83300000  27.83300000  27.83300000  27.83300000  27.83300000  27.83300000  27.83300000  27.83300000  27.83300000  27.83300000  27.83300000  27.83300000  27.83300000  21.18800000  26.74300000  26.97200000  26.91800000  27.23600000  27.34100000  27.11600000  27.32600000  27.30900000  27.27800000
 27.83300000  27.83300000  27.83300000  27.83300000  27.83300000  27.83300000  27.83300000  27.83300000  27.83300000  27.83300000  27.83300000  27.83300000  27.83300000  27.83300000  27.83300000  27.83300000  27.83300000  27.83300000  27.83300000  27.83300000  20.61900000  26.47000000  27.20100000  27.08400000  27.35400000  27.13600000  27.15100000  27.30300000  27.32300000  27.37500000
 27.83300000  27.83300000  27.83300000  27.83300000  27.83300000  27.83300000  27.83300000  27.83300000  27.83300000  27.83300000  27.83300000  27.83300000  27.83300000  27.83300000  27.83300000  27.83300000  27.83300000  27.83300000  27.83300000  27.83300000  27.83300000  25.04700000  27.09600000  27.29600000  27.19500000  27.10800000  27.28200000  27.23700000  27.39200000  27.41000000
 27.83300000  27.83300000  27.83300000  27.83300000  27.83300000  27.83300000  27.83300000  27.83300000  27.83300000  27.83300000  27.83300000  27.83300000  27.83300000  27.83300000  27.83300000  27.83300000  27.83300000  27.83300000  27.83300000  27.83300000  27.83300000  22.33700000  26.48500000  27.12100000  27.14000000  27.09600000  27.23600000  27.09600000  27.12200000  27.38500000
 27.83300000  27.83300000  27.83300000  27.83300000  27.83300000  27.83300000  27.83300000  27.83300000  27.83300000  27.83300000  27.83300000  27.83300000  27.83300000  27.83300000  27.83300000  27.83300000  27.83300000  27.83300000  27.83300000  27.83300000  27.83300000  27.83300000  26.48400000  26.90200000  27.02500000  27.04300000  26.97800000  26.93100000  26.91300000  27.06000000
 27.83300000  27.83300000  27.83300000  27.83300000  27.83300000  27.83300000  27.83300000  27.83300000  27.83300000  27.83300000  27.83300000  27.83300000  27.83300000  27.83300000  27.83300000  27.83300000  27.83300000  27.83300000  27.83300000  27.83300000  27.83300000  27.83300000  22.69300000  26.89600000  26.66000000  26.77800000  26.77900000  26.86800000  26.87600000  27.22000000
 27.83300000  27.83300000  27.83300000  27.83300000  27.83300000  27.83300000  27.83300000  27.83300000  27.83300000  27.83300000  27.83300000  27.83300000  27.83300000  27.83300000  27.83300000  27.83300000  27.83300000  27.83300000  27.83300000  27.83300000  27.83300000  27.83300000  27.83300000  26.47200000  26.97200000  26.86500000  27.04800000  26.98000000  27.20500000  27.39700000
