37.00900000 36.92900000 37.03100000 36.95500000 36.99400000 37.06100000 37.17900000 37.28000000 37.26500000 37.23000000 37.15500000 37.05500000 36.90600000 36.62700000 36.48900000 36.83100000 36.91700000 37.00800000 36.98200000 37.03500000 37.05300000 37.02800000 36.91300000 36.74000000 36.47500000 36.26400000 36.39800000 36.50800000 36.38500000 36.36700000
36.99100000 36.93300000 36.94300000 36.92900000 36.90500000 37.18500000 37.23100000 37.23400000 37.20200000 37.15000000 37.06400000 36.95000000 36.65100000 36.51800000 36.78000000 36.88600000 36.99900000 37.01600000 37.00300000 37.07100000 37.05800000 36.97500000 36.84400000 36.67300000 36.32900000 36.58400000 36.57400000 36.55600000 36.79500000 36.88900000
36.92600000 37.03600000 36.92300000 36.92600000 36.86200000 37.14000000 37.16700000 37.14000000 37.07500000 36.95100000 36.68300000 36.44100000 36.51700000 36.78300000 36.79900000 36.93800000 37.08800000 36.99700000 36.98500000 37.01700000 36.96400000 36.89000000 36.70900000 36.64300000 36.95800000 37.05200000 37.03100000 37.04200000 36.93700000 36.86200000
36.62100000 37.02600000 36.93200000 36.91400000 36.96700000 36.80800000 36.89700000 36.68000000 36.47800000 36.63300000 36.81800000 36.89300000 36.88900000 36.86500000 36.84600000 36.96200000 37.08500000 36.95400000 36.94500000 36.93000000 36.83400000 36.71800000 37.11200000 37.21400000 37.22100000 37.06200000 37.03400000 37.00900000 36.99500000 36.96900000
36.54100000 36.31900000 36.99900000 36.85100000 36.91600000 36.93500000 36.81700000 36.69900000 36.80900000 36.93900000 36.88200000 36.89000000 36.91200000 36.91900000 36.93500000 36.97800000 37.06900000 36.92400000 36.78400000 36.77100000 37.12400000 37.21000000 37.20100000 37.20100000 37.21500000 37.23900000 37.12200000 36.95200000 36.83900000 36.78500000
36.38000000 35.93300000 36.92300000 36.95400000 36.82500000 36.86800000 36.93900000 36.93100000 36.93200000 36.92700000 36.86700000 36.86100000 36.96500000 37.02400000 37.03600000 36.99100000 37.11200000 37.02700000 36.99200000 37.15700000 37.19100000 37.16300000 37.09500000 37.05500000 37.13200000 37.22000000 37.25300000 37.25700000 36.84600000 36.57100000
36.08400000 35.36500000 36.86600000 37.01000000 37.02700000 36.91100000 36.82100000 36.79900000 36.80000000 36.83500000 36.94800000 36.99400000 36.99300000 37.01300000 37.04500000 36.99700000 37.19300000 37.18000000 37.12800000 37.16000000 37.14500000 37.04900000 36.95800000 36.94200000 37.07200000 37.18900000 37.26400000 37.26900000 37.25900000 36.86100000
35.69600000 35.15400000 36.21600000 36.64400000 36.90600000 37.13100000 37.09900000 36.90300000 36.91000000 36.93600000 37.01500000 36.98200000 36.98700000 37.04500000 37.06300000 37.02800000 37.22100000 37.20600000 37.14900000 37.12600000 37.15300000 37.08800000 37.03200000 37.07600000 37.16600000 37.23300000 37.34000000 37.33300000 37.25300000 37.23700000
35.36400000 35.63200000 36.22000000 36.69200000 36.54700000 36.70800000 36.89900000 37.23900000 36.95200000 36.89400000 36.92700000 36.93700000 36.95400000 36.94400000 36.93700000 37.00500000 37.16400000 37.23300000 37.25100000 37.25000000 37.20500000 37.17200000 37.19000000 37.21800000 37.31100000 37.45100000 37.44700000 37.36300000 37.26900000 37.25700000
35.19700000 35.34800000 35.83400000 36.28100000 36.39900000 36.53400000 36.53500000 36.78300000 37.30500000 37.31900000 37.21300000 37.05500000 36.93800000 36.94100000 36.96700000 36.96900000 37.03600000 37.02400000 37.02600000 37.43000000 37.42800000 37.42600000 37.43200000 37.43300000 37.41000000 37.40500000 37.44600000 37.31400000 37.25400000 37.24800000
34.58600000 34.86600000 34.99300000 35.23900000 36.01900000 36.16000000 36.43600000 36.12800000 36.57400000 37.09200000 37.35700000 37.37800000 37.40500000 37.32200000 36.99200000 36.94200000 37.01500000 37.39200000 37.27200000 37.28600000 37.33000000 37.32600000 37.33300000 37.38400000 37.40600000 37.42300000 37.33700000 37.26200000 37.32400000 37.22500000
37.59700000 37.59700000 37.59700000 35.05800000 35.55000000 35.73800000 36.06200000 35.93100000 35.73300000 36.27300000 36.89200000 37.24000000 37.22400000 37.30800000 37.33600000 37.30400000 37.17800000 37.09300000 37.30300000 37.35900000 37.26200000 37.35000000 37.36000000 37.26000000 37.26700000 37.33200000 37.35300000 37.28200000 37.36000000 37.21400000
37.59700000 37.59700000 37.59700000 37.59700000 35.16900000 35.31400000 35.49400000 35.52500000 35.61100000 35.85200000 36.54300000 37.05200000 37.10700000 36.74500000 36.68200000 36.95700000 36.88300000 36.42000000 37.30100000 37.34200000 37.21500000 37.26400000 37.22900000 37.21400000 37.25400000 37.33700000 37.32500000 37.30700000 37.38800000 37.22200000
37.59700000 37.59700000 37.59700000 37.59700000 37.59700000 37.59700000 35.28900000 35.38700000 35.47100000 35.55900000 36.03700000 36.30000000 36.46800000 36.29400000 36.15500000 36.28100000 36.75600000 36.23900000 37.21900000 37.36100000 37.26500000 37.17000000 37.19100000 37.18400000 37.25100000 37.34500000 37.44000000 37.36800000 37.29300000 37.28200000
37.59700000 37.59700000 37.59700000 37.59700000 37.59700000 37.59700000 37.59700000 37.59700000 37.59700000 37.59700000 37.59700000 37.59700000 35.65900000 35.88500000 36.15500000 36.14600000 36.62300000 36.07500000 37.03700000 37.25600000 37.35400000 37.36000000 37.24200000 37.19400000 37.27500000 37.35700000 37.42000000 37.48400000 37.39900000 37.29600000
37.59700000 37.59700000 37.59700000 37.59700000 37.59700000 37.59700000 37.59700000 37.59700000 37.59700000 37.59700000 37.59700000 37.59700000 37.59700000 37.59700000 37.59700000 35.93200000 36.24800000 35.95200000 36.46200000 37.10400000 37.28700000 37.34400000 37.37300000 37.39300000 37.31000000 37.34000000 37.36900000 37.44900000 37.50700000 37.54800000
37.59700000 37.59700000 37.59700000 37.59700000 37.59700000 37.59700000 37.59700000 37.59700000 37.59700000 37.59700000 37.59700000 37.59700000 37.59700000 37.59700000 37.59700000 37.59700000 35.96800000 35.93100000 36.61400000 36.94100000 36.92600000 37.33400000 37.41300000 37.40100000 37.34800000 37.30800000 37.34300000 37.39100000 37.39800000 37.52800000
37.59700000 37.59700000 37.59700000 37.59700000 37.59700000 37.59700000 37.59700000 37.59700000 37.59700000 37.59700000 37.59700000 37.59700000 37.59700000 37.59700000 37.59700000 37.59700000 37.59700000 37.59700000 35.98600000 36.76900000 37.07100000 36.95700000 37.40100000 37.40400000 37.38400000 37.30000000 37.33300000 37.36500000 37.32600000 37.31800000
37.59700000 37.59700000 37.59700000 37.59700000 37.59700000 37.59700000 37.59700000 37.59700000 37.59700000 37.59700000 37.59700000 37.59700000 37.59700000 37.59700000 37.59700000 37.59700000 37.59700000 37.59700000 37.59700000 36.59300000 36.94400000 36.95400000 37.40400000 37.42900000 37.36100000 37.31900000 37.33900000 37.34500000 37.36600000 37.29700000
37.59700000 37.59700000 37.59700000 37.59700000 37.59700000 37.59700000 37.59700000 37.59700000 37.59700000 37.59700000 37.59700000 37.59700000 37.59700000 37.59700000 37.59700000 37.59700000 37.59700000 37.59700000 37.59700000 36.85800000 36.53900000 37.08200000 37.39800000 37.43000000 37.28400000 37.38400000 37.41100000 37.39100000 37.35000000 37.33400000
37.59700000 37.59700000 37.59700000 37.59700000 37.59700000 37.59700000 37.59700000 37.59700000 37.59700000 37.59700000 37.59700000 37.59700000 37.59700000 37.59700000 37.59700000 37.59700000 37.59700000 37.59700000 37.59700000 36.90600000 36.60900000 37.09000000 37.36100000 37.37900000 37.34100000 37.39000000 37.38800000 37.40700000 37.41400000 37.33900000
37.59700000 37.59700000 37.59700000 37.59700000 37.59700000 37.59700000 37.59700000 37.59700000 37.59700000 37.59700000 37.59700000 37.59700000 37.59700000 37.59700000 37.59700000 37.59700000 37.59700000 37.59700000 37.59700000 36.59500000 36.61600000 36.92800000 37.34500000 37.31100000 37.39900000 37.36300000 37.37200000 37.37700000 37.38600000 37.40700000
37.59700000 37.59700000 37.59700000 37.59700000 37.59700000 37.59700000 37.59700000 37.59700000 37.59700000 37.59700000 37.59700000 37.59700000 37.59700000 37.59700000 37.59700000 37.59700000 37.59700000 37.59700000 37.59700000 37.59700000 36.71200000 36.72800000 37.31600000 37.37900000 37.35400000 37.35400000 37.33100000 37.32300000 37.33900000 37.36600000
37.59700000 37.59700000 37.59700000 37.59700000 37.59700000 37.59700000 37.59700000 37.59700000 37.59700000 37.59700000 37.59700000 37.59700000 37.59700000 37.59700000 37.59700000 37.59700000 37.59700000 37.59700000 37.59700000 37.59700000 37.59700000 36.62100000 36.94900000 37.31100000 37.33200000 37.32700000 37.34100000 37.30900000 37.30300000 37.31300000
37.59700000 37.59700000 37.59700000 37.59700000 37.59700000 37.59700000 37.59700000 37.59700000 37.59700000 37.59700000 37.59700000 37.59700000 37.59700000 37.59700000 37.59700000 37.59700000 37.59700000 37.59700000 37.59700000 37.59700000 37.59700000 36.47300000 36.66300000 37.23400000 37.27500000 37.30300000 37.29600000 37.28200000 37.27800000 37.27800000
37.59700000 37.59700000 37.59700000 37.59700000 37.59700000 37.59700000 37.59700000 37.59700000 37.59700000 37.59700000 37.59700000 37.59700000 37.59700000 37.59700000 37.59700000 37.59700000 37.59700000 37.59700000 37.59700000 37.59700000 37.59700000 37.59700000 36.40300000 37.13700000 37.12900000 37.19200000 37.19800000 37.21100000 37.22700000 37.30100000
37.59700000 37.59700000 37.59700000 37.59700000 37.59700000 37.59700000 37.59700000 37.59700000 37.59700000 37.59700000 37.59700000 37.59700000 37.59700000 37.59700000 37.59700000 37.59700000 37.59700000 37.59700000 37.59700000 37.59700000 37.59700000 37.59700000 37.59700000 36.33600000 37.18300000 37.18300000 37.21400000 37.21900000 37.27700000 37.29900000
37.00800000 36.92800000 37.03000000 36.95500000 36.99300000 37.06000000 37.17900000 37.27900000 37.26500000 37.23200000 37.15700000 37.05600000 36.90900000 36.62600000 36.49200000 36.83100000 36.91500000 37.00800000 36.98100000 37.03500000 37.05200000 37.03100000 36.91200000 36.73700000 36.47800000 36.26300000 36.39700000 36.50900000 36.38200000 36.36900000
36.99000000 36.93200000 36.94200000 36.92800000 36.90400000 37.18400000 37.23000000 37.23300000 37.20100000 37.14900000 37.06400000 36.94900000 36.64900000 36.51700000 36.77900000 36.88500000 36.99800000 37.01600000 37.00200000 37.07000000 37.05800000 36.97400000 36.84300000 36.67200000 36.32800000 36.58300000 36.57300000 36.55600000 36.79700000 36.89000000
36.92400000 37.03500000 36.92200000 36.92500000 36.86200000 37.13800000 37.16600000 37.13900000 37.07400000 36.94900000 36.68100000 36.44000000 36.51800000 36.78300000 36.79800000 36.93700000 37.08700000 36.99600000 36.98400000 37.01600000 36.96300000 36.88900000 36.70800000 36.64200000 36.95800000 37.05000000 37.03000000 37.04000000 36.93500000 36.86100000
36.62000000 37.02500000 36.93100000 36.91300000 36.96600000 36.80700000 36.89500000 36.67900000 36.47800000 36.63300000 36.81800000 36.89200000 36.88800000 36.86400000 36.84500000 36.96200000 37.08400000 36.95300000 36.94400000 36.92900000 36.83300000 36.71800000 37.11200000 37.21300000 37.22000000 37.06100000 37.03300000 37.00800000 36.99400000 36.96800000
36.54000000 36.34300000 36.99800000 36.85000000 36.91500000 36.93500000 36.81900000 36.70000000 36.81000000 36.93800000 36.88100000 36.88900000 36.91100000 36.91800000 36.93500000 36.97700000 37.06800000 36.92300000 36.78300000 36.77000000 37.12300000 37.21000000 37.20000000 37.20000000 37.21400000 37.23800000 37.12200000 36.95000000 36.83800000 36.78300000
36.38500000 35.97000000 36.92200000 36.95300000 36.82400000 36.86700000 36.93800000 36.93000000 36.93100000 36.92600000 36.86600000 36.86100000 36.96400000 37.02300000 37.03500000 36.99000000 37.11100000 37.02700000 36.99200000 37.15600000 37.19000000 37.16200000 37.09300000 37.05400000 37.13100000 37.21900000 37.25200000 37.25600000 36.84500000 36.57000000
36.10000000 35.89800000 36.86600000 37.00900000 37.02600000 36.91100000 36.82000000 36.79900000 36.79900000 36.83400000 36.94700000 36.99300000 36.99200000 37.01200000 37.04400000 36.99600000 37.19200000 37.17900000 37.12700000 37.15900000 37.14400000 37.04700000 36.95700000 36.94100000 37.07100000 37.18800000 37.26300000 37.26800000 37.25800000 36.86500000
35.90800000 35.52200000 36.40700000 36.64200000 36.90500000 37.13000000 37.09800000 36.90200000 36.90900000 36.93500000 37.01400000 36.98100000 36.98500000 37.04400000 37.06200000 37.02700000 37.22000000 37.20500000 37.14900000 37.12500000 37.15200000 37.08700000 37.03100000 37.07500000 37.16500000 37.23200000 37.34000000 37.33200000 37.25200000 37.23600000
35.76900000 35.66100000 36.59700000 36.69100000 36.54500000 36.70700000 36.89700000 37.23800000 36.95200000 36.89300000 36.92500000 36.93600000 36.95300000 36.94300000 36.93600000 37.00400000 37.16200000 37.23200000 37.25000000 37.25000000 37.20400000 37.17100000 37.18900000 37.21700000 37.31100000 37.45000000 37.44600000 37.36200000 37.26800000 37.25700000
35.69400000 35.85900000 36.30000000 36.28000000 36.39900000 36.53100000 36.53500000 36.78200000 37.30400000 37.31800000 37.21300000 37.05400000 36.93700000 36.94000000 36.96700000 36.96800000 37.03500000 37.02300000 37.02600000 37.42900000 37.42700000 37.42500000 37.43100000 37.43200000 37.40800000 37.40400000 37.44500000 37.31300000 37.25300000 37.24700000
35.43200000 37.59700000 35.53600000 35.52900000 36.16800000 36.15900000 36.44900000 36.37500000 36.57300000 37.08900000 37.35600000 37.37700000 37.40400000 37.32200000 36.99100000 36.94100000 37.01600000 37.39000000 37.27100000 37.28500000 37.32900000 37.32400000 37.33200000 37.38300000 37.40500000 37.42200000 37.33600000 37.26100000 37.32300000 37.22500000
37.59700000 37.59700000 37.59700000 37.59700000 35.72800000 35.98400000 36.45100000 36.48300000 36.11500000 36.29200000 36.88800000 37.23900000 37.22300000 37.30600000 37.33400000 37.30300000 37.17600000 37.09100000 37.30300000 37.35700000 37.26100000 37.34900000 37.35900000 37.25900000 37.26600000 37.32900000 37.35300000 37.28200000 37.35900000 37.21300000
37.59700000 37.59700000 37.59700000 37.59700000 37.59700000 35.65000000 35.85100000 35.97500000 36.17100000 35.84900000 36.54800000 37.04700000 37.10500000 36.74400000 36.67800000 36.95500000 36.88000000 36.42400000 37.30000000 37.34100000 37.21400000 37.26300000 37.22800000 37.21300000 37.25300000 37.33600000 37.32500000 37.30500000 37.38600000 37.22200000
37.59700000 37.59700000 37.59700000 37.59700000 37.59700000 37.59700000 37.59700000 35.47900000 35.72700000 35.75300000 36.28400000 36.44200000 36.49200000 36.32700000 36.15600000 36.27200000 36.75300000 36.25000000 37.21700000 37.35900000 37.26400000 37.16900000 37.19000000 37.18300000 37.25000000 37.34400000 37.44000000 37.36900000 37.29200000 37.28700000
37.59700000 37.59700000 37.59700000 37.59700000 37.59700000 37.59700000 37.59700000 37.59700000 37.59700000 37.59700000 37.59700000 37.59700000 37.59700000 37.59700000 37.59700000 36.21100000 36.61100000 36.14300000 37.03400000 37.25400000 37.35300000 37.35900000 37.24300000 37.19500000 37.27400000 37.35700000 37.41900000 37.48400000 37.40100000 37.29600000
37.59700000 37.59700000 37.59700000 37.59700000 37.59700000 37.59700000 37.59700000 37.59700000 37.59700000 37.59700000 37.59700000 37.59700000 37.59700000 37.59700000 37.59700000 37.59700000 36.36700000 36.33300000 36.46100000 37.10300000 37.28200000 37.34300000 37.37300000 37.39200000 37.31000000 37.34000000 37.36900000 37.45000000 37.51100000 37.55800000
37.59700000 37.59700000 37.59700000 37.59700000 37.59700000 37.59700000 37.59700000 37.59700000 37.59700000 37.59700000 37.59700000 37.59700000 37.59700000 37.59700000 37.59700000 37.59700000 37.59700000 36.39500000 36.63900000 36.93400000 36.93800000 37.33200000 37.41200000 37.40100000 37.34900000 37.30800000 37.34300000 37.39000000 37.40800000 37.54900000
37.59700000 37.59700000 37.59700000 37.59700000 37.59700000 37.59700000 37.59700000 37.59700000 37.59700000 37.59700000 37.59700000 37.59700000 37.59700000 37.59700000 37.59700000 37.59700000 37.59700000 37.59700000 37.59700000 36.68000000 37.05700000 36.98100000 37.40000000 37.40400000 37.38400000 37.29900000 37.33400000 37.36800000 37.34000000 37.39200000
37.59700000 37.59700000 37.59700000 37.59700000 37.59700000 37.59700000 37.59700000 37.59700000 37.59700000 37.59700000 37.59700000 37.59700000 37.59700000 37.59700000 37.59700000 37.59700000 37.59700000 37.59700000 37.59700000 37.59700000 36.94000000 36.98600000 37.40400000 37.43000000 37.36400000 37.31900000 37.33900000 37.34900000 37.37200000 37.31500000
37.59700000 37.59700000 37.59700000 37.59700000 37.59700000 37.59700000 37.59700000 37.59700000 37.59700000 37.59700000 37.59700000 37.59700000 37.59700000 37.59700000 37.59700000 37.59700000 37.59700000 37.59700000 37.59700000 37.59700000 36.42100000 37.09800000 37.39800000 37.42800000 37.28300000 37.38400000 37.40800000 37.38200000 37.35600000 37.33500000
37.59700000 37.59700000 37.59700000 37.59700000 37.59700000 37.59700000 37.59700000 37.59700000 37.59700000 37.59700000 37.59700000 37.59700000 37.59700000 37.59700000 37.59700000 37.59700000 37.59700000 37.59700000 37.59700000 37.59700000 36.38000000 37.10400000 37.36100000 37.37800000 37.34100000 37.38700000 37.38500000 37.40600000 37.41300000 37.34600000
37.59700000 37.59700000 37.59700000 37.59700000 37.59700000 37.59700000 37.59700000 37.59700000 37.59700000 37.59700000 37.59700000 37.59700000 37.59700000 37.59700000 37.59700000 37.59700000 37.59700000 37.59700000 37.59700000 37.59700000 36.34200000 36.94000000 37.34600000 37.31100000 37.39800000 37.36200000 37.37600000 37.38100000 37.38700000 37.39900000
37.59700000 37.59700000 37.59700000 37.59700000 37.59700000 37.59700000 37.59700000 37.59700000 37.59700000 37.59700000 37.59700000 37.59700000 37.59700000 37.59700000 37.59700000 37.59700000 37.59700000 37.59700000 37.59700000 37.59700000 37.59700000 36.71500000 37.31600000 37.37800000 37.35000000 37.36300000 37.34300000 37.32400000 37.33600000 37.36400000
37.59700000 37.59700000 37.59700000 37.59700000 37.59700000 37.59700000 37.59700000 37.59700000 37.59700000 37.59700000 37.59700000 37.59700000 37.59700000 37.59700000 37.59700000 37.59700000 37.59700000 37.59700000 37.59700000 37.59700000 37.59700000 36.55500000 36.99800000 37.31000000 37.33200000 37.32700000 37.33500000 37.31300000 37.29600000 37.31500000
37.59700000 37.59700000 37.59700000 37.59700000 37.59700000 37.59700000 37.59700000 37.59700000 37.59700000 37.59700000 37.59700000 37.59700000 37.59700000 37.59700000 37.59700000 37.59700000 37.59700000 37.59700000 37.59700000 37.59700000 37.59700000 37.59700000 36.95000000 37.24200000 37.28700000 37.31500000 37.29900000 37.28100000 37.28000000 37.27300000
37.59700000 37.59700000 37.59700000 37.59700000 37.59700000 37.59700000 37.59700000 37.59700000 37.59700000 37.59700000 37.59700000 37.59700000 37.59700000 37.59700000 37.59700000 37.59700000 37.59700000 37.59700000 37.59700000 37.59700000 37.59700000 37.59700000 36.63100000 37.15500000 37.14100000 37.20900000 37.21400000 37.22800000 37.23000000 37.29000000
37.59700000 37.59700000 37.59700000 37.59700000 37.59700000 37.59700000 37.59700000 37.59700000 37.59700000 37.59700000 37.59700000 37.59700000 37.59700000 37.59700000 37.59700000 37.59700000 37.59700000 37.59700000 37.59700000 37.59700000 37.59700000 37.59700000 37.59700000 36.87600000 37.18300000 37.18800000 37.22400000 37.22200000 37.28100000 37.28800000
