 25.64200000  25.27700000  25.59400000  25.59300000  25.07500000  25.01400000  25.46200000  25.58700000  25.57900000  25.48700000  25.38200000  25.31300000  25.20200000  24.39400000  24.23400000  25.41300000  25.65300000  25.75500000  25.41200000  25.38700000  25.43400000  25.39600000  25.27000000  24.94100000  24.19600000  23.87800000  24.25100000  24.70400000  24.59600000  24.67800000
 25.39100000  25.14800000  25.48500000  25.30000000  24.59100000  25.37800000  25.53600000  25.48600000  25.45100000  25.38600000  25.25800000  25.12600000  24.29500000  24.17300000  24.82600000  25.26900000  25.70600000  25.41700000  25.41500000  25.38400000  25.40400000  25.27500000  25.08300000  24.58300000  23.74200000  24.36900000  24.52500000  24.58100000  25.04600000  25.10200000
 25.21900000  25.45500000  25.49400000  25.41500000  24.52200000  25.27800000  25.39400000  25.33700000  25.21900000  24.96700000  24.33400000  23.95400000  24.18300000  24.68400000  24.78400000  25.51700000  25.66100000  25.38700000  25.37300000  25.28200000  25.21300000  25.13400000  24.62500000  24.47400000  25.36000000  25.63300000  25.53600000  25.45300000  25.12100000  25.07200000
 24.65300000  25.36700000  25.45000000  25.55100000  25.06900000  24.50900000  24.74400000  24.32900000  24.06900000  24.28200000  24.63000000  24.86500000  24.92800000  24.90000000  24.96400000  25.65100000  25.66800000  25.31400000  25.29500000  25.14300000  24.89200000  24.79000000  25.69500000  25.92200000  25.96200000  25.64900000  25.49100000  25.36800000  25.32300000  25.39900000
 24.54500000  24.43300000  25.29700000  25.44300000  25.56200000  25.09900000  24.50300000  24.31600000  24.52300000  24.93700000  24.98400000  25.22300000  25.44500000  25.50600000  25.58400000  25.72500000  25.67400000  25.23900000  24.99600000  24.94100000  25.74000000  25.85300000  25.69200000  25.72000000  25.76900000  25.84400000  25.74900000  25.39600000  25.28100000  25.28100000
 24.25000000  24.03700000  25.01600000  25.45800000  25.47400000  25.54500000  25.64600000  25.51800000  25.53000000  25.64200000  25.60200000  25.62700000  25.82500000  25.91200000  25.95400000  25.78200000  25.68500000  25.39700000  25.29300000  25.75700000  25.69700000  25.58400000  25.44900000  25.31000000  25.50000000  25.83900000  25.97700000  26.03100000  25.32000000  25.13000000
 24.05000000  23.74100000  24.86200000  25.14600000  25.53400000  25.57500000  25.52300000  25.50200000  25.50300000  25.55300000  25.74400000  25.78200000  25.78500000  25.86500000  25.94900000  25.78400000  25.80500000  25.76800000  25.64800000  25.69100000  25.52900000  25.33500000  25.02300000  24.97600000  25.33200000  25.75500000  26.17800000  26.06000000  26.07900000  25.41100000
 23.88200000  23.59600000  24.41900000  24.48000000  24.96300000  25.65800000  25.83400000  25.66500000  25.70100000  25.77000000  25.89800000  25.86500000  25.84400000  25.91900000  25.95900000  25.78000000  25.86500000  25.85000000  25.72300000  25.60900000  25.54200000  25.40400000  25.27700000  25.36200000  25.63900000  26.15200000  26.56500000  26.41200000  25.96000000  26.12700000
 23.51600000  23.90800000  24.17300000  24.48900000  24.28000000  24.61600000  25.05600000  26.02500000  25.78600000  25.70000000  25.79000000  25.80700000  25.83900000  25.82600000  25.80400000  25.80000000  25.87600000  25.98600000  26.03300000  26.05900000  25.93500000  25.81500000  25.87000000  26.10100000  26.58300000  26.94900000  26.77600000  26.51200000  25.97200000  26.21200000
 23.43400000  23.12100000  23.73500000  24.07500000  24.11300000  24.20300000  24.25700000  24.76600000  26.22000000  26.36200000  26.23700000  25.99200000  25.74300000  25.68100000  25.74400000  25.80000000  25.77100000  25.84200000  25.96700000  26.90200000  26.82700000  26.80000000  26.83500000  26.81700000  26.58200000  26.50500000  26.69900000  26.24900000  26.07200000  26.22600000
 24.33800000  23.62200000  23.52700000  23.43900000  23.67100000  23.66000000  24.01300000  24.10600000  24.45700000  25.38300000  26.41300000  26.57100000  26.70100000  26.55000000  25.83100000  25.66900000  25.88100000  26.64400000  26.36300000  26.37600000  26.30500000  26.29300000  26.31600000  26.44500000  26.53800000  26.62800000  26.39300000  26.02100000  26.39000000  26.30800000
 27.83300000  27.83300000  27.83300000  24.11300000  23.58000000  23.35000000  23.55200000  23.54100000  23.62200000  24.13400000  24.72400000  25.94700000  25.89100000  26.21900000  26.35900000  26.27100000  25.97700000  25.62300000  26.47100000  26.80400000  26.13600000  26.39000000  26.46800000  26.20400000  26.27600000  26.46300000  26.54300000  26.27800000  26.52100000  26.42500000
 27.83300000  27.83300000  27.83300000  27.83300000  23.74900000  23.59500000  23.31500000  23.44400000  23.39000000  23.62300000  24.29500000  25.14800000  25.38900000  24.57700000  24.51300000  24.98600000  24.94200000  24.75900000  26.48900000  26.74700000  25.99200000  26.23400000  26.17000000  26.46500000  26.57000000  26.76500000  26.53900000  26.35800000  26.58800000  26.44800000
 27.83300000  27.83300000  27.83300000  27.83300000  27.83300000  27.83300000  24.51800000  23.92800000  23.34800000  23.39900000  23.59900000  23.74300000  24.11500000  23.68900000  23.24400000  23.75300000  24.52600000  24.73600000  26.20700000  26.86000000  26.37200000  26.07300000  26.25200000  26.29500000  26.36900000  26.81000000  27.00700000  26.70300000  26.33500000  26.44200000
 27.83300000  27.83300000  27.83300000  27.83300000  27.83300000  27.83300000  27.83300000  27.83300000  27.83300000  27.83300000  27.83300000  27.83300000  23.39400000  23.27700000  23.08600000  23.46400000  24.19800000  24.73700000  25.66700000  26.52600000  26.94800000  26.91700000  26.42100000  26.27300000  26.39600000  26.93600000  27.03400000  27.12000000  26.81000000  26.43100000
 27.83300000  27.83300000  27.83300000  27.83300000  27.83300000  27.83300000  27.83300000  27.83300000  27.83300000  27.83300000  27.83300000  27.83300000  27.83300000  27.83300000  27.83300000  23.65000000  24.04500000  24.80700000  25.20600000  25.88900000  26.74000000  26.96600000  26.91900000  27.01400000  26.51400000  27.02400000  27.08300000  27.06300000  27.14900000  27.22800000
 27.83300000  27.83300000  27.83300000  27.83300000  27.83300000  27.83300000  27.83300000  27.83300000  27.83300000  27.83300000  27.83300000  27.83300000  27.83300000  27.83300000  27.83300000  27.83300000  24.02800000  24.30300000  25.46700000  25.60400000  24.99800000  26.97100000  26.96000000  27.05900000  26.65600000  27.08300000  27.20800000  27.05500000  27.07800000  27.27700000
 27.83300000  27.83300000  27.83300000  27.83300000  27.83300000  27.83300000  27.83300000  27.83300000  27.83300000  27.83300000  27.83300000  27.83300000  27.83300000  27.83300000  27.83300000  27.83300000  27.83300000  27.83300000  23.89200000  25.67400000  25.88700000  26.37700000  26.93900000  27.03600000  26.76300000  27.16000000  27.30400000  27.27300000  27.18100000  27.15800000
 27.83300000  27.83300000  27.83300000  27.83300000  27.83300000  27.83300000  27.83300000  27.83300000  27.83300000  27.83300000  27.83300000  27.83300000  27.83300000  27.83300000  27.83300000  27.83300000  27.83300000  27.83300000  27.83300000  25.84500000  25.22000000  26.47300000  26.93100000  27.01700000  26.93700000  27.20100000  27.26700000  27.29200000  27.30300000  27.23200000
 27.83300000  27.83300000  27.83300000  27.83300000  27.83300000  27.83300000  27.83300000  27.83300000  27.83300000  27.83300000  27.83300000  27.83300000  27.83300000  27.83300000  27.83300000  27.83300000  27.83300000  27.83300000  27.83300000  26.02700000  22.96000000  26.69500000  26.91500000  26.85900000  27.05700000  27.33600000  27.41200000  27.30200000  27.27700000  27.32300000
 27.83300000  27.83300000  27.83300000  27.83300000  27.83300000  27.83300000  27.83300000  27.83300000  27.83300000  27.83300000  27.83300000  27.83300000  27.83300000  27.83300000  27.83300000  27.83300000  27.83300000  27.83300000  27.83300000  26.03500000  23.52300000  26.73900000  26.95600000  26.92100000  27.23900000  27.35100000  27.15900000  27.36000000  27.37000000  27.31100000
 27.83300000  27.83300000  27.83300000  27.83300000  27.83300000  27.83300000  27.83300000  27.83300000  27.83300000  27.83300000  27.83300000  27.83300000  27.83300000  27.83300000  27.83300000  27.83300000  27.83300000  27.83300000  27.83300000  25.82000000  23.28700000  26.47300000  27.19100000  27.08700000  27.35800000  27.15000000  27.19000000  27.35000000  27.37200000  27.40800000
 27.83300000  27.83300000  27.83300000  27.83300000  27.83300000  27.83300000  27.83300000  27.83300000  27.83300000  27.83300000  27.83300000  27.83300000  27.83300000  27.83300000  27.83300000  27.83300000  27.83300000  27.83300000  27.83300000  27.83300000  25.95900000  26.27100000  27.09800000  27.31000000  27.22400000  27.14900000  27.34900000  27.29500000  27.44100000  27.44900000
 27.83300000  27.83300000  27.83300000  27.83300000  27.83300000  27.83300000  27.83300000  27.83300000  27.83300000  27.83300000  27.83300000  27.83300000  27.83300000  27.83300000  27.83300000  27.83300000  27.83300000  27.83300000  27.83300000  27.83300000  27.83300000  24.34100000  26.44700000  27.13400000  27.16600000  27.17000000  27.33400000  27.20800000  27.20800000  27.42300000
 27.83300000  27.83300000  27.83300000  27.83300000  27.83300000  27.83300000  27.83300000  27.83300000  27.83300000  27.83300000  27.83300000  27.83300000  27.83300000  27.83300000  27.83300000  27.83300000  27.83300000  27.83300000  27.83300000  27.83300000  27.83300000  26.13900000  26.47100000  26.96200000  27.10500000  27.17700000  27.14100000  27.11000000  27.08300000  27.19800000
 27.83300000  27.83300000  27.83300000  27.83300000  27.83300000  27.83300000  27.83300000  27.83300000  27.83300000  27.83300000  27.83300000  27.83300000  27.83300000  27.83300000  27.83300000  27.83300000  27.83300000  27.83300000  27.83300000  27.83300000  27.83300000  27.83300000  26.65900000  26.97800000  26.84500000  27.00400000  26.99400000  27.13000000  27.15800000  27.45100000
 27.83300000  27.83300000  27.83300000  27.83300000  27.83300000  27.83300000  27.83300000  27.83300000  27.83300000  27.83300000  27.83300000  27.83300000  27.83300000  27.83300000  27.83300000  27.83300000  27.83300000  27.83300000  27.83300000  27.83300000  27.83300000  27.83300000  27.83300000  26.57400000  27.23500000  27.21400000  27.42100000  27.28300000  27.40900000  27.64000000
 25.67700000  25.37100000  25.63400000  25.65400000  25.13700000  25.03600000  25.46300000  25.60400000  25.59200000  25.51400000  25.40400000  25.33600000  25.29300000  24.40600000  24.24700000  25.42000000  25.67900000  25.78600000  25.44200000  25.41000000  25.44700000  25.40800000  25.27600000  24.94100000  24.21400000  23.87800000  24.26300000  24.65600000  24.61400000  24.69000000
 25.40700000  25.16100000  25.50200000  25.31200000  24.60100000  25.39200000  25.55100000  25.50100000  25.46700000  25.39900000  25.27300000  25.14000000  24.30600000  24.18400000  24.83900000  25.28500000  25.72300000  25.43300000  25.43200000  25.40000000  25.42100000  25.29100000  25.09600000  24.59700000  23.75700000  24.38900000  24.54300000  24.60000000  25.06800000  25.13000000
 25.22200000  25.47300000  25.50900000  25.43000000  24.53300000  25.28900000  25.40800000  25.35100000  25.23200000  24.97500000  24.34400000  23.96500000  24.19500000  24.69900000  24.79600000  25.53400000  25.67700000  25.40100000  25.39000000  25.29600000  25.22800000  25.14800000  24.63300000  24.49000000  25.38200000  25.65200000  25.55300000  25.47100000  25.13900000  25.09200000
 24.70200000  25.38500000  25.46500000  25.56700000  25.08300000  24.51800000  24.75500000  24.33900000  24.07900000  24.29200000  24.64100000  24.88000000  24.94300000  24.91300000  24.97900000  25.66400000  25.68400000  25.33000000  25.31000000  25.15700000  24.90800000  24.81000000  25.71100000  25.93900000  25.98200000  25.66800000  25.51000000  25.38700000  25.34200000  25.41900000
 24.37200000  24.50600000  25.31000000  25.46000000  25.57600000  25.10600000  24.51700000  24.32600000  24.53700000  24.95100000  24.99900000  25.23900000  25.46300000  25.52400000  25.60200000  25.74100000  25.69000000  25.25600000  25.01100000  24.95700000  25.75800000  25.87100000  25.71100000  25.74100000  25.79000000  25.86300000  25.77100000  25.41300000  25.29900000  25.30000000
 24.12500000  24.07800000  25.02900000  25.47600000  25.49400000  25.56200000  25.66400000  25.54000000  25.55100000  25.66100000  25.62000000  25.64300000  25.84100000  25.92900000  25.96800000  25.79900000  25.70100000  25.41300000  25.30600000  25.77400000  25.71300000  25.60000000  25.46300000  25.32500000  25.51700000  25.85800000  25.99700000  26.04900000  25.33700000  25.14500000
 24.03400000  24.17600000  24.87800000  25.16500000  25.55200000  25.59600000  25.53900000  25.52000000  25.52000000  25.57100000  25.76200000  25.80000000  25.80100000  25.88200000  25.96600000  25.80000000  25.82200000  25.78500000  25.66600000  25.70800000  25.54600000  25.35000000  25.03800000  24.99100000  25.34900000  25.77400000  26.19700000  26.08000000  26.09700000  25.43300000
 23.57700000  23.65800000  24.77000000  24.50200000  24.98400000  25.67400000  25.85000000  25.68000000  25.71900000  25.78900000  25.91700000  25.88400000  25.86200000  25.93600000  25.97700000  25.79700000  25.88200000  25.86900000  25.74100000  25.62600000  25.55800000  25.41900000  25.29300000  25.37900000  25.65700000  26.17200000  26.58500000  26.43100000  25.97600000  26.14300000
 21.43400000  23.36800000  24.67700000  24.51200000  24.30100000  24.63200000  25.07700000  26.04200000  25.80400000  25.71800000  25.80800000  25.82400000  25.85100000  25.84300000  25.82400000  25.81800000  25.89300000  26.00400000  26.05200000  26.07800000  25.95400000  25.83300000  25.88900000  26.12100000  26.60500000  26.96900000  26.79600000  26.52900000  25.98800000  26.22900000
 20.21600000  20.40300000  23.12300000  24.09700000  24.13000000  24.22000000  24.27200000  24.78200000  26.23700000  26.38000000  26.25600000  26.00900000  25.76000000  25.69800000  25.76000000  25.81700000  25.78800000  25.86200000  25.98800000  26.92000000  26.84100000  26.81300000  26.85200000  26.83200000  26.59700000  26.52200000  26.71800000  26.26400000  26.08700000  26.24300000
 22.17900000  27.83300000  21.71500000  22.39200000  23.24100000  23.65800000  24.04500000  24.39800000  24.47800000  25.39800000  26.43200000  26.59200000  26.72100000  26.56600000  25.85200000  25.68700000  25.90300000  26.65900000  26.38400000  26.39800000  26.32300000  26.31200000  26.33500000  26.46500000  26.55800000  26.64700000  26.40800000  26.03400000  26.40500000  26.32400000
 27.83300000  27.83300000  27.83300000  27.83300000  21.46700000  21.62400000  22.77300000  22.97000000  23.46400000  24.18400000  24.73700000  25.96800000  25.90600000  26.23300000  26.37400000  26.28800000  25.99200000  25.63900000  26.49300000  26.82400000  26.15600000  26.40900000  26.48600000  26.22200000  26.29300000  26.47100000  26.56000000  26.29500000  26.53500000  26.43900000
 27.83300000  27.83300000  27.83300000  27.83300000  27.83300000  21.50100000  20.28200000  20.53900000  21.54200000  22.67900000  24.29300000  25.15900000  25.41000000  24.59600000  24.52700000  25.00500000  24.95900000  24.78700000  26.50700000  26.76600000  26.01100000  26.25200000  26.18800000  26.48100000  26.58400000  26.78200000  26.55600000  26.36600000  26.59900000  26.45900000
 27.83300000  27.83300000  27.83300000  27.83300000  27.83300000  27.83300000  27.83300000  23.68000000  20.87000000  20.85400000  22.18400000  23.57000000  23.94900000  23.58200000  23.03600000  23.69700000  24.54000000  24.76100000  26.22500000  26.87900000  26.39400000  26.08900000  26.26700000  26.30800000  26.38000000  26.82400000  27.02200000  26.72000000  26.33800000  26.44700000
 27.83300000  27.83300000  27.83300000  27.83300000  27.83300000  27.83300000  27.83300000  27.83300000  27.83300000  27.83300000  27.83300000  27.83300000  27.83300000  27.83300000  27.83300000  20.56700000  24.13200000  24.66200000  25.69000000  26.53900000  26.96600000  26.93500000  26.44300000  26.29000000  26.40600000  26.94900000  27.04700000  27.13100000  26.82200000  26.41000000
 27.83300000  27.83300000  27.83300000  27.83300000  27.83300000  27.83300000  27.83300000  27.83300000  27.83300000  27.83300000  27.83300000  27.83300000  27.83300000  27.83300000  27.83300000  27.83300000  22.92600000  23.76500000  25.23200000  25.91300000  26.74100000  26.98300000  26.93300000  27.02800000  26.52200000  27.03500000  27.09300000  27.06900000  27.14700000  27.22100000
 27.83300000  27.83300000  27.83300000  27.83300000  27.83300000  27.83300000  27.83300000  27.83300000  27.83300000  27.83300000  27.83300000  27.83300000  27.83300000  27.83300000  27.83300000  27.83300000  27.83300000  21.37200000  24.89200000  25.58100000  25.00000000  26.98000000  26.97100000  27.07000000  26.66500000  27.08900000  27.21400000  27.04400000  27.05200000  27.23800000
 27.83300000  27.83300000  27.83300000  27.83300000  27.83300000  27.83300000  27.83300000  27.83300000  27.83300000  27.83300000  27.83300000  27.83300000  27.83300000  27.83300000  27.83300000  27.83300000  27.83300000  27.83300000  27.83300000  25.03500000  25.79700000  26.29400000  26.94900000  27.04400000  26.76600000  27.15800000  27.29400000  27.23400000  27.11000000  27.10400000
 27.83300000  27.83300000  27.83300000  27.83300000  27.83300000  27.83300000  27.83300000  27.83300000  27.83300000  27.83300000  27.83300000  27.83300000  27.83300000  27.83300000  27.83300000  27.83300000  27.83300000  27.83300000  27.83300000  27.83300000  25.18300000  26.51700000  26.93900000  27.02300000  26.92000000  27.19500000  27.23800000  27.22500000  27.22400000  27.18900000
 27.83300000  27.83300000  27.83300000  27.83300000  27.83300000  27.83300000  27.83300000  27.83300000  27.83300000  27.83300000  27.83300000  27.83300000  27.83300000  27.83300000  27.83300000  27.83300000  27.83300000  27.83300000  27.83300000  27.83300000  21.77800000  26.73100000  26.92100000  26.86100000  27.05300000  27.33000000  27.38900000  27.23600000  27.23600000  27.27300000
 27.83300000  27.83300000  27.83300000  27.83300000  27.83300000  27.83300000  27.83300000  27.83300000  27.83300000  27.83300000  27.83300000  27.83300000  27.83300000  27.83300000  27.83300000  27.83300000  27.83300000  27.83300000  27.83300000  27.83300000  21.45300000  26.76800000  26.96300000  26.92300000  27.24500000  27.34300000  27.12300000  27.33000000  27.31200000  27.28100000
 27.83300000  27.83300000  27.83300000  27.83300000  27.83300000  27.83300000  27.83300000  27.83300000  27.83300000  27.83300000  27.83300000  27.83300000  27.83300000  27.83300000  27.83300000  27.83300000  27.83300000  27.83300000  27.83300000  27.83300000  20.96900000  26.48100000  27.19600000  27.08800000  27.35700000  27.14300000  27.16100000  27.30400000  27.32600000  27.37900000
 27.83300000  27.83300000  27.83300000  27.83300000  27.83300000  27.83300000  27.83300000  27.83300000  27.83300000  27.83300000  27.83300000  27.83300000  27.83300000  27.83300000  27.83300000  27.83300000  27.83300000  27.83300000  27.83300000  27.83300000  27.83300000  25.04400000  27.10300000  27.30500000  27.20300000  27.11600000  27.28100000  27.24100000  27.40100000  27.41500000
 27.83300000  27.83300000  27.83300000  27.83300000  27.83300000  27.83300000  27.83300000  27.83300000  27.83300000  27.83300000  27.83300000  27.83300000  27.83300000  27.83300000  27.83300000  27.83300000  27.83300000  27.83300000  27.83300000  27.83300000  27.83300000  22.38600000  26.49500000  27.12900000  27.14900000  27.10300000  27.23700000  27.09600000  27.12400000  27.38700000
 27.83300000  27.83300000  27.83300000  27.83300000  27.83300000  27.83300000  27.83300000  27.83300000  27.83300000  27.83300000  27.83300000  27.83300000  27.83300000  27.83300000  27.83300000  27.83300000  27.83300000  27.83300000  27.83300000  27.83300000  27.83300000  27.83300000  26.48100000  26.91800000  27.03000000  27.04500000  26.97900000  26.93300000  26.91400000  27.05900000
 27.83300000  27.83300000  27.83300000  27.83300000  27.83300000  27.83300000  27.83300000  27.83300000  27.83300000  27.83300000  27.83300000  27.83300000  27.83300000  27.83300000  27.83300000  27.83300000  27.83300000  27.83300000  27.83300000  27.83300000  27.83300000  27.83300000  23.02300000  26.90000000  26.66600000  26.77700000  26.77900000  26.86900000  26.88000000  27.22800000
 27.83300000  27.83300000  27.83300000  27.83300000  27.83300000  27.83300000  27.83300000  27.83300000  27.83300000  27.83300000  27.83300000  27.83300000  27.83300000  27.83300000  27.83300000  27.83300000  27.83300000  27.83300000  27.83300000  27.83300000  27.83300000  27.83300000  27.83300000  26.42400000  26.97100000  26.86700000  27.06800000  26.96500000  27.20600000  27.40200000
