25.63600000 25.28100000 25.59600000 25.58800000 25.07100000 25.02500000 25.46400000 25.57900000 25.57600000 25.48400000 25.37600000 25.31300000 25.19900000 24.39200000 24.23400000 25.40900000 25.65300000 25.75100000 25.41300000 25.38800000 25.42900000 25.39100000 25.25900000 24.93700000 24.19200000 23.87600000 24.24600000 24.68300000 24.58900000 24.67800000
25.38300000 25.11700000 25.48100000 25.28300000 24.59400000 25.37900000 25.53000000 25.47600000 25.44500000 25.38000000 25.25100000 25.12000000 24.28500000 24.16800000 24.81600000 25.26200000 25.70000000 25.40700000 25.40800000 25.37500000 25.39800000 25.26700000 25.07500000 24.57900000 23.73400000 24.35900000 24.51800000 24.56800000 25.04200000 25.09000000
25.22400000 25.45200000 25.48900000 25.39700000 24.51700000 25.28400000 25.38800000 25.33200000 25.21500000 24.97200000 24.33500000 23.94800000 24.18100000 24.68000000 24.77500000 25.51500000 25.65100000 25.37500000 25.36700000 25.27600000 25.20700000 25.13000000 24.62500000 24.46700000 25.35900000 25.62700000 25.52600000 25.44900000 25.11300000 25.06400000
24.65700000 25.36200000 25.44100000 25.54600000 25.05300000 24.50500000 24.76200000 24.32700000 24.06400000 24.28100000 24.62200000 24.85800000 24.92200000 24.89500000 24.96400000 25.64500000 25.65900000 25.30300000 25.28900000 25.13200000 24.88200000 24.78800000 25.69500000 25.91600000 25.95800000 25.64100000 25.48100000 25.36300000 25.31600000 25.39400000
24.54500000 24.41800000 25.28600000 25.43800000 25.55500000 25.09300000 24.48500000 24.30600000 24.51900000 24.93100000 24.97700000 25.21000000 25.43500000 25.49900000 25.58000000 25.71800000 25.66000000 25.22000000 24.99100000 24.93200000 25.73400000 25.84600000 25.68500000 25.71900000 25.76800000 25.83000000 25.75300000 25.38600000 25.27000000 25.27600000
24.23800000 24.02600000 25.00500000 25.45200000 25.47300000 25.53700000 25.63800000 25.50900000 25.52400000 25.63400000 25.59500000 25.61700000 25.81400000 25.90500000 25.94600000 25.77500000 25.67600000 25.37300000 25.28700000 25.75600000 25.69000000 25.58000000 25.43800000 25.29700000 25.49000000 25.83100000 25.98200000 26.02600000 25.31300000 25.12500000
24.04600000 23.72400000 24.86400000 25.13800000 25.53100000 25.57700000 25.52000000 25.50000000 25.49800000 25.54700000 25.73500000 25.77600000 25.77600000 25.85700000 25.94100000 25.77700000 25.79800000 25.75600000 25.63800000 25.68700000 25.52300000 25.32700000 25.01100000 24.97100000 25.32800000 25.75100000 26.17700000 26.06200000 26.07600000 25.39500000
23.88100000 23.58500000 24.39900000 24.47300000 24.94900000 25.65300000 25.83400000 25.66100000 25.69700000 25.76600000 25.89300000 25.85900000 25.83600000 25.91300000 25.95400000 25.77500000 25.85800000 25.84000000 25.71500000 25.60000000 25.53300000 25.39500000 25.27000000 25.35800000 25.63600000 26.15500000 26.56700000 26.41200000 25.95200000 26.12000000
23.48300000 23.88300000 24.16500000 24.48000000 24.27400000 24.60600000 25.04600000 26.02500000 25.78800000 25.69100000 25.78000000 25.79800000 25.83300000 25.81900000 25.80000000 25.79600000 25.87300000 25.98000000 26.02500000 26.05200000 25.93200000 25.81300000 25.87600000 26.10300000 26.59600000 26.94500000 26.77000000 26.50700000 25.96700000 26.20600000
23.44100000 23.08000000 23.72800000 24.07000000 24.11300000 24.18100000 24.25600000 24.74600000 26.20400000 26.36300000 26.24700000 25.99600000 25.73600000 25.67500000 25.74000000 25.79600000 25.76600000 25.83600000 25.96000000 26.89600000 26.80600000 26.78000000 26.81700000 26.80100000 26.56300000 26.49200000 26.69200000 26.24000000 26.06500000 26.21900000
24.33600000 23.64400000 23.53500000 23.41200000 23.67300000 23.64500000 24.00900000 24.08800000 24.43800000 25.33500000 26.40300000 26.56100000 26.69600000 26.53300000 25.82000000 25.66200000 25.86100000 26.62700000 26.37400000 26.39200000 26.29200000 26.28300000 26.31200000 26.44500000 26.53800000 26.62400000 26.37800000 26.01200000 26.38200000 26.30000000
27.83300000 27.83300000 27.83300000 24.09900000 23.58400000 23.34300000 23.54100000 23.52900000 23.60200000 24.11400000 24.68200000 25.92900000 25.87000000 26.19700000 26.34500000 26.25800000 25.97200000 25.57500000 26.48100000 26.79200000 26.12700000 26.38800000 26.45800000 26.19900000 26.27500000 26.44300000 26.53200000 26.27100000 26.51200000 26.41600000
27.83300000 27.83300000 27.83300000 27.83300000 23.73300000 23.58800000 23.31000000 23.42900000 23.37600000 23.58600000 24.27800000 25.10100000 25.37800000 24.56100000 24.50300000 24.97100000 24.91900000 24.76700000 26.47300000 26.73100000 25.98100000 26.22700000 26.16400000 26.45800000 26.55800000 26.75700000 26.52800000 26.34400000 26.57700000 26.43800000
27.83300000 27.83300000 27.83300000 27.83300000 27.83300000 27.83300000 24.50600000 23.93300000 23.33900000 23.39200000 23.58600000 23.73800000 24.10000000 23.68100000 23.23300000 23.74000000 24.51600000 24.73800000 26.19900000 26.85200000 26.35200000 26.06600000 26.24400000 26.28500000 26.36100000 26.80600000 27.00100000 26.68500000 26.32100000 26.42000000
27.83300000 27.83300000 27.83300000 27.83300000 27.83300000 27.83300000 27.83300000 27.83300000 27.83300000 27.83300000 27.83300000 27.83300000 23.38100000 23.26100000 23.09300000 23.44400000 24.18600000 24.72300000 25.64300000 26.51800000 26.93400000 26.90900000 26.42000000 26.27300000 26.38900000 26.93100000 27.02100000 27.10500000 26.78100000 26.40400000
27.83300000 27.83300000 27.83300000 27.83300000 27.83300000 27.83300000 27.83300000 27.83300000 27.83300000 27.83300000 27.83300000 27.83300000 27.83300000 27.83300000 27.83300000 23.62700000 24.02200000 24.79000000 25.19100000 25.84400000 26.73600000 26.94900000 26.91000000 27.00400000 26.50700000 27.01400000 27.06700000 27.04600000 27.12800000 27.19700000
27.83300000 27.83300000 27.83300000 27.83300000 27.83300000 27.83300000 27.83300000 27.83300000 27.83300000 27.83300000 27.83300000 27.83300000 27.83300000 27.83300000 27.83300000 27.83300000 24.00400000 24.26700000 25.43500000 25.57100000 24.96600000 26.96400000 26.95200000 27.05000000 26.64300000 27.07200000 27.19000000 27.03200000 27.05300000 27.24200000
27.83300000 27.83300000 27.83300000 27.83300000 27.83300000 27.83300000 27.83300000 27.83300000 27.83300000 27.83300000 27.83300000 27.83300000 27.83300000 27.83300000 27.83300000 27.83300000 27.83300000 27.83300000 23.91600000 25.63700000 25.86500000 26.39800000 26.92700000 27.02500000 26.74500000 27.14500000 27.28400000 27.24100000 27.13800000 27.11700000
27.83300000 27.83300000 27.83300000 27.83300000 27.83300000 27.83300000 27.83300000 27.83300000 27.83300000 27.83300000 27.83300000 27.83300000 27.83300000 27.83300000 27.83300000 27.83300000 27.83300000 27.83300000 27.83300000 25.81800000 25.16700000 26.49200000 26.91800000 27.00100000 26.92900000 27.18600000 27.24200000 27.25100000 27.26100000 27.20900000
27.83300000 27.83300000 27.83300000 27.83300000 27.83300000 27.83300000 27.83300000 27.83300000 27.83300000 27.83300000 27.83300000 27.83300000 27.83300000 27.83300000 27.83300000 27.83300000 27.83300000 27.83300000 27.83300000 26.00300000 22.99500000 26.72700000 26.90000000 26.84300000 27.05000000 27.32100000 27.38700000 27.26100000 27.24700000 27.30300000
27.83300000 27.83300000 27.83300000 27.83300000 27.83300000 27.83300000 27.83300000 27.83300000 27.83300000 27.83300000 27.83300000 27.83300000 27.83300000 27.83300000 27.83300000 27.83300000 27.83300000 27.83300000 27.83300000 26.02000000 23.27000000 26.77400000 26.93900000 26.91300000 27.23700000 27.33000000 27.13300000 27.33400000 27.34600000 27.30200000
27.83300000 27.83300000 27.83300000 27.83300000 27.83300000 27.83300000 27.83300000 27.83300000 27.83300000 27.83300000 27.83300000 27.83300000 27.83300000 27.83300000 27.83300000 27.83300000 27.83300000 27.83300000 27.83300000 25.79000000 23.17500000 26.48100000 27.17500000 27.07500000 27.34300000 27.13300000 27.17100000 27.32300000 27.35600000 27.39300000
27.83300000 27.83300000 27.83300000 27.83300000 27.83300000 27.83300000 27.83300000 27.83300000 27.83300000 27.83300000 27.83300000 27.83300000 27.83300000 27.83300000 27.83300000 27.83300000 27.83300000 27.83300000 27.83300000 27.83300000 25.93700000 26.25800000 27.09100000 27.29700000 27.20100000 27.12500000 27.31500000 27.27200000 27.43100000 27.43900000
27.83300000 27.83300000 27.83300000 27.83300000 27.83300000 27.83300000 27.83300000 27.83300000 27.83300000 27.83300000 27.83300000 27.83300000 27.83300000 27.83300000 27.83300000 27.83300000 27.83300000 27.83300000 27.83300000 27.83300000 27.83300000 24.32800000 26.46700000 27.12200000 27.14800000 27.14500000 27.29700000 27.17700000 27.18300000 27.40100000
27.83300000 27.83300000 27.83300000 27.83300000 27.83300000 27.83300000 27.83300000 27.83300000 27.83300000 27.83300000 27.83300000 27.83300000 27.83300000 27.83300000 27.83300000 27.83300000 27.83300000 27.83300000 27.83300000 27.83300000 27.83300000 26.11300000 26.47300000 26.95200000 27.08000000 27.13400000 27.09700000 27.08000000 27.04700000 27.16400000
27.83300000 27.83300000 27.83300000 27.83300000 27.83300000 27.83300000 27.83300000 27.83300000 27.83300000 27.83300000 27.83300000 27.83300000 27.83300000 27.83300000 27.83300000 27.83300000 27.83300000 27.83300000 27.83300000 27.83300000 27.83300000 27.83300000 26.63300000 26.94000000 26.81600000 26.95900000 26.95200000 27.10000000 27.09900000 27.41800000
27.83300000 27.83300000 27.83300000 27.83300000 27.83300000 27.83300000 27.83300000 27.83300000 27.83300000 27.83300000 27.83300000 27.83300000 27.83300000 27.83300000 27.83300000 27.83300000 27.83300000 27.83300000 27.83300000 27.83300000 27.83300000 27.83300000 27.83300000 26.53700000 27.16400000 27.14100000 27.41300000 27.25100000 27.34700000 27.60900000
25.67000000 25.37300000 25.63500000 25.64700000 25.13500000 25.04800000 25.46700000 25.59700000 25.59100000 25.51100000 25.39800000 25.33600000 25.28300000 24.40500000 24.24700000 25.41600000 25.67800000 25.78100000 25.44100000 25.41100000 25.44300000 25.40500000 25.27000000 24.93800000 24.20900000 23.87600000 24.25800000 24.64500000 24.60600000 24.69000000
25.40100000 25.13200000 25.49900000 25.29700000 24.60700000 25.39500000 25.54800000 25.49400000 25.46300000 25.39600000 25.26800000 25.13500000 24.29800000 24.18200000 24.83100000 25.28100000 25.71900000 25.42600000 25.42600000 25.39300000 25.41600000 25.28400000 25.08800000 24.59300000 23.75000000 24.37900000 24.53600000 24.58800000 25.06400000 25.11700000
25.22700000 25.47100000 25.50400000 25.41400000 24.52900000 25.29700000 25.40500000 25.34800000 25.23000000 24.98200000 24.34800000 23.95900000 24.19100000 24.69600000 24.78800000 25.53200000 25.66800000 25.39200000 25.38400000 25.29200000 25.22400000 25.14500000 24.63400000 24.48200000 25.38100000 25.64700000 25.54400000 25.46700000 25.13100000 25.08300000
24.70400000 25.37900000 25.45600000 25.56400000 25.07100000 24.51700000 24.77700000 24.33900000 24.07600000 24.29000000 24.63600000 24.87400000 24.93800000 24.91100000 24.98000000 25.66100000 25.67700000 25.32000000 25.30600000 25.14800000 24.89800000 24.80400000 25.71300000 25.93300000 25.97800000 25.66000000 25.50000000 25.38200000 25.33500000 25.41500000
24.37500000 24.48300000 25.29900000 25.45700000 25.57200000 25.10000000 24.49900000 24.31700000 24.53300000 24.94600000 24.99400000 25.22900000 25.45600000 25.52000000 25.60000000 25.73600000 25.67800000 25.24000000 25.00600000 24.94800000 25.75200000 25.86500000 25.70300000 25.73900000 25.78700000 25.84800000 25.77400000 25.40400000 25.28800000 25.29500000
24.13100000 24.07100000 25.02000000 25.47100000 25.49200000 25.55600000 25.65800000 25.53400000 25.54800000 25.65500000 25.61400000 25.63500000 25.83200000 25.92300000 25.96300000 25.79400000 25.69300000 25.39100000 25.30100000 25.77300000 25.70700000 25.59700000 25.45200000 25.31200000 25.50700000 25.84900000 26.00200000 26.04400000 25.33000000 25.13800000
24.03900000 24.19700000 24.88000000 25.15600000 25.54800000 25.59100000 25.53700000 25.51900000 25.51600000 25.56500000 25.75400000 25.79500000 25.79300000 25.87500000 25.95900000 25.79500000 25.81600000 25.77400000 25.65700000 25.70400000 25.54000000 25.34100000 25.02600000 24.98700000 25.34600000 25.77000000 26.19600000 26.08200000 26.09400000 25.41800000
23.56700000 23.65800000 24.70900000 24.49500000 24.97000000 25.66700000 25.85000000 25.67400000 25.71500000 25.78500000 25.91200000 25.87900000 25.85400000 25.93100000 25.97200000 25.79300000 25.87500000 25.85800000 25.73300000 25.61800000 25.55000000 25.41000000 25.28700000 25.37600000 25.65600000 26.17600000 26.58700000 26.43000000 25.96800000 26.13600000
21.42500000 22.97900000 24.59800000 24.50400000 24.29700000 24.62200000 25.06600000 26.04200000 25.80700000 25.71000000 25.79800000 25.81500000 25.84400000 25.83900000 25.82000000 25.81400000 25.89100000 25.99900000 26.04400000 26.07100000 25.95200000 25.83400000 25.89700000 26.12400000 26.61800000 26.96600000 26.79000000 26.52500000 25.98400000 26.22300000
20.23600000 20.41200000 23.05800000 24.09400000 24.12900000 24.19800000 24.26900000 24.76300000 26.22200000 26.38100000 26.26600000 26.01400000 25.75400000 25.69100000 25.75600000 25.81200000 25.78300000 25.85500000 25.98000000 26.91500000 26.82000000 26.79200000 26.83400000 26.81800000 26.57900000 26.51000000 26.71100000 26.25700000 26.08200000 26.23700000
22.19000000 27.83300000 21.78700000 22.53300000 23.29600000 23.65100000 24.04000000 24.38500000 24.45800000 25.34800000 26.42000000 26.58200000 26.71600000 26.55000000 25.84000000 25.68000000 25.88300000 26.64300000 26.39400000 26.41400000 26.31000000 26.30200000 26.33200000 26.46600000 26.55800000 26.64400000 26.39600000 26.02800000 26.39900000 26.31700000
27.83300000 27.83300000 27.83300000 27.83300000 21.76000000 21.55300000 22.73600000 22.88900000 23.43000000 24.16100000 24.69600000 25.95100000 25.88500000 26.21100000 26.36000000 26.27500000 25.98800000 25.59100000 26.50300000 26.81200000 26.14700000 26.40700000 26.47600000 26.21800000 26.29500000 26.45800000 26.55200000 26.28800000 26.52800000 26.43100000
27.83300000 27.83300000 27.83300000 27.83300000 27.83300000 21.67700000 20.31400000 20.53600000 21.46900000 22.61700000 24.27700000 25.11300000 25.40000000 24.58000000 24.51800000 24.99000000 24.93700000 24.79600000 26.49100000 26.75000000 26.00000000 26.24500000 26.18300000 26.47700000 26.57600000 26.77700000 26.54800000 26.35300000 26.59000000 26.45000000
27.83300000 27.83300000 27.83300000 27.83300000 27.83300000 27.83300000 27.83300000 23.71900000 20.93700000 20.96500000 22.13600000 23.56500000 23.90700000 23.59600000 23.05000000 23.67100000 24.53100000 24.76300000 26.21700000 26.87000000 26.37500000 26.08400000 26.26300000 26.30100000 26.37600000 26.82300000 27.01700000 26.70100000 26.33100000 26.43600000
27.83300000 27.83300000 27.83300000 27.83300000 27.83300000 27.83300000 27.83300000 27.83300000 27.83300000 27.83300000 27.83300000 27.83300000 27.83300000 27.83300000 27.83300000 20.65900000 24.13400000 24.66400000 25.66700000 26.53300000 26.95200000 26.92900000 26.44000000 26.29000000 26.40200000 26.94600000 27.03600000 27.11900000 26.79700000 26.40900000
27.83300000 27.83300000 27.83300000 27.83300000 27.83300000 27.83300000 27.83300000 27.83300000 27.83300000 27.83300000 27.83300000 27.83300000 27.83300000 27.83300000 27.83300000 27.83300000 22.99000000 23.74400000 25.21700000 25.86900000 26.74000000 26.96600000 26.92600000 27.02000000 26.51800000 27.02800000 27.08100000 27.05900000 27.14000000 27.21900000
27.83300000 27.83300000 27.83300000 27.83300000 27.83300000 27.83300000 27.83300000 27.83300000 27.83300000 27.83300000 27.83300000 27.83300000 27.83300000 27.83300000 27.83300000 27.83300000 27.83300000 21.40900000 24.84600000 25.56600000 24.94200000 26.97600000 26.96600000 27.06400000 26.65600000 27.08500000 27.20300000 27.04100000 27.05700000 27.24000000
27.83300000 27.83300000 27.83300000 27.83300000 27.83300000 27.83300000 27.83300000 27.83300000 27.83300000 27.83300000 27.83300000 27.83300000 27.83300000 27.83300000 27.83300000 27.83300000 27.83300000 27.83300000 27.83300000 25.04700000 25.77800000 26.36400000 26.94000000 27.03800000 26.75500000 27.15600000 27.29300000 27.24100000 27.11400000 27.10600000
27.83300000 27.83300000 27.83300000 27.83300000 27.83300000 27.83300000 27.83300000 27.83300000 27.83300000 27.83300000 27.83300000 27.83300000 27.83300000 27.83300000 27.83300000 27.83300000 27.83300000 27.83300000 27.83300000 27.83300000 25.15900000 26.52800000 26.93200000 27.01100000 26.92700000 27.19300000 27.24300000 27.22900000 27.22500000 27.18900000
27.83300000 27.83300000 27.83300000 27.83300000 27.83300000 27.83300000 27.83300000 27.83300000 27.83300000 27.83300000 27.83300000 27.83300000 27.83300000 27.83300000 27.83300000 27.83300000 27.83300000 27.83300000 27.83300000 27.83300000 21.94800000 26.75300000 26.91100000 26.85100000 27.05700000 27.32800000 27.38800000 27.24200000 27.23800000 27.27300000
27.83300000 27.83300000 27.83300000 27.83300000 27.83300000 27.83300000 27.83300000 27.83300000 27.83300000 27.83300000 27.83300000 27.83300000 27.83300000 27.83300000 27.83300000 27.83300000 27.83300000 27.83300000 27.83300000 27.83300000 21.43000000 26.79400000 26.94900000 26.92100000 27.24700000 27.33500000 27.13000000 27.33800000 27.31500000 27.28100000
27.83300000 27.83300000 27.83300000 27.83300000 27.83300000 27.83300000 27.83300000 27.83300000 27.83300000 27.83300000 27.83300000 27.83300000 27.83300000 27.83300000 27.83300000 27.83300000 27.83300000 27.83300000 27.83300000 27.83300000 21.32100000 26.49100000 27.18500000 27.08300000 27.35000000 27.13900000 27.17300000 27.31000000 27.33000000 27.38500000
27.83300000 27.83300000 27.83300000 27.83300000 27.83300000 27.83300000 27.83300000 27.83300000 27.83300000 27.83300000 27.83300000 27.83300000 27.83300000 27.83300000 27.83300000 27.83300000 27.83300000 27.83300000 27.83300000 27.83300000 27.83300000 25.13200000 27.10200000 27.30100000 27.20100000 27.12200000 27.28500000 27.24700000 27.41000000 27.42200000
27.83300000 27.83300000 27.83300000 27.83300000 27.83300000 27.83300000 27.83300000 27.83300000 27.83300000 27.83300000 27.83300000 27.83300000 27.83300000 27.83300000 27.83300000 27.83300000 27.83300000 27.83300000 27.83300000 27.83300000 27.83300000 22.43900000 26.50300000 27.12400000 27.15000000 27.11600000 27.23900000 27.09400000 27.12400000 27.38800000
27.83300000 27.83300000 27.83300000 27.83300000 27.83300000 27.83300000 27.83300000 27.83300000 27.83300000 27.83300000 27.83300000 27.83300000 27.83300000 27.83300000 27.83300000 27.83300000 27.83300000 27.83300000 27.83300000 27.83300000 27.83300000 27.83300000 26.48400000 26.93700000 27.03900000 27.04500000 26.97900000 26.93300000 26.91400000 27.05700000
27.83300000 27.83300000 27.83300000 27.83300000 27.83300000 27.83300000 27.83300000 27.83300000 27.83300000 27.83300000 27.83300000 27.83300000 27.83300000 27.83300000 27.83300000 27.83300000 27.83300000 27.83300000 27.83300000 27.83300000 27.83300000 27.83300000 23.51200000 26.90400000 26.67400000 26.77600000 26.77800000 26.87000000 26.88500000 27.24100000
27.83300000 27.83300000 27.83300000 27.83300000 27.83300000 27.83300000 27.83300000 27.83300000 27.83300000 27.83300000 27.83300000 27.83300000 27.83300000 27.83300000 27.83300000 27.83300000 27.83300000 27.83300000 27.83300000 27.83300000 27.83300000 27.83300000 27.83300000 26.41500000 26.97500000 26.87100000 27.09100000 26.95500000 27.21600000 27.40600000
