37.00800000 36.92800000 37.02700000 36.95400000 36.99600000 37.06300000 37.18200000 37.28000000 37.26500000 37.22900000 37.15500000 37.05500000 36.90600000 36.62800000 36.48900000 36.83100000 36.91800000 37.01400000 36.98400000 37.03600000 37.05100000 37.02800000 36.91200000 36.73800000 36.47900000 36.26500000 36.39900000 36.50500000 36.38900000 36.37300000
36.99100000 36.92200000 36.94300000 36.93000000 36.91100000 37.18700000 37.23200000 37.23300000 37.20100000 37.15000000 37.06200000 36.94700000 36.64700000 36.51900000 36.78000000 36.88700000 37.00400000 37.01400000 37.00600000 37.07100000 37.05700000 36.97200000 36.84000000 36.67400000 36.32800000 36.58100000 36.57700000 36.55200000 36.79400000 36.88400000
36.92700000 37.03700000 36.92000000 36.92500000 36.86000000 37.14500000 37.16700000 37.14000000 37.07500000 36.95600000 36.68800000 36.44000000 36.51900000 36.78500000 36.79900000 36.94000000 37.08800000 36.99300000 36.98800000 37.01800000 36.96600000 36.89100000 36.71200000 36.64200000 36.96200000 37.05200000 37.03100000 37.04400000 36.93500000 36.86100000
36.62000000 37.03000000 36.92400000 36.91600000 36.97200000 36.80700000 36.91800000 36.68500000 36.47900000 36.63700000 36.81800000 36.89300000 36.89000000 36.86600000 36.84800000 36.96400000 37.08300000 36.95000000 36.94800000 36.93000000 36.83100000 36.71800000 37.11400000 37.21600000 37.22300000 37.06200000 37.03400000 37.01100000 36.99600000 36.96800000
36.54200000 36.31300000 36.99700000 36.85100000 36.91800000 36.93900000 36.80100000 36.69500000 36.80800000 36.94000000 36.88300000 36.88900000 36.91200000 36.91900000 36.93700000 36.97900000 37.06500000 36.91500000 36.78600000 36.76800000 37.12500000 37.21200000 37.20100000 37.20300000 37.21700000 37.23900000 37.13100000 36.95000000 36.83200000 36.78500000
36.38000000 35.92500000 36.92300000 36.95300000 36.82400000 36.86800000 36.94000000 36.93200000 36.93300000 36.92800000 36.86900000 36.86000000 36.96000000 37.02300000 37.03600000 36.99200000 37.11000000 37.01500000 36.99100000 37.15900000 37.19300000 37.16500000 37.09500000 37.05600000 37.13200000 37.21900000 37.25700000 37.25800000 36.84500000 36.56800000
36.08100000 35.36700000 36.87200000 37.00900000 37.03300000 36.91500000 36.82700000 36.80400000 36.80200000 36.83600000 36.94600000 36.99500000 36.99200000 37.01300000 37.04300000 36.99700000 37.19300000 37.17600000 37.12700000 37.16200000 37.14700000 37.04800000 36.95700000 36.94400000 37.07500000 37.18900000 37.26500000 37.27200000 37.26000000 36.84600000
35.70400000 35.15500000 36.16400000 36.64300000 36.90100000 37.13300000 37.10600000 36.90400000 36.91200000 36.93800000 37.01500000 36.98300000 36.98700000 37.04600000 37.06400000 37.03000000 37.22000000 37.20300000 37.14800000 37.12600000 37.15300000 37.08800000 37.03300000 37.07900000 37.16700000 37.23600000 37.34500000 37.33600000 37.25400000 37.23500000
35.36300000 35.61500000 36.21700000 36.69400000 36.55100000 36.70500000 36.89600000 37.24400000 36.96200000 36.89200000 36.92300000 36.93600000 36.95300000 36.94500000 36.93900000 37.00900000 37.16800000 37.23600000 37.25200000 37.25100000 37.20700000 37.17400000 37.19600000 37.21800000 37.32400000 37.45500000 37.45000000 37.36400000 37.27000000 37.25800000
35.20500000 35.33500000 35.83900000 36.28200000 36.40600000 36.51900000 36.54000000 36.76400000 37.30200000 37.32900000 37.23200000 37.06700000 36.93900000 36.94200000 36.96600000 36.97000000 37.03800000 37.02700000 37.02500000 37.43400000 37.42300000 37.42300000 37.43000000 37.43200000 37.40600000 37.40300000 37.44600000 37.31400000 37.25500000 37.24800000
34.58700000 34.84600000 34.96200000 35.25400000 36.03400000 36.14500000 36.44800000 36.11800000 36.54900000 37.07000000 37.35100000 37.37700000 37.40600000 37.31400000 36.98700000 36.94400000 37.00500000 37.38700000 37.27800000 37.29600000 37.32600000 37.32400000 37.33500000 37.38800000 37.40800000 37.42400000 37.33500000 37.26100000 37.32500000 37.22500000
37.59700000 37.59700000 37.59700000 35.05700000 35.56400000 35.74500000 36.05700000 35.94700000 35.72700000 36.25400000 36.87000000 37.23600000 37.21900000 37.30100000 37.33300000 37.30000000 37.17400000 37.06300000 37.30900000 37.35700000 37.26200000 37.35200000 37.35700000 37.26000000 37.26900000 37.32800000 37.35300000 37.28200000 37.36000000 37.21300000
37.59700000 37.59700000 37.59700000 37.59700000 35.16900000 35.31700000 35.50000000 35.52000000 35.61500000 35.79800000 36.53100000 37.02600000 37.10700000 36.73600000 36.67900000 36.94900000 36.87300000 36.41900000 37.29700000 37.33900000 37.21500000 37.26400000 37.23000000 37.21400000 37.25500000 37.34000000 37.32500000 37.30600000 37.38700000 37.22100000
37.59700000 37.59700000 37.59700000 37.59700000 37.59700000 37.59700000 35.28800000 35.38600000 35.46800000 35.55000000 36.02600000 36.30600000 36.46600000 36.30000000 36.15600000 36.27800000 36.76300000 36.26600000 37.21900000 37.36100000 37.26000000 37.17100000 37.19300000 37.18500000 37.25200000 37.34700000 37.44300000 37.36500000 37.29700000 37.28500000
37.59700000 37.59700000 37.59700000 37.59700000 37.59700000 37.59700000 37.59700000 37.59700000 37.59700000 37.59700000 37.59700000 37.59700000 35.66100000 35.87500000 36.14500000 36.15100000 36.62500000 36.09100000 37.03100000 37.25800000 37.35200000 37.36200000 37.24400000 37.19900000 37.27800000 37.35800000 37.41800000 37.48600000 37.39400000 37.29900000
37.59700000 37.59700000 37.59700000 37.59700000 37.59700000 37.59700000 37.59700000 37.59700000 37.59700000 37.59700000 37.59700000 37.59700000 37.59700000 37.59700000 37.59700000 35.93500000 36.25500000 35.96800000 36.47100000 37.09100000 37.29200000 37.34400000 37.37400000 37.39300000 37.31400000 37.34000000 37.36900000 37.45300000 37.51100000 37.54800000
37.59700000 37.59700000 37.59700000 37.59700000 37.59700000 37.59700000 37.59700000 37.59700000 37.59700000 37.59700000 37.59700000 37.59700000 37.59700000 37.59700000 37.59700000 37.59700000 35.97200000 35.94000000 36.61200000 36.93300000 36.92000000 37.33800000 37.41800000 37.40300000 37.35000000 37.30800000 37.34400000 37.39100000 37.40600000 37.54200000
37.59700000 37.59700000 37.59700000 37.59700000 37.59700000 37.59700000 37.59700000 37.59700000 37.59700000 37.59700000 37.59700000 37.59700000 37.59700000 37.59700000 37.59700000 37.59700000 37.59700000 37.59700000 35.95800000 36.75300000 37.07100000 36.98400000 37.40800000 37.40600000 37.38400000 37.30000000 37.33500000 37.36700000 37.33000000 37.35600000
37.59700000 37.59700000 37.59700000 37.59700000 37.59700000 37.59700000 37.59700000 37.59700000 37.59700000 37.59700000 37.59700000 37.59700000 37.59700000 37.59700000 37.59700000 37.59700000 37.59700000 37.59700000 37.59700000 36.58800000 36.93500000 37.01300000 37.40900000 37.42800000 37.34600000 37.32100000 37.33900000 37.34800000 37.36800000 37.30400000
37.59700000 37.59700000 37.59700000 37.59700000 37.59700000 37.59700000 37.59700000 37.59700000 37.59700000 37.59700000 37.59700000 37.59700000 37.59700000 37.59700000 37.59700000 37.59700000 37.59700000 37.59700000 37.59700000 36.82000000 36.55500000 37.13300000 37.40500000 37.42600000 37.28200000 37.38900000 37.40900000 37.38400000 37.35500000 37.33500000
37.59700000 37.59700000 37.59700000 37.59700000 37.59700000 37.59700000 37.59700000 37.59700000 37.59700000 37.59700000 37.59700000 37.59700000 37.59700000 37.59700000 37.59700000 37.59700000 37.59700000 37.59700000 37.59700000 36.90000000 36.54000000 37.15600000 37.36500000 37.37200000 37.35100000 37.38700000 37.38800000 37.40900000 37.41500000 37.33800000
37.59700000 37.59700000 37.59700000 37.59700000 37.59700000 37.59700000 37.59700000 37.59700000 37.59700000 37.59700000 37.59700000 37.59700000 37.59700000 37.59700000 37.59700000 37.59700000 37.59700000 37.59700000 37.59700000 36.57700000 36.57700000 36.98100000 37.34200000 37.31000000 37.39700000 37.36500000 37.37500000 37.38100000 37.38500000 37.40100000
37.59700000 37.59700000 37.59700000 37.59700000 37.59700000 37.59700000 37.59700000 37.59700000 37.59700000 37.59700000 37.59700000 37.59700000 37.59700000 37.59700000 37.59700000 37.59700000 37.59700000 37.59700000 37.59700000 37.59700000 36.71300000 36.74200000 37.31500000 37.37900000 37.35100000 37.36100000 37.33300000 37.32200000 37.33800000 37.36200000
37.59700000 37.59700000 37.59700000 37.59700000 37.59700000 37.59700000 37.59700000 37.59700000 37.59700000 37.59700000 37.59700000 37.59700000 37.59700000 37.59700000 37.59700000 37.59700000 37.59700000 37.59700000 37.59700000 37.59700000 37.59700000 36.62100000 37.01000000 37.31100000 37.33400000 37.32600000 37.33600000 37.30500000 37.30100000 37.31100000
37.59700000 37.59700000 37.59700000 37.59700000 37.59700000 37.59700000 37.59700000 37.59700000 37.59700000 37.59700000 37.59700000 37.59700000 37.59700000 37.59700000 37.59700000 37.59700000 37.59700000 37.59700000 37.59700000 37.59700000 37.59700000 36.47600000 36.75300000 37.23900000 37.27900000 37.30400000 37.29000000 37.27300000 37.27500000 37.27700000
37.59700000 37.59700000 37.59700000 37.59700000 37.59700000 37.59700000 37.59700000 37.59700000 37.59700000 37.59700000 37.59700000 37.59700000 37.59700000 37.59700000 37.59700000 37.59700000 37.59700000 37.59700000 37.59700000 37.59700000 37.59700000 37.59700000 36.42000000 37.12800000 37.14100000 37.18500000 37.18200000 37.20200000 37.22900000 37.30300000
37.59700000 37.59700000 37.59700000 37.59700000 37.59700000 37.59700000 37.59700000 37.59700000 37.59700000 37.59700000 37.59700000 37.59700000 37.59700000 37.59700000 37.59700000 37.59700000 37.59700000 37.59700000 37.59700000 37.59700000 37.59700000 37.59700000 37.59700000 36.44100000 37.17200000 37.17300000 37.21400000 37.22100000 37.27600000 37.30100000
37.00700000 36.92800000 37.02700000 36.95400000 36.99500000 37.06300000 37.18200000 37.27900000 37.26400000 37.23200000 37.15600000 37.05600000 36.90800000 36.62800000 36.49200000 36.83100000 36.91700000 37.01400000 36.98200000 37.03500000 37.05100000 37.03000000 36.91100000 36.73500000 36.48200000 36.26400000 36.39800000 36.50600000 36.38600000 36.37500000
36.99000000 36.92100000 36.94200000 36.92900000 36.91000000 37.18700000 37.23200000 37.23200000 37.20000000 37.14900000 37.06200000 36.94600000 36.64600000 36.51900000 36.77900000 36.88600000 37.00300000 37.01400000 37.00500000 37.07000000 37.05700000 36.97100000 36.83900000 36.67300000 36.32700000 36.58100000 36.57600000 36.55200000 36.79500000 36.88500000
36.92500000 37.03600000 36.92000000 36.92500000 36.86000000 37.14400000 37.16600000 37.13900000 37.07400000 36.95500000 36.68700000 36.43900000 36.51800000 36.78500000 36.79800000 36.93900000 37.08700000 36.99300000 36.98700000 37.01700000 36.96500000 36.89100000 36.71100000 36.64200000 36.96300000 37.05100000 37.03000000 37.04300000 36.93400000 36.86000000
36.61900000 37.02900000 36.92300000 36.91500000 36.97100000 36.80600000 36.91700000 36.68400000 36.47900000 36.63700000 36.81800000 36.89200000 36.88900000 36.86500000 36.84700000 36.96300000 37.08300000 36.94900000 36.94700000 36.92900000 36.83100000 36.71700000 37.11400000 37.21500000 37.22300000 37.06100000 37.03300000 37.01000000 36.99500000 36.96700000
36.54200000 36.32200000 36.99700000 36.85100000 36.91700000 36.93900000 36.80200000 36.69600000 36.80800000 36.93900000 36.88200000 36.88800000 36.91100000 36.91800000 36.93600000 36.97800000 37.06500000 36.91400000 36.78500000 36.76800000 37.12500000 37.21200000 37.20000000 37.20200000 37.21600000 37.23700000 37.13100000 36.94900000 36.83100000 36.78400000
36.38500000 35.96200000 36.92300000 36.95200000 36.82300000 36.86700000 36.93900000 36.93000000 36.93200000 36.92600000 36.86800000 36.85900000 36.95900000 37.02200000 37.03500000 36.99100000 37.10900000 37.01400000 36.99000000 37.15800000 37.19200000 37.16400000 37.09400000 37.05400000 37.13000000 37.21800000 37.25600000 37.25700000 36.84500000 36.56700000
36.09600000 35.97000000 36.87200000 37.00700000 37.03200000 36.91500000 36.82600000 36.80300000 36.80100000 36.83500000 36.94500000 36.99400000 36.99200000 37.01200000 37.04200000 36.99600000 37.19200000 37.17500000 37.12600000 37.16100000 37.14600000 37.04700000 36.95600000 36.94300000 37.07400000 37.18800000 37.26400000 37.27100000 37.25900000 36.85100000
35.90900000 35.58400000 36.36700000 36.64200000 36.89900000 37.13200000 37.10600000 36.90300000 36.91100000 36.93700000 37.01400000 36.98200000 36.98600000 37.04500000 37.06300000 37.03000000 37.21900000 37.20200000 37.14700000 37.12500000 37.15200000 37.08700000 37.03200000 37.07800000 37.16600000 37.23500000 37.34400000 37.33500000 37.25300000 37.23500000
35.77400000 35.82200000 36.43500000 36.69300000 36.54900000 36.70400000 36.89400000 37.24200000 36.96100000 36.89100000 36.92200000 36.93500000 36.95200000 36.94400000 36.93800000 37.00800000 37.16700000 37.23500000 37.25100000 37.25000000 37.20700000 37.17400000 37.19500000 37.21700000 37.32300000 37.45400000 37.44900000 37.36300000 37.26900000 37.25700000
35.69100000 35.85800000 36.33000000 36.28100000 36.40600000 36.51700000 36.54100000 36.76300000 37.30100000 37.32700000 37.23200000 37.06700000 36.93900000 36.94100000 36.96600000 36.96900000 37.03700000 37.02600000 37.02500000 37.43300000 37.42200000 37.42200000 37.42900000 37.43100000 37.40500000 37.40200000 37.44500000 37.31300000 37.25300000 37.24700000
35.42900000 37.59700000 35.51000000 35.46700000 36.16100000 36.14400000 36.45500000 36.37900000 36.54700000 37.06700000 37.35000000 37.37600000 37.40500000 37.31300000 36.98700000 36.94300000 37.00500000 37.38600000 37.27700000 37.29500000 37.32500000 37.32300000 37.33500000 37.38700000 37.40700000 37.42300000 37.33400000 37.26000000 37.32400000 37.22500000
37.59700000 37.59700000 37.59700000 37.59700000 35.72200000 35.99000000 36.46000000 36.50800000 36.14400000 36.26600000 36.86700000 37.23400000 37.21700000 37.29900000 37.33100000 37.29900000 37.17300000 37.06100000 37.30800000 37.35600000 37.26100000 37.35100000 37.35500000 37.25900000 37.26800000 37.32600000 37.35200000 37.28100000 37.35900000 37.21200000
37.59700000 37.59700000 37.59700000 37.59700000 37.59700000 35.62300000 35.85600000 35.97800000 36.19200000 35.81000000 36.53900000 37.02200000 37.10600000 36.73500000 36.67600000 36.94800000 36.87000000 36.42400000 37.29600000 37.33800000 37.21400000 37.26300000 37.22900000 37.21300000 37.25400000 37.33900000 37.32500000 37.30400000 37.38600000 37.22000000
37.59700000 37.59700000 37.59700000 37.59700000 37.59700000 37.59700000 37.59700000 35.46800000 35.70700000 35.74300000 36.25300000 36.44900000 36.49000000 36.32400000 36.15400000 36.26900000 36.76000000 36.27200000 37.21800000 37.35900000 37.26000000 37.17000000 37.19100000 37.18400000 37.25100000 37.34700000 37.44200000 37.36500000 37.29500000 37.28500000
37.59700000 37.59700000 37.59700000 37.59700000 37.59700000 37.59700000 37.59700000 37.59700000 37.59700000 37.59700000 37.59700000 37.59700000 37.59700000 37.59700000 37.59700000 36.19500000 36.61500000 36.13100000 37.02900000 37.25600000 37.35100000 37.36100000 37.24400000 37.19900000 37.27700000 37.35700000 37.41700000 37.48500000 37.39500000 37.29800000
37.59700000 37.59700000 37.59700000 37.59700000 37.59700000 37.59700000 37.59700000 37.59700000 37.59700000 37.59700000 37.59700000 37.59700000 37.59700000 37.59700000 37.59700000 37.59700000 36.35300000 36.31800000 36.46900000 37.09000000 37.28800000 37.34300000 37.37300000 37.39300000 37.31300000 37.34000000 37.36800000 37.45300000 37.51100000 37.55000000
37.59700000 37.59700000 37.59700000 37.59700000 37.59700000 37.59700000 37.59700000 37.59700000 37.59700000 37.59700000 37.59700000 37.59700000 37.59700000 37.59700000 37.59700000 37.59700000 37.59700000 36.39700000 36.62800000 36.92800000 36.91900000 37.33600000 37.41700000 37.40200000 37.35000000 37.30800000 37.34400000 37.39100000 37.40700000 37.54500000
37.59700000 37.59700000 37.59700000 37.59700000 37.59700000 37.59700000 37.59700000 37.59700000 37.59700000 37.59700000 37.59700000 37.59700000 37.59700000 37.59700000 37.59700000 37.59700000 37.59700000 37.59700000 37.59700000 36.66600000 37.05400000 36.98300000 37.40700000 37.40600000 37.38400000 37.30100000 37.33600000 37.36800000 37.33500000 37.39200000
37.59700000 37.59700000 37.59700000 37.59700000 37.59700000 37.59700000 37.59700000 37.59700000 37.59700000 37.59700000 37.59700000 37.59700000 37.59700000 37.59700000 37.59700000 37.59700000 37.59700000 37.59700000 37.59700000 37.59700000 36.93300000 37.02700000 37.40900000 37.42800000 37.35000000 37.32100000 37.33900000 37.35000000 37.37000000 37.31500000
37.59700000 37.59700000 37.59700000 37.59700000 37.59700000 37.59700000 37.59700000 37.59700000 37.59700000 37.59700000 37.59700000 37.59700000 37.59700000 37.59700000 37.59700000 37.59700000 37.59700000 37.59700000 37.59700000 37.59700000 36.46100000 37.13700000 37.40600000 37.42600000 37.28200000 37.38800000 37.40800000 37.38200000 37.35700000 37.33300000
37.59700000 37.59700000 37.59700000 37.59700000 37.59700000 37.59700000 37.59700000 37.59700000 37.59700000 37.59700000 37.59700000 37.59700000 37.59700000 37.59700000 37.59700000 37.59700000 37.59700000 37.59700000 37.59700000 37.59700000 36.36600000 37.16200000 37.36700000 37.37200000 37.35100000 37.38600000 37.38700000 37.40900000 37.41300000 37.34500000
37.59700000 37.59700000 37.59700000 37.59700000 37.59700000 37.59700000 37.59700000 37.59700000 37.59700000 37.59700000 37.59700000 37.59700000 37.59700000 37.59700000 37.59700000 37.59700000 37.59700000 37.59700000 37.59700000 37.59700000 36.42900000 36.98600000 37.34300000 37.31000000 37.39700000 37.36400000 37.37500000 37.38100000 37.38700000 37.39900000
37.59700000 37.59700000 37.59700000 37.59700000 37.59700000 37.59700000 37.59700000 37.59700000 37.59700000 37.59700000 37.59700000 37.59700000 37.59700000 37.59700000 37.59700000 37.59700000 37.59700000 37.59700000 37.59700000 37.59700000 37.59700000 36.71300000 37.31600000 37.37900000 37.35000000 37.36100000 37.33900000 37.32300000 37.33700000 37.36100000
37.59700000 37.59700000 37.59700000 37.59700000 37.59700000 37.59700000 37.59700000 37.59700000 37.59700000 37.59700000 37.59700000 37.59700000 37.59700000 37.59700000 37.59700000 37.59700000 37.59700000 37.59700000 37.59700000 37.59700000 37.59700000 36.56600000 37.02100000 37.31100000 37.33400000 37.32700000 37.33500000 37.31200000 37.29500000 37.31300000
37.59700000 37.59700000 37.59700000 37.59700000 37.59700000 37.59700000 37.59700000 37.59700000 37.59700000 37.59700000 37.59700000 37.59700000 37.59700000 37.59700000 37.59700000 37.59700000 37.59700000 37.59700000 37.59700000 37.59700000 37.59700000 37.59700000 36.89300000 37.24400000 37.28700000 37.31500000 37.29900000 37.28200000 37.28000000 37.27200000
37.59700000 37.59700000 37.59700000 37.59700000 37.59700000 37.59700000 37.59700000 37.59700000 37.59700000 37.59700000 37.59700000 37.59700000 37.59700000 37.59700000 37.59700000 37.59700000 37.59700000 37.59700000 37.59700000 37.59700000 37.59700000 37.59700000 36.75200000 37.15200000 37.14900000 37.20800000 37.21300000 37.22700000 37.23000000 37.29200000
37.59700000 37.59700000 37.59700000 37.59700000 37.59700000 37.59700000 37.59700000 37.59700000 37.59700000 37.59700000 37.59700000 37.59700000 37.59700000 37.59700000 37.59700000 37.59700000 37.59700000 37.59700000 37.59700000 37.59700000 37.59700000 37.59700000 37.59700000 36.86300000 37.18400000 37.19000000 37.23100000 37.22300000 37.27500000 37.28800000
