 25.63000000  25.28600000  25.59700000  25.58300000  25.07000000  25.03600000  25.46700000  25.57300000  25.57200000  25.48000000  25.37000000  25.31400000  25.20200000  24.39100000  24.23400000  25.40400000  25.65200000  25.74600000  25.41300000  25.39000000  25.42300000  25.38500000  25.25000000  24.93300000  24.18900000  23.87300000  24.24100000  24.66500000  24.58100000  24.67800000
 25.37500000  25.09100000  25.47700000  25.26500000  24.60000000  25.37900000  25.52400000  25.46800000  25.44000000  25.37600000  25.24600000  25.11500000  24.27500000  24.16500000  24.80800000  25.25600000  25.69500000  25.39900000  25.40100000  25.36900000  25.39200000  25.25900000  25.06800000  24.57600000  23.72600000  24.34800000  24.51100000  24.55400000  25.03300000  25.07700000
 25.22900000  25.44800000  25.48300000  25.37800000  24.51600000  25.28800000  25.38300000  25.32700000  25.21200000  24.97900000  24.33900000  23.94200000  24.17500000  24.67700000  24.76800000  25.51100000  25.64100000  25.36500000  25.36100000  25.27100000  25.20100000  25.12700000  24.62500000  24.45500000  25.35500000  25.62100000  25.52000000  25.44500000  25.10500000  25.05500000
 24.66000000  25.35700000  25.43200000  25.54200000  25.03700000  24.50200000  24.78200000  24.32800000  24.06000000  24.27800000  24.61600000  24.85100000  24.91600000  24.89200000  24.96300000  25.64200000  25.65100000  25.29200000  25.28500000  25.12200000  24.87100000  24.78300000  25.69400000  25.91000000  25.95300000  25.63100000  25.47200000  25.35700000  25.30800000  25.38700000
 24.54500000  24.41300000  25.27600000  25.43500000  25.55000000  25.08600000  24.46800000  24.30600000  24.51200000  24.92600000  24.97100000  25.19900000  25.42500000  25.49300000  25.57600000  25.71100000  25.64600000  25.20300000  24.98600000  24.92200000  25.72700000  25.84200000  25.67800000  25.71700000  25.76500000  25.81700000  25.75300000  25.37800000  25.26000000  25.27100000
 24.21700000  24.01500000  24.99400000  25.44800000  25.47000000  25.53100000  25.63100000  25.50100000  25.51900000  25.62800000  25.59000000  25.60900000  25.80400000  25.89700000  25.93900000  25.76900000  25.66800000  25.35100000  25.28200000  25.75600000  25.68400000  25.57600000  25.42800000  25.28600000  25.48100000  25.82300000  25.98600000  26.02000000  25.30500000  25.12000000
 24.04100000  23.71000000  24.86600000  25.13200000  25.53100000  25.57700000  25.51800000  25.49900000  25.49400000  25.54100000  25.72700000  25.77100000  25.76800000  25.85000000  25.93400000  25.77100000  25.79100000  25.74400000  25.62800000  25.68200000  25.51700000  25.31600000  24.99800000  24.96600000  25.32400000  25.74700000  26.17600000  26.06500000  26.07300000  25.37800000
 23.87800000  23.57500000  24.38300000  24.46500000  24.93900000  25.64700000  25.83400000  25.65500000  25.69300000  25.76200000  25.88900000  25.85400000  25.82900000  25.90700000  25.94900000  25.77200000  25.85100000  25.82900000  25.70600000  25.59200000  25.52400000  25.38400000  25.26100000  25.35200000  25.63200000  26.15600000  26.56800000  26.41000000  25.94300000  26.11100000
 23.48200000  23.86200000  24.15600000  24.47300000  24.27100000  24.59900000  25.03900000  26.02700000  25.79000000  25.68300000  25.77000000  25.79100000  25.82700000  25.81500000  25.79600000  25.79100000  25.87100000  25.97500000  26.01800000  26.04400000  25.92700000  25.81000000  25.88000000  26.10100000  26.60600000  26.94100000  26.76400000  26.50400000  25.96300000  26.20000000
 23.43900000  23.04800000  23.72200000  24.06700000  24.11300000  24.16400000  24.25200000  24.72700000  26.18900000  26.36200000  26.25400000  25.99800000  25.73000000  25.66900000  25.73700000  25.79200000  25.76100000  25.83100000  25.95100000  26.88800000  26.78600000  26.75800000  26.79700000  26.78500000  26.54600000  26.48000000  26.68600000  26.23300000  26.05800000  26.21500000
 24.33300000  23.64800000  23.54100000  23.39100000  23.67400000  23.63000000  24.00700000  24.07200000  24.42200000  25.29700000  26.39100000  26.55100000  26.69100000  26.51400000  25.80700000  25.65400000  25.84200000  26.61200000  26.38400000  26.40800000  26.28000000  26.27400000  26.30900000  26.44600000  26.53800000  26.62100000  26.36600000  26.00400000  26.37400000  26.29400000
 27.83300000  27.83300000  27.83300000  24.08400000  23.59000000  23.33700000  23.53100000  23.52000000  23.58600000  24.09700000  24.64800000  25.91300000  25.85200000  26.17600000  26.33300000  26.24500000  25.96700000  25.52900000  26.48600000  26.77900000  26.11800000  26.38700000  26.45000000  26.19600000  26.27500000  26.43200000  26.52100000  26.25900000  26.50200000  26.40800000
 27.83300000  27.83300000  27.83300000  27.83300000  23.72100000  23.58500000  23.30600000  23.41500000  23.36300000  23.55100000  24.26300000  25.05800000  25.36900000  24.54700000  24.49600000  24.95700000  24.90500000  24.77500000  26.45700000  26.71600000  25.97300000  26.22100000  26.16000000  26.45200000  26.54800000  26.75000000  26.51700000  26.33700000  26.57100000  26.43000000
 27.83300000  27.83300000  27.83300000  27.83300000  27.83300000  27.83300000  24.49500000  23.93800000  23.33000000  23.38400000  23.57500000  23.73400000  24.08900000  23.67900000  23.22400000  23.72800000  24.50800000  24.74200000  26.19400000  26.84400000  26.33500000  26.06000000  26.23900000  26.27600000  26.35400000  26.80200000  26.99300000  26.66600000  26.31200000  26.40600000
 27.83300000  27.83300000  27.83300000  27.83300000  27.83300000  27.83300000  27.83300000  27.83300000  27.83300000  27.83300000  27.83300000  27.83300000  23.36900000  23.24500000  23.09700000  23.43200000  24.17700000  24.71400000  25.62600000  26.51300000  26.92100000  26.90100000  26.41000000  26.26900000  26.38600000  26.92800000  27.01300000  27.09600000  26.75800000  26.38700000
 27.83300000  27.83300000  27.83300000  27.83300000  27.83300000  27.83300000  27.83300000  27.83300000  27.83300000  27.83300000  27.83300000  27.83300000  27.83300000  27.83300000  27.83300000  23.60600000  24.00300000  24.77800000  25.17700000  25.79400000  26.73400000  26.93200000  26.90200000  26.99300000  26.50100000  27.00900000  27.05700000  27.03500000  27.11500000  27.17700000
 27.83300000  27.83300000  27.83300000  27.83300000  27.83300000  27.83300000  27.83300000  27.83300000  27.83300000  27.83300000  27.83300000  27.83300000  27.83300000  27.83300000  27.83300000  27.83300000  23.98400000  24.24300000  25.40500000  25.54100000  24.93100000  26.95800000  26.94500000  27.04400000  26.63400000  27.06500000  27.17600000  27.01500000  27.03800000  27.22200000
 27.83300000  27.83300000  27.83300000  27.83300000  27.83300000  27.83300000  27.83300000  27.83300000  27.83300000  27.83300000  27.83300000  27.83300000  27.83300000  27.83300000  27.83300000  27.83300000  27.83300000  27.83300000  23.92900000  25.59500000  25.84300000  26.42300000  26.91800000  27.02000000  26.73200000  27.13700000  27.27100000  27.21900000  27.11100000  27.09100000
 27.83300000  27.83300000  27.83300000  27.83300000  27.83300000  27.83300000  27.83300000  27.83300000  27.83300000  27.83300000  27.83300000  27.83300000  27.83300000  27.83300000  27.83300000  27.83300000  27.83300000  27.83300000  27.83300000  25.78900000  25.11700000  26.51200000  26.91100000  26.98600000  26.92200000  27.17600000  27.22400000  27.22800000  27.23100000  27.18700000
 27.83300000  27.83300000  27.83300000  27.83300000  27.83300000  27.83300000  27.83300000  27.83300000  27.83300000  27.83300000  27.83300000  27.83300000  27.83300000  27.83300000  27.83300000  27.83300000  27.83300000  27.83300000  27.83300000  25.98000000  23.01100000  26.75200000  26.88800000  26.82900000  27.04800000  27.31100000  27.36900000  27.23600000  27.23100000  27.28300000
 27.83300000  27.83300000  27.83300000  27.83300000  27.83300000  27.83300000  27.83300000  27.83300000  27.83300000  27.83300000  27.83300000  27.83300000  27.83300000  27.83300000  27.83300000  27.83300000  27.83300000  27.83300000  27.83300000  26.00500000  23.11000000  26.80800000  26.92600000  26.90800000  27.23700000  27.31200000  27.11500000  27.32200000  27.32700000  27.29000000
 27.83300000  27.83300000  27.83300000  27.83300000  27.83300000  27.83300000  27.83300000  27.83300000  27.83300000  27.83300000  27.83300000  27.83300000  27.83300000  27.83300000  27.83300000  27.83300000  27.83300000  27.83300000  27.83300000  25.75700000  23.07800000  26.49700000  27.16300000  27.06700000  27.33200000  27.12200000  27.16100000  27.30500000  27.34200000  27.38300000
 27.83300000  27.83300000  27.83300000  27.83300000  27.83300000  27.83300000  27.83300000  27.83300000  27.83300000  27.83300000  27.83300000  27.83300000  27.83300000  27.83300000  27.83300000  27.83300000  27.83300000  27.83300000  27.83300000  27.83300000  25.91300000  26.25900000  27.08700000  27.28600000  27.18400000  27.11000000  27.28900000  27.25600000  27.42200000  27.43500000
 27.83300000  27.83300000  27.83300000  27.83300000  27.83300000  27.83300000  27.83300000  27.83300000  27.83300000  27.83300000  27.83300000  27.83300000  27.83300000  27.83300000  27.83300000  27.83300000  27.83300000  27.83300000  27.83300000  27.83300000  27.83300000  24.32900000  26.49000000  27.11000000  27.13500000  27.12600000  27.27400000  27.15200000  27.16500000  27.38700000
 27.83300000  27.83300000  27.83300000  27.83300000  27.83300000  27.83300000  27.83300000  27.83300000  27.83300000  27.83300000  27.83300000  27.83300000  27.83300000  27.83300000  27.83300000  27.83300000  27.83300000  27.83300000  27.83300000  27.83300000  27.83300000  26.09800000  26.48000000  26.94600000  27.06100000  27.09700000  27.05700000  27.04700000  27.01800000  27.13600000
 27.83300000  27.83300000  27.83300000  27.83300000  27.83300000  27.83300000  27.83300000  27.83300000  27.83300000  27.83300000  27.83300000  27.83300000  27.83300000  27.83300000  27.83300000  27.83300000  27.83300000  27.83300000  27.83300000  27.83300000  27.83300000  27.83300000  26.60800000  26.90800000  26.79200000  26.92200000  26.90900000  27.06900000  27.06500000  27.39800000
 27.83300000  27.83300000  27.83300000  27.83300000  27.83300000  27.83300000  27.83300000  27.83300000  27.83300000  27.83300000  27.83300000  27.83300000  27.83300000  27.83300000  27.83300000  27.83300000  27.83300000  27.83300000  27.83300000  27.83300000  27.83300000  27.83300000  27.83300000  26.52100000  27.10600000  27.07800000  27.39100000  27.21800000  27.30500000  27.57900000
 25.66300000  25.37400000  25.63500000  25.64000000  25.13300000  25.05900000  25.46900000  25.59100000  25.59000000  25.50700000  25.39200000  25.33600000  25.27900000  24.40400000  24.24700000  25.41200000  25.67700000  25.77600000  25.44100000  25.41200000  25.43900000  25.40100000  25.26400000  24.93500000  24.20600000  23.87400000  24.25400000  24.63400000  24.59800000  24.69000000
 25.39400000  25.10600000  25.49500000  25.28000000  24.61600000  25.39700000  25.54300000  25.48700000  25.45900000  25.39300000  25.26400000  25.13100000  24.28900000  24.18000000  24.82500000  25.27500000  25.71400000  25.41900000  25.42000000  25.38900000  25.41000000  25.27600000  25.08100000  24.59100000  23.74100000  24.36600000  24.52900000  24.57400000  25.05300000  25.10400000
 25.23200000  25.46800000  25.50000000  25.39600000  24.52900000  25.30500000  25.40100000  25.34500000  25.22900000  24.99000000  24.35200000  23.95500000  24.18800000  24.69400000  24.78400000  25.53000000  25.65900000  25.38300000  25.37700000  25.29000000  25.21900000  25.14300000  24.63400000  24.47100000  25.37700000  25.64100000  25.53900000  25.46300000  25.12300000  25.07400000
 24.70600000  25.37400000  25.44800000  25.56200000  25.05800000  24.51600000  24.79900000  24.34100000  24.07300000  24.28800000  24.63100000  24.86900000  24.93400000  24.90800000  24.98000000  25.65900000  25.67000000  25.30900000  25.30100000  25.13900000  24.88800000  24.79600000  25.71500000  25.92800000  25.97200000  25.65000000  25.48900000  25.37600000  25.32600000  25.40900000
 24.36600000  24.45800000  25.28900000  25.45300000  25.56800000  25.09300000  24.47900000  24.31500000  24.52400000  24.94200000  24.98900000  25.21900000  25.44600000  25.51500000  25.59700000  25.73000000  25.66500000  25.22300000  25.00100000  24.93800000  25.74600000  25.86000000  25.69400000  25.73500000  25.78300000  25.83500000  25.77400000  25.39500000  25.27700000  25.29000000
 24.13600000  24.06500000  25.01000000  25.46600000  25.48600000  25.55000000  25.65100000  25.52700000  25.54300000  25.64900000  25.60900000  25.62800000  25.82300000  25.91600000  25.95700000  25.79000000  25.68500000  25.36900000  25.29500000  25.77300000  25.70200000  25.59300000  25.44400000  25.30200000  25.49800000  25.84000000  26.00500000  26.03700000  25.32300000  25.13100000
 24.04100000  24.20700000  24.88000000  25.14900000  25.54600000  25.58600000  25.53600000  25.51800000  25.51200000  25.56000000  25.74600000  25.79000000  25.78600000  25.86800000  25.95100000  25.79000000  25.81000000  25.76200000  25.64700000  25.70000000  25.53400000  25.33000000  25.01300000  24.98400000  25.34300000  25.76600000  26.19500000  26.08400000  26.09100000  25.40400000
 23.55700000  23.64200000  24.74500000  24.48800000  24.95900000  25.66100000  25.85100000  25.67000000  25.71000000  25.78100000  25.90800000  25.87400000  25.84700000  25.92500000  25.96800000  25.79100000  25.86900000  25.84700000  25.72400000  25.61000000  25.54200000  25.40100000  25.28100000  25.37200000  25.65300000  26.17700000  26.58900000  26.42900000  25.95900000  26.12900000
 21.41800000  22.49000000  24.51300000  24.49800000  24.29400000  24.61600000  25.05900000  26.04300000  25.80900000  25.70200000  25.78900000  25.80800000  25.83700000  25.83400000  25.81500000  25.80900000  25.88800000  25.99500000  26.03700000  26.06300000  25.94800000  25.83200000  25.90300000  26.12400000  26.62900000  26.96100000  26.78300000  26.52100000  25.98000000  26.21800000
 20.25600000  20.42000000  23.03000000  24.09300000  24.12900000  24.18200000  24.26500000  24.74600000  26.20700000  26.38000000  26.27400000  26.01600000  25.74700000  25.68600000  25.75300000  25.80800000  25.77800000  25.84900000  25.97100000  26.90700000  26.80000000  26.77100000  26.81600000  26.80400000  26.56300000  26.49800000  26.70500000  26.25000000  26.07600000  26.23300000
 22.20100000  27.83300000  21.87900000  22.58900000  23.33500000  23.64000000  24.03700000  24.37200000  24.44200000  25.30900000  26.40700000  26.57300000  26.71100000  26.53300000  25.82700000  25.67100000  25.86300000  26.62600000  26.40300000  26.42900000  26.29800000  26.29200000  26.32800000  26.46600000  26.55900000  26.64200000  26.38500000  26.02200000  26.39300000  26.31000000
 27.83300000  27.83300000  27.83300000  27.83300000  22.02100000  21.42400000  22.69400000  22.82400000  23.39200000  24.14400000  24.66300000  25.93500000  25.86700000  26.18900000  26.34800000  26.26200000  25.98000000  25.54400000  26.50700000  26.79900000  26.13800000  26.40500000  26.46700000  26.21500000  26.29600000  26.44900000  26.54300000  26.27800000  26.52000000  26.42400000
 27.83300000  27.83300000  27.83300000  27.83300000  27.83300000  21.82700000  20.36900000  20.51500000  21.40100000  22.55500000  24.26300000  25.07000000  25.39100000  24.56600000  24.51100000  24.97700000  24.92200000  24.80600000  26.47500000  26.73500000  25.99200000  26.23800000  26.17800000  26.47200000  26.56700000  26.77200000  26.53800000  26.35100000  26.58600000  26.44200000
 27.83300000  27.83300000  27.83300000  27.83300000  27.83300000  27.83300000  27.83300000  23.73000000  21.00200000  21.06400000  22.08300000  23.56200000  23.88200000  23.61600000  23.05200000  23.64600000  24.52300000  24.76700000  26.21200000  26.86100000  26.35700000  26.07900000  26.25800000  26.29400000  26.37200000  26.82100000  27.01200000  26.68400000  26.32300000  26.42300000
 27.83300000  27.83300000  27.83300000  27.83300000  27.83300000  27.83300000  27.83300000  27.83300000  27.83300000  27.83300000  27.83300000  27.83300000  27.83300000  27.83300000  27.83300000  20.79900000  24.13500000  24.66000000  25.65100000  26.52800000  26.94000000  26.92100000  26.43200000  26.28700000  26.40100000  26.94500000  27.03000000  27.11100000  26.77500000  26.40000000
 27.83300000  27.83300000  27.83300000  27.83300000  27.83300000  27.83300000  27.83300000  27.83300000  27.83300000  27.83300000  27.83300000  27.83300000  27.83300000  27.83300000  27.83300000  27.83300000  23.04600000  23.67100000  25.20300000  25.81900000  26.73900000  26.94900000  26.91800000  27.01100000  26.51300000  27.02400000  27.07300000  27.04900000  27.13000000  27.20300000
 27.83300000  27.83300000  27.83300000  27.83300000  27.83300000  27.83300000  27.83300000  27.83300000  27.83300000  27.83300000  27.83300000  27.83300000  27.83300000  27.83300000  27.83300000  27.83300000  27.83300000  21.45600000  24.79300000  25.54400000  24.87900000  26.97200000  26.96100000  27.05900000  26.64800000  27.08000000  27.19100000  27.02900000  27.05100000  27.23900000
 27.83300000  27.83300000  27.83300000  27.83300000  27.83300000  27.83300000  27.83300000  27.83300000  27.83300000  27.83300000  27.83300000  27.83300000  27.83300000  27.83300000  27.83300000  27.83300000  27.83300000  27.83300000  27.83300000  25.08800000  25.75600000  26.41900000  26.93300000  27.03400000  26.74500000  27.15100000  27.28600000  27.23200000  27.11900000  27.10700000
 27.83300000  27.83300000  27.83300000  27.83300000  27.83300000  27.83300000  27.83300000  27.83300000  27.83300000  27.83300000  27.83300000  27.83300000  27.83300000  27.83300000  27.83300000  27.83300000  27.83300000  27.83300000  27.83300000  27.83300000  25.12200000  26.54000000  26.92600000  26.99900000  26.93100000  27.18700000  27.23500000  27.23600000  27.22800000  27.18900000
 27.83300000  27.83300000  27.83300000  27.83300000  27.83300000  27.83300000  27.83300000  27.83300000  27.83300000  27.83300000  27.83300000  27.83300000  27.83300000  27.83300000  27.83300000  27.83300000  27.83300000  27.83300000  27.83300000  27.83300000  22.12100000  26.77300000  26.90100000  26.84000000  27.05900000  27.32200000  27.37800000  27.24400000  27.24000000  27.27300000
 27.83300000  27.83300000  27.83300000  27.83300000  27.83300000  27.83300000  27.83300000  27.83300000  27.83300000  27.83300000  27.83300000  27.83300000  27.83300000  27.83300000  27.83300000  27.83300000  27.83300000  27.83300000  27.83300000  27.83300000  21.40100000  26.82500000  26.93900000  26.91900000  27.24800000  27.32100000  27.12300000  27.33500000  27.31900000  27.28000000
 27.83300000  27.83300000  27.83300000  27.83300000  27.83300000  27.83300000  27.83300000  27.83300000  27.83300000  27.83300000  27.83300000  27.83300000  27.83300000  27.83300000  27.83300000  27.83300000  27.83300000  27.83300000  27.83300000  27.83300000  21.64000000  26.50700000  27.17500000  27.07800000  27.34200000  27.13200000  27.17200000  27.30900000  27.33400000  27.38100000
 27.83300000  27.83300000  27.83300000  27.83300000  27.83300000  27.83300000  27.83300000  27.83300000  27.83300000  27.83300000  27.83300000  27.83300000  27.83300000  27.83300000  27.83300000  27.83300000  27.83300000  27.83300000  27.83300000  27.83300000  27.83300000  25.28000000  27.10000000  27.29500000  27.19000000  27.11800000  27.28900000  27.25700000  27.41600000  27.42500000
 27.83300000  27.83300000  27.83300000  27.83300000  27.83300000  27.83300000  27.83300000  27.83300000  27.83300000  27.83300000  27.83300000  27.83300000  27.83300000  27.83300000  27.83300000  27.83300000  27.83300000  27.83300000  27.83300000  27.83300000  27.83300000  22.49900000  26.51500000  27.11900000  27.14300000  27.12000000  27.24800000  27.09400000  27.12500000  27.38900000
 27.83300000  27.83300000  27.83300000  27.83300000  27.83300000  27.83300000  27.83300000  27.83300000  27.83300000  27.83300000  27.83300000  27.83300000  27.83300000  27.83300000  27.83300000  27.83300000  27.83300000  27.83300000  27.83300000  27.83300000  27.83300000  27.83300000  26.47800000  26.94800000  27.04700000  27.05000000  26.97900000  26.93400000  26.91400000  27.05600000
 27.83300000  27.83300000  27.83300000  27.83300000  27.83300000  27.83300000  27.83300000  27.83300000  27.83300000  27.83300000  27.83300000  27.83300000  27.83300000  27.83300000  27.83300000  27.83300000  27.83300000  27.83300000  27.83300000  27.83300000  27.83300000  27.83300000  24.07500000  26.90600000  26.68300000  26.77400000  26.77700000  26.87100000  26.89100000  27.25400000
 27.83300000  27.83300000  27.83300000  27.83300000  27.83300000  27.83300000  27.83300000  27.83300000  27.83300000  27.83300000  27.83300000  27.83300000  27.83300000  27.83300000  27.83300000  27.83300000  27.83300000  27.83300000  27.83300000  27.83300000  27.83300000  27.83300000  27.83300000  26.42300000  26.98100000  26.87700000  27.11700000  26.95100000  27.20900000  27.41000000
