 25.62300000  25.29000000  25.59800000  25.57800000  25.07000000  25.04600000  25.46900000  25.56600000  25.56800000  25.47600000  25.36400000  25.31400000  25.20300000  24.38900000  24.23500000  25.39900000  25.65100000  25.74100000  25.41300000  25.39100000  25.41700000  25.37900000  25.24200000  24.93100000  24.19700000  23.87100000  24.23700000  24.64900000  24.57300000  24.67700000
 25.36700000  25.06900000  25.47100000  25.24500000  24.61000000  25.38000000  25.51800000  25.46000000  25.43500000  25.37200000  25.24200000  25.11100000  24.26700000  24.16200000  24.80200000  25.24900000  25.69000000  25.39100000  25.39600000  25.36600000  25.38500000  25.25100000  25.06000000  24.57600000  23.71700000  24.33500000  24.50300000  24.54000000  25.01800000  25.06400000
 25.23200000  25.44300000  25.47700000  25.35600000  24.51800000  25.29200000  25.37800000  25.32300000  25.20900000  24.98600000  24.34400000  23.93600000  24.17000000  24.67300000  24.76200000  25.50700000  25.63000000  25.35500000  25.35300000  25.26900000  25.19600000  25.12500000  24.62500000  24.44000000  25.34700000  25.61500000  25.51500000  25.44100000  25.09800000  25.04600000
 24.66100000  25.35000000  25.42400000  25.53800000  25.02100000  24.50000000  24.80300000  24.33100000  24.05500000  24.27500000  24.60800000  24.84400000  24.91100000  24.88800000  24.96200000  25.63900000  25.64200000  25.28000000  25.28000000  25.11200000  24.86100000  24.77600000  25.69300000  25.90400000  25.94500000  25.62100000  25.46200000  25.34900000  25.29900000  25.37900000
 24.54500000  24.42300000  25.26800000  25.43300000  25.54500000  25.07800000  24.44500000  24.30100000  24.49900000  24.92000000  24.96600000  25.18800000  25.41400000  25.48500000  25.57200000  25.70500000  25.63300000  25.18600000  24.98200000  24.91000000  25.71800000  25.83800000  25.66900000  25.71100000  25.76000000  25.80700000  25.75000000  25.37100000  25.25000000  25.26600000
 24.18700000  24.00500000  24.98200000  25.44300000  25.46400000  25.52500000  25.62500000  25.49200000  25.51200000  25.62100000  25.58500000  25.60200000  25.79400000  25.88900000  25.93300000  25.76400000  25.66000000  25.32900000  25.27600000  25.75600000  25.67800000  25.57200000  25.42000000  25.27800000  25.47400000  25.81400000  25.98800000  26.01400000  25.29800000  25.11400000
 24.03000000  23.70000000  24.86300000  25.12800000  25.53000000  25.57300000  25.51800000  25.49700000  25.49000000  25.53500000  25.71900000  25.76700000  25.76000000  25.84400000  25.92600000  25.76600000  25.78400000  25.73100000  25.61800000  25.67800000  25.50900000  25.30500000  24.98400000  24.96200000  25.32000000  25.74200000  26.17400000  26.06700000  26.06900000  25.36200000
 23.87300000  23.56800000  24.37400000  24.45900000  24.93200000  25.64100000  25.83400000  25.65000000  25.68800000  25.75800000  25.88400000  25.84900000  25.82200000  25.90100000  25.94600000  25.77000000  25.84400000  25.81800000  25.69700000  25.58300000  25.51500000  25.37300000  25.25300000  25.34700000  25.62700000  26.15500000  26.56900000  26.40800000  25.93500000  26.10300000
 23.48600000  23.84800000  24.15100000  24.46900000  24.27200000  24.59600000  25.03600000  26.03100000  25.79100000  25.67500000  25.76200000  25.78500000  25.82200000  25.81000000  25.79100000  25.78500000  25.86700000  25.97000000  26.01100000  26.03500000  25.92100000  25.80400000  25.88100000  26.09800000  26.61200000  26.93500000  26.75800000  26.50000000  25.95800000  26.19400000
 23.42300000  23.02800000  23.71300000  24.06700000  24.11100000  24.15700000  24.24500000  24.71100000  26.17600000  26.36400000  26.25900000  25.99700000  25.72200000  25.66300000  25.73400000  25.78800000  25.75600000  25.82600000  25.94100000  26.88000000  26.76800000  26.73700000  26.77700000  26.77000000  26.53000000  26.46900000  26.67900000  26.22700000  26.05000000  26.21100000
 24.33000000  23.63200000  23.54000000  23.37400000  23.67500000  23.61800000  24.00700000  24.05700000  24.41000000  25.27000000  26.37700000  26.54300000  26.68700000  26.49500000  25.79100000  25.64600000  25.82200000  26.59600000  26.39200000  26.42100000  26.26800000  26.26500000  26.30500000  26.44700000  26.53800000  26.61800000  26.35500000  25.99800000  26.36800000  26.28900000
 27.83300000  27.83300000  27.83300000  24.06600000  23.59700000  23.33200000  23.52100000  23.51200000  23.57400000  24.08400000  24.62500000  25.89900000  25.83800000  26.15600000  26.32100000  26.23200000  25.96100000  25.49200000  26.48800000  26.76600000  26.10900000  26.38600000  26.44200000  26.19400000  26.27500000  26.42500000  26.51100000  26.24800000  26.49300000  26.40000000
 27.83300000  27.83300000  27.83300000  27.83300000  23.71100000  23.58400000  23.30300000  23.40200000  23.35100000  23.52000000  24.25100000  25.02200000  25.36100000  24.53500000  24.49400000  24.94500000  24.90200000  24.78100000  26.44200000  26.70200000  25.96700000  26.21600000  26.15600000  26.44700000  26.53900000  26.74500000  26.50500000  26.33400000  26.56400000  26.42200000
 27.83300000  27.83300000  27.83300000  27.83300000  27.83300000  27.83300000  24.48300000  23.93900000  23.32100000  23.37500000  23.56600000  23.73000000  24.08100000  23.68300000  23.21500000  23.71700000  24.50200000  24.74900000  26.19300000  26.83600000  26.32000000  26.05400000  26.23300000  26.26800000  26.34900000  26.79900000  26.98600000  26.64800000  26.30700000  26.39500000
 27.83300000  27.83300000  27.83300000  27.83300000  27.83300000  27.83300000  27.83300000  27.83300000  27.83300000  27.83300000  27.83300000  27.83300000  23.35800000  23.23000000  23.09900000  23.42700000  24.17200000  24.70800000  25.61800000  26.50800000  26.90900000  26.89200000  26.39600000  26.26500000  26.38300000  26.92200000  27.00300000  27.08800000  26.74100000  26.37700000
 27.83300000  27.83300000  27.83300000  27.83300000  27.83300000  27.83300000  27.83300000  27.83300000  27.83300000  27.83300000  27.83300000  27.83300000  27.83300000  27.83300000  27.83300000  23.58900000  23.98900000  24.77200000  25.16400000  25.73900000  26.73300000  26.91500000  26.89300000  26.98300000  26.49600000  27.00500000  27.04800000  27.02800000  27.10800000  27.16400000
 27.83300000  27.83300000  27.83300000  27.83300000  27.83300000  27.83300000  27.83300000  27.83300000  27.83300000  27.83300000  27.83300000  27.83300000  27.83300000  27.83300000  27.83300000  27.83300000  23.96700000  24.23100000  25.37800000  25.51300000  24.88800000  26.95300000  26.93600000  27.03500000  26.62800000  27.06100000  27.16800000  27.00200000  27.02700000  27.20900000
 27.83300000  27.83300000  27.83300000  27.83300000  27.83300000  27.83300000  27.83300000  27.83300000  27.83300000  27.83300000  27.83300000  27.83300000  27.83300000  27.83300000  27.83300000  27.83300000  27.83300000  27.83300000  23.93000000  25.55000000  25.81900000  26.45000000  26.90600000  27.01400000  26.72300000  27.13200000  27.26500000  27.20300000  27.09200000  27.07300000
 27.83300000  27.83300000  27.83300000  27.83300000  27.83300000  27.83300000  27.83300000  27.83300000  27.83300000  27.83300000  27.83300000  27.83300000  27.83300000  27.83300000  27.83300000  27.83300000  27.83300000  27.83300000  27.83300000  25.75400000  25.06500000  26.53100000  26.90000000  26.97200000  26.91800000  27.16800000  27.21000000  27.21400000  27.20900000  27.17000000
 27.83300000  27.83300000  27.83300000  27.83300000  27.83300000  27.83300000  27.83300000  27.83300000  27.83300000  27.83300000  27.83300000  27.83300000  27.83300000  27.83300000  27.83300000  27.83300000  27.83300000  27.83300000  27.83300000  25.95600000  23.00200000  26.77200000  26.87600000  26.81600000  27.05000000  27.30200000  27.35700000  27.21800000  27.22100000  27.26500000
 27.83300000  27.83300000  27.83300000  27.83300000  27.83300000  27.83300000  27.83300000  27.83300000  27.83300000  27.83300000  27.83300000  27.83300000  27.83300000  27.83300000  27.83300000  27.83300000  27.83300000  27.83300000  27.83300000  25.99100000  23.10700000  26.84100000  26.91600000  26.90400000  27.23800000  27.29800000  27.10200000  27.32000000  27.30900000  27.27300000
 27.83300000  27.83300000  27.83300000  27.83300000  27.83300000  27.83300000  27.83300000  27.83300000  27.83300000  27.83300000  27.83300000  27.83300000  27.83300000  27.83300000  27.83300000  27.83300000  27.83300000  27.83300000  27.83300000  25.72000000  22.99200000  26.51800000  27.15100000  27.06300000  27.32500000  27.11400000  27.15700000  27.29100000  27.32600000  27.37200000
 27.83300000  27.83300000  27.83300000  27.83300000  27.83300000  27.83300000  27.83300000  27.83300000  27.83300000  27.83300000  27.83300000  27.83300000  27.83300000  27.83300000  27.83300000  27.83300000  27.83300000  27.83300000  27.83300000  27.83300000  25.88400000  26.27200000  27.08200000  27.28300000  27.16900000  27.09900000  27.27100000  27.24600000  27.41100000  27.43200000
 27.83300000  27.83300000  27.83300000  27.83300000  27.83300000  27.83300000  27.83300000  27.83300000  27.83300000  27.83300000  27.83300000  27.83300000  27.83300000  27.83300000  27.83300000  27.83300000  27.83300000  27.83300000  27.83300000  27.83300000  27.83300000  24.34400000  26.51300000  27.10800000  27.12400000  27.11200000  27.25400000  27.12800000  27.14600000  27.37900000
 27.83300000  27.83300000  27.83300000  27.83300000  27.83300000  27.83300000  27.83300000  27.83300000  27.83300000  27.83300000  27.83300000  27.83300000  27.83300000  27.83300000  27.83300000  27.83300000  27.83300000  27.83300000  27.83300000  27.83300000  27.83300000  26.08600000  26.48400000  26.94200000  27.04800000  27.07300000  27.02200000  27.01400000  26.99400000  27.11000000
 27.83300000  27.83300000  27.83300000  27.83300000  27.83300000  27.83300000  27.83300000  27.83300000  27.83300000  27.83300000  27.83300000  27.83300000  27.83300000  27.83300000  27.83300000  27.83300000  27.83300000  27.83300000  27.83300000  27.83300000  27.83300000  27.83300000  26.58500000  26.87800000  26.77700000  26.87900000  26.87400000  27.03400000  27.05000000  27.38600000
 27.83300000  27.83300000  27.83300000  27.83300000  27.83300000  27.83300000  27.83300000  27.83300000  27.83300000  27.83300000  27.83300000  27.83300000  27.83300000  27.83300000  27.83300000  27.83300000  27.83300000  27.83300000  27.83300000  27.83300000  27.83300000  27.83300000  27.83300000  26.51500000  27.05400000  27.03200000  27.34700000  27.18500000  27.27300000  27.55000000
 25.65600000  25.37500000  25.63500000  25.63400000  25.13000000  25.06900000  25.47200000  25.58500000  25.58900000  25.50300000  25.38600000  25.33600000  25.27600000  24.40200000  24.24800000  25.40700000  25.67600000  25.77200000  25.44100000  25.41300000  25.43400000  25.39600000  25.25900000  24.93300000  24.21500000  23.87200000  24.24900000  24.62400000  24.59000000  24.69000000
 25.38800000  25.08500000  25.49100000  25.26200000  24.62800000  25.39900000  25.53900000  25.48100000  25.45500000  25.39000000  25.26100000  25.12800000  24.28300000  24.17800000  24.81900000  25.26800000  25.70900000  25.41000000  25.41500000  25.38700000  25.40400000  25.26800000  25.07300000  24.59100000  23.73300000  24.35300000  24.52200000  24.56000000  25.03700000  25.09100000
 25.23600000  25.46400000  25.49600000  25.37600000  24.53400000  25.31000000  25.39800000  25.34100000  25.22700000  24.99800000  24.35900000  23.95100000  24.18500000  24.69100000  24.77900000  25.52600000  25.64900000  25.37400000  25.37000000  25.28900000  25.21600000  25.14300000  24.63400000  24.45700000  25.37000000  25.63400000  25.53400000  25.45900000  25.11600000  25.06500000
 24.70200000  25.36800000  25.44200000  25.55900000  25.04400000  24.51600000  24.82100000  24.34500000  24.06900000  24.28600000  24.62500000  24.86200000  24.93000000  24.90500000  24.97900000  25.65600000  25.66200000  25.29700000  25.29700000  25.13000000  24.87800000  24.79000000  25.71400000  25.92200000  25.96400000  25.64000000  25.47900000  25.36800000  25.31800000  25.40100000
 24.35100000  24.45400000  25.28200000  25.44900000  25.56400000  25.08600000  24.45600000  24.30900000  24.51400000  24.93700000  24.98300000  25.20900000  25.43600000  25.50800000  25.59400000  25.72400000  25.65200000  25.20700000  24.99800000  24.92700000  25.73700000  25.85800000  25.68500000  25.72900000  25.77700000  25.82400000  25.76900000  25.38800000  25.26600000  25.28500000
 24.13800000  24.06000000  25.00000000  25.46200000  25.48100000  25.54600000  25.64800000  25.51900000  25.53700000  25.64200000  25.60400000  25.62200000  25.81300000  25.90800000  25.95200000  25.78500000  25.67800000  25.34800000  25.28700000  25.77300000  25.69600000  25.58900000  25.43800000  25.29500000  25.49000000  25.83100000  26.00700000  26.03000000  25.31500000  25.12500000
 24.03900000  24.20400000  24.87400000  25.14500000  25.54500000  25.58400000  25.53700000  25.51700000  25.50800000  25.55400000  25.73800000  25.78600000  25.77900000  25.86200000  25.94400000  25.78500000  25.80300000  25.74900000  25.63700000  25.69600000  25.52600000  25.32000000  25.00000000  24.98000000  25.33900000  25.76100000  26.19300000  26.08700000  26.08800000  25.38900000
 23.54700000  23.59800000  24.84200000  24.48300000  24.95200000  25.65500000  25.85100000  25.66600000  25.70500000  25.77700000  25.90300000  25.86900000  25.84000000  25.91900000  25.96400000  25.78800000  25.86200000  25.83600000  25.71400000  25.60200000  25.53500000  25.39200000  25.27300000  25.36800000  25.64900000  26.17600000  26.59000000  26.42800000  25.95200000  26.12100000
 21.41500000  22.01800000  24.44900000  24.49400000  24.29700000  24.61400000  25.05700000  26.04600000  25.81000000  25.69400000  25.78100000  25.80200000  25.83100000  25.82900000  25.81100000  25.80400000  25.88400000  25.99000000  26.03000000  26.05500000  25.94300000  25.82700000  25.90500000  26.12100000  26.63600000  26.95600000  26.77800000  26.51800000  25.97600000  26.21300000
 20.25100000  20.42200000  23.04200000  24.09500000  24.12800000  24.17600000  24.25900000  24.73100000  26.19300000  26.37900000  26.27900000  26.01600000  25.73900000  25.68100000  25.75000000  25.80400000  25.77300000  25.84300000  25.95900000  26.89900000  26.78200000  26.75100000  26.79700000  26.79000000  26.54900000  26.48700000  26.69900000  26.24500000  26.06800000  26.22800000
 22.20300000  27.83300000  21.96700000  22.55400000  23.36200000  23.62100000  24.03500000  24.35800000  24.43200000  25.28400000  26.39500000  26.56500000  26.70800000  26.51500000  25.81100000  25.66200000  25.84200000  26.61000000  26.41100000  26.44300000  26.28500000  26.28300000  26.32500000  26.46700000  26.55900000  26.63800000  26.37500000  26.01700000  26.38700000  26.30400000
 27.83300000  27.83300000  27.83300000  27.83300000  22.20200000  21.25600000  22.64600000  22.78600000  23.35300000  24.13100000  24.64100000  25.92100000  25.85200000  26.16900000  26.33600000  26.24900000  25.97100000  25.50600000  26.50800000  26.78600000  26.12900000  26.40300000  26.45800000  26.21200000  26.29600000  26.44200000  26.53300000  26.26700000  26.51200000  26.41500000
 27.83300000  27.83300000  27.83300000  27.83300000  27.83300000  21.93500000  20.44300000  20.46900000  21.34200000  22.49300000  24.25100000  25.03400000  25.38200000  24.55400000  24.50700000  24.96400000  24.91900000  24.81500000  26.46000000  26.72000000  25.98500000  26.23200000  26.17400000  26.46700000  26.55900000  26.76700000  26.52600000  26.35100000  26.58200000  26.43600000
 27.83300000  27.83300000  27.83300000  27.83300000  27.83300000  27.83300000  27.83300000  23.70400000  21.05000000  21.13600000  22.02800000  23.56100000  23.87600000  23.63900000  23.04500000  23.63000000  24.51700000  24.77100000  26.20900000  26.85200000  26.34300000  26.07400000  26.25300000  26.28700000  26.36800000  26.81900000  27.00700000  26.66800000  26.32100000  26.41400000
 27.83300000  27.83300000  27.83300000  27.83300000  27.83300000  27.83300000  27.83300000  27.83300000  27.83300000  27.83300000  27.83300000  27.83300000  27.83300000  27.83300000  27.83300000  20.97900000  24.13500000  24.65400000  25.64100000  26.52400000  26.92700000  26.91200000  26.41900000  26.28300000  26.40200000  26.94300000  27.02300000  27.10600000  26.75800000  26.39200000
 27.83300000  27.83300000  27.83300000  27.83300000  27.83300000  27.83300000  27.83300000  27.83300000  27.83300000  27.83300000  27.83300000  27.83300000  27.83300000  27.83300000  27.83300000  27.83300000  23.08500000  23.56100000  25.18900000  25.76300000  26.74000000  26.93300000  26.91100000  27.00200000  26.50900000  27.02100000  27.06600000  27.04400000  27.12300000  27.19100000
 27.83300000  27.83300000  27.83300000  27.83300000  27.83300000  27.83300000  27.83300000  27.83300000  27.83300000  27.83300000  27.83300000  27.83300000  27.83300000  27.83300000  27.83300000  27.83300000  27.83300000  21.51000000  24.73800000  25.52000000  24.82500000  26.96900000  26.95400000  27.05300000  26.64300000  27.07700000  27.18400000  27.01700000  27.04300000  27.22900000
 27.83300000  27.83300000  27.83300000  27.83300000  27.83300000  27.83300000  27.83300000  27.83300000  27.83300000  27.83300000  27.83300000  27.83300000  27.83300000  27.83300000  27.83300000  27.83300000  27.83300000  27.83300000  27.83300000  25.13500000  25.74000000  26.45600000  26.92400000  27.03100000  26.73700000  27.14800000  27.28200000  27.22000000  27.10900000  27.10400000
 27.83300000  27.83300000  27.83300000  27.83300000  27.83300000  27.83300000  27.83300000  27.83300000  27.83300000  27.83300000  27.83300000  27.83300000  27.83300000  27.83300000  27.83300000  27.83300000  27.83300000  27.83300000  27.83300000  27.83300000  25.06900000  26.55100000  26.91800000  26.98700000  26.93200000  27.18200000  27.22500000  27.22800000  27.22200000  27.18600000
 27.83300000  27.83300000  27.83300000  27.83300000  27.83300000  27.83300000  27.83300000  27.83300000  27.83300000  27.83300000  27.83300000  27.83300000  27.83300000  27.83300000  27.83300000  27.83300000  27.83300000  27.83300000  27.83300000  27.83300000  22.30100000  26.79000000  26.89100000  26.83000000  27.06300000  27.31500000  27.37000000  27.23100000  27.23400000  27.27100000
 27.83300000  27.83300000  27.83300000  27.83300000  27.83300000  27.83300000  27.83300000  27.83300000  27.83300000  27.83300000  27.83300000  27.83300000  27.83300000  27.83300000  27.83300000  27.83300000  27.83300000  27.83300000  27.83300000  27.83300000  21.45800000  26.85700000  26.93000000  26.91800000  27.25100000  27.30900000  27.11300000  27.33300000  27.31600000  27.27800000
 27.83300000  27.83300000  27.83300000  27.83300000  27.83300000  27.83300000  27.83300000  27.83300000  27.83300000  27.83300000  27.83300000  27.83300000  27.83300000  27.83300000  27.83300000  27.83300000  27.83300000  27.83300000  27.83300000  27.83300000  21.90200000  26.52800000  27.16400000  27.07500000  27.33700000  27.12500000  27.16800000  27.30000000  27.33400000  27.37800000
 27.83300000  27.83300000  27.83300000  27.83300000  27.83300000  27.83300000  27.83300000  27.83300000  27.83300000  27.83300000  27.83300000  27.83300000  27.83300000  27.83300000  27.83300000  27.83300000  27.83300000  27.83300000  27.83300000  27.83300000  27.83300000  25.46100000  27.09700000  27.29500000  27.17800000  27.10800000  27.28100000  27.25400000  27.41500000  27.42500000
 27.83300000  27.83300000  27.83300000  27.83300000  27.83300000  27.83300000  27.83300000  27.83300000  27.83300000  27.83300000  27.83300000  27.83300000  27.83300000  27.83300000  27.83300000  27.83300000  27.83300000  27.83300000  27.83300000  27.83300000  27.83300000  22.58100000  26.53200000  27.12100000  27.13400000  27.11900000  27.25000000  27.09800000  27.12600000  27.38800000
 27.83300000  27.83300000  27.83300000  27.83300000  27.83300000  27.83300000  27.83300000  27.83300000  27.83300000  27.83300000  27.83300000  27.83300000  27.83300000  27.83300000  27.83300000  27.83300000  27.83300000  27.83300000  27.83300000  27.83300000  27.83300000  27.83300000  26.47100000  26.95400000  27.04900000  27.05800000  26.98100000  26.93400000  26.91300000  27.05500000
 27.83300000  27.83300000  27.83300000  27.83300000  27.83300000  27.83300000  27.83300000  27.83300000  27.83300000  27.83300000  27.83300000  27.83300000  27.83300000  27.83300000  27.83300000  27.83300000  27.83300000  27.83300000  27.83300000  27.83300000  27.83300000  27.83300000  24.66600000  26.89700000  26.69200000  26.77400000  26.77700000  26.87200000  26.89500000  27.26700000
 27.83300000  27.83300000  27.83300000  27.83300000  27.83300000  27.83300000  27.83300000  27.83300000  27.83300000  27.83300000  27.83300000  27.83300000  27.83300000  27.83300000  27.83300000  27.83300000  27.83300000  27.83300000  27.83300000  27.83300000  27.83300000  27.83300000  27.83300000  26.43200000  26.98600000  26.88500000  27.14300000  26.95000000  27.19100000  27.41400000
