37.00700000 36.92800000 37.02300000 36.95400000 36.99600000 37.06700000 37.18500000 37.28000000 37.26400000 37.22900000 37.15400000 37.05300000 36.90500000 36.63000000 36.48800000 36.83200000 36.92000000 37.01900000 36.98400000 37.03700000 37.05000000 37.02800000 36.91000000 36.73500000 36.48800000 36.26200000 36.40000000 36.50500000 36.39200000 36.38000000
36.99200000 36.91600000 36.94300000 36.93300000 36.92300000 37.19000000 37.23400000 37.23100000 37.19900000 37.15000000 37.06000000 36.94400000 36.64400000 36.52200000 36.78000000 36.88800000 37.00900000 37.01200000 37.00900000 37.07000000 37.05600000 36.96800000 36.83500000 36.67800000 36.32600000 36.57700000 36.58000000 36.54700000 36.78300000 36.88000000
36.92600000 37.03700000 36.91800000 36.92500000 36.86500000 37.14900000 37.16700000 37.14000000 37.07500000 36.96300000 36.69900000 36.43900000 36.52100000 36.78800000 36.79900000 36.94200000 37.08800000 36.98900000 36.99300000 37.01900000 36.96700000 36.89200000 36.71500000 36.63800000 36.96200000 37.05300000 37.03200000 37.04700000 36.93500000 36.86100000
36.61700000 37.03500000 36.91600000 36.91700000 36.97400000 36.80800000 36.94000000 36.69500000 36.47900000 36.63900000 36.81700000 36.89300000 36.89000000 36.86700000 36.84900000 36.96600000 37.08200000 36.94400000 36.95000000 36.93100000 36.82900000 36.71700000 37.11500000 37.21700000 37.22300000 37.05900000 37.03500000 37.01000000 36.99600000 36.96700000
36.53300000 36.34300000 36.99600000 36.85000000 36.92000000 36.94400000 36.78100000 36.68700000 36.80100000 36.94000000 36.88500000 36.88800000 36.91100000 36.91900000 36.93700000 36.98000000 37.06100000 36.90500000 36.79100000 36.76300000 37.12400000 37.21500000 37.20100000 37.20400000 37.21800000 37.23900000 37.13200000 36.95000000 36.82900000 36.78600000
36.37900000 35.91300000 36.92400000 36.94900000 36.82400000 36.86800000 36.94000000 36.93200000 36.93300000 36.92800000 36.87100000 36.85800000 36.95300000 37.02100000 37.03500000 36.99200000 37.10600000 37.00100000 36.98700000 37.16100000 37.19500000 37.16700000 37.09700000 37.05900000 37.13300000 37.21900000 37.26000000 37.25800000 36.84400000 36.56600000
36.08000000 35.37000000 36.87800000 37.01000000 37.03900000 36.92000000 36.83300000 36.80800000 36.80300000 36.83600000 36.94200000 36.99700000 36.99200000 37.01300000 37.04100000 36.99800000 37.19200000 37.17000000 37.12500000 37.16400000 37.14900000 37.04700000 36.95700000 36.94500000 37.07900000 37.18900000 37.26600000 37.27500000 37.26100000 36.83000000
35.70300000 35.15800000 36.17100000 36.64600000 36.89700000 37.13500000 37.11100000 36.90400000 36.91200000 36.94000000 37.01500000 36.98400000 36.98700000 37.04600000 37.06500000 37.03200000 37.21900000 37.20100000 37.14600000 37.12700000 37.15200000 37.08600000 37.03200000 37.08200000 37.16800000 37.23700000 37.34900000 37.33900000 37.25400000 37.23500000
35.36200000 35.61800000 36.21800000 36.70500000 36.56800000 36.70800000 36.90300000 37.25000000 36.96800000 36.89000000 36.92100000 36.93700000 36.95300000 36.94600000 36.94200000 37.01200000 37.17400000 37.23900000 37.25400000 37.25100000 37.20600000 37.17400000 37.19900000 37.21800000 37.33300000 37.45800000 37.45200000 37.36800000 37.27100000 37.25800000
35.20600000 35.33800000 35.86400000 36.29300000 36.41200000 36.52600000 36.53800000 36.75200000 37.30100000 37.33400000 37.24400000 37.07200000 36.93900000 36.94400000 36.96500000 36.97000000 37.04100000 37.03000000 37.02100000 37.43400000 37.42100000 37.42000000 37.42800000 37.43000000 37.40400000 37.40100000 37.44600000 37.31500000 37.25300000 37.24800000
34.58700000 34.85300000 34.94700000 35.27800000 36.05600000 36.14000000 36.46100000 36.11600000 36.54600000 37.06300000 37.34600000 37.37700000 37.40800000 37.30300000 36.98000000 36.94700000 36.99400000 37.38200000 37.28400000 37.30400000 37.32200000 37.32300000 37.33800000 37.39200000 37.40900000 37.42400000 37.33400000 37.26200000 37.32500000 37.22500000
37.59700000 37.59700000 37.59700000 35.05600000 35.57800000 35.75300000 36.05900000 35.96000000 35.73100000 36.25100000 36.86300000 37.23300000 37.21700000 37.29500000 37.33000000 37.29600000 37.17100000 37.03900000 37.30900000 37.35600000 37.26100000 37.35400000 37.35300000 37.26100000 37.27100000 37.32900000 37.35200000 37.28000000 37.36000000 37.21300000
37.59700000 37.59700000 37.59700000 37.59700000 35.17200000 35.32100000 35.50700000 35.52000000 35.62500000 35.75700000 36.52300000 37.01000000 37.10700000 36.73000000 36.68400000 36.94400000 36.88300000 36.42500000 37.29400000 37.33700000 37.21500000 37.26400000 37.23100000 37.21500000 37.25800000 37.34200000 37.32400000 37.31000000 37.38800000 37.21900000
37.59700000 37.59700000 37.59700000 37.59700000 37.59700000 37.59700000 35.28700000 35.38300000 35.46600000 35.54400000 36.02400000 36.31000000 36.47100000 36.31500000 36.15600000 36.27700000 36.76900000 36.29600000 37.22100000 37.36000000 37.25700000 37.17200000 37.19400000 37.18600000 37.25500000 37.35000000 37.44500000 37.36100000 37.29900000 37.28200000
37.59700000 37.59700000 37.59700000 37.59700000 37.59700000 37.59700000 37.59700000 37.59700000 37.59700000 37.59700000 37.59700000 37.59700000 35.66100000 35.86400000 36.13200000 36.15900000 36.62900000 36.10900000 37.03300000 37.26200000 37.35100000 37.36200000 37.24000000 37.20300000 37.28200000 37.35900000 37.41700000 37.48700000 37.38700000 37.30200000
37.59700000 37.59700000 37.59700000 37.59700000 37.59700000 37.59700000 37.59700000 37.59700000 37.59700000 37.59700000 37.59700000 37.59700000 37.59700000 37.59700000 37.59700000 35.94000000 36.26700000 35.98600000 36.48600000 37.07400000 37.30000000 37.34500000 37.37500000 37.39400000 37.31600000 37.34100000 37.37000000 37.45700000 37.51300000 37.54500000
37.59700000 37.59700000 37.59700000 37.59700000 37.59700000 37.59700000 37.59700000 37.59700000 37.59700000 37.59700000 37.59700000 37.59700000 37.59700000 37.59700000 37.59700000 37.59700000 35.98000000 35.95300000 36.61700000 36.92800000 36.90900000 37.34200000 37.42000000 37.40500000 37.35300000 37.31000000 37.34600000 37.39200000 37.41200000 37.54800000
37.59700000 37.59700000 37.59700000 37.59700000 37.59700000 37.59700000 37.59700000 37.59700000 37.59700000 37.59700000 37.59700000 37.59700000 37.59700000 37.59700000 37.59700000 37.59700000 37.59700000 37.59700000 35.94600000 36.74800000 37.07500000 37.03300000 37.41300000 37.40600000 37.38500000 37.30200000 37.33800000 37.36800000 37.33000000 37.38000000
37.59700000 37.59700000 37.59700000 37.59700000 37.59700000 37.59700000 37.59700000 37.59700000 37.59700000 37.59700000 37.59700000 37.59700000 37.59700000 37.59700000 37.59700000 37.59700000 37.59700000 37.59700000 37.59700000 36.59900000 36.92800000 37.07100000 37.41300000 37.42700000 37.32800000 37.32400000 37.34000000 37.35100000 37.36600000 37.31000000
37.59700000 37.59700000 37.59700000 37.59700000 37.59700000 37.59700000 37.59700000 37.59700000 37.59700000 37.59700000 37.59700000 37.59700000 37.59700000 37.59700000 37.59700000 37.59700000 37.59700000 37.59700000 37.59700000 36.79500000 36.56000000 37.17700000 37.41000000 37.42100000 37.28500000 37.39200000 37.40800000 37.37600000 37.35900000 37.33200000
37.59700000 37.59700000 37.59700000 37.59700000 37.59700000 37.59700000 37.59700000 37.59700000 37.59700000 37.59700000 37.59700000 37.59700000 37.59700000 37.59700000 37.59700000 37.59700000 37.59700000 37.59700000 37.59700000 36.90000000 36.54100000 37.21800000 37.36700000 37.36100000 37.35900000 37.38400000 37.38800000 37.41300000 37.41100000 37.33900000
37.59700000 37.59700000 37.59700000 37.59700000 37.59700000 37.59700000 37.59700000 37.59700000 37.59700000 37.59700000 37.59700000 37.59700000 37.59700000 37.59700000 37.59700000 37.59700000 37.59700000 37.59700000 37.59700000 36.55200000 36.54200000 37.03600000 37.33700000 37.30800000 37.39400000 37.36600000 37.37600000 37.38200000 37.38600000 37.39600000
37.59700000 37.59700000 37.59700000 37.59700000 37.59700000 37.59700000 37.59700000 37.59700000 37.59700000 37.59700000 37.59700000 37.59700000 37.59700000 37.59700000 37.59700000 37.59700000 37.59700000 37.59700000 37.59700000 37.59700000 36.71700000 36.76000000 37.31300000 37.37800000 37.34700000 37.36400000 37.33600000 37.32300000 37.33800000 37.36000000
37.59700000 37.59700000 37.59700000 37.59700000 37.59700000 37.59700000 37.59700000 37.59700000 37.59700000 37.59700000 37.59700000 37.59700000 37.59700000 37.59700000 37.59700000 37.59700000 37.59700000 37.59700000 37.59700000 37.59700000 37.59700000 36.61700000 37.06400000 37.31000000 37.33600000 37.32500000 37.33000000 37.30600000 37.29900000 37.31100000
37.59700000 37.59700000 37.59700000 37.59700000 37.59700000 37.59700000 37.59700000 37.59700000 37.59700000 37.59700000 37.59700000 37.59700000 37.59700000 37.59700000 37.59700000 37.59700000 37.59700000 37.59700000 37.59700000 37.59700000 37.59700000 36.46800000 36.83800000 37.24300000 37.28200000 37.30900000 37.28600000 37.26500000 37.27000000 37.27500000
37.59700000 37.59700000 37.59700000 37.59700000 37.59700000 37.59700000 37.59700000 37.59700000 37.59700000 37.59700000 37.59700000 37.59700000 37.59700000 37.59700000 37.59700000 37.59700000 37.59700000 37.59700000 37.59700000 37.59700000 37.59700000 37.59700000 36.46100000 37.11900000 37.15000000 37.18500000 37.17400000 37.19500000 37.22700000 37.30400000
37.59700000 37.59700000 37.59700000 37.59700000 37.59700000 37.59700000 37.59700000 37.59700000 37.59700000 37.59700000 37.59700000 37.59700000 37.59700000 37.59700000 37.59700000 37.59700000 37.59700000 37.59700000 37.59700000 37.59700000 37.59700000 37.59700000 37.59700000 36.57800000 37.15900000 37.15900000 37.21700000 37.21900000 37.27400000 37.30100000
37.00500000 36.92700000 37.02300000 36.95400000 36.99600000 37.06600000 37.18400000 37.27900000 37.26400000 37.23100000 37.15600000 37.05500000 36.90800000 36.62900000 36.49100000 36.83100000 36.91800000 37.01900000 36.98300000 37.03700000 37.04900000 37.03000000 36.91000000 36.73200000 36.49100000 36.26100000 36.39900000 36.50600000 36.39000000 36.38200000
36.99100000 36.91500000 36.94200000 36.93200000 36.92200000 37.18900000 37.23300000 37.23100000 37.19800000 37.14900000 37.06000000 36.94400000 36.64400000 36.52100000 36.78000000 36.88700000 37.00800000 37.01200000 37.00800000 37.07000000 37.05500000 36.96700000 36.83500000 36.67700000 36.32600000 36.57700000 36.57900000 36.54700000 36.78300000 36.88100000
36.92500000 37.03600000 36.91700000 36.92400000 36.86400000 37.14800000 37.16600000 37.13900000 37.07400000 36.96200000 36.69800000 36.43900000 36.52100000 36.78700000 36.79800000 36.94100000 37.08700000 36.98900000 36.99200000 37.01800000 36.96600000 36.89100000 36.71400000 36.63800000 36.96200000 37.05200000 37.03100000 37.04600000 36.93400000 36.86000000
36.61700000 37.03400000 36.91600000 36.91700000 36.97400000 36.80800000 36.93900000 36.69400000 36.47900000 36.63900000 36.81600000 36.89200000 36.89000000 36.86600000 36.84900000 36.96500000 37.08100000 36.94300000 36.94900000 36.93000000 36.82800000 36.71600000 37.11500000 37.21700000 37.22200000 37.05900000 37.03400000 37.01000000 36.99500000 36.96600000
36.53500000 36.34800000 36.99600000 36.85000000 36.91900000 36.94300000 36.78100000 36.68700000 36.80100000 36.93900000 36.88400000 36.88700000 36.91000000 36.91800000 36.93600000 36.98000000 37.06100000 36.90400000 36.79000000 36.76300000 37.12400000 37.21400000 37.20000000 37.20300000 37.21700000 37.23800000 37.13300000 36.94900000 36.82800000 36.78400000
36.38400000 35.95000000 36.92400000 36.94900000 36.82300000 36.86600000 36.93800000 36.93000000 36.93200000 36.92700000 36.87000000 36.85700000 36.95200000 37.02000000 37.03400000 36.99100000 37.10600000 37.00000000 36.98600000 37.16000000 37.19400000 37.16600000 37.09600000 37.05800000 37.13200000 37.21800000 37.25900000 37.25600000 36.84300000 36.56600000
36.09500000 35.93300000 36.87800000 37.00900000 37.03800000 36.92000000 36.83200000 36.80800000 36.80300000 36.83500000 36.94200000 36.99600000 36.99200000 37.01200000 37.04100000 36.99700000 37.19100000 37.17000000 37.12400000 37.16300000 37.14800000 37.04600000 36.95600000 36.94400000 37.07800000 37.18800000 37.26500000 37.27400000 37.26100000 36.83600000
35.90900000 35.83100000 36.53800000 36.64500000 36.89600000 37.13400000 37.11100000 36.90400000 36.91200000 36.93900000 37.01500000 36.98300000 36.98600000 37.04500000 37.06400000 37.03100000 37.21800000 37.20000000 37.14500000 37.12600000 37.15100000 37.08600000 37.03200000 37.08100000 37.16700000 37.23600000 37.34800000 37.33800000 37.25400000 37.23500000
35.77700000 35.94300000 36.37700000 36.70300000 36.56600000 36.70700000 36.90100000 37.24800000 36.96800000 36.88900000 36.92000000 36.93600000 36.95200000 36.94500000 36.94100000 37.01100000 37.17300000 37.23800000 37.25300000 37.25000000 37.20600000 37.17300000 37.19800000 37.21700000 37.33200000 37.45700000 37.45100000 37.36700000 37.27000000 37.25700000
35.69100000 35.85800000 36.34200000 36.29200000 36.41200000 36.52400000 36.53800000 36.75100000 37.29900000 37.33300000 37.24400000 37.07200000 36.93800000 36.94300000 36.96400000 36.96900000 37.04000000 37.02900000 37.02100000 37.43400000 37.42000000 37.41900000 37.42700000 37.42900000 37.40300000 37.40000000 37.44500000 37.31400000 37.25200000 37.24800000
35.42700000 37.59700000 35.48900000 35.48300000 36.17300000 36.15700000 36.46600000 36.36500000 36.54400000 37.06100000 37.34500000 37.37500000 37.40600000 37.30200000 36.97900000 36.94600000 36.99400000 37.38000000 37.28300000 37.30400000 37.32100000 37.32200000 37.33700000 37.39100000 37.40800000 37.42300000 37.33300000 37.26000000 37.32400000 37.22400000
37.59700000 37.59700000 37.59700000 37.59700000 35.72200000 35.99100000 36.47500000 36.51700000 36.19000000 36.26000000 36.86100000 37.23200000 37.21500000 37.29300000 37.32900000 37.29500000 37.17000000 37.03800000 37.30800000 37.35500000 37.26000000 37.35300000 37.35200000 37.26000000 37.27000000 37.32700000 37.35100000 37.27900000 37.35900000 37.21200000
37.59700000 37.59700000 37.59700000 37.59700000 37.59700000 35.60400000 35.86300000 35.98100000 36.20600000 35.79100000 36.53100000 37.00600000 37.10600000 36.72900000 36.68200000 36.94300000 36.88000000 36.43100000 37.29200000 37.33600000 37.21400000 37.26300000 37.23000000 37.21400000 37.25600000 37.34100000 37.32300000 37.30800000 37.38700000 37.21800000
37.59700000 37.59700000 37.59700000 37.59700000 37.59700000 37.59700000 37.59700000 35.47100000 35.69200000 35.74000000 36.21900000 36.45400000 36.49000000 36.33400000 36.15400000 36.26700000 36.76800000 36.29700000 37.21900000 37.35800000 37.25600000 37.17000000 37.19300000 37.18500000 37.25300000 37.34900000 37.44400000 37.36000000 37.29800000 37.28100000
37.59700000 37.59700000 37.59700000 37.59700000 37.59700000 37.59700000 37.59700000 37.59700000 37.59700000 37.59700000 37.59700000 37.59700000 37.59700000 37.59700000 37.59700000 36.18100000 36.62000000 36.13700000 37.03100000 37.26000000 37.34900000 37.36100000 37.24000000 37.20200000 37.28100000 37.35800000 37.41600000 37.48600000 37.38700000 37.30000000
37.59700000 37.59700000 37.59700000 37.59700000 37.59700000 37.59700000 37.59700000 37.59700000 37.59700000 37.59700000 37.59700000 37.59700000 37.59700000 37.59700000 37.59700000 37.59700000 36.34800000 36.33800000 36.48400000 37.07300000 37.29600000 37.34400000 37.37400000 37.39300000 37.31500000 37.34000000 37.36900000 37.45600000 37.51200000 37.54400000
37.59700000 37.59700000 37.59700000 37.59700000 37.59700000 37.59700000 37.59700000 37.59700000 37.59700000 37.59700000 37.59700000 37.59700000 37.59700000 37.59700000 37.59700000 37.59700000 37.59700000 36.39700000 36.62800000 36.92300000 36.90500000 37.34000000 37.41900000 37.40400000 37.35200000 37.30900000 37.34600000 37.39100000 37.41200000 37.54800000
37.59700000 37.59700000 37.59700000 37.59700000 37.59700000 37.59700000 37.59700000 37.59700000 37.59700000 37.59700000 37.59700000 37.59700000 37.59700000 37.59700000 37.59700000 37.59700000 37.59700000 37.59700000 37.59700000 36.67200000 37.05700000 37.02600000 37.41200000 37.40600000 37.38500000 37.30200000 37.33800000 37.36900000 37.33100000 37.38800000
37.59700000 37.59700000 37.59700000 37.59700000 37.59700000 37.59700000 37.59700000 37.59700000 37.59700000 37.59700000 37.59700000 37.59700000 37.59700000 37.59700000 37.59700000 37.59700000 37.59700000 37.59700000 37.59700000 37.59700000 36.92000000 37.07300000 37.41300000 37.42700000 37.33100000 37.32400000 37.34000000 37.35200000 37.36700000 37.31200000
37.59700000 37.59700000 37.59700000 37.59700000 37.59700000 37.59700000 37.59700000 37.59700000 37.59700000 37.59700000 37.59700000 37.59700000 37.59700000 37.59700000 37.59700000 37.59700000 37.59700000 37.59700000 37.59700000 37.59700000 36.50200000 37.17800000 37.41000000 37.42200000 37.28500000 37.39200000 37.40700000 37.37600000 37.36000000 37.33200000
37.59700000 37.59700000 37.59700000 37.59700000 37.59700000 37.59700000 37.59700000 37.59700000 37.59700000 37.59700000 37.59700000 37.59700000 37.59700000 37.59700000 37.59700000 37.59700000 37.59700000 37.59700000 37.59700000 37.59700000 36.38000000 37.22100000 37.36900000 37.36300000 37.35900000 37.38300000 37.38800000 37.41200000 37.41100000 37.34400000
37.59700000 37.59700000 37.59700000 37.59700000 37.59700000 37.59700000 37.59700000 37.59700000 37.59700000 37.59700000 37.59700000 37.59700000 37.59700000 37.59700000 37.59700000 37.59700000 37.59700000 37.59700000 37.59700000 37.59700000 36.48000000 37.03900000 37.33900000 37.30900000 37.39500000 37.36600000 37.37500000 37.38200000 37.38700000 37.39600000
37.59700000 37.59700000 37.59700000 37.59700000 37.59700000 37.59700000 37.59700000 37.59700000 37.59700000 37.59700000 37.59700000 37.59700000 37.59700000 37.59700000 37.59700000 37.59700000 37.59700000 37.59700000 37.59700000 37.59700000 37.59700000 36.73400000 37.31600000 37.38000000 37.34700000 37.36400000 37.33800000 37.32300000 37.33800000 37.35900000
37.59700000 37.59700000 37.59700000 37.59700000 37.59700000 37.59700000 37.59700000 37.59700000 37.59700000 37.59700000 37.59700000 37.59700000 37.59700000 37.59700000 37.59700000 37.59700000 37.59700000 37.59700000 37.59700000 37.59700000 37.59700000 36.57900000 37.06900000 37.31300000 37.33600000 37.32600000 37.33300000 37.31000000 37.29600000 37.31100000
37.59700000 37.59700000 37.59700000 37.59700000 37.59700000 37.59700000 37.59700000 37.59700000 37.59700000 37.59700000 37.59700000 37.59700000 37.59700000 37.59700000 37.59700000 37.59700000 37.59700000 37.59700000 37.59700000 37.59700000 37.59700000 37.59700000 36.89000000 37.24700000 37.28700000 37.31300000 37.29800000 37.28100000 37.27800000 37.27100000
37.59700000 37.59700000 37.59700000 37.59700000 37.59700000 37.59700000 37.59700000 37.59700000 37.59700000 37.59700000 37.59700000 37.59700000 37.59700000 37.59700000 37.59700000 37.59700000 37.59700000 37.59700000 37.59700000 37.59700000 37.59700000 37.59700000 36.78000000 37.13400000 37.15400000 37.20700000 37.21300000 37.22500000 37.23000000 37.29400000
37.59700000 37.59700000 37.59700000 37.59700000 37.59700000 37.59700000 37.59700000 37.59700000 37.59700000 37.59700000 37.59700000 37.59700000 37.59700000 37.59700000 37.59700000 37.59700000 37.59700000 37.59700000 37.59700000 37.59700000 37.59700000 37.59700000 37.59700000 36.86600000 37.18700000 37.19300000 37.23900000 37.22400000 37.26800000 37.28900000
