 25.61700000  25.29400000  25.59900000  25.57300000  25.06500000  25.05500000  25.47100000  25.56000000  25.56200000  25.47200000  25.36200000  25.31400000  25.20300000  24.38800000  24.23500000  25.39500000  25.65100000  25.73900000  25.41300000  25.39200000  25.41000000  25.37300000  25.23400000  24.92800000  24.20900000  23.86900000  24.23200000  24.63800000  24.56600000  24.67700000
 25.36100000  25.05300000  25.46600000  25.22600000  24.62500000  25.38000000  25.51200000  25.45400000  25.42900000  25.36800000  25.23800000  25.10800000  24.26500000  24.15900000  24.79600000  25.24200000  25.68400000  25.38100000  25.39100000  25.36400000  25.37800000  25.24100000  25.05200000  24.57600000  23.70900000  24.32100000  24.49600000  24.52600000  24.99800000  25.05200000
 25.23600000  25.43900000  25.47100000  25.33400000  24.52500000  25.29400000  25.37400000  25.31800000  25.20500000  24.99300000  24.35400000  23.93000000  24.16700000  24.67000000  24.75600000  25.50100000  25.61900000  25.34500000  25.34500000  25.26700000  25.19300000  25.12400000  24.62400000  24.42300000  25.33600000  25.60800000  25.51000000  25.43700000  25.09100000  25.03700000
 24.65600000  25.34400000  25.41800000  25.53300000  25.00600000  24.49900000  24.82400000  24.33500000  24.05000000  24.27100000  24.60000000  24.83600000  24.90700000  24.88400000  24.95900000  25.63700000  25.63200000  25.26700000  25.27300000  25.10300000  24.84900000  24.76900000  25.69000000  25.89700000  25.93600000  25.60900000  25.45200000  25.33900000  25.29000000  25.36900000
 24.54400000  24.44000000  25.26500000  25.43000000  25.53900000  25.06900000  24.41900000  24.29000000  24.48400000  24.91400000  24.95900000  25.17800000  25.40200000  25.47600000  25.56700000  25.69800000  25.61900000  25.16900000  24.97900000  24.89700000  25.70800000  25.83600000  25.65800000  25.70300000  25.75300000  25.79900000  25.74100000  25.36300000  25.23900000  25.26200000
 24.16200000  23.99800000  24.97100000  25.43800000  25.45800000  25.52000000  25.62100000  25.48300000  25.50500000  25.61400000  25.57900000  25.59600000  25.78300000  25.88000000  25.92700000  25.75900000  25.65300000  25.30800000  25.26800000  25.75400000  25.67100000  25.56700000  25.41400000  25.27300000  25.46800000  25.80600000  25.98700000  26.00600000  25.28800000  25.10700000
 24.01600000  23.69400000  24.85200000  25.12700000  25.52800000  25.56900000  25.51800000  25.49500000  25.48500000  25.52900000  25.71000000  25.76300000  25.75300000  25.83600000  25.91800000  25.76100000  25.77600000  25.71600000  25.60700000  25.67300000  25.50100000  25.29500000  24.96900000  24.95800000  25.31600000  25.73600000  26.17000000  26.06900000  26.06400000  25.34500000
 23.86900000  23.56200000  24.37300000  24.45400000  24.92800000  25.63600000  25.83400000  25.64400000  25.68200000  25.75300000  25.87800000  25.84400000  25.81500000  25.89500000  25.94200000  25.76600000  25.83800000  25.80700000  25.68700000  25.57600000  25.50900000  25.36300000  25.24400000  25.34300000  25.62200000  26.15100000  26.57000000  26.40600000  25.92700000  26.09400000
 23.48900000  23.84200000  24.15100000  24.47000000  24.27800000  24.59900000  25.03600000  26.03600000  25.79000000  25.66700000  25.75500000  25.77900000  25.81600000  25.80400000  25.78600000  25.78000000  25.86300000  25.96600000  26.00500000  26.02600000  25.91200000  25.79700000  25.87900000  26.09400000  26.61500000  26.92900000  26.75200000  26.49700000  25.95400000  26.18800000
 23.39400000  23.02300000  23.70700000  24.07000000  24.10700000  24.16000000  24.23700000  24.69800000  26.16600000  26.36400000  26.26200000  25.99300000  25.71300000  25.65900000  25.73100000  25.78400000  25.75100000  25.82100000  25.92900000  26.87100000  26.75300000  26.71700000  26.75900000  26.75600000  26.51600000  26.45900000  26.67300000  26.22200000  26.04100000  26.20500000
 24.32600000  23.59900000  23.53000000  23.36300000  23.67500000  23.61000000  24.00900000  24.04800000  24.40200000  25.25800000  26.36500000  26.53500000  26.68500000  26.47500000  25.77400000  25.63700000  25.80300000  26.58400000  26.39600000  26.43200000  26.25600000  26.25500000  26.30100000  26.44700000  26.53700000  26.61300000  26.34600000  25.99200000  26.36100000  26.28300000
 27.83300000  27.83300000  27.83300000  24.04800000  23.60000000  23.32400000  23.51300000  23.50500000  23.56500000  24.07700000  24.61700000  25.88800000  25.82800000  26.14100000  26.30900000  26.22000000  25.95200000  25.46600000  26.48700000  26.75400000  26.10200000  26.38400000  26.43300000  26.19100000  26.27400000  26.42000000  26.50000000  26.23600000  26.48500000  26.39200000
 27.83300000  27.83300000  27.83300000  27.83300000  23.70400000  23.57900000  23.29900000  23.38800000  23.34000000  23.49500000  24.24000000  24.99500000  25.35400000  24.52400000  24.49400000  24.93500000  24.91000000  24.78700000  26.42900000  26.69000000  25.96200000  26.21100000  26.15100000  26.44200000  26.53100000  26.74000000  26.49200000  26.33400000  26.55900000  26.41600000
 27.83300000  27.83300000  27.83300000  27.83300000  27.83300000  27.83300000  24.47300000  23.93500000  23.31100000  23.36500000  23.55600000  23.72500000  24.07800000  23.69300000  23.20700000  23.70700000  24.49700000  24.75600000  26.19400000  26.83000000  26.30900000  26.04900000  26.22900000  26.26100000  26.34500000  26.79700000  26.98100000  26.63100000  26.30300000  26.38400000
 27.83300000  27.83300000  27.83300000  27.83300000  27.83300000  27.83300000  27.83300000  27.83300000  27.83300000  27.83300000  27.83300000  27.83300000  23.35000000  23.21500000  23.09900000  23.42400000  24.16600000  24.70400000  25.61600000  26.50500000  26.89700000  26.88300000  26.38100000  26.26100000  26.38200000  26.91900000  26.99600000  27.08000000  26.71700000  26.36900000
 27.83300000  27.83300000  27.83300000  27.83300000  27.83300000  27.83300000  27.83300000  27.83300000  27.83300000  27.83300000  27.83300000  27.83300000  27.83300000  27.83300000  27.83300000  23.56900000  23.97500000  24.76900000  25.15100000  25.68300000  26.73500000  26.89900000  26.88600000  26.97400000  26.49100000  26.99900000  27.03900000  27.02200000  27.10200000  27.15300000
 27.83300000  27.83300000  27.83300000  27.83300000  27.83300000  27.83300000  27.83300000  27.83300000  27.83300000  27.83300000  27.83300000  27.83300000  27.83300000  27.83300000  27.83300000  27.83300000  23.95100000  24.22900000  25.35600000  25.48700000  24.83900000  26.94900000  26.92800000  27.02700000  26.62400000  27.06000000  27.15700000  26.99400000  27.02200000  27.20100000
 27.83300000  27.83300000  27.83300000  27.83300000  27.83300000  27.83300000  27.83300000  27.83300000  27.83300000  27.83300000  27.83300000  27.83300000  27.83300000  27.83300000  27.83300000  27.83300000  27.83300000  27.83300000  23.92300000  25.50900000  25.79400000  26.47600000  26.89600000  27.00800000  26.71800000  27.12800000  27.25900000  27.19500000  27.08000000  27.06300000
 27.83300000  27.83300000  27.83300000  27.83300000  27.83300000  27.83300000  27.83300000  27.83300000  27.83300000  27.83300000  27.83300000  27.83300000  27.83300000  27.83300000  27.83300000  27.83300000  27.83300000  27.83300000  27.83300000  25.72300000  25.01000000  26.54900000  26.88900000  26.95900000  26.91600000  27.16600000  27.20100000  27.20300000  27.19200000  27.15900000
 27.83300000  27.83300000  27.83300000  27.83300000  27.83300000  27.83300000  27.83300000  27.83300000  27.83300000  27.83300000  27.83300000  27.83300000  27.83300000  27.83300000  27.83300000  27.83300000  27.83300000  27.83300000  27.83300000  25.93300000  22.97400000  26.79000000  26.86200000  26.80600000  27.05300000  27.29400000  27.34900000  27.20100000  27.21400000  27.24800000
 27.83300000  27.83300000  27.83300000  27.83300000  27.83300000  27.83300000  27.83300000  27.83300000  27.83300000  27.83300000  27.83300000  27.83300000  27.83300000  27.83300000  27.83300000  27.83300000  27.83300000  27.83300000  27.83300000  25.97600000  23.29500000  26.87500000  26.90400000  26.90200000  27.24000000  27.28500000  27.09500000  27.31600000  27.29200000  27.25600000
 27.83300000  27.83300000  27.83300000  27.83300000  27.83300000  27.83300000  27.83300000  27.83300000  27.83300000  27.83300000  27.83300000  27.83300000  27.83300000  27.83300000  27.83300000  27.83300000  27.83300000  27.83300000  27.83300000  25.67500000  22.91400000  26.54100000  27.13600000  27.06100000  27.31600000  27.10500000  27.15800000  27.28100000  27.31300000  27.36300000
 27.83300000  27.83300000  27.83300000  27.83300000  27.83300000  27.83300000  27.83300000  27.83300000  27.83300000  27.83300000  27.83300000  27.83300000  27.83300000  27.83300000  27.83300000  27.83300000  27.83300000  27.83300000  27.83300000  27.83300000  25.84700000  26.28800000  27.07700000  27.27800000  27.15600000  27.09100000  27.25600000  27.23900000  27.40100000  27.42400000
 27.83300000  27.83300000  27.83300000  27.83300000  27.83300000  27.83300000  27.83300000  27.83300000  27.83300000  27.83300000  27.83300000  27.83300000  27.83300000  27.83300000  27.83300000  27.83300000  27.83300000  27.83300000  27.83300000  27.83300000  27.83300000  24.37700000  26.54000000  27.10500000  27.11800000  27.10200000  27.23800000  27.10600000  27.13000000  27.37500000
 27.83300000  27.83300000  27.83300000  27.83300000  27.83300000  27.83300000  27.83300000  27.83300000  27.83300000  27.83300000  27.83300000  27.83300000  27.83300000  27.83300000  27.83300000  27.83300000  27.83300000  27.83300000  27.83300000  27.83300000  27.83300000  26.07500000  26.48700000  26.94100000  27.03600000  27.05500000  26.99700000  26.98500000  26.97300000  27.09100000
 27.83300000  27.83300000  27.83300000  27.83300000  27.83300000  27.83300000  27.83300000  27.83300000  27.83300000  27.83300000  27.83300000  27.83300000  27.83300000  27.83300000  27.83300000  27.83300000  27.83300000  27.83300000  27.83300000  27.83300000  27.83300000  27.83300000  26.56700000  26.85000000  26.76300000  26.84600000  26.84300000  26.99900000  27.04400000  27.37300000
 27.83300000  27.83300000  27.83300000  27.83300000  27.83300000  27.83300000  27.83300000  27.83300000  27.83300000  27.83300000  27.83300000  27.83300000  27.83300000  27.83300000  27.83300000  27.83300000  27.83300000  27.83300000  27.83300000  27.83300000  27.83300000  27.83300000  27.83300000  26.51400000  27.01100000  26.98900000  27.30200000  27.14800000  27.24600000  27.52200000
 25.64900000  25.37600000  25.63500000  25.62700000  25.12600000  25.07600000  25.47500000  25.57900000  25.58500000  25.49900000  25.38500000  25.33600000  25.27400000  24.40100000  24.24800000  25.40300000  25.67500000  25.77000000  25.44000000  25.41400000  25.42700000  25.39000000  25.25400000  24.93100000  24.22700000  23.87000000  24.24500000  24.61600000  24.58300000  24.69000000
 25.38100000  25.06800000  25.48600000  25.24300000  24.64200000  25.40000000  25.53300000  25.47500000  25.45000000  25.38800000  25.25800000  25.12600000  24.27800000  24.17500000  24.81400000  25.26100000  25.70400000  25.40000000  25.41000000  25.38400000  25.39700000  25.26000000  25.06500000  24.59100000  23.72500000  24.33900000  24.51400000  24.54600000  25.01800000  25.07700000
 25.24000000  25.46000000  25.49000000  25.35500000  24.54100000  25.31400000  25.39400000  25.33700000  25.22500000  25.00600000  24.37000000  23.94600000  24.18200000  24.68800000  24.77400000  25.52100000  25.64000000  25.36500000  25.36300000  25.28700000  25.21400000  25.14200000  24.63300000  24.44100000  25.35900000  25.62700000  25.53100000  25.45400000  25.10900000  25.05600000
 24.69500000  25.36300000  25.43600000  25.55700000  25.03000000  24.51600000  24.84300000  24.35200000  24.06500000  24.28300000  24.61700000  24.85500000  24.92600000  24.90200000  24.97700000  25.65100000  25.65300000  25.28500000  25.29000000  25.12200000  24.86600000  24.78300000  25.71200000  25.91700000  25.95400000  25.62800000  25.47100000  25.35800000  25.30900000  25.39100000
 24.35500000  24.47000000  25.28000000  25.44500000  25.56100000  25.07800000  24.43300000  24.29900000  24.50000000  24.93200000  24.97700000  25.19900000  25.42400000  25.49900000  25.58900000  25.71800000  25.63800000  25.19000000  24.99500000  24.91400000  25.72800000  25.85500000  25.67300000  25.72100000  25.77000000  25.81800000  25.76100000  25.38100000  25.25500000  25.28100000
 24.13200000  24.05700000  24.98800000  25.45800000  25.47700000  25.54200000  25.64600000  25.51000000  25.53000000  25.63600000  25.59900000  25.61600000  25.80200000  25.89900000  25.94600000  25.78000000  25.67100000  25.32700000  25.27900000  25.77100000  25.68900000  25.58500000  25.43300000  25.29100000  25.48500000  25.82300000  26.00600000  26.02300000  25.30600000  25.11900000
 24.03600000  24.18400000  24.86300000  25.14600000  25.54500000  25.58200000  25.53800000  25.51500000  25.50400000  25.54900000  25.72900000  25.78300000  25.77200000  25.85500000  25.93600000  25.78000000  25.79500000  25.73500000  25.62600000  25.69100000  25.51800000  25.31000000  24.98500000  24.97700000  25.33500000  25.75500000  26.19000000  26.08900000  26.08400000  25.37300000
 23.54000000  23.51600000  24.94000000  24.47900000  24.94800000  25.65000000  25.85100000  25.66300000  25.70000000  25.77200000  25.89700000  25.86400000  25.83400000  25.91300000  25.96100000  25.78500000  25.85500000  25.82600000  25.70400000  25.59400000  25.52900000  25.38100000  25.26500000  25.36400000  25.64300000  26.17200000  26.59100000  26.42500000  25.94400000  26.11400000
 21.42200000  21.61800000  24.42800000  24.49500000  24.30300000  24.61800000  25.05800000  26.05100000  25.80900000  25.68700000  25.77400000  25.79800000  25.82600000  25.82400000  25.80600000  25.79900000  25.88100000  25.98500000  26.02300000  26.04500000  25.93200000  25.81700000  25.90100000  26.11800000  26.63800000  26.95100000  26.77200000  26.51500000  25.97200000  26.20700000
 20.24200000  20.42600000  23.07500000  24.10000000  24.12600000  24.18100000  24.25000000  24.71700000  26.18300000  26.37800000  26.28300000  26.01200000  25.73100000  25.67900000  25.74800000  25.80100000  25.76900000  25.83800000  25.94700000  26.89000000  26.76800000  26.73300000  26.77900000  26.77500000  26.53500000  26.47800000  26.69200000  26.24000000  26.05800000  26.22200000
 22.21200000  27.83300000  22.02600000  22.44400000  23.37800000  23.58500000  24.03500000  24.34200000  24.42800000  25.27300000  26.38300000  26.55900000  26.70700000  26.49500000  25.79300000  25.65300000  25.82200000  26.59600000  26.41600000  26.45400000  26.27300000  26.27300000  26.32100000  26.46800000  26.55700000  26.63400000  26.36500000  26.01100000  26.38000000  26.29700000
 27.83300000  27.83300000  27.83300000  27.83300000  22.27900000  21.07800000  22.58600000  22.78900000  23.31900000  24.12100000  24.63100000  25.90900000  25.84300000  26.15200000  26.32300000  26.23600000  25.96300000  25.47900000  26.50600000  26.77400000  26.12000000  26.40000000  26.44900000  26.21000000  26.29500000  26.43700000  26.52200000  26.25600000  26.50400000  26.40700000
 27.83300000  27.83300000  27.83300000  27.83300000  27.83300000  21.99100000  20.52600000  20.40300000  21.29100000  22.43300000  24.24300000  25.00800000  25.37600000  24.54200000  24.50600000  24.95400000  24.92800000  24.82000000  26.44600000  26.70700000  25.97900000  26.22700000  26.16900000  26.46100000  26.55000000  26.76100000  26.51400000  26.35100000  26.57800000  26.42900000
 27.83300000  27.83300000  27.83300000  27.83300000  27.83300000  27.83300000  27.83300000  23.63700000  21.07200000  21.17600000  21.97800000  23.56300000  23.88800000  23.66600000  23.03500000  23.62500000  24.51100000  24.77700000  26.21000000  26.84600000  26.33100000  26.06800000  26.24800000  26.27900000  26.36300000  26.81700000  27.00200000  26.65200000  26.31900000  26.40400000
 27.83300000  27.83300000  27.83300000  27.83300000  27.83300000  27.83300000  27.83300000  27.83300000  27.83300000  27.83300000  27.83300000  27.83300000  27.83300000  27.83300000  27.83300000  21.17900000  24.13200000  24.64800000  25.63800000  26.52100000  26.91500000  26.90300000  26.40300000  26.28000000  26.40100000  26.93900000  27.01600000  27.09900000  26.73700000  26.38600000
 27.83300000  27.83300000  27.83300000  27.83300000  27.83300000  27.83300000  27.83300000  27.83300000  27.83300000  27.83300000  27.83300000  27.83300000  27.83300000  27.83300000  27.83300000  27.83300000  23.10100000  23.44900000  25.17700000  25.70500000  26.74300000  26.91800000  26.90400000  26.99300000  26.50700000  27.01700000  27.05800000  27.04000000  27.11800000  27.17900000
 27.83300000  27.83300000  27.83300000  27.83300000  27.83300000  27.83300000  27.83300000  27.83300000  27.83300000  27.83300000  27.83300000  27.83300000  27.83300000  27.83300000  27.83300000  27.83300000  27.83300000  21.56200000  24.68100000  25.49700000  24.79300000  26.96600000  26.94600000  27.04600000  26.63900000  27.07600000  27.17600000  27.01000000  27.03800000  27.22300000
 27.83300000  27.83300000  27.83300000  27.83300000  27.83300000  27.83300000  27.83300000  27.83300000  27.83300000  27.83300000  27.83300000  27.83300000  27.83300000  27.83300000  27.83300000  27.83300000  27.83300000  27.83300000  27.83300000  25.17700000  25.72800000  26.48200000  26.91500000  27.02700000  26.73200000  27.14600000  27.27700000  27.21300000  27.09800000  27.09400000
 27.83300000  27.83300000  27.83300000  27.83300000  27.83300000  27.83300000  27.83300000  27.83300000  27.83300000  27.83300000  27.83300000  27.83300000  27.83300000  27.83300000  27.83300000  27.83300000  27.83300000  27.83300000  27.83300000  27.83300000  25.00000000  26.56400000  26.90700000  26.97500000  26.93200000  27.18200000  27.21700000  27.21900000  27.20800000  27.17600000
 27.83300000  27.83300000  27.83300000  27.83300000  27.83300000  27.83300000  27.83300000  27.83300000  27.83300000  27.83300000  27.83300000  27.83300000  27.83300000  27.83300000  27.83300000  27.83300000  27.83300000  27.83300000  27.83300000  27.83300000  22.45600000  26.80600000  26.87600000  26.82000000  27.06600000  27.30800000  27.36400000  27.21500000  27.22900000  27.26400000
 27.83300000  27.83300000  27.83300000  27.83300000  27.83300000  27.83300000  27.83300000  27.83300000  27.83300000  27.83300000  27.83300000  27.83300000  27.83300000  27.83300000  27.83300000  27.83300000  27.83300000  27.83300000  27.83300000  27.83300000  21.59700000  26.89100000  26.92100000  26.91800000  27.25400000  27.29800000  27.10800000  27.33000000  27.30400000  27.27300000
 27.83300000  27.83300000  27.83300000  27.83300000  27.83300000  27.83300000  27.83300000  27.83300000  27.83300000  27.83300000  27.83300000  27.83300000  27.83300000  27.83300000  27.83300000  27.83300000  27.83300000  27.83300000  27.83300000  27.83300000  22.09800000  26.55300000  27.15100000  27.07400000  27.33000000  27.11800000  27.17000000  27.29200000  27.32500000  27.37000000
 27.83300000  27.83300000  27.83300000  27.83300000  27.83300000  27.83300000  27.83300000  27.83300000  27.83300000  27.83300000  27.83300000  27.83300000  27.83300000  27.83300000  27.83300000  27.83300000  27.83300000  27.83300000  27.83300000  27.83300000  27.83300000  25.62800000  27.09400000  27.29200000  27.16700000  27.10400000  27.26900000  27.24700000  27.41100000  27.42200000
 27.83300000  27.83300000  27.83300000  27.83300000  27.83300000  27.83300000  27.83300000  27.83300000  27.83300000  27.83300000  27.83300000  27.83300000  27.83300000  27.83300000  27.83300000  27.83300000  27.83300000  27.83300000  27.83300000  27.83300000  27.83300000  22.68200000  26.55600000  27.12000000  27.13000000  27.11500000  27.24500000  27.10100000  27.13000000  27.38300000
 27.83300000  27.83300000  27.83300000  27.83300000  27.83300000  27.83300000  27.83300000  27.83300000  27.83300000  27.83300000  27.83300000  27.83300000  27.83300000  27.83300000  27.83300000  27.83300000  27.83300000  27.83300000  27.83300000  27.83300000  27.83300000  27.83300000  26.46500000  26.95600000  27.04600000  27.05900000  26.98600000  26.93400000  26.91100000  27.05500000
 27.83300000  27.83300000  27.83300000  27.83300000  27.83300000  27.83300000  27.83300000  27.83300000  27.83300000  27.83300000  27.83300000  27.83300000  27.83300000  27.83300000  27.83300000  27.83300000  27.83300000  27.83300000  27.83300000  27.83300000  27.83300000  27.83300000  25.38500000  26.87600000  26.70700000  26.77700000  26.77800000  26.87400000  26.89700000  27.28200000
 27.83300000  27.83300000  27.83300000  27.83300000  27.83300000  27.83300000  27.83300000  27.83300000  27.83300000  27.83300000  27.83300000  27.83300000  27.83300000  27.83300000  27.83300000  27.83300000  27.83300000  27.83300000  27.83300000  27.83300000  27.83300000  27.83300000  27.83300000  26.44700000  26.98900000  26.89100000  27.16700000  26.95100000  27.18200000  27.41800000
