37.00600000 36.92700000 37.02100000 36.95400000 36.99600000 37.06900000 37.18600000 37.27900000 37.26400000 37.22800000 37.15400000 37.05200000 36.90500000 36.63300000 36.48800000 36.83200000 36.92000000 37.02000000 36.98500000 37.03800000 37.04900000 37.02700000 36.91000000 36.73500000 36.49300000 36.25900000 36.40000000 36.50500000 36.39400000 36.38300000
36.99200000 36.91600000 36.94200000 36.93400000 36.93100000 37.19100000 37.23400000 37.23100000 37.19800000 37.14900000 37.05900000 36.94400000 36.64600000 36.52400000 36.78100000 36.88800000 37.01100000 37.01100000 37.01100000 37.07000000 37.05500000 36.96600000 36.83300000 36.67900000 36.32600000 36.57600000 36.58100000 36.54400000 36.77500000 36.87800000
36.92500000 37.03600000 36.91700000 36.92500000 36.86900000 37.15000000 37.16700000 37.14000000 37.07400000 36.96600000 36.70600000 36.43900000 36.52300000 36.78900000 36.79900000 36.94200000 37.08700000 36.98800000 36.99600000 37.02000000 36.96700000 36.89200000 36.71600000 36.63600000 36.96000000 37.05400000 37.03300000 37.04800000 36.93500000 36.86100000
36.61500000 37.03700000 36.91200000 36.91800000 36.97500000 36.81000000 36.95100000 36.70100000 36.47900000 36.63900000 36.81600000 36.89300000 36.89000000 36.86700000 36.85000000 36.96700000 37.08100000 36.94100000 36.95100000 36.93100000 36.82700000 36.71700000 37.11600000 37.21800000 37.22200000 37.05700000 37.03600000 37.00900000 36.99600000 36.96500000
36.52600000 36.37100000 36.99500000 36.84900000 36.92100000 36.94600000 36.77200000 36.68200000 36.79600000 36.94000000 36.88600000 36.88800000 36.91000000 36.91800000 36.93700000 36.98100000 37.05900000 36.89800000 36.79300000 36.76000000 37.12300000 37.21600000 37.20100000 37.20500000 37.21900000 37.24000000 37.13000000 36.95100000 36.82900000 36.78600000
36.37800000 35.90600000 36.92400000 36.94700000 36.82400000 36.86800000 36.94000000 36.93200000 36.93300000 36.92900000 36.87200000 36.85700000 36.94800000 37.01900000 37.03500000 36.99200000 37.10500000 36.99300000 36.98400000 37.16100000 37.19600000 37.16800000 37.09700000 37.06100000 37.13500000 37.21900000 37.26100000 37.25700000 36.84200000 36.56600000
36.08100000 35.37100000 36.87900000 37.01200000 37.04200000 36.92300000 36.83500000 36.81000000 36.80400000 36.83500000 36.94100000 36.99900000 36.99300000 37.01300000 37.04100000 36.99800000 37.19200000 37.16700000 37.12400000 37.16600000 37.14900000 37.04700000 36.95600000 36.94600000 37.08100000 37.18900000 37.26600000 37.27600000 37.26200000 36.82200000
35.69700000 35.16100000 36.20300000 36.65000000 36.89600000 37.13600000 37.11300000 36.90400000 36.91300000 36.94000000 37.01500000 36.98400000 36.98800000 37.04600000 37.06600000 37.03200000 37.21900000 37.19900000 37.14500000 37.12700000 37.15100000 37.08500000 37.03200000 37.08300000 37.16800000 37.23800000 37.35100000 37.34000000 37.25500000 37.23600000
35.36200000 35.62800000 36.22300000 36.71400000 36.58300000 36.71200000 36.90800000 37.25300000 36.96900000 36.89000000 36.92000000 36.93800000 36.95300000 36.94700000 36.94400000 37.01400000 37.17800000 37.24100000 37.25500000 37.25000000 37.20500000 37.17200000 37.19900000 37.21800000 37.33600000 37.45900000 37.45300000 37.37000000 37.27100000 37.25800000
35.20800000 35.34600000 35.88300000 36.30300000 36.41400000 36.53800000 36.53300000 36.75000000 37.30100000 37.33600000 37.24900000 37.07100000 36.93800000 36.94500000 36.96400000 36.97100000 37.04200000 37.03200000 37.01900000 37.43400000 37.42000000 37.41900000 37.42700000 37.42900000 37.40200000 37.40100000 37.44600000 37.31500000 37.25200000 37.24900000
34.58700000 34.86400000 34.94700000 35.29000000 36.06800000 36.14100000 36.46700000 36.11900000 36.55200000 37.06600000 37.34400000 37.37700000 37.40900000 37.29600000 36.97500000 36.94900000 36.98900000 37.38100000 37.28700000 37.30800000 37.32000000 37.32300000 37.33900000 37.39300000 37.41000000 37.42400000 37.33400000 37.26200000 37.32500000 37.22500000
37.59700000 37.59700000 37.59700000 35.05600000 35.58500000 35.75800000 36.06300000 35.96600000 35.73600000 36.25600000 36.86600000 37.23200000 37.21700000 37.29300000 37.32900000 37.29400000 37.17200000 37.03200000 37.30900000 37.35500000 37.26100000 37.35500000 37.35200000 37.26100000 37.27200000 37.33000000 37.35100000 37.27800000 37.35900000 37.21200000
37.59700000 37.59700000 37.59700000 37.59700000 35.17600000 35.32300000 35.51000000 35.52300000 35.63300000 35.74400000 36.52200000 37.00600000 37.10700000 36.72700000 36.69000000 36.94200000 36.89300000 36.42900000 37.29200000 37.33600000 37.21500000 37.26400000 37.23200000 37.21500000 37.25900000 37.34300000 37.32300000 37.31200000 37.38900000 37.21800000
37.59700000 37.59700000 37.59700000 37.59700000 37.59700000 37.59700000 35.28700000 35.38300000 35.46500000 35.54200000 36.02500000 36.31200000 36.47700000 36.32500000 36.15700000 36.27700000 36.77200000 36.31100000 37.22200000 37.36000000 37.25600000 37.17200000 37.19400000 37.18600000 37.25600000 37.35200000 37.44600000 37.35900000 37.30100000 37.28000000
37.59700000 37.59700000 37.59700000 37.59700000 37.59700000 37.59700000 37.59700000 37.59700000 37.59700000 37.59700000 37.59700000 37.59700000 35.66100000 35.85900000 36.12600000 36.16300000 36.63000000 36.11900000 37.03600000 37.26400000 37.35000000 37.36200000 37.23800000 37.20400000 37.28300000 37.35900000 37.41700000 37.48700000 37.38300000 37.30300000
37.59700000 37.59700000 37.59700000 37.59700000 37.59700000 37.59700000 37.59700000 37.59700000 37.59700000 37.59700000 37.59700000 37.59700000 37.59700000 37.59700000 37.59700000 35.94600000 36.27500000 35.99600000 36.49500000 37.06500000 37.30400000 37.34500000 37.37500000 37.39500000 37.31700000 37.34200000 37.37100000 37.45900000 37.51300000 37.54100000
37.59700000 37.59700000 37.59700000 37.59700000 37.59700000 37.59700000 37.59700000 37.59700000 37.59700000 37.59700000 37.59700000 37.59700000 37.59700000 37.59700000 37.59700000 37.59700000 35.98500000 35.96100000 36.62100000 36.92600000 36.90000000 37.34400000 37.42100000 37.40500000 37.35300000 37.31100000 37.34800000 37.39300000 37.41500000 37.54900000
37.59700000 37.59700000 37.59700000 37.59700000 37.59700000 37.59700000 37.59700000 37.59700000 37.59700000 37.59700000 37.59700000 37.59700000 37.59700000 37.59700000 37.59700000 37.59700000 37.59700000 37.59700000 35.94600000 36.74900000 37.07700000 37.06300000 37.41500000 37.40700000 37.38500000 37.30300000 37.34000000 37.36900000 37.33100000 37.38900000
37.59700000 37.59700000 37.59700000 37.59700000 37.59700000 37.59700000 37.59700000 37.59700000 37.59700000 37.59700000 37.59700000 37.59700000 37.59700000 37.59700000 37.59700000 37.59700000 37.59700000 37.59700000 37.59700000 36.61300000 36.92400000 37.09900000 37.41500000 37.42600000 37.32100000 37.32600000 37.34000000 37.35400000 37.36600000 37.31300000
37.59700000 37.59700000 37.59700000 37.59700000 37.59700000 37.59700000 37.59700000 37.59700000 37.59700000 37.59700000 37.59700000 37.59700000 37.59700000 37.59700000 37.59700000 37.59700000 37.59700000 37.59700000 37.59700000 36.79100000 36.56200000 37.20300000 37.41100000 37.42000000 37.28700000 37.39300000 37.40700000 37.37200000 37.36100000 37.33100000
37.59700000 37.59700000 37.59700000 37.59700000 37.59700000 37.59700000 37.59700000 37.59700000 37.59700000 37.59700000 37.59700000 37.59700000 37.59700000 37.59700000 37.59700000 37.59700000 37.59700000 37.59700000 37.59700000 36.90500000 36.58000000 37.24800000 37.36900000 37.35600000 37.36100000 37.38200000 37.38800000 37.41400000 37.40800000 37.34000000
37.59700000 37.59700000 37.59700000 37.59700000 37.59700000 37.59700000 37.59700000 37.59700000 37.59700000 37.59700000 37.59700000 37.59700000 37.59700000 37.59700000 37.59700000 37.59700000 37.59700000 37.59700000 37.59700000 36.54200000 36.53500000 37.06400000 37.33400000 37.30600000 37.39200000 37.36700000 37.37500000 37.38200000 37.38700000 37.39400000
37.59700000 37.59700000 37.59700000 37.59700000 37.59700000 37.59700000 37.59700000 37.59700000 37.59700000 37.59700000 37.59700000 37.59700000 37.59700000 37.59700000 37.59700000 37.59700000 37.59700000 37.59700000 37.59700000 37.59700000 36.71800000 36.76900000 37.31400000 37.37700000 37.34400000 37.36400000 37.33600000 37.32200000 37.33900000 37.36000000
37.59700000 37.59700000 37.59700000 37.59700000 37.59700000 37.59700000 37.59700000 37.59700000 37.59700000 37.59700000 37.59700000 37.59700000 37.59700000 37.59700000 37.59700000 37.59700000 37.59700000 37.59700000 37.59700000 37.59700000 37.59700000 36.60600000 37.09400000 37.30900000 37.33600000 37.32500000 37.32900000 37.30700000 37.29800000 37.31000000
37.59700000 37.59700000 37.59700000 37.59700000 37.59700000 37.59700000 37.59700000 37.59700000 37.59700000 37.59700000 37.59700000 37.59700000 37.59700000 37.59700000 37.59700000 37.59700000 37.59700000 37.59700000 37.59700000 37.59700000 37.59700000 36.45600000 36.87500000 37.24200000 37.28200000 37.31000000 37.28700000 37.26700000 37.27000000 37.27500000
37.59700000 37.59700000 37.59700000 37.59700000 37.59700000 37.59700000 37.59700000 37.59700000 37.59700000 37.59700000 37.59700000 37.59700000 37.59700000 37.59700000 37.59700000 37.59700000 37.59700000 37.59700000 37.59700000 37.59700000 37.59700000 37.59700000 36.48900000 37.11500000 37.15300000 37.18900000 37.17500000 37.19400000 37.22300000 37.30400000
37.59700000 37.59700000 37.59700000 37.59700000 37.59700000 37.59700000 37.59700000 37.59700000 37.59700000 37.59700000 37.59700000 37.59700000 37.59700000 37.59700000 37.59700000 37.59700000 37.59700000 37.59700000 37.59700000 37.59700000 37.59700000 37.59700000 37.59700000 36.64100000 37.15800000 37.15800000 37.21300000 37.21100000 37.27200000 37.30000000
37.00500000 36.92600000 37.02100000 36.95400000 36.99500000 37.06800000 37.18600000 37.27800000 37.26300000 37.23000000 37.15600000 37.05400000 36.90800000 36.63200000 36.49100000 36.83100000 36.91900000 37.02000000 36.98300000 37.03900000 37.04800000 37.02900000 36.91000000 36.73200000 36.49500000 36.25800000 36.39900000 36.50600000 36.39200000 36.38500000
36.99100000 36.91500000 36.94100000 36.93300000 36.93000000 37.19100000 37.23300000 37.23000000 37.19800000 37.14900000 37.05900000 36.94300000 36.64600000 36.52300000 36.78000000 36.88700000 37.01100000 37.01000000 37.01000000 37.07000000 37.05400000 36.96500000 36.83200000 36.67800000 36.32600000 36.57500000 36.58000000 36.54400000 36.77600000 36.87900000
36.92300000 37.03500000 36.91600000 36.92500000 36.86800000 37.14900000 37.16600000 37.13900000 37.07300000 36.96500000 36.70500000 36.43900000 36.52200000 36.78800000 36.79800000 36.94200000 37.08600000 36.98700000 36.99500000 37.01900000 36.96700000 36.89100000 36.71500000 36.63600000 36.96100000 37.05200000 37.03200000 37.04700000 36.93400000 36.86000000
36.61400000 37.03600000 36.91200000 36.91800000 36.97400000 36.81000000 36.95000000 36.70000000 36.47900000 36.63900000 36.81500000 36.89200000 36.89000000 36.86700000 36.84900000 36.96600000 37.08000000 36.94100000 36.95000000 36.93000000 36.82600000 36.71600000 37.11500000 37.21700000 37.22100000 37.05700000 37.03500000 37.00800000 36.99500000 36.96400000
36.53000000 36.37700000 36.99500000 36.84900000 36.92000000 36.94600000 36.77200000 36.68200000 36.79500000 36.94000000 36.88500000 36.88700000 36.90900000 36.91700000 36.93600000 36.98000000 37.05800000 36.89800000 36.79200000 36.76000000 37.12300000 37.21500000 37.20000000 37.20400000 37.21800000 37.23900000 37.13000000 36.95000000 36.82700000 36.78500000
36.38400000 35.94300000 36.92400000 36.94700000 36.82300000 36.86600000 36.93800000 36.93000000 36.93200000 36.92800000 36.87100000 36.85600000 36.94800000 37.01800000 37.03400000 36.99200000 37.10400000 36.99300000 36.98400000 37.16100000 37.19500000 37.16700000 37.09600000 37.06000000 37.13400000 37.21800000 37.26000000 37.25600000 36.84200000 36.56500000
36.09600000 35.86700000 36.87900000 37.01000000 37.04100000 36.92200000 36.83500000 36.81000000 36.80300000 36.83400000 36.94000000 36.99800000 36.99200000 37.01200000 37.04000000 36.99700000 37.19100000 37.16600000 37.12300000 37.16500000 37.14800000 37.04600000 36.95500000 36.94500000 37.08000000 37.18800000 37.26500000 37.27500000 37.26100000 36.82800000
35.91100000 35.92300000 36.61000000 36.64900000 36.89500000 37.13500000 37.11300000 36.90400000 36.91200000 36.93900000 37.01500000 36.98300000 36.98700000 37.04600000 37.06500000 37.03100000 37.21800000 37.19900000 37.14400000 37.12600000 37.15100000 37.08500000 37.03100000 37.08200000 37.16700000 37.23700000 37.35000000 37.33900000 37.25400000 37.23500000
35.78000000 35.96400000 36.38300000 36.71200000 36.58000000 36.71100000 36.90700000 37.25100000 36.96900000 36.88900000 36.91900000 36.93700000 36.95300000 36.94600000 36.94300000 37.01300000 37.17600000 37.24000000 37.25400000 37.25000000 37.20400000 37.17200000 37.19800000 37.21700000 37.33500000 37.45900000 37.45200000 37.36900000 37.27000000 37.25700000
35.69200000 35.85600000 36.34600000 36.30200000 36.41400000 36.53600000 36.53400000 36.74800000 37.30000000 37.33500000 37.24900000 37.07100000 36.93800000 36.94400000 36.96300000 36.97000000 37.04100000 37.03100000 37.01800000 37.43300000 37.41900000 37.41800000 37.42600000 37.42800000 37.40100000 37.40000000 37.44500000 37.31400000 37.25100000 37.24800000
35.42500000 37.59700000 35.48800000 35.50900000 36.18300000 36.17800000 36.47200000 36.34300000 36.55100000 37.06300000 37.34300000 37.37500000 37.40800000 37.29500000 36.97400000 36.94800000 36.98900000 37.38000000 37.28600000 37.30700000 37.31900000 37.32200000 37.33800000 37.39200000 37.40900000 37.42300000 37.33300000 37.26100000 37.32400000 37.22400000
37.59700000 37.59700000 37.59700000 37.59700000 35.73000000 35.98900000 36.48400000 36.51400000 36.20600000 36.26600000 36.86400000 37.23100000 37.21600000 37.29100000 37.32700000 37.29300000 37.17000000 37.03200000 37.30800000 37.35400000 37.26000000 37.35400000 37.35100000 37.26000000 37.27100000 37.32800000 37.35000000 37.27800000 37.35800000 37.21100000
37.59700000 37.59700000 37.59700000 37.59700000 37.59700000 35.60100000 35.86700000 35.98300000 36.21200000 35.78800000 36.52700000 37.00300000 37.10600000 36.72700000 36.68800000 36.94100000 36.89100000 36.43400000 37.29100000 37.33500000 37.21400000 37.26300000 37.23100000 37.21400000 37.25700000 37.34200000 37.32200000 37.31100000 37.38700000 37.21700000
37.59700000 37.59700000 37.59700000 37.59700000 37.59700000 37.59700000 37.59700000 35.47800000 35.68700000 35.74200000 36.20300000 36.45600000 36.49300000 36.34200000 36.15400000 36.26700000 36.77100000 36.31100000 37.22000000 37.35800000 37.25600000 37.17100000 37.19300000 37.18500000 37.25400000 37.35000000 37.44500000 37.35800000 37.30000000 37.27800000
37.59700000 37.59700000 37.59700000 37.59700000 37.59700000 37.59700000 37.59700000 37.59700000 37.59700000 37.59700000 37.59700000 37.59700000 37.59700000 37.59700000 37.59700000 36.17900000 36.62200000 36.14600000 37.03400000 37.26200000 37.34800000 37.36100000 37.23800000 37.20400000 37.28200000 37.35800000 37.41600000 37.48600000 37.38300000 37.30100000
37.59700000 37.59700000 37.59700000 37.59700000 37.59700000 37.59700000 37.59700000 37.59700000 37.59700000 37.59700000 37.59700000 37.59700000 37.59700000 37.59700000 37.59700000 37.59700000 36.35000000 36.34700000 36.49400000 37.06400000 37.30000000 37.34400000 37.37400000 37.39300000 37.31600000 37.34100000 37.37000000 37.45800000 37.51200000 37.54000000
37.59700000 37.59700000 37.59700000 37.59700000 37.59700000 37.59700000 37.59700000 37.59700000 37.59700000 37.59700000 37.59700000 37.59700000 37.59700000 37.59700000 37.59700000 37.59700000 37.59700000 36.39700000 36.63200000 36.92200000 36.90000000 37.34200000 37.42000000 37.40400000 37.35300000 37.31000000 37.34700000 37.39200000 37.41400000 37.54900000
37.59700000 37.59700000 37.59700000 37.59700000 37.59700000 37.59700000 37.59700000 37.59700000 37.59700000 37.59700000 37.59700000 37.59700000 37.59700000 37.59700000 37.59700000 37.59700000 37.59700000 37.59700000 37.59700000 36.68000000 37.06100000 37.05400000 37.41300000 37.40600000 37.38500000 37.30200000 37.33900000 37.36900000 37.33200000 37.39300000
37.59700000 37.59700000 37.59700000 37.59700000 37.59700000 37.59700000 37.59700000 37.59700000 37.59700000 37.59700000 37.59700000 37.59700000 37.59700000 37.59700000 37.59700000 37.59700000 37.59700000 37.59700000 37.59700000 37.59700000 36.91000000 37.09800000 37.41500000 37.42600000 37.32300000 37.32600000 37.34000000 37.35400000 37.36600000 37.31400000
37.59700000 37.59700000 37.59700000 37.59700000 37.59700000 37.59700000 37.59700000 37.59700000 37.59700000 37.59700000 37.59700000 37.59700000 37.59700000 37.59700000 37.59700000 37.59700000 37.59700000 37.59700000 37.59700000 37.59700000 36.51300000 37.20100000 37.41000000 37.42000000 37.28700000 37.39300000 37.40700000 37.37200000 37.36100000 37.33000000
37.59700000 37.59700000 37.59700000 37.59700000 37.59700000 37.59700000 37.59700000 37.59700000 37.59700000 37.59700000 37.59700000 37.59700000 37.59700000 37.59700000 37.59700000 37.59700000 37.59700000 37.59700000 37.59700000 37.59700000 36.39600000 37.24900000 37.37100000 37.35800000 37.36200000 37.38200000 37.38800000 37.41400000 37.40800000 37.34300000
37.59700000 37.59700000 37.59700000 37.59700000 37.59700000 37.59700000 37.59700000 37.59700000 37.59700000 37.59700000 37.59700000 37.59700000 37.59700000 37.59700000 37.59700000 37.59700000 37.59700000 37.59700000 37.59700000 37.59700000 36.49000000 37.06500000 37.33600000 37.30800000 37.39300000 37.36700000 37.37400000 37.38200000 37.38800000 37.39400000
37.59700000 37.59700000 37.59700000 37.59700000 37.59700000 37.59700000 37.59700000 37.59700000 37.59700000 37.59700000 37.59700000 37.59700000 37.59700000 37.59700000 37.59700000 37.59700000 37.59700000 37.59700000 37.59700000 37.59700000 37.59700000 36.74600000 37.31700000 37.37900000 37.34500000 37.36500000 37.33700000 37.32200000 37.33800000 37.35900000
37.59700000 37.59700000 37.59700000 37.59700000 37.59700000 37.59700000 37.59700000 37.59700000 37.59700000 37.59700000 37.59700000 37.59700000 37.59700000 37.59700000 37.59700000 37.59700000 37.59700000 37.59700000 37.59700000 37.59700000 37.59700000 36.58500000 37.09900000 37.31200000 37.33800000 37.32600000 37.33100000 37.30900000 37.29700000 37.31100000
37.59700000 37.59700000 37.59700000 37.59700000 37.59700000 37.59700000 37.59700000 37.59700000 37.59700000 37.59700000 37.59700000 37.59700000 37.59700000 37.59700000 37.59700000 37.59700000 37.59700000 37.59700000 37.59700000 37.59700000 37.59700000 37.59700000 36.90600000 37.24800000 37.28700000 37.31200000 37.29500000 37.28000000 37.27700000 37.27100000
37.59700000 37.59700000 37.59700000 37.59700000 37.59700000 37.59700000 37.59700000 37.59700000 37.59700000 37.59700000 37.59700000 37.59700000 37.59700000 37.59700000 37.59700000 37.59700000 37.59700000 37.59700000 37.59700000 37.59700000 37.59700000 37.59700000 36.72000000 37.12600000 37.15600000 37.20500000 37.21300000 37.22400000 37.23000000 37.29500000
37.59700000 37.59700000 37.59700000 37.59700000 37.59700000 37.59700000 37.59700000 37.59700000 37.59700000 37.59700000 37.59700000 37.59700000 37.59700000 37.59700000 37.59700000 37.59700000 37.59700000 37.59700000 37.59700000 37.59700000 37.59700000 37.59700000 37.59700000 36.87700000 37.18700000 37.19300000 37.24100000 37.22400000 37.26700000 37.28900000
