25.61100000 25.29700000 25.59900000 25.56700000 25.06000000 25.06200000 25.47300000 25.55400000 25.55700000 25.46800000 25.36100000 25.31400000 25.20400000 24.38700000 24.23500000 25.39000000 25.65000000 25.73700000 25.41300000 25.39300000 25.40200000 25.36600000 25.22600000 24.92500000 24.22100000 23.86600000 24.22700000 24.63100000 24.56000000 24.67700000
25.35500000 25.04200000 25.46300000 25.20600000 24.64200000 25.38100000 25.50700000 25.44900000 25.42300000 25.36500000 25.23500000 25.10600000 24.26700000 24.15400000 24.79000000 25.23500000 25.67800000 25.36900000 25.38500000 25.35900000 25.36900000 25.23000000 25.04200000 24.57500000 23.70300000 24.30800000 24.48800000 24.51500000 24.97800000 25.03900000
25.23800000 25.43500000 25.46500000 25.31200000 24.53400000 25.29500000 25.37000000 25.31200000 25.20100000 25.00000000 24.36700000 23.92300000 24.16300000 24.66700000 24.75000000 25.49600000 25.61000000 25.33500000 25.33600000 25.26400000 25.19000000 25.12300000 24.62000000 24.40600000 25.32400000 25.60000000 25.50500000 25.43100000 25.08400000 25.02900000
24.64800000 25.33700000 25.41300000 25.52900000 24.99000000 24.49900000 24.84400000 24.34100000 24.04400000 24.26600000 24.59200000 24.82800000 24.90100000 24.88000000 24.95700000 25.63200000 25.62100000 25.25400000 25.26400000 25.09400000 24.83600000 24.76000000 25.68700000 25.89100000 25.92400000 25.59600000 25.44400000 25.32800000 25.28100000 25.35800000
24.54400000 24.46000000 25.26600000 25.42500000 25.53500000 25.06000000 24.39600000 24.27700000 24.46700000 24.90600000 24.95200000 25.16700000 25.39000000 25.46600000 25.56200000 25.69200000 25.60300000 25.15200000 24.97700000 24.88300000 25.69900000 25.83400000 25.64600000 25.69400000 25.74400000 25.79800000 25.72800000 25.35600000 25.22700000 25.25700000
24.13600000 23.99300000 24.95800000 25.43400000 25.45200000 25.51500000 25.61600000 25.47400000 25.49600000 25.60700000 25.57300000 25.58900000 25.77000000 25.86900000 25.92100000 25.75300000 25.64500000 25.28700000 25.26000000 25.75200000 25.66200000 25.56200000 25.40700000 25.27000000 25.46300000 25.79800000 25.98300000 25.99900000 25.27800000 25.10000000
24.00400000 23.69300000 24.83500000 25.12900000 25.52500000 25.56600000 25.51800000 25.49200000 25.48000000 25.52300000 25.70100000 25.75900000 25.74600000 25.82800000 25.90900000 25.75500000 25.76800000 25.70000000 25.59600000 25.66800000 25.49200000 25.28700000 24.95600000 24.95500000 25.31200000 25.72800000 26.16600000 26.06900000 26.05800000 25.32700000
23.86200000 23.55900000 24.37900000 24.44900000 24.92600000 25.63200000 25.83300000 25.63900000 25.67700000 25.74700000 25.87100000 25.83700000 25.80800000 25.88800000 25.93800000 25.76100000 25.83000000 25.79800000 25.67700000 25.56800000 25.50300000 25.35300000 25.23700000 25.33900000 25.61500000 26.14600000 26.57100000 26.40300000 25.91900000 26.08600000
23.49200000 23.84200000 24.15100000 24.47400000 24.29000000 24.60600000 25.03800000 26.04200000 25.78800000 25.66000000 25.74800000 25.77500000 25.81100000 25.79800000 25.78100000 25.77400000 25.85900000 25.96100000 25.99800000 26.01600000 25.89800000 25.78400000 25.87200000 26.09100000 26.61500000 26.92400000 26.74700000 26.49400000 25.94900000 26.18100000
23.34800000 23.03000000 23.70400000 24.07800000 24.10100000 24.17200000 24.22600000 24.68600000 26.15900000 26.36300000 26.26300000 25.98600000 25.70400000 25.65700000 25.72800000 25.78000000 25.74700000 25.81600000 25.91600000 26.86100000 26.74000000 26.70000000 26.74100000 26.74100000 26.50400000 26.45100000 26.66600000 26.21800000 26.03100000 26.19900000
24.32100000 23.55600000 23.51400000 23.35500000 23.67400000 23.60300000 24.01100000 24.04300000 24.39800000 25.25900000 26.35300000 26.53000000 26.68500000 26.45300000 25.75400000 25.62900000 25.78300000 26.57700000 26.39900000 26.44000000 26.24400000 26.24600000 26.29700000 26.44700000 26.53400000 26.60700000 26.33700000 25.98700000 26.35400000 26.27600000
27.83300000 27.83300000 27.83300000 24.03100000 23.60300000 23.31500000 23.50500000 23.50000000 23.56100000 24.07600000 24.61900000 25.87900000 25.82400000 26.12900000 26.29500000 26.20700000 25.94300000 25.45300000 26.48600000 26.74400000 26.09500000 26.38100000 26.42400000 26.18900000 26.27300000 26.41600000 26.48900000 26.22500000 26.47700000 26.38300000
27.83300000 27.83300000 27.83300000 27.83300000 23.69700000 23.57100000 23.29400000 23.37600000 23.32900000 23.47500000 24.22900000 24.97800000 25.34900000 24.51300000 24.49700000 24.92800000 24.92700000 24.79000000 26.41900000 26.68000000 25.95800000 26.20600000 26.14700000 26.43700000 26.52300000 26.73600000 26.48000000 26.33400000 26.55500000 26.40900000
27.83300000 27.83300000 27.83300000 27.83300000 27.83300000 27.83300000 24.46400000 23.92600000 23.30200000 23.35500000 23.54500000 23.72000000 24.07700000 23.70800000 23.20000000 23.69700000 24.49200000 24.76300000 26.19500000 26.82600000 26.30100000 26.04500000 26.22400000 26.25400000 26.34100000 26.79500000 26.97600000 26.61600000 26.30100000 26.37300000
27.83300000 27.83300000 27.83300000 27.83300000 27.83300000 27.83300000 27.83300000 27.83300000 27.83300000 27.83300000 27.83300000 27.83300000 23.34300000 23.20000000 23.09600000 23.42200000 24.16100000 24.70000000 25.61700000 26.50300000 26.88700000 26.87600000 26.36600000 26.25800000 26.38100000 26.91500000 26.99000000 27.07400000 26.69200000 26.36300000
27.83300000 27.83300000 27.83300000 27.83300000 27.83300000 27.83300000 27.83300000 27.83300000 27.83300000 27.83300000 27.83300000 27.83300000 27.83300000 27.83300000 27.83300000 23.54900000 23.96300000 24.76700000 25.13900000 25.62800000 26.73900000 26.88500000 26.87800000 26.96500000 26.48700000 26.99400000 27.03000000 27.01700000 27.09400000 27.13800000
27.83300000 27.83300000 27.83300000 27.83300000 27.83300000 27.83300000 27.83300000 27.83300000 27.83300000 27.83300000 27.83300000 27.83300000 27.83300000 27.83300000 27.83300000 27.83300000 23.93400000 24.23400000 25.33600000 25.46500000 24.78400000 26.94500000 26.91900000 27.02000000 26.61800000 27.05700000 27.14800000 26.98400000 27.01800000 27.19400000
27.83300000 27.83300000 27.83300000 27.83300000 27.83300000 27.83300000 27.83300000 27.83300000 27.83300000 27.83300000 27.83300000 27.83300000 27.83300000 27.83300000 27.83300000 27.83300000 27.83300000 27.83300000 23.90900000 25.47400000 25.77100000 26.49700000 26.88700000 27.00400000 26.71600000 27.12400000 27.25300000 27.18600000 27.07400000 27.05900000
27.83300000 27.83300000 27.83300000 27.83300000 27.83300000 27.83300000 27.83300000 27.83300000 27.83300000 27.83300000 27.83300000 27.83300000 27.83300000 27.83300000 27.83300000 27.83300000 27.83300000 27.83300000 27.83300000 25.69700000 24.95100000 26.56500000 26.87800000 26.94600000 26.91600000 27.16400000 27.19400000 27.19500000 27.18100000 27.15200000
27.83300000 27.83300000 27.83300000 27.83300000 27.83300000 27.83300000 27.83300000 27.83300000 27.83300000 27.83300000 27.83300000 27.83300000 27.83300000 27.83300000 27.83300000 27.83300000 27.83300000 27.83300000 27.83300000 25.91200000 22.95300000 26.80900000 26.84800000 26.79600000 27.05500000 27.29000000 27.34100000 27.18600000 27.21100000 27.23400000
27.83300000 27.83300000 27.83300000 27.83300000 27.83300000 27.83300000 27.83300000 27.83300000 27.83300000 27.83300000 27.83300000 27.83300000 27.83300000 27.83300000 27.83300000 27.83300000 27.83300000 27.83300000 27.83300000 25.96000000 23.67600000 26.90600000 26.89200000 26.90000000 27.23900000 27.27100000 27.08700000 27.31000000 27.27800000 27.24200000
27.83300000 27.83300000 27.83300000 27.83300000 27.83300000 27.83300000 27.83300000 27.83300000 27.83300000 27.83300000 27.83300000 27.83300000 27.83300000 27.83300000 27.83300000 27.83300000 27.83300000 27.83300000 27.83300000 25.62700000 22.84800000 26.56500000 27.11900000 27.05800000 27.30600000 27.09600000 27.15900000 27.27300000 27.30400000 27.34900000
27.83300000 27.83300000 27.83300000 27.83300000 27.83300000 27.83300000 27.83300000 27.83300000 27.83300000 27.83300000 27.83300000 27.83300000 27.83300000 27.83300000 27.83300000 27.83300000 27.83300000 27.83300000 27.83300000 27.83300000 25.80400000 26.30000000 27.07400000 27.27200000 27.14300000 27.08800000 27.24500000 27.23100000 27.39200000 27.41300000
27.83300000 27.83300000 27.83300000 27.83300000 27.83300000 27.83300000 27.83300000 27.83300000 27.83300000 27.83300000 27.83300000 27.83300000 27.83300000 27.83300000 27.83300000 27.83300000 27.83300000 27.83300000 27.83300000 27.83300000 27.83300000 24.43700000 26.57500000 27.10100000 27.11200000 27.09800000 27.22400000 27.08900000 27.11600000 27.37300000
27.83300000 27.83300000 27.83300000 27.83300000 27.83300000 27.83300000 27.83300000 27.83300000 27.83300000 27.83300000 27.83300000 27.83300000 27.83300000 27.83300000 27.83300000 27.83300000 27.83300000 27.83300000 27.83300000 27.83300000 27.83300000 26.06300000 26.48900000 26.93900000 27.02700000 27.04100000 26.97900000 26.96200000 26.95300000 27.07800000
27.83300000 27.83300000 27.83300000 27.83300000 27.83300000 27.83300000 27.83300000 27.83300000 27.83300000 27.83300000 27.83300000 27.83300000 27.83300000 27.83300000 27.83300000 27.83300000 27.83300000 27.83300000 27.83300000 27.83300000 27.83300000 27.83300000 26.55000000 26.82500000 26.75000000 26.82300000 26.81400000 26.96400000 27.03500000 27.35600000
27.83300000 27.83300000 27.83300000 27.83300000 27.83300000 27.83300000 27.83300000 27.83300000 27.83300000 27.83300000 27.83300000 27.83300000 27.83300000 27.83300000 27.83300000 27.83300000 27.83300000 27.83300000 27.83300000 27.83300000 27.83300000 27.83300000 27.83300000 26.51600000 26.97700000 26.94800000 27.26900000 27.11000000 27.22300000 27.49900000
25.64200000 25.37700000 25.63500000 25.62000000 25.11900000 25.08300000 25.47800000 25.57400000 25.58100000 25.49400000 25.38400000 25.33500000 25.27200000 24.40000000 24.24900000 25.39900000 25.67300000 25.76600000 25.44000000 25.41400000 25.42000000 25.38400000 25.24700000 24.92900000 24.23800000 23.86800000 24.24000000 24.60800000 24.57600000 24.69000000
25.37400000 25.05600000 25.48100000 25.22300000 24.65900000 25.40100000 25.52800000 25.47000000 25.44500000 25.38600000 25.25400000 25.12400000 24.27600000 24.17200000 24.80800000 25.25400000 25.69900000 25.39000000 25.40400000 25.38000000 25.38800000 25.24900000 25.05300000 24.59000000 23.71800000 24.32600000 24.50700000 24.53400000 24.99700000 25.06300000
25.24300000 25.45400000 25.48400000 25.33400000 24.55000000 25.31500000 25.39100000 25.33300000 25.22100000 25.01300000 24.38400000 23.94000000 24.18000000 24.68500000 24.76800000 25.51500000 25.63200000 25.35500000 25.35600000 25.28500000 25.21200000 25.14200000 24.62900000 24.42600000 25.34800000 25.62000000 25.52600000 25.44800000 25.10100000 25.04700000
24.68700000 25.35700000 25.43100000 25.55400000 25.01600000 24.51800000 24.86400000 24.35900000 24.06100000 24.27900000 24.61000000 24.84800000 24.92100000 24.89800000 24.97400000 25.64600000 25.64200000 25.27300000 25.28300000 25.11400000 24.85400000 24.77500000 25.70700000 25.91100000 25.94300000 25.61600000 25.46400000 25.34700000 25.30100000 25.38100000
24.36300000 24.49800000 25.28000000 25.44100000 25.55800000 25.07000000 24.41100000 24.28800000 24.48500000 24.92500000 24.97100000 25.18900000 25.41200000 25.49000000 25.58400000 25.71200000 25.62400000 25.17200000 24.99300000 24.90000000 25.71900000 25.85300000 25.66200000 25.71100000 25.76300000 25.81900000 25.74800000 25.37500000 25.24300000 25.27700000
24.12100000 24.05500000 24.97600000 25.45400000 25.47200000 25.53800000 25.64200000 25.50200000 25.52300000 25.63100000 25.59500000 25.61000000 25.79000000 25.89000000 25.94100000 25.77400000 25.66300000 25.30600000 25.27100000 25.76900000 25.68100000 25.57900000 25.42600000 25.28900000 25.48100000 25.81500000 26.00400000 26.01600000 25.29700000 25.11300000
24.02900000 24.14400000 24.84700000 25.15000000 25.54500000 25.58000000 25.53800000 25.51200000 25.49900000 25.54400000 25.72100000 25.78000000 25.76600000 25.84700000 25.92800000 25.77500000 25.78700000 25.71900000 25.61400000 25.68500000 25.51000000 25.30700000 24.97300000 24.97300000 25.33200000 25.74900000 26.18700000 26.09000000 26.07700000 25.35700000
23.53100000 23.41100000 24.99900000 24.47500000 24.94600000 25.64500000 25.85100000 25.65900000 25.69500000 25.76700000 25.89100000 25.85800000 25.82800000 25.90600000 25.95800000 25.78000000 25.84800000 25.81800000 25.69300000 25.58600000 25.52200000 25.37100000 25.25600000 25.36000000 25.63600000 26.16700000 26.59200000 26.42300000 25.93700000 26.10800000
21.43800000 21.32900000 24.43600000 24.50000000 24.31600000 24.62500000 25.06100000 26.05700000 25.80700000 25.68000000 25.76800000 25.79400000 25.82200000 25.81800000 25.80200000 25.79500000 25.87700000 25.98100000 26.01700000 26.03500000 25.91700000 25.80300000 25.89100000 26.11400000 26.63700000 26.94500000 26.76700000 26.51300000 25.96800000 26.20200000
20.24900000 20.44400000 23.11300000 24.10600000 24.12200000 24.19400000 24.24000000 24.70700000 26.17700000 26.37700000 26.28400000 26.00600000 25.72500000 25.67900000 25.74500000 25.79800000 25.76500000 25.83400000 25.93400000 26.88000000 26.75500000 26.71600000 26.76100000 26.76000000 26.52300000 26.47000000 26.68600000 26.23700000 26.04600000 26.21700000
22.22300000 27.83300000 22.02500000 22.28000000 23.38800000 23.52500000 24.03600000 24.32000000 24.42700000 25.27400000 26.37300000 26.55400000 26.70900000 26.47400000 25.77500000 25.64500000 25.80100000 26.58800000 26.41800000 26.46300000 26.26100000 26.26400000 26.31700000 26.46800000 26.55500000 26.62800000 26.35600000 26.00600000 26.37300000 26.29100000
27.83300000 27.83300000 27.83300000 27.83300000 22.26000000 20.91700000 22.51400000 22.84700000 23.30000000 24.12000000 24.63400000 25.90000000 25.83900000 26.14100000 26.31100000 26.22500000 25.95600000 25.46400000 26.50300000 26.76300000 26.11400000 26.39700000 26.44000000 26.20800000 26.29400000 26.43300000 26.51000000 26.24400000 26.49600000 26.39900000
27.83300000 27.83300000 27.83300000 27.83300000 27.83300000 22.00500000 20.60700000 20.32700000 21.24700000 22.37600000 24.23900000 24.99100000 25.36700000 24.53200000 24.50900000 24.94500000 24.94300000 24.82100000 26.43400000 26.69500000 25.97400000 26.22200000 26.16400000 26.45600000 26.54200000 26.75700000 26.50200000 26.35100000 26.57400000 26.42300000
27.83300000 27.83300000 27.83300000 27.83300000 27.83300000 27.83300000 27.83300000 23.54600000 21.07900000 21.19500000 21.94200000 23.56700000 23.91600000 23.69500000 23.02600000 23.63100000 24.50500000 24.78300000 26.21100000 26.84200000 26.32200000 26.06300000 26.24200000 26.27200000 26.35900000 26.81500000 26.99700000 26.63600000 26.31800000 26.39300000
27.83300000 27.83300000 27.83300000 27.83300000 27.83300000 27.83300000 27.83300000 27.83300000 27.83300000 27.83300000 27.83300000 27.83300000 27.83300000 27.83300000 27.83300000 21.35300000 24.12500000 24.64000000 25.63900000 26.51800000 26.90300000 26.89400000 26.38700000 26.27800000 26.40000000 26.93500000 27.01000000 27.09300000 26.71400000 26.38100000
27.83300000 27.83300000 27.83300000 27.83300000 27.83300000 27.83300000 27.83300000 27.83300000 27.83300000 27.83300000 27.83300000 27.83300000 27.83300000 27.83300000 27.83300000 27.83300000 23.09100000 23.37100000 25.16500000 25.64900000 26.74700000 26.90400000 26.89700000 26.98500000 26.50500000 27.01300000 27.05000000 27.03600000 27.11300000 27.16400000
27.83300000 27.83300000 27.83300000 27.83300000 27.83300000 27.83300000 27.83300000 27.83300000 27.83300000 27.83300000 27.83300000 27.83300000 27.83300000 27.83300000 27.83300000 27.83300000 27.83300000 21.60600000 24.61100000 25.47600000 24.77500000 26.96300000 26.93700000 27.03900000 26.63600000 27.07400000 27.16800000 27.00300000 27.03500000 27.21600000
27.83300000 27.83300000 27.83300000 27.83300000 27.83300000 27.83300000 27.83300000 27.83300000 27.83300000 27.83300000 27.83300000 27.83300000 27.83300000 27.83300000 27.83300000 27.83300000 27.83300000 27.83300000 27.83300000 25.21500000 25.72100000 26.50200000 26.90500000 27.02300000 26.73000000 27.14300000 27.27200000 27.20500000 27.09100000 27.08700000
27.83300000 27.83300000 27.83300000 27.83300000 27.83300000 27.83300000 27.83300000 27.83300000 27.83300000 27.83300000 27.83300000 27.83300000 27.83300000 27.83300000 27.83300000 27.83300000 27.83300000 27.83300000 27.83300000 27.83300000 24.91400000 26.57900000 26.89600000 26.96200000 26.93300000 27.18100000 27.21100000 27.21100000 27.19700000 27.16800000
27.83300000 27.83300000 27.83300000 27.83300000 27.83300000 27.83300000 27.83300000 27.83300000 27.83300000 27.83300000 27.83300000 27.83300000 27.83300000 27.83300000 27.83300000 27.83300000 27.83300000 27.83300000 27.83300000 27.83300000 22.54300000 26.82500000 26.86300000 26.81100000 27.07000000 27.30400000 27.35800000 27.19800000 27.22500000 27.25100000
27.83300000 27.83300000 27.83300000 27.83300000 27.83300000 27.83300000 27.83300000 27.83300000 27.83300000 27.83300000 27.83300000 27.83300000 27.83300000 27.83300000 27.83300000 27.83300000 27.83300000 27.83300000 27.83300000 27.83300000 21.78500000 26.92100000 26.91000000 26.91700000 27.25700000 27.28500000 27.10400000 27.32800000 27.29100000 27.26300000
27.83300000 27.83300000 27.83300000 27.83300000 27.83300000 27.83300000 27.83300000 27.83300000 27.83300000 27.83300000 27.83300000 27.83300000 27.83300000 27.83300000 27.83300000 27.83300000 27.83300000 27.83300000 27.83300000 27.83300000 22.22100000 26.57700000 27.13700000 27.07300000 27.32200000 27.11000000 27.17200000 27.28600000 27.31800000 27.36300000
27.83300000 27.83300000 27.83300000 27.83300000 27.83300000 27.83300000 27.83300000 27.83300000 27.83300000 27.83300000 27.83300000 27.83300000 27.83300000 27.83300000 27.83300000 27.83300000 27.83300000 27.83300000 27.83300000 27.83300000 27.83300000 25.75800000 27.09200000 27.28800000 27.15700000 27.10300000 27.25900000 27.24200000 27.40600000 27.41800000
27.83300000 27.83300000 27.83300000 27.83300000 27.83300000 27.83300000 27.83300000 27.83300000 27.83300000 27.83300000 27.83300000 27.83300000 27.83300000 27.83300000 27.83300000 27.83300000 27.83300000 27.83300000 27.83300000 27.83300000 27.83300000 22.78600000 26.59200000 27.11800000 27.12700000 27.11100000 27.23700000 27.09400000 27.12500000 27.38000000
27.83300000 27.83300000 27.83300000 27.83300000 27.83300000 27.83300000 27.83300000 27.83300000 27.83300000 27.83300000 27.83300000 27.83300000 27.83300000 27.83300000 27.83300000 27.83300000 27.83300000 27.83300000 27.83300000 27.83300000 27.83300000 27.83300000 26.46600000 26.95500000 27.04100000 27.05200000 26.98600000 26.93800000 26.90900000 27.05500000
27.83300000 27.83300000 27.83300000 27.83300000 27.83300000 27.83300000 27.83300000 27.83300000 27.83300000 27.83300000 27.83300000 27.83300000 27.83300000 27.83300000 27.83300000 27.83300000 27.83300000 27.83300000 27.83300000 27.83300000 27.83300000 27.83300000 25.62400000 26.85000000 26.72000000 26.78200000 26.78200000 26.87500000 26.89800000 27.29800000
27.83300000 27.83300000 27.83300000 27.83300000 27.83300000 27.83300000 27.83300000 27.83300000 27.83300000 27.83300000 27.83300000 27.83300000 27.83300000 27.83300000 27.83300000 27.83300000 27.83300000 27.83300000 27.83300000 27.83300000 27.83300000 27.83300000 27.83300000 26.48000000 26.99200000 26.89500000 27.18400000 26.95100000 27.18100000 27.42200000
