25.59800000 25.30300000 25.59900000 25.55600000 25.05000000 25.06900000 25.48400000 25.54300000 25.55000000 25.45700000 25.35900000 25.31400000 25.20300000 24.39100000 24.23600000 25.38100000 25.64700000 25.73000000 25.41200000 25.37900000 25.38300000 25.35500000 25.19700000 24.91700000 24.24100000 23.86100000 24.21800000 24.60700000 24.54100000 24.67600000
25.34400000 25.03500000 25.45300000 25.16500000 24.68100000 25.38100000 25.49600000 25.43900000 25.40800000 25.35700000 25.22600000 25.10400000 24.27300000 24.14600000 24.77800000 25.22600000 25.67000000 25.34500000 25.36900000 25.34700000 25.34600000 25.20200000 25.01200000 24.56300000 23.68700000 24.28800000 24.47300000 24.49900000 24.94300000 25.03100000
25.24100000 25.42000000 25.45000000 25.27100000 24.55400000 25.29200000 25.36200000 25.30100000 25.18900000 25.00700000 24.39600000 23.91000000 24.15500000 24.66100000 24.73600000 25.48800000 25.59600000 25.31400000 25.32900000 25.25500000 25.18200000 25.11600000 24.60300000 24.38300000 25.30200000 25.58300000 25.49200000 25.41500000 25.06900000 25.01100000
24.62700000 25.32200000 25.40000000 25.52400000 24.95800000 24.50200000 24.87600000 24.35100000 24.03000000 24.25700000 24.57600000 24.81500000 24.89000000 24.87200000 24.95300000 25.62100000 25.59500000 25.22800000 25.24700000 25.07500000 24.81700000 24.73900000 25.67500000 25.87900000 25.90000000 25.56600000 25.43300000 25.30400000 25.26600000 25.33600000
24.53700000 24.49400000 25.26800000 25.41700000 25.52900000 25.04200000 24.35800000 24.25000000 24.43300000 24.88900000 24.93700000 25.14900000 25.36800000 25.44500000 25.54900000 25.67800000 25.57300000 25.11500000 24.97200000 24.85700000 25.68600000 25.82600000 25.63800000 25.67400000 25.73000000 25.79900000 25.69300000 25.34200000 25.20400000 25.25100000
24.08900000 23.98400000 24.92800000 25.42200000 25.43900000 25.50500000 25.60400000 25.46100000 25.48100000 25.59600000 25.56100000 25.57400000 25.74300000 25.84900000 25.90600000 25.73600000 25.62700000 25.24500000 25.24400000 25.74600000 25.64400000 25.54700000 25.38600000 25.26300000 25.45800000 25.78500000 25.97200000 25.98500000 25.25600000 25.08800000
23.96900000 23.70000000 24.78900000 25.13900000 25.51900000 25.55800000 25.51500000 25.48500000 25.47000000 25.51200000 25.68400000 25.75000000 25.73000000 25.81200000 25.89100000 25.74300000 25.75100000 25.66500000 25.57100000 25.65600000 25.48900000 25.27900000 24.95000000 24.94600000 25.30400000 25.71500000 26.15800000 26.07100000 26.04200000 25.29300000
23.85500000 23.56000000 24.40400000 24.44400000 24.92000000 25.62500000 25.83200000 25.62700000 25.66700000 25.73500000 25.85700000 25.82300000 25.79500000 25.87400000 25.92900000 25.74900000 25.81500000 25.78500000 25.65600000 25.55500000 25.48600000 25.33500000 25.22300000 25.33100000 25.60200000 26.13500000 26.57300000 26.39800000 25.90500000 26.07600000
23.49500000 23.85100000 24.15700000 24.48900000 24.32200000 24.62200000 25.04300000 26.05500000 25.78000000 25.64700000 25.73400000 25.76600000 25.80300000 25.78400000 25.77100000 25.76300000 25.85000000 25.95300000 25.98400000 25.99400000 25.86500000 25.75700000 25.85100000 26.08700000 26.61900000 26.91700000 26.73700000 26.49000000 25.93800000 26.16800000
23.22400000 23.05400000 23.69400000 24.10200000 24.08600000 24.20100000 24.20400000 24.67000000 26.15200000 26.35900000 26.25900000 25.96600000 25.69100000 25.65500000 25.72200000 25.77300000 25.73900000 25.80600000 25.89200000 26.84100000 26.71900000 26.66900000 26.70800000 26.70900000 26.47700000 26.43600000 26.65200000 26.21300000 26.00500000 26.18700000
24.31200000 23.47100000 23.48000000 23.33500000 23.67100000 23.59200000 24.00700000 24.03900000 24.39400000 25.28200000 26.33400000 26.52700000 26.68700000 26.40800000 25.71800000 25.61800000 25.74100000 26.56900000 26.40100000 26.45600000 26.21900000 26.22900000 26.29000000 26.44400000 26.52500000 26.59400000 26.32000000 25.97500000 26.33900000 26.26200000
27.83300000 27.83300000 27.83300000 24.00300000 23.60900000 23.29800000 23.49100000 23.49400000 23.55800000 24.08100000 24.64900000 25.86300000 25.82300000 26.10800000 26.26700000 26.18600000 25.93600000 25.44600000 26.47900000 26.72600000 26.08500000 26.37200000 26.40700000 26.18300000 26.27200000 26.40600000 26.46300000 26.20300000 26.46100000 26.36600000
27.83300000 27.83300000 27.83300000 27.83300000 23.68500000 23.55600000 23.29100000 23.35300000 23.30800000 23.44700000 24.21100000 24.95900000 25.32700000 24.49100000 24.49900000 24.91600000 24.95100000 24.79300000 26.40200000 26.65900000 25.94900000 26.19700000 26.13800000 26.42800000 26.50800000 26.73000000 26.46300000 26.33300000 26.54600000 26.39600000
27.83300000 27.83300000 27.83300000 27.83300000 27.83300000 27.83300000 24.44000000 23.91400000 23.28900000 23.33400000 23.52400000 23.70900000 24.07900000 23.73600000 23.18300000 23.67600000 24.47600000 24.77000000 26.19700000 26.81600000 26.29000000 26.03600000 26.21300000 26.23900000 26.33500000 26.79200000 26.96800000 26.58700000 26.29900000 26.35100000
27.83300000 27.83300000 27.83300000 27.83300000 27.83300000 27.83300000 27.83300000 27.83300000 27.83300000 27.83300000 27.83300000 27.83300000 23.32900000 23.17400000 23.08800000 23.41500000 24.14800000 24.69300000 25.62200000 26.49900000 26.86800000 26.86100000 26.34500000 26.25600000 26.37400000 26.90600000 26.97700000 27.06100000 26.64200000 26.35300000
27.83300000 27.83300000 27.83300000 27.83300000 27.83300000 27.83300000 27.83300000 27.83300000 27.83300000 27.83300000 27.83300000 27.83300000 27.83300000 27.83300000 27.83300000 23.51100000 23.93900000 24.76300000 25.11500000 25.52900000 26.74900000 26.85700000 26.86400000 26.94900000 26.48000000 26.98700000 27.01500000 27.00600000 27.08200000 27.10400000
27.83300000 27.83300000 27.83300000 27.83300000 27.83300000 27.83300000 27.83300000 27.83300000 27.83300000 27.83300000 27.83300000 27.83300000 27.83300000 27.83300000 27.83300000 27.83300000 23.90100000 24.25000000 25.29900000 25.42700000 24.69500000 26.93400000 26.90000000 27.00500000 26.61500000 27.04900000 27.13100000 26.97000000 27.00800000 27.17800000
27.83300000 27.83300000 27.83300000 27.83300000 27.83300000 27.83300000 27.83300000 27.83300000 27.83300000 27.83300000 27.83300000 27.83300000 27.83300000 27.83300000 27.83300000 27.83300000 27.83300000 27.83300000 23.87800000 25.41700000 25.73100000 26.52800000 26.87000000 26.99600000 26.72000000 27.11800000 27.24200000 27.16700000 27.06200000 27.05000000
27.83300000 27.83300000 27.83300000 27.83300000 27.83300000 27.83300000 27.83300000 27.83300000 27.83300000 27.83300000 27.83300000 27.83300000 27.83300000 27.83300000 27.83300000 27.83300000 27.83300000 27.83300000 27.83300000 25.66000000 24.83500000 26.59700000 26.85400000 26.91500000 26.92000000 27.15500000 27.17800000 27.18900000 27.16300000 27.14000000
27.83300000 27.83300000 27.83300000 27.83300000 27.83300000 27.83300000 27.83300000 27.83300000 27.83300000 27.83300000 27.83300000 27.83300000 27.83300000 27.83300000 27.83300000 27.83300000 27.83300000 27.83300000 27.83300000 25.87300000 22.98800000 26.85500000 26.82500000 26.77800000 27.06100000 27.27600000 27.32600000 27.15900000 27.20000000 27.21400000
27.83300000 27.83300000 27.83300000 27.83300000 27.83300000 27.83300000 27.83300000 27.83300000 27.83300000 27.83300000 27.83300000 27.83300000 27.83300000 27.83300000 27.83300000 27.83300000 27.83300000 27.83300000 27.83300000 25.93200000 24.59400000 26.95000000 26.86400000 26.89800000 27.23800000 27.24100000 27.07600000 27.30400000 27.25500000 27.22500000
27.83300000 27.83300000 27.83300000 27.83300000 27.83300000 27.83300000 27.83300000 27.83300000 27.83300000 27.83300000 27.83300000 27.83300000 27.83300000 27.83300000 27.83300000 27.83300000 27.83300000 27.83300000 27.83300000 25.53800000 22.86000000 26.60000000 27.08000000 27.05400000 27.28700000 27.07800000 27.16100000 27.25500000 27.29000000 27.32800000
27.83300000 27.83300000 27.83300000 27.83300000 27.83300000 27.83300000 27.83300000 27.83300000 27.83300000 27.83300000 27.83300000 27.83300000 27.83300000 27.83300000 27.83300000 27.83300000 27.83300000 27.83300000 27.83300000 27.83300000 25.71700000 26.29000000 27.07000000 27.25700000 27.11700000 27.08000000 27.22100000 27.22000000 27.37500000 27.38200000
27.83300000 27.83300000 27.83300000 27.83300000 27.83300000 27.83300000 27.83300000 27.83300000 27.83300000 27.83300000 27.83300000 27.83300000 27.83300000 27.83300000 27.83300000 27.83300000 27.83300000 27.83300000 27.83300000 27.83300000 27.83300000 24.63100000 26.66900000 27.08600000 27.09900000 27.08800000 27.20500000 27.06200000 27.09900000 27.36200000
27.83300000 27.83300000 27.83300000 27.83300000 27.83300000 27.83300000 27.83300000 27.83300000 27.83300000 27.83300000 27.83300000 27.83300000 27.83300000 27.83300000 27.83300000 27.83300000 27.83300000 27.83300000 27.83300000 27.83300000 27.83300000 26.02800000 26.49800000 26.92700000 27.01100000 27.01900000 26.95200000 26.92400000 26.91500000 27.05600000
27.83300000 27.83300000 27.83300000 27.83300000 27.83300000 27.83300000 27.83300000 27.83300000 27.83300000 27.83300000 27.83300000 27.83300000 27.83300000 27.83300000 27.83300000 27.83300000 27.83300000 27.83300000 27.83300000 27.83300000 27.83300000 27.83300000 26.51400000 26.78200000 26.72000000 26.78700000 26.77900000 26.89700000 26.98700000 27.31600000
27.83300000 27.83300000 27.83300000 27.83300000 27.83300000 27.83300000 27.83300000 27.83300000 27.83300000 27.83300000 27.83300000 27.83300000 27.83300000 27.83300000 27.83300000 27.83300000 27.83300000 27.83300000 27.83300000 27.83300000 27.83300000 27.83300000 27.83300000 26.53100000 26.93300000 26.89000000 27.21100000 27.04100000 27.19000000 27.46700000
25.63000000 25.37800000 25.63400000 25.60600000 25.10500000 25.08900000 25.48900000 25.56200000 25.57500000 25.48300000 25.38500000 25.33400000 25.27000000 24.40000000 24.24900000 25.39000000 25.67100000 25.75700000 25.43800000 25.40000000 25.40300000 25.37600000 25.22200000 24.92400000 24.25800000 23.86400000 24.23100000 24.59000000 24.55700000 24.68900000
25.36100000 25.04800000 25.47200000 25.18500000 24.69800000 25.40200000 25.51900000 25.46100000 25.43100000 25.37900000 25.24500000 25.12300000 24.28300000 24.16500000 24.79600000 25.24600000 25.69200000 25.36700000 25.39000000 25.36900000 25.36600000 25.22200000 25.02700000 24.57900000 23.70200000 24.30700000 24.49300000 24.51700000 24.96300000 25.05500000
25.24700000 25.43800000 25.47000000 25.29400000 24.57000000 25.31200000 25.38400000 25.32300000 25.21200000 25.02200000 24.41500000 23.92600000 24.17100000 24.68000000 24.75400000 25.50800000 25.61700000 25.33400000 25.35000000 25.27700000 25.20400000 25.13600000 24.61300000 24.40300000 25.32800000 25.60400000 25.51300000 25.43400000 25.08700000 25.02900000
24.66500000 25.34500000 25.41900000 25.54800000 24.98500000 24.52100000 24.89700000 24.37200000 24.05100000 24.27300000 24.59600000 24.83500000 24.91000000 24.89100000 24.97000000 25.63800000 25.61600000 25.24800000 25.26600000 25.09400000 24.83900000 24.75700000 25.69300000 25.89900000 25.92100000 25.58700000 25.45400000 25.32300000 25.28600000 25.35800000
24.37700000 24.56400000 25.28300000 25.43300000 25.55300000 25.05300000 24.37500000 24.26500000 24.45200000 24.91000000 24.95800000 25.17100000 25.39200000 25.47000000 25.57200000 25.70100000 25.59600000 25.13400000 24.99000000 24.87600000 25.70700000 25.84500000 25.66100000 25.69300000 25.75100000 25.81700000 25.71500000 25.36200000 25.22200000 25.27100000
24.08600000 24.05400000 24.95200000 25.44300000 25.46000000 25.52800000 25.63100000 25.48900000 25.50700000 25.62200000 25.58500000 25.59700000 25.76500000 25.87200000 25.92900000 25.75900000 25.64600000 25.26300000 25.25500000 25.76400000 25.66300000 25.56400000 25.40500000 25.28300000 25.47700000 25.80400000 25.99300000 26.00100000 25.27700000 25.10300000
24.00400000 24.07500000 24.80800000 25.16200000 25.54200000 25.57500000 25.53600000 25.50700000 25.49000000 25.53400000 25.70500000 25.77200000 25.75200000 25.83400000 25.91200000 25.76600000 25.77100000 25.68500000 25.59100000 25.67400000 25.51300000 25.30100000 24.97300000 24.96300000 25.32400000 25.73600000 26.17900000 26.09400000 26.06200000 25.32500000
23.51600000 23.29700000 25.03200000 24.47400000 24.94200000 25.63800000 25.85100000 25.64700000 25.68700000 25.75600000 25.87900000 25.84500000 25.81700000 25.89600000 25.94900000 25.77000000 25.83400000 25.80700000 25.67400000 25.57400000 25.50600000 25.35500000 25.24200000 25.35000000 25.62300000 26.15600000 26.59400000 26.41800000 25.92300000 26.09700000
21.48100000 21.28400000 24.46600000 24.51500000 24.35100000 24.64200000 25.06700000 26.06800000 25.79900000 25.66700000 25.75500000 25.78700000 25.81500000 25.80600000 25.79200000 25.78500000 25.87100000 25.97400000 26.00400000 26.01400000 25.88500000 25.77700000 25.87200000 26.10900000 26.64100000 26.93700000 26.75700000 26.51000000 25.95800000 26.18900000
20.28700000 20.57600000 23.21000000 24.12400000 24.10900000 24.22700000 24.21900000 24.69500000 26.17200000 26.37400000 26.28200000 25.98700000 25.71400000 25.67700000 25.74000000 25.79200000 25.75800000 25.82500000 25.91100000 26.86100000 26.73400000 26.68500000 26.72700000 26.72700000 26.49600000 26.45500000 26.67300000 26.23100000 26.02200000 26.20600000
22.23900000 27.83300000 21.87800000 21.93200000 23.41200000 23.39100000 24.03700000 24.27300000 24.42900000 25.29900000 26.35600000 26.54600000 26.70400000 26.42700000 25.74400000 25.64100000 25.76100000 26.58200000 26.42200000 26.48000000 26.23600000 26.24700000 26.30900000 26.46500000 26.54500000 26.61400000 26.34000000 25.99400000 26.35800000 26.27800000
27.83300000 27.83300000 27.83300000 27.83300000 22.10600000 20.70700000 22.36900000 23.11300000 23.34000000 24.12700000 24.66200000 25.88700000 25.84100000 26.12400000 26.28400000 26.20500000 25.95000000 25.45900000 26.49700000 26.74700000 26.10400000 26.38900000 26.42500000 26.20300000 26.29300000 26.42300000 26.48300000 26.22200000 26.48000000 26.38300000
27.83300000 27.83300000 27.83300000 27.83300000 27.83300000 21.95500000 20.72900000 20.19300000 21.21700000 22.27200000 24.23400000 24.97400000 25.35000000 24.51000000 24.51400000 24.93200000 24.96900000 24.81500000 26.41600000 26.67700000 25.96500000 26.21300000 26.15500000 26.44700000 26.52600000 26.75000000 26.48500000 26.35000000 26.56400000 26.41000000
27.83300000 27.83300000 27.83300000 27.83300000 27.83300000 27.83300000 27.83300000 23.38000000 21.10900000 21.25100000 21.95100000 23.58400000 23.99400000 23.74900000 23.02600000 23.64200000 24.49300000 24.78800000 26.21100000 26.83400000 26.31100000 26.05300000 26.23100000 26.25700000 26.35300000 26.81200000 26.98800000 26.60900000 26.31600000 26.37100000
27.83300000 27.83300000 27.83300000 27.83300000 27.83300000 27.83300000 27.83300000 27.83300000 27.83300000 27.83300000 27.83300000 27.83300000 27.83300000 27.83300000 27.83300000 21.47300000 24.09400000 24.61100000 25.64600000 26.51300000 26.88300000 26.87800000 26.36600000 26.27600000 26.39300000 26.92600000 26.99700000 27.08000000 26.66400000 26.37200000
27.83300000 27.83300000 27.83300000 27.83300000 27.83300000 27.83300000 27.83300000 27.83300000 27.83300000 27.83300000 27.83300000 27.83300000 27.83300000 27.83300000 27.83300000 27.83300000 23.02500000 23.38700000 25.13900000 25.55000000 26.75800000 26.87600000 26.88300000 26.97000000 26.49900000 27.00600000 27.03500000 27.02600000 27.10100000 27.12900000
27.83300000 27.83300000 27.83300000 27.83300000 27.83300000 27.83300000 27.83300000 27.83300000 27.83300000 27.83300000 27.83300000 27.83300000 27.83300000 27.83300000 27.83300000 27.83300000 27.83300000 21.67400000 24.44700000 25.44700000 24.69700000 26.95300000 26.91800000 27.02500000 26.63400000 27.06900000 27.15100000 26.99000000 27.02800000 27.19800000
27.83300000 27.83300000 27.83300000 27.83300000 27.83300000 27.83300000 27.83300000 27.83300000 27.83300000 27.83300000 27.83300000 27.83300000 27.83300000 27.83300000 27.83300000 27.83300000 27.83300000 27.83300000 27.83300000 25.23900000 25.71900000 26.53000000 26.88900000 27.01500000 26.73400000 27.13800000 27.26100000 27.18800000 27.08200000 27.07900000
27.83300000 27.83300000 27.83300000 27.83300000 27.83300000 27.83300000 27.83300000 27.83300000 27.83300000 27.83300000 27.83300000 27.83300000 27.83300000 27.83300000 27.83300000 27.83300000 27.83300000 27.83300000 27.83300000 27.83300000 24.70700000 26.61500000 26.87300000 26.93200000 26.93600000 27.17300000 27.19600000 27.20700000 27.18200000 27.15600000
27.83300000 27.83300000 27.83300000 27.83300000 27.83300000 27.83300000 27.83300000 27.83300000 27.83300000 27.83300000 27.83300000 27.83300000 27.83300000 27.83300000 27.83300000 27.83300000 27.83300000 27.83300000 27.83300000 27.83300000 22.65800000 26.87300000 26.84300000 26.79300000 27.07800000 27.29400000 27.34300000 27.17300000 27.21700000 27.23200000
27.83300000 27.83300000 27.83300000 27.83300000 27.83300000 27.83300000 27.83300000 27.83300000 27.83300000 27.83300000 27.83300000 27.83300000 27.83300000 27.83300000 27.83300000 27.83300000 27.83300000 27.83300000 27.83300000 27.83300000 22.20900000 26.96300000 26.88300000 26.91600000 27.25800000 27.25700000 27.09400000 27.32400000 27.27300000 27.24600000
27.83300000 27.83300000 27.83300000 27.83300000 27.83300000 27.83300000 27.83300000 27.83300000 27.83300000 27.83300000 27.83300000 27.83300000 27.83300000 27.83300000 27.83300000 27.83300000 27.83300000 27.83300000 27.83300000 27.83300000 22.33700000 26.61000000 27.10000000 27.07200000 27.30400000 27.09500000 27.17400000 27.27200000 27.30700000 27.34700000
27.83300000 27.83300000 27.83300000 27.83300000 27.83300000 27.83300000 27.83300000 27.83300000 27.83300000 27.83300000 27.83300000 27.83300000 27.83300000 27.83300000 27.83300000 27.83300000 27.83300000 27.83300000 27.83300000 27.83300000 27.83300000 25.86200000 27.08800000 27.27600000 27.13500000 27.09800000 27.23800000 27.23600000 27.39100000 27.40100000
27.83300000 27.83300000 27.83300000 27.83300000 27.83300000 27.83300000 27.83300000 27.83300000 27.83300000 27.83300000 27.83300000 27.83300000 27.83300000 27.83300000 27.83300000 27.83300000 27.83300000 27.83300000 27.83300000 27.83300000 27.83300000 23.03500000 26.68800000 27.10800000 27.11700000 27.10400000 27.22100000 27.07500000 27.11200000 27.37100000
27.83300000 27.83300000 27.83300000 27.83300000 27.83300000 27.83300000 27.83300000 27.83300000 27.83300000 27.83300000 27.83300000 27.83300000 27.83300000 27.83300000 27.83300000 27.83300000 27.83300000 27.83300000 27.83300000 27.83300000 27.83300000 27.83300000 26.49500000 26.94800000 27.03000000 27.03300000 26.96500000 26.93500000 26.91200000 27.05100000
27.83300000 27.83300000 27.83300000 27.83300000 27.83300000 27.83300000 27.83300000 27.83300000 27.83300000 27.83300000 27.83300000 27.83300000 27.83300000 27.83300000 27.83300000 27.83300000 27.83300000 27.83300000 27.83300000 27.83300000 27.83300000 27.83300000 25.57200000 26.80600000 26.72400000 26.78700000 26.78900000 26.87700000 26.89200000 27.30800000
27.83300000 27.83300000 27.83300000 27.83300000 27.83300000 27.83300000 27.83300000 27.83300000 27.83300000 27.83300000 27.83300000 27.83300000 27.83300000 27.83300000 27.83300000 27.83300000 27.83300000 27.83300000 27.83300000 27.83300000 27.83300000 27.83300000 27.83300000 26.54200000 26.97200000 26.90100000 27.20400000 26.95000000 27.19300000 27.42600000
