37.02600000 36.92700000 37.01300000 36.96900000 36.97500000 36.98900000 37.14600000 37.24400000 37.27600000 37.23900000 37.16300000 37.06100000 36.91200000 36.55200000 36.49200000 36.83700000 36.89300000 36.98700000 36.97400000 37.02800000 37.06000000 37.03700000 36.92200000 36.74900000 36.43200000 36.23000000 36.39000000 36.52000000 36.37400000 36.37800000
37.01600000 37.01100000 36.96600000 36.93200000 36.97600000 37.12400000 37.22100000 37.23100000 37.20700000 37.15800000 37.07300000 36.96000000 36.51800000 36.51300000 36.78000000 36.87400000 36.95100000 37.02600000 36.98600000 37.06000000 37.06700000 37.00100000 36.88000000 36.73300000 36.31100000 36.52200000 36.55300000 36.45300000 36.57700000 36.95000000
37.03400000 37.01000000 36.93700000 36.92800000 36.96400000 37.01300000 37.15000000 37.13700000 37.08100000 36.93000000 36.61900000 36.44000000 36.52000000 36.74600000 36.79700000 36.91600000 37.07400000 37.02300000 36.96600000 37.01700000 36.97600000 36.89600000 36.74400000 36.58500000 36.66100000 37.03300000 37.04600000 37.06900000 36.93900000 36.85900000
36.60800000 36.92600000 36.98500000 36.91200000 36.93700000 36.80000000 36.74800000 36.59200000 36.48500000 36.61900000 36.81100000 36.88300000 36.88200000 36.84700000 36.82100000 36.94300000 37.09800000 37.00000000 36.90400000 36.93800000 36.87500000 36.76600000 36.87500000 37.13400000 37.18700000 37.10000000 37.01700000 37.01000000 36.97300000 36.98600000
36.55500000 36.31800000 37.03400000 36.85900000 36.90800000 36.92300000 36.94700000 36.81900000 36.87600000 36.92400000 36.86800000 36.88300000 36.90200000 36.90500000 36.91700000 36.96800000 37.12200000 36.99700000 36.81200000 36.75800000 36.99200000 37.17600000 37.20400000 37.20100000 37.21100000 37.23200000 37.14700000 36.97200000 36.91600000 36.74900000
36.38300000 36.00300000 36.66200000 36.96100000 36.83200000 36.87600000 36.93500000 36.92200000 36.92000000 36.92700000 36.87800000 36.87000000 36.97800000 37.02500000 37.03400000 37.00000000 37.14900000 37.14400000 37.00500000 37.11700000 37.17500000 37.16400000 37.12900000 37.09500000 37.14100000 37.21400000 37.23700000 37.26100000 36.90200000 36.61400000
36.05400000 35.45700000 36.45300000 36.97500000 36.95300000 36.83700000 36.78100000 36.77500000 36.78800000 36.82500000 36.90800000 37.00900000 36.99000000 37.01200000 37.04900000 36.99100000 37.20300000 37.20900000 37.15000000 37.12800000 37.15600000 37.08800000 36.96400000 36.95100000 37.03300000 37.17900000 37.25300000 37.26300000 37.26100000 36.99900000
35.64800000 35.12700000 35.74000000 36.63700000 36.97200000 37.06200000 37.02100000 36.89400000 36.87400000 36.90200000 37.01600000 36.98100000 36.97300000 37.02500000 37.04500000 36.97200000 37.22400000 37.23800000 37.17000000 37.12700000 37.15700000 37.08400000 37.01500000 37.04200000 37.14200000 37.21500000 37.31000000 37.32500000 37.25800000 37.24100000
35.38200000 35.29400000 35.87100000 36.52200000 36.49200000 36.73400000 36.92700000 37.16500000 36.94400000 36.89700000 36.94700000 36.96200000 36.95800000 36.94900000 36.93000000 36.96100000 37.10000000 37.18600000 37.23100000 37.25100000 37.21200000 37.17000000 37.17400000 37.21300000 37.26000000 37.40800000 37.43900000 37.35300000 37.27600000 37.26300000
35.12700000 35.31900000 35.73500000 36.19300000 36.38200000 36.44300000 36.63100000 36.68700000 37.23900000 37.20400000 37.02900000 36.98200000 36.93000000 36.92500000 36.96400000 36.96700000 37.01300000 37.00800000 37.00900000 37.40900000 37.44300000 37.44900000 37.45200000 37.45100000 37.43400000 37.41200000 37.44500000 37.31500000 37.25400000 37.25300000
34.53400000 34.83300000 35.12100000 35.35700000 35.97100000 36.14700000 36.48200000 36.08300000 36.53400000 37.14400000 37.34300000 37.39700000 37.40100000 37.41900000 37.15300000 36.97100000 37.07100000 37.43700000 37.27900000 37.27800000 37.35500000 37.33600000 37.31800000 37.36600000 37.39900000 37.42000000 37.35100000 37.26200000 37.32100000 37.22700000
37.59700000 37.59700000 37.59700000 35.09600000 35.48900000 35.72200000 35.99900000 35.99000000 35.72400000 36.10200000 36.86100000 37.30700000 37.26800000 37.31300000 37.37200000 37.34600000 37.28100000 37.11300000 37.14400000 37.35100000 37.26800000 37.32500000 37.36600000 37.27800000 37.25900000 37.30900000 37.36900000 37.32500000 37.36600000 37.21600000
37.59700000 37.59700000 37.59700000 37.59700000 35.19400000 35.35700000 35.49100000 35.47700000 35.64400000 35.67600000 36.39900000 36.82500000 37.19800000 36.96800000 36.66800000 36.85600000 36.91000000 36.72800000 37.00900000 37.35800000 37.28400000 37.25500000 37.21500000 37.21000000 37.24100000 37.32000000 37.34200000 37.28200000 37.37200000 37.22800000
37.59700000 37.59700000 37.59700000 37.59700000 37.59700000 37.59700000 35.32400000 35.39000000 35.52800000 35.62300000 36.06200000 36.34700000 36.44800000 36.46100000 36.19700000 36.24900000 36.42800000 36.22600000 37.25400000 37.35100000 37.33400000 37.16900000 37.18000000 37.18000000 37.23400000 37.32700000 37.43900000 37.40500000 37.28700000 37.30200000
37.59700000 37.59700000 37.59700000 37.59700000 37.59700000 37.59700000 37.59700000 37.59700000 37.59700000 37.59700000 37.59700000 37.59700000 35.70500000 35.97800000 36.22100000 36.11600000 36.47200000 35.97800000 36.74300000 37.22700000 37.35600000 37.35800000 37.30900000 37.19400000 37.26400000 37.35600000 37.42600000 37.49000000 37.45200000 37.30400000
37.59700000 37.59700000 37.59700000 37.59700000 37.59700000 37.59700000 37.59700000 37.59700000 37.59700000 37.59700000 37.59700000 37.59700000 37.59700000 37.59700000 37.59700000 35.82700000 36.09100000 35.83200000 36.31900000 36.94300000 37.20800000 37.34100000 37.36600000 37.39500000 37.30400000 37.35000000 37.37700000 37.44800000 37.52300000 37.57800000
37.59700000 37.59700000 37.59700000 37.59700000 37.59700000 37.59700000 37.59700000 37.59700000 37.59700000 37.59700000 37.59700000 37.59700000 37.59700000 37.59700000 37.59700000 37.59700000 35.85100000 35.83700000 36.46400000 36.85800000 37.09200000 37.27700000 37.36600000 37.39700000 37.35500000 37.32300000 37.34300000 37.38800000 37.41700000 37.54900000
37.59700000 37.59700000 37.59700000 37.59700000 37.59700000 37.59700000 37.59700000 37.59700000 37.59700000 37.59700000 37.59700000 37.59700000 37.59700000 37.59700000 37.59700000 37.59700000 37.59700000 37.59700000 36.30100000 36.53500000 37.02300000 36.91200000 37.34500000 37.40300000 37.39100000 37.29300000 37.32900000 37.36700000 37.35400000 37.36500000
37.59700000 37.59700000 37.59700000 37.59700000 37.59700000 37.59700000 37.59700000 37.59700000 37.59700000 37.59700000 37.59700000 37.59700000 37.59700000 37.59700000 37.59700000 37.59700000 37.59700000 37.59700000 37.59700000 36.67300000 36.96000000 37.02100000 37.36300000 37.42700000 37.39600000 37.31700000 37.33700000 37.34700000 37.38200000 37.31900000
37.59700000 37.59700000 37.59700000 37.59700000 37.59700000 37.59700000 37.59700000 37.59700000 37.59700000 37.59700000 37.59700000 37.59700000 37.59700000 37.59700000 37.59700000 37.59700000 37.59700000 37.59700000 37.59700000 36.96600000 36.44900000 37.18300000 37.38000000 37.43600000 37.30000000 37.37700000 37.41400000 37.39800000 37.35200000 37.34500000
37.59700000 37.59700000 37.59700000 37.59700000 37.59700000 37.59700000 37.59700000 37.59700000 37.59700000 37.59700000 37.59700000 37.59700000 37.59700000 37.59700000 37.59700000 37.59700000 37.59700000 37.59700000 37.59700000 36.85900000 36.71600000 37.13100000 37.34300000 37.39100000 37.31700000 37.39700000 37.38600000 37.39900000 37.40500000 37.34500000
37.59700000 37.59700000 37.59700000 37.59700000 37.59700000 37.59700000 37.59700000 37.59700000 37.59700000 37.59700000 37.59700000 37.59700000 37.59700000 37.59700000 37.59700000 37.59700000 37.59700000 37.59700000 37.59700000 36.59400000 36.78300000 36.62800000 37.35100000 37.32400000 37.39800000 37.35800000 37.38500000 37.38400000 37.39300000 37.40700000
37.59700000 37.59700000 37.59700000 37.59700000 37.59700000 37.59700000 37.59700000 37.59700000 37.59700000 37.59700000 37.59700000 37.59700000 37.59700000 37.59700000 37.59700000 37.59700000 37.59700000 37.59700000 37.59700000 37.59700000 36.67100000 36.56700000 37.33100000 37.37700000 37.35300000 37.36100000 37.35200000 37.33400000 37.33700000 37.36700000
37.59700000 37.59700000 37.59700000 37.59700000 37.59700000 37.59700000 37.59700000 37.59700000 37.59700000 37.59700000 37.59700000 37.59700000 37.59700000 37.59700000 37.59700000 37.59700000 37.59700000 37.59700000 37.59700000 37.59700000 37.59700000 36.65900000 37.01200000 37.31400000 37.32200000 37.32900000 37.33900000 37.31500000 37.30300000 37.31700000
37.59700000 37.59700000 37.59700000 37.59700000 37.59700000 37.59700000 37.59700000 37.59700000 37.59700000 37.59700000 37.59700000 37.59700000 37.59700000 37.59700000 37.59700000 37.59700000 37.59700000 37.59700000 37.59700000 37.59700000 37.59700000 36.44600000 36.51200000 37.23800000 37.28600000 37.31600000 37.30100000 37.28100000 37.29400000 37.27700000
37.59700000 37.59700000 37.59700000 37.59700000 37.59700000 37.59700000 37.59700000 37.59700000 37.59700000 37.59700000 37.59700000 37.59700000 37.59700000 37.59700000 37.59700000 37.59700000 37.59700000 37.59700000 37.59700000 37.59700000 37.59700000 37.59700000 36.23800000 37.11200000 37.17500000 37.22300000 37.21900000 37.23700000 37.23400000 37.28500000
37.59700000 37.59700000 37.59700000 37.59700000 37.59700000 37.59700000 37.59700000 37.59700000 37.59700000 37.59700000 37.59700000 37.59700000 37.59700000 37.59700000 37.59700000 37.59700000 37.59700000 37.59700000 37.59700000 37.59700000 37.59700000 37.59700000 37.59700000 36.09300000 37.18200000 37.17900000 37.19700000 37.23700000 37.26600000 37.28600000
37.02500000 36.92500000 37.01400000 36.97100000 36.97600000 36.98900000 37.14700000 37.24600000 37.27400000 37.24200000 37.16500000 37.06200000 36.91300000 36.55000000 36.49600000 36.83600000 36.89200000 36.98900000 36.97200000 37.02800000 37.05800000 37.03800000 36.92200000 36.74900000 36.43400000 36.23000000 36.39000000 36.52900000 36.37400000 36.37800000
37.01500000 37.00800000 36.96400000 36.93000000 36.97400000 37.12200000 37.21900000 37.22800000 37.20500000 37.15600000 37.07100000 36.95700000 36.51400000 36.51400000 36.78300000 36.87500000 36.95200000 37.02700000 36.98600000 37.06000000 37.06800000 37.00200000 36.87900000 36.72100000 36.31500000 36.52600000 36.55300000 36.45400000 36.59600000 36.96500000
37.03300000 37.00800000 36.93400000 36.92600000 36.96300000 37.01100000 37.14800000 37.13500000 37.07900000 36.92600000 36.61500000 36.43800000 36.52000000 36.74600000 36.79600000 36.91500000 37.07400000 37.02200000 36.96600000 37.01600000 36.97500000 36.89400000 36.73700000 36.59100000 36.66900000 37.03700000 37.04600000 37.07000000 36.94000000 36.85800000
36.60900000 36.92600000 36.98400000 36.91000000 36.93400000 36.79800000 36.74500000 36.58900000 36.48500000 36.62000000 36.81300000 36.88300000 36.88100000 36.84600000 36.82000000 36.94200000 37.09700000 36.99900000 36.90300000 36.93700000 36.87300000 36.76400000 36.89600000 37.13600000 37.18800000 37.09900000 37.01700000 37.01000000 36.97300000 36.98600000
36.55600000 36.45100000 37.03200000 36.85700000 36.90600000 36.92100000 36.94700000 36.82100000 36.87900000 36.92500000 36.87100000 36.88300000 36.90100000 36.90500000 36.91600000 36.96600000 37.12000000 36.99600000 36.81000000 36.75900000 36.99900000 37.17700000 37.20500000 37.20200000 37.21100000 37.23400000 37.14700000 36.97200000 36.91600000 36.75400000
36.40000000 36.09100000 37.01200000 36.96100000 36.83100000 36.87500000 36.93400000 36.92200000 36.92200000 36.92600000 36.87700000 36.87100000 36.97800000 37.02400000 37.03300000 36.99900000 37.14800000 37.14300000 37.00500000 37.11700000 37.17400000 37.16200000 37.12800000 37.09500000 37.14000000 37.21300000 37.23600000 37.26000000 36.89900000 36.61300000
36.10000000 35.86000000 37.02600000 36.97200000 36.95600000 36.84300000 36.78600000 36.77700000 36.78900000 36.82600000 36.91000000 37.01000000 36.99000000 37.01100000 37.04800000 36.98900000 37.20300000 37.20700000 37.14800000 37.12700000 37.15400000 37.08500000 36.96300000 36.95200000 37.03300000 37.17900000 37.25300000 37.26200000 37.25900000 36.99400000
35.92100000 35.87500000 36.75500000 36.64100000 36.98100000 37.07600000 37.03900000 36.90400000 36.87700000 36.90500000 37.02000000 36.98500000 36.97300000 37.02400000 37.04300000 36.97200000 37.22300000 37.23700000 37.16900000 37.12600000 37.15700000 37.08400000 37.01500000 37.04200000 37.14200000 37.21700000 37.31000000 37.32300000 37.25800000 37.24200000
35.85100000 36.00300000 36.59300000 36.53500000 36.50900000 36.75300000 36.94000000 37.17200000 36.94700000 36.89900000 36.95000000 36.96300000 36.95700000 36.94800000 36.92900000 36.96000000 37.09900000 37.18400000 37.23000000 37.25100000 37.21000000 37.16800000 37.17400000 37.21200000 37.26000000 37.41100000 37.43800000 37.35300000 37.27500000 37.26300000
35.71000000 35.85300000 36.23000000 36.31200000 36.40100000 36.46300000 36.63900000 36.69500000 37.23900000 37.20900000 37.03400000 36.98300000 36.93000000 36.92400000 36.96300000 36.96700000 37.01200000 37.00600000 37.01500000 37.41500000 37.44700000 37.44800000 37.45100000 37.45100000 37.43400000 37.41200000 37.44500000 37.31800000 37.25400000 37.25300000
35.45300000 37.59700000 35.54000000 35.68400000 36.23000000 36.42400000 36.49800000 36.56000000 36.61300000 37.13700000 37.34100000 37.39500000 37.40000000 37.41800000 37.15800000 36.97300000 37.08000000 37.43300000 37.27800000 37.28100000 37.35800000 37.33900000 37.32200000 37.36600000 37.39900000 37.41900000 37.35000000 37.26400000 37.32300000 37.22800000
37.59700000 37.59700000 37.59700000 37.59700000 35.67200000 36.01200000 36.45200000 36.49200000 36.44500000 36.30500000 36.85900000 37.30500000 37.26500000 37.30800000 37.36900000 37.34100000 37.27800000 37.11000000 37.15000000 37.35000000 37.26500000 37.32600000 37.36600000 37.27700000 37.26200000 37.31400000 37.37000000 37.32400000 37.36500000 37.21600000
37.59700000 37.59700000 37.59700000 37.59700000 37.59700000 35.63700000 35.78000000 35.98100000 36.16100000 36.17900000 36.45700000 36.82200000 37.19700000 36.96300000 36.65500000 36.90300000 36.90500000 36.75100000 37.24100000 37.35800000 37.25900000 37.25500000 37.21500000 37.21000000 37.24400000 37.32200000 37.34000000 37.28200000 37.37400000 37.23200000
37.59700000 37.59700000 37.59700000 37.59700000 37.59700000 37.59700000 37.59700000 35.66600000 35.78100000 35.76200000 36.42800000 36.52700000 36.53000000 36.48500000 36.20200000 36.28600000 36.64000000 36.27000000 37.25100000 37.35100000 37.32200000 37.16900000 37.18100000 37.18100000 37.23600000 37.33000000 37.44200000 37.40100000 37.28700000 37.30200000
37.59700000 37.59700000 37.59700000 37.59700000 37.59700000 37.59700000 37.59700000 37.59700000 37.59700000 37.59700000 37.59700000 37.59700000 37.59700000 37.59700000 37.59700000 36.17000000 36.55300000 36.12200000 37.02900000 37.22800000 37.35900000 37.35900000 37.29000000 37.19400000 37.26500000 37.35600000 37.42700000 37.49000000 37.44800000 37.30500000
37.59700000 37.59700000 37.59700000 37.59700000 37.59700000 37.59700000 37.59700000 37.59700000 37.59700000 37.59700000 37.59700000 37.59700000 37.59700000 37.59700000 37.59700000 37.59700000 36.35200000 36.45100000 36.44800000 36.97900000 37.21400000 37.34400000 37.36800000 37.39600000 37.30300000 37.35000000 37.37600000 37.44800000 37.52300000 37.57900000
37.59700000 37.59700000 37.59700000 37.59700000 37.59700000 37.59700000 37.59700000 37.59700000 37.59700000 37.59700000 37.59700000 37.59700000 37.59700000 37.59700000 37.59700000 37.59700000 37.59700000 36.40100000 36.84400000 36.91000000 37.06200000 37.28200000 37.36800000 37.39800000 37.35500000 37.32300000 37.34300000 37.38800000 37.41800000 37.54900000
37.59700000 37.59700000 37.59700000 37.59700000 37.59700000 37.59700000 37.59700000 37.59700000 37.59700000 37.59700000 37.59700000 37.59700000 37.59700000 37.59700000 37.59700000 37.59700000 37.59700000 37.59700000 37.59700000 36.80800000 37.03000000 36.91700000 37.34900000 37.40500000 37.39300000 37.29300000 37.32900000 37.36700000 37.35300000 37.36600000
37.59700000 37.59700000 37.59700000 37.59700000 37.59700000 37.59700000 37.59700000 37.59700000 37.59700000 37.59700000 37.59700000 37.59700000 37.59700000 37.59700000 37.59700000 37.59700000 37.59700000 37.59700000 37.59700000 37.59700000 36.88100000 37.10200000 37.36500000 37.42800000 37.39600000 37.31600000 37.33700000 37.34700000 37.38100000 37.31800000
37.59700000 37.59700000 37.59700000 37.59700000 37.59700000 37.59700000 37.59700000 37.59700000 37.59700000 37.59700000 37.59700000 37.59700000 37.59700000 37.59700000 37.59700000 37.59700000 37.59700000 37.59700000 37.59700000 37.59700000 36.42800000 37.20700000 37.37900000 37.43500000 37.30000000 37.37600000 37.41300000 37.39600000 37.35200000 37.34400000
37.59700000 37.59700000 37.59700000 37.59700000 37.59700000 37.59700000 37.59700000 37.59700000 37.59700000 37.59700000 37.59700000 37.59700000 37.59700000 37.59700000 37.59700000 37.59700000 37.59700000 37.59700000 37.59700000 37.59700000 36.09400000 37.18500000 37.34500000 37.39200000 37.31600000 37.39600000 37.38500000 37.39800000 37.40400000 37.34500000
37.59700000 37.59700000 37.59700000 37.59700000 37.59700000 37.59700000 37.59700000 37.59700000 37.59700000 37.59700000 37.59700000 37.59700000 37.59700000 37.59700000 37.59700000 37.59700000 37.59700000 37.59700000 37.59700000 37.59700000 36.24700000 37.00500000 37.35100000 37.32300000 37.39700000 37.35700000 37.38400000 37.38300000 37.39200000 37.40600000
37.59700000 37.59700000 37.59700000 37.59700000 37.59700000 37.59700000 37.59700000 37.59700000 37.59700000 37.59700000 37.59700000 37.59700000 37.59700000 37.59700000 37.59700000 37.59700000 37.59700000 37.59700000 37.59700000 37.59700000 37.59700000 36.89000000 37.33100000 37.37600000 37.35200000 37.36000000 37.35100000 37.33400000 37.33600000 37.36600000
37.59700000 37.59700000 37.59700000 37.59700000 37.59700000 37.59700000 37.59700000 37.59700000 37.59700000 37.59700000 37.59700000 37.59700000 37.59700000 37.59700000 37.59700000 37.59700000 37.59700000 37.59700000 37.59700000 37.59700000 37.59700000 36.64100000 37.02300000 37.31300000 37.32100000 37.32800000 37.33800000 37.31400000 37.30200000 37.31600000
37.59700000 37.59700000 37.59700000 37.59700000 37.59700000 37.59700000 37.59700000 37.59700000 37.59700000 37.59700000 37.59700000 37.59700000 37.59700000 37.59700000 37.59700000 37.59700000 37.59700000 37.59700000 37.59700000 37.59700000 37.59700000 37.59700000 37.05300000 37.23800000 37.28500000 37.31500000 37.30000000 37.28000000 37.29300000 37.27500000
37.59700000 37.59700000 37.59700000 37.59700000 37.59700000 37.59700000 37.59700000 37.59700000 37.59700000 37.59700000 37.59700000 37.59700000 37.59700000 37.59700000 37.59700000 37.59700000 37.59700000 37.59700000 37.59700000 37.59700000 37.59700000 37.59700000 36.88300000 37.10900000 37.17700000 37.22300000 37.21800000 37.23600000 37.23300000 37.28400000
37.59700000 37.59700000 37.59700000 37.59700000 37.59700000 37.59700000 37.59700000 37.59700000 37.59700000 37.59700000 37.59700000 37.59700000 37.59700000 37.59700000 37.59700000 37.59700000 37.59700000 37.59700000 37.59700000 37.59700000 37.59700000 37.59700000 37.59700000 36.93400000 37.18200000 37.17700000 37.19600000 37.23600000 37.26500000 37.28500000
