 25.73900000  25.41100000  25.55800000  25.75700000  25.22500000  24.95900000  25.36900000  25.61900000  25.56900000  25.54000000  25.44200000  25.29300000  25.20400000  24.22300000  24.29100000  25.50000000  25.75900000  25.83800000  25.47100000  25.49200000  25.49800000  25.47800000  25.35800000  25.03400000  24.16400000  23.91500000  24.33300000  24.80200000  24.71800000  24.67400000
 25.47600000  25.45500000  25.52500000  25.46500000  24.81900000  25.16000000  25.51300000  25.54300000  25.48500000  25.39000000  25.24300000  25.06300000  24.03200000  24.17300000  24.92800000  25.30200000  25.70800000  25.54300000  25.44200000  25.41500000  25.43100000  25.34800000  25.23000000  24.82700000  23.80000000  24.30400000  24.57600000  24.54200000  24.80600000  25.30900000
 25.62400000  25.39300000  25.54900000  25.51600000  24.83600000  24.93200000  25.33900000  25.34600000  25.22800000  24.86000000  24.15900000  23.98100000  24.19900000  24.63100000  24.87600000  25.47000000  25.75500000  25.47000000  25.39700000  25.33100000  25.23200000  25.16000000  24.74100000  24.31700000  24.77400000  25.62000000  25.63400000  25.62200000  25.22800000  25.10500000
 24.76000000  25.28000000  25.54300000  25.57200000  25.19700000  24.45200000  24.41800000  24.16300000  24.06500000  24.25100000  24.62200000  24.85100000  24.91100000  24.86300000  24.87100000  25.61400000  25.73300000  25.47100000  25.26100000  25.28500000  25.05400000  24.89600000  25.20900000  25.81700000  25.96600000  25.82100000  25.57700000  25.43500000  25.32200000  25.50100000
 24.84200000  24.46200000  25.39100000  25.49200000  25.58800000  25.24600000  24.87300000  24.53900000  24.70300000  24.94300000  24.99500000  25.23700000  25.43300000  25.46100000  25.52000000  25.74900000  25.84500000  25.46100000  25.08900000  24.97800000  25.44900000  25.91200000  25.83900000  25.75300000  25.78000000  25.93200000  25.87300000  25.46500000  25.40900000  25.31500000
 24.45400000  24.11800000  24.79100000  25.47300000  25.50900000  25.58900000  25.68500000  25.52200000  25.52100000  25.67100000  25.67400000  25.70000000  25.88800000  25.96300000  25.99100000  25.88600000  25.80700000  25.74000000  25.34700000  25.64700000  25.82900000  25.62700000  25.56800000  25.50700000  25.61100000  25.85500000  25.94700000  26.09300000  25.44100000  25.16000000
 24.01700000  23.78900000  24.56300000  25.14500000  25.54500000  25.55900000  25.52900000  25.52500000  25.53500000  25.59400000  25.75100000  25.88900000  25.86000000  25.93500000  26.00900000  25.88400000  25.88800000  25.91100000  25.75700000  25.69000000  25.62300000  25.45300000  25.16500000  25.04000000  25.30700000  25.72200000  26.13200000  26.11200000  26.13300000  25.64500000
 23.91600000  23.62700000  24.25800000  24.57000000  25.17700000  25.59100000  25.78100000  25.71600000  25.69800000  25.76500000  25.95300000  25.93100000  25.91400000  25.95800000  26.00200000  25.85000000  25.97300000  26.00900000  25.84800000  25.70700000  25.66100000  25.47600000  25.30100000  25.35400000  25.58500000  26.03700000  26.47700000  26.42800000  25.97600000  26.15600000
 23.67100000  23.97600000  24.14700000  24.40600000  24.36100000  24.69000000  25.19800000  25.87000000  25.83400000  25.76700000  25.90000000  25.93400000  25.91500000  25.91900000  25.89300000  25.89400000  25.89200000  26.04500000  26.13200000  26.17500000  26.04700000  25.87000000  25.85000000  26.04000000  26.41800000  26.88500000  26.78200000  26.50600000  25.98400000  26.21400000
 23.59000000  23.72200000  23.88300000  24.09400000  24.17800000  24.19600000  24.48500000  24.81000000  26.09500000  26.26400000  26.00900000  25.94700000  25.81900000  25.74800000  25.76100000  25.85100000  25.83400000  25.91400000  26.03300000  26.97100000  27.05100000  27.02000000  27.01800000  26.96800000  26.72800000  26.55300000  26.70800000  26.23600000  26.08600000  26.22000000
 24.42700000  23.57200000  23.53400000  23.98900000  23.76800000  23.79700000  24.18300000  24.11000000  24.54500000  25.69400000  26.37500000  26.64500000  26.74000000  26.82700000  26.24700000  25.85400000  26.10500000  26.93600000  26.39300000  26.32400000  26.43700000  26.39600000  26.33400000  26.40900000  26.50700000  26.60800000  26.43600000  26.03300000  26.38600000  26.30300000
 27.83300000  27.83300000  27.83300000  24.41200000  23.66500000  23.57600000  23.69300000  23.72200000  23.82300000  24.13600000  24.76300000  26.24500000  26.16000000  26.34200000  26.61100000  26.51300000  26.25300000  25.88600000  25.96400000  26.81000000  26.18900000  26.33100000  26.48500000  26.26500000  26.21200000  26.38000000  26.57900000  26.41600000  26.53300000  26.39400000
 27.83300000  27.83300000  27.83300000  27.83300000  24.11900000  23.93600000  23.70000000  23.74200000  23.58200000  23.68200000  24.30700000  24.67200000  25.77900000  25.12700000  24.59800000  24.91400000  25.08800000  24.92600000  25.85100000  26.87200000  26.33000000  26.20000000  26.13900000  26.34600000  26.56100000  26.72300000  26.63200000  26.24800000  26.50400000  26.40700000
 27.83300000  27.83300000  27.83300000  27.83300000  27.83300000  27.83300000  24.75100000  24.15000000  23.54500000  23.55800000  23.74600000  24.04500000  24.18800000  24.20700000  23.58400000  23.86900000  24.32400000  24.51200000  26.33900000  26.84700000  26.72100000  26.02800000  26.18800000  26.29100000  26.33900000  26.73700000  26.97600000  26.80200000  26.26600000  26.41500000
 27.83300000  27.83300000  27.83300000  27.83300000  27.83300000  27.83300000  27.83300000  27.83300000  27.83300000  27.83300000  27.83300000  27.83300000  23.53600000  23.51700000  22.43900000  23.27700000  24.14000000  24.32000000  25.29200000  26.36300000  26.94700000  26.91700000  26.62800000  26.23900000  26.33500000  26.86400000  27.00500000  27.09100000  26.92300000  26.37600000
 27.83300000  27.83300000  27.83300000  27.83300000  27.83300000  27.83300000  27.83300000  27.83300000  27.83300000  27.83300000  27.83300000  27.83300000  27.83300000  27.83300000  27.83300000  24.10100000  24.21100000  24.39900000  25.26400000  25.59900000  26.40400000  26.97800000  26.89100000  27.00700000  26.44100000  26.94200000  27.03900000  27.00800000  27.10000000  27.18900000
 27.83300000  27.83300000  27.83300000  27.83300000  27.83300000  27.83300000  27.83300000  27.83300000  27.83300000  27.83300000  27.83300000  27.83300000  27.83300000  27.83300000  27.83300000  27.83300000  24.22100000  24.27500000  25.48000000  25.56500000  25.84500000  26.75000000  26.89600000  27.00800000  26.61800000  26.97700000  27.14700000  27.00600000  26.99000000  27.19500000
 27.83300000  27.83300000  27.83300000  27.83300000  27.83300000  27.83300000  27.83300000  27.83300000  27.83300000  27.83300000  27.83300000  27.83300000  27.83300000  27.83300000  27.83300000  27.83300000  27.83300000  27.83300000  23.70100000  25.60400000  25.84100000  25.09100000  26.91700000  26.96500000  26.74500000  27.05800000  27.22500000  27.19400000  27.05900000  27.05800000
 27.83300000  27.83300000  27.83300000  27.83300000  27.83300000  27.83300000  27.83300000  27.83300000  27.83300000  27.83300000  27.83300000  27.83300000  27.83300000  27.83300000  27.83300000  27.83300000  27.83300000  27.83300000  27.83300000  25.91600000  25.25000000  26.26900000  26.91100000  26.97200000  26.77600000  27.12000000  27.19000000  27.18500000  27.20000000  27.13400000
 27.83300000  27.83300000  27.83300000  27.83300000  27.83300000  27.83300000  27.83300000  27.83300000  27.83300000  27.83300000  27.83300000  27.83300000  27.83300000  27.83300000  27.83300000  27.83300000  27.83300000  27.83300000  27.83300000  26.02000000  21.99900000  26.68800000  26.88900000  26.82800000  26.96700000  27.26100000  27.35100000  27.21500000  27.17900000  27.21600000
 27.83300000  27.83300000  27.83300000  27.83300000  27.83300000  27.83300000  27.83300000  27.83300000  27.83300000  27.83300000  27.83300000  27.83300000  27.83300000  27.83300000  27.83300000  27.83300000  27.83300000  27.83300000  27.83300000  25.96000000  24.69100000  26.68900000  26.95700000  26.84100000  27.13500000  27.33100000  27.11000000  27.25500000  27.23900000  27.20600000
 27.83300000  27.83300000  27.83300000  27.83300000  27.83300000  27.83300000  27.83300000  27.83300000  27.83300000  27.83300000  27.83300000  27.83300000  27.83300000  27.83300000  27.83300000  27.83300000  27.83300000  27.83300000  27.83300000  25.78000000  24.27300000  26.30000000  27.16500000  27.03200000  27.31400000  27.11900000  27.06300000  27.28300000  27.28200000  27.32700000
 27.83300000  27.83300000  27.83300000  27.83300000  27.83300000  27.83300000  27.83300000  27.83300000  27.83300000  27.83300000  27.83300000  27.83300000  27.83300000  27.83300000  27.83300000  27.83300000  27.83300000  27.83300000  27.83300000  27.83300000  25.95100000  25.91000000  27.06800000  27.24600000  27.16700000  27.07200000  27.26300000  27.24300000  27.36800000  27.39100000
 27.83300000  27.83300000  27.83300000  27.83300000  27.83300000  27.83300000  27.83300000  27.83300000  27.83300000  27.83300000  27.83300000  27.83300000  27.83300000  27.83300000  27.83300000  27.83300000  27.83300000  27.83300000  27.83300000  27.83300000  27.83300000  24.54900000  26.42800000  27.08600000  27.09300000  27.05600000  27.19500000  27.09200000  27.13100000  27.32700000
 27.83300000  27.83300000  27.83300000  27.83300000  27.83300000  27.83300000  27.83300000  27.83300000  27.83300000  27.83300000  27.83300000  27.83300000  27.83300000  27.83300000  27.83300000  27.83300000  27.83300000  27.83300000  27.83300000  27.83300000  27.83300000  26.03300000  26.31200000  26.87500000  27.00500000  27.02300000  26.95100000  26.90900000  26.93100000  27.05800000
 27.83300000  27.83300000  27.83300000  27.83300000  27.83300000  27.83300000  27.83300000  27.83300000  27.83300000  27.83300000  27.83300000  27.83300000  27.83300000  27.83300000  27.83300000  27.83300000  27.83300000  27.83300000  27.83300000  27.83300000  27.83300000  27.83300000  26.39500000  26.79100000  26.70300000  26.78600000  26.75800000  26.85300000  26.85500000  27.15800000
 27.83300000  27.83300000  27.83300000  27.83300000  27.83300000  27.83300000  27.83300000  27.83300000  27.83300000  27.83300000  27.83300000  27.83300000  27.83300000  27.83300000  27.83300000  27.83300000  27.83300000  27.83300000  27.83300000  27.83300000  27.83300000  27.83300000  27.83300000  26.28100000  26.93900000  26.81500000  26.87200000  27.09600000  27.07800000  27.28500000
 25.79000000  25.39400000  25.57800000  25.76600000  25.26900000  24.99100000  25.34000000  25.70300000  25.64700000  25.61700000  25.52500000  25.38500000  25.26100000  24.25500000  24.28800000  25.50100000  25.76100000  25.84600000  25.47200000  25.47300000  25.51000000  25.46500000  25.31600000  25.00000000  24.15800000  23.90100000  24.34000000  24.80200000  24.66900000  24.67200000
 25.58100000  25.53000000  25.59600000  25.53500000  24.88400000  25.22700000  25.58200000  25.61300000  25.55700000  25.46400000  25.32400000  25.14500000  24.11500000  24.25400000  25.00700000  25.36400000  25.77000000  25.61000000  25.51500000  25.48300000  25.49700000  25.41300000  25.28200000  24.82300000  23.83900000  24.36100000  24.62000000  24.59200000  24.89100000  25.40300000
 25.67400000  25.46700000  25.61900000  25.58300000  24.90000000  24.99400000  25.40700000  25.41700000  25.30200000  24.93500000  24.24300000  24.06700000  24.27500000  24.70700000  24.94000000  25.52800000  25.81300000  25.53600000  25.46400000  25.39400000  25.29300000  25.21400000  24.77400000  24.37600000  24.83800000  25.68700000  25.68800000  25.68200000  25.28400000  25.16700000
 24.77900000  25.35500000  25.61000000  25.63900000  25.26200000  24.51400000  24.48500000  24.23500000  24.14400000  24.33000000  24.70400000  24.93400000  24.98900000  24.92900000  24.92800000  25.66900000  25.79800000  25.53400000  25.32400000  25.34500000  25.10800000  24.94400000  25.29900000  25.87100000  26.02500000  25.87600000  25.63100000  25.49800000  25.38200000  25.55100000
 24.65900000  24.77000000  25.46800000  25.55900000  25.65300000  25.31600000  24.94700000  24.61000000  24.77900000  25.02100000  25.07500000  25.31800000  25.50700000  25.52700000  25.58400000  25.81300000  25.90800000  25.51900000  25.14500000  25.03400000  25.52400000  25.97300000  25.89100000  25.81200000  25.83600000  25.99300000  25.93800000  25.52000000  25.45700000  25.35600000
 24.19800000  24.32400000  25.46900000  25.55100000  25.57400000  25.65400000  25.75800000  25.60200000  25.60500000  25.74900000  25.74500000  25.76600000  25.95000000  26.02400000  26.05300000  25.94600000  25.86300000  25.79700000  25.40900000  25.71000000  25.88800000  25.68700000  25.61700000  25.55600000  25.66400000  25.91800000  26.00700000  26.14600000  25.48200000  25.20300000
 24.12400000  24.23100000  25.34000000  25.21500000  25.61800000  25.63500000  25.60800000  25.60600000  25.61300000  25.66200000  25.81400000  25.94900000  25.92100000  25.99700000  26.06500000  25.94300000  25.94700000  25.97300000  25.81500000  25.75000000  25.67500000  25.50100000  25.21300000  25.08900000  25.36400000  25.78900000  26.19000000  26.15400000  26.17500000  25.68600000
 23.70400000  23.44900000  25.20800000  24.65100000  25.26200000  25.67600000  25.86300000  25.79400000  25.77000000  25.83300000  26.01900000  25.99800000  25.98100000  26.02300000  26.06600000  25.91400000  26.03600000  26.07000000  25.90800000  25.76200000  25.71500000  25.53100000  25.35200000  25.41100000  25.65100000  26.09800000  26.53400000  26.47600000  26.02600000  26.19600000
 21.01900000  21.59700000  24.63600000  24.51200000  24.46200000  24.78000000  25.27100000  25.93500000  25.90400000  25.83700000  25.97100000  26.00400000  25.98200000  25.98200000  25.95400000  25.95300000  25.95100000  26.10400000  26.18600000  26.23000000  26.09700000  25.92500000  25.91400000  26.10800000  26.48400000  26.94700000  26.83700000  26.55600000  26.02700000  26.26200000
 20.12900000  20.34300000  22.79900000  24.02400000  24.23300000  24.28800000  24.55600000  24.88700000  26.16300000  26.34000000  26.08300000  26.01600000  25.88400000  25.80900000  25.82000000  25.90600000  25.88900000  25.96600000  26.08900000  27.03700000  27.11900000  27.09700000  27.10200000  27.04400000  26.79600000  26.61400000  26.76600000  26.28200000  26.13400000  26.26800000
 22.08500000  27.83300000  21.68500000  22.64900000  22.32600000  23.30200000  24.22100000  24.66600000  24.74200000  25.74100000  26.44400000  26.72200000  26.81800000  26.90200000  26.32500000  25.91800000  26.18500000  26.98000000  26.43600000  26.39100000  26.52000000  26.46900000  26.40500000  26.47700000  26.56700000  26.67100000  26.48700000  26.07600000  26.43300000  26.34900000
 27.83300000  27.83300000  27.83300000  27.83300000  21.54300000  21.11500000  22.29900000  22.75800000  23.40800000  24.40400000  24.82700000  26.31600000  26.22600000  26.39600000  26.66800000  26.56000000  26.30200000  25.91700000  26.04000000  26.89800000  26.25400000  26.40500000  26.55600000  26.33300000  26.27300000  26.44500000  26.63600000  26.45800000  26.58000000  26.44300000
 27.83300000  27.83300000  27.83300000  27.83300000  27.83300000  21.41900000  19.97700000  20.57200000  21.20000000  22.77600000  24.40300000  24.72800000  25.84800000  25.17700000  24.60900000  24.99900000  25.08700000  24.96800000  26.36200000  26.95600000  26.30100000  26.26900000  26.20800000  26.41000000  26.62500000  26.78400000  26.67000000  26.29700000  26.55400000  26.45600000
 27.83300000  27.83300000  27.83300000  27.83300000  27.83300000  27.83300000  27.83300000  21.51700000  20.94700000  21.22200000  22.47900000  23.47700000  23.85500000  23.49800000  23.12800000  23.81500000  24.54300000  24.62200000  26.38000000  26.92900000  26.73600000  26.09300000  26.25600000  26.35200000  26.39900000  26.79400000  27.03100000  26.84100000  26.31200000  26.46200000
 27.83300000  27.83300000  27.83300000  27.83300000  27.83300000  27.83300000  27.83300000  27.83300000  27.83300000  27.83300000  27.83300000  27.83300000  27.83300000  27.83300000  27.83300000  19.65200000  24.18100000  24.48200000  25.74400000  26.44300000  27.02400000  26.99600000  26.62600000  26.29000000  26.38800000  26.92000000  27.05800000  27.14200000  26.95900000  26.42100000
 27.83300000  27.83300000  27.83300000  27.83300000  27.83300000  27.83300000  27.83300000  27.83300000  27.83300000  27.83300000  27.83300000  27.83300000  27.83300000  27.83300000  27.83300000  27.83300000  23.25700000  23.75600000  25.25600000  25.73900000  26.49900000  27.05100000  26.95400000  27.06200000  26.49100000  26.99600000  27.09100000  27.06100000  27.15200000  27.24800000
 27.83300000  27.83300000  27.83300000  27.83300000  27.83300000  27.83300000  27.83300000  27.83300000  27.83300000  27.83300000  27.83300000  27.83300000  27.83300000  27.83300000  27.83300000  27.83300000  27.83300000  21.20400000  24.18700000  25.56800000  25.75900000  26.81900000  26.95200000  27.06100000  26.66300000  27.02800000  27.19900000  27.05500000  27.04100000  27.24700000
 27.83300000  27.83300000  27.83300000  27.83300000  27.83300000  27.83300000  27.83300000  27.83300000  27.83300000  27.83300000  27.83300000  27.83300000  27.83300000  27.83300000  27.83300000  27.83300000  27.83300000  27.83300000  27.83300000  25.61800000  25.88200000  25.14100000  26.96900000  27.01500000  26.79100000  27.10700000  27.27500000  27.24200000  27.10800000  27.10800000
 27.83300000  27.83300000  27.83300000  27.83300000  27.83300000  27.83300000  27.83300000  27.83300000  27.83300000  27.83300000  27.83300000  27.83300000  27.83300000  27.83300000  27.83300000  27.83300000  27.83300000  27.83300000  27.83300000  27.83300000  24.70200000  26.40200000  26.96000000  27.02000000  26.81900000  27.16800000  27.23900000  27.23300000  27.24700000  27.18600000
 27.83300000  27.83300000  27.83300000  27.83300000  27.83300000  27.83300000  27.83300000  27.83300000  27.83300000  27.83300000  27.83300000  27.83300000  27.83300000  27.83300000  27.83300000  27.83300000  27.83300000  27.83300000  27.83300000  27.83300000  21.70900000  26.78100000  26.93400000  26.87200000  27.01000000  27.30800000  27.40000000  27.26200000  27.23100000  27.27100000
 27.83300000  27.83300000  27.83300000  27.83300000  27.83300000  27.83300000  27.83300000  27.83300000  27.83300000  27.83300000  27.83300000  27.83300000  27.83300000  27.83300000  27.83300000  27.83300000  27.83300000  27.83300000  27.83300000  27.83300000  19.07300000  26.83200000  27.00000000  26.88200000  27.17900000  27.37800000  27.15900000  27.30700000  27.29000000  27.26100000
 27.83300000  27.83300000  27.83300000  27.83300000  27.83300000  27.83300000  27.83300000  27.83300000  27.83300000  27.83300000  27.83300000  27.83300000  27.83300000  27.83300000  27.83300000  27.83300000  27.83300000  27.83300000  27.83300000  27.83300000  20.24300000  26.65900000  27.20700000  27.07300000  27.35700000  27.16500000  27.11200000  27.33400000  27.33600000  27.38300000
 27.83300000  27.83300000  27.83300000  27.83300000  27.83300000  27.83300000  27.83300000  27.83300000  27.83300000  27.83300000  27.83300000  27.83300000  27.83300000  27.83300000  27.83300000  27.83300000  27.83300000  27.83300000  27.83300000  27.83300000  27.83300000  25.42600000  27.11500000  27.29100000  27.21200000  27.11900000  27.31100000  27.29600000  27.42600000  27.45300000
 27.83300000  27.83300000  27.83300000  27.83300000  27.83300000  27.83300000  27.83300000  27.83300000  27.83300000  27.83300000  27.83300000  27.83300000  27.83300000  27.83300000  27.83300000  27.83300000  27.83300000  27.83300000  27.83300000  27.83300000  27.83300000  23.02100000  26.49900000  27.13400000  27.14000000  27.10600000  27.24900000  27.14500000  27.19300000  27.39200000
 27.83300000  27.83300000  27.83300000  27.83300000  27.83300000  27.83300000  27.83300000  27.83300000  27.83300000  27.83300000  27.83300000  27.83300000  27.83300000  27.83300000  27.83300000  27.83300000  27.83300000  27.83300000  27.83300000  27.83300000  27.83300000  27.83300000  26.23600000  26.92700000  27.05400000  27.07600000  27.00600000  26.96400000  26.99400000  27.12200000
 27.83300000  27.83300000  27.83300000  27.83300000  27.83300000  27.83300000  27.83300000  27.83300000  27.83300000  27.83300000  27.83300000  27.83300000  27.83300000  27.83300000  27.83300000  27.83300000  27.83300000  27.83300000  27.83300000  27.83300000  27.83300000  27.83300000  25.11300000  26.81300000  26.76300000  26.84300000  26.81300000  26.91200000  26.93200000  27.23200000
 27.83300000  27.83300000  27.83300000  27.83300000  27.83300000  27.83300000  27.83300000  27.83300000  27.83300000  27.83300000  27.83300000  27.83300000  27.83300000  27.83300000  27.83300000  27.83300000  27.83300000  27.83300000  27.83300000  27.83300000  27.83300000  27.83300000  27.83300000  26.69800000  27.01000000  26.86800000  26.92900000  27.16400000  27.17100000  27.36300000
