37.00500000 36.92800000 37.01600000 36.95300000 36.98900000 37.07500000 37.19000000 37.27800000 37.26300000 37.22700000 37.15400000 37.05000000 36.90500000 36.64200000 36.48800000 36.83200000 36.92100000 37.01700000 36.98500000 37.04600000 37.04700000 37.02700000 36.90900000 36.73400000 36.50400000 36.25600000 36.40200000 36.50500000 36.39800000 36.38600000
36.99200000 36.92800000 36.94000000 36.94000000 36.95800000 37.19500000 37.23400000 37.22800000 37.19500000 37.14700000 37.05500000 36.94100000 36.65700000 36.53100000 36.78300000 36.89300000 37.02300000 37.00700000 37.02000000 37.07200000 37.05000000 36.95500000 36.82700000 36.67800000 36.32400000 36.57600000 36.58300000 36.54500000 36.76400000 36.88400000
36.91800000 37.03300000 36.91200000 36.92700000 36.88200000 37.15200000 37.16600000 37.13900000 37.07000000 36.97400000 36.73000000 36.43800000 36.52500000 36.79500000 36.80000000 36.94700000 37.08600000 36.98100000 37.00600000 37.02000000 36.96600000 36.89000000 36.71500000 36.63300000 36.96400000 37.05600000 37.03500000 37.05100000 36.93800000 36.86300000
36.60600000 37.04200000 36.89800000 36.91900000 36.97400000 36.81900000 36.97500000 36.71500000 36.47800000 36.64000000 36.81300000 36.89100000 36.89100000 36.86800000 36.85200000 36.97200000 37.07700000 36.93200000 36.95400000 36.93000000 36.82000000 36.71700000 37.11900000 37.22100000 37.21800000 37.04900000 37.04000000 37.00600000 36.99600000 36.96000000
36.52100000 36.43100000 36.99300000 36.84500000 36.92200000 36.95300000 36.75200000 36.66800000 36.77900000 36.94100000 36.88700000 36.88800000 36.90900000 36.91700000 36.93700000 36.98400000 37.05200000 36.87600000 36.80200000 36.75500000 37.12500000 37.21900000 37.20500000 37.20700000 37.22200000 37.24300000 37.11600000 36.95200000 36.82600000 36.78400000
36.37500000 35.88100000 36.92300000 36.94100000 36.82200000 36.86800000 36.94000000 36.93200000 36.93300000 36.92900000 36.87300000 36.85600000 36.93800000 37.01400000 37.03400000 36.99200000 37.09900000 36.97100000 36.97900000 37.16400000 37.19700000 37.16900000 37.09300000 37.06500000 37.14000000 37.22000000 37.26400000 37.25600000 36.83400000 36.56500000
36.08400000 35.37000000 36.87500000 37.01300000 37.05000000 36.92900000 36.84300000 36.81700000 36.80600000 36.83500000 36.93800000 37.00300000 36.99300000 37.01300000 37.03900000 36.99900000 37.19000000 37.15400000 37.12100000 37.16900000 37.15300000 37.04500000 36.95700000 36.94700000 37.08600000 37.19100000 37.26700000 37.27900000 37.26300000 36.79700000
35.68700000 35.17400000 36.34500000 36.66800000 36.89500000 37.13800000 37.11800000 36.90300000 36.91400000 36.94100000 37.01600000 36.98400000 36.99000000 37.04700000 37.06700000 37.03400000 37.21700000 37.19700000 37.14200000 37.12900000 37.14800000 37.08200000 37.03200000 37.08700000 37.16800000 37.23900000 37.35600000 37.34500000 37.25600000 37.23700000
35.35800000 35.67400000 36.24900000 36.73600000 36.63400000 36.72400000 36.92200000 37.26200000 36.97000000 36.88900000 36.92000000 36.94000000 36.95500000 36.95000000 36.94900000 37.02100000 37.18800000 37.24500000 37.25600000 37.24800000 37.19900000 37.16900000 37.19900000 37.21800000 37.34300000 37.46300000 37.45500000 37.37700000 37.27300000 37.25900000
35.22000000 35.36700000 35.93900000 36.33500000 36.41500000 36.57500000 36.52100000 36.75900000 37.30600000 37.34200000 37.25500000 37.06200000 36.93500000 36.94700000 36.96100000 36.97200000 37.04600000 37.03700000 37.01300000 37.43100000 37.41800000 37.41700000 37.42500000 37.42700000 37.39800000 37.40000000 37.44800000 37.31800000 37.25000000 37.25000000
34.59000000 34.89200000 34.94100000 35.30900000 36.09400000 36.14700000 36.48000000 36.13500000 36.58100000 37.08500000 37.33900000 37.37600000 37.41200000 37.27200000 36.96200000 36.95800000 36.97500000 37.38400000 37.29400000 37.31900000 37.31400000 37.32100000 37.34200000 37.39700000 37.41100000 37.42500000 37.33400000 37.26300000 37.32600000 37.22500000
37.59700000 37.59700000 37.59700000 35.05800000 35.59400000 35.76700000 36.07500000 35.97800000 35.75500000 36.28400000 36.89000000 37.23100000 37.22300000 37.29200000 37.32200000 37.28800000 37.17600000 37.02600000 37.30900000 37.35400000 37.26000000 37.35600000 37.34900000 37.26200000 37.27500000 37.33100000 37.34700000 37.27600000 37.35900000 37.21100000
37.59700000 37.59700000 37.59700000 37.59700000 35.18700000 35.32600000 35.51900000 35.53500000 35.65500000 35.72800000 36.52400000 37.00900000 37.10600000 36.71800000 36.70200000 36.93900000 36.91200000 36.43900000 37.29000000 37.33600000 37.21600000 37.26600000 37.23400000 37.21700000 37.26100000 37.34600000 37.32400000 37.31700000 37.39000000 37.21600000
37.59700000 37.59700000 37.59700000 37.59700000 37.59700000 37.59700000 35.28800000 35.37700000 35.46300000 35.53900000 36.02300000 36.31800000 36.49700000 36.35400000 36.15700000 36.27500000 36.77900000 36.34100000 37.22200000 37.36000000 37.25700000 37.17300000 37.19500000 37.18800000 37.25800000 37.35500000 37.44900000 37.35500000 37.30700000 37.27100000
37.59700000 37.59700000 37.59700000 37.59700000 37.59700000 37.59700000 37.59700000 37.59700000 37.59700000 37.59700000 37.59700000 37.59700000 35.66200000 35.84600000 36.11100000 36.17200000 36.63300000 36.14500000 37.04500000 37.27200000 37.34700000 37.36300000 37.23800000 37.21000000 37.28600000 37.36100000 37.41800000 37.49000000 37.37000000 37.30800000
37.59700000 37.59700000 37.59700000 37.59700000 37.59700000 37.59700000 37.59700000 37.59700000 37.59700000 37.59700000 37.59700000 37.59700000 37.59700000 37.59700000 37.59700000 35.96300000 36.29700000 36.02500000 36.51900000 37.04300000 37.31200000 37.34700000 37.37700000 37.39500000 37.32100000 37.34400000 37.37400000 37.46400000 37.51300000 37.52500000
37.59700000 37.59700000 37.59700000 37.59700000 37.59700000 37.59700000 37.59700000 37.59700000 37.59700000 37.59700000 37.59700000 37.59700000 37.59700000 37.59700000 37.59700000 37.59700000 35.99800000 35.98800000 36.63300000 36.93000000 36.86700000 37.34800000 37.42100000 37.40700000 37.35800000 37.31500000 37.35200000 37.39400000 37.42200000 37.55100000
37.59700000 37.59700000 37.59700000 37.59700000 37.59700000 37.59700000 37.59700000 37.59700000 37.59700000 37.59700000 37.59700000 37.59700000 37.59700000 37.59700000 37.59700000 37.59700000 37.59700000 37.59700000 35.94900000 36.75400000 37.08200000 37.13400000 37.41800000 37.41000000 37.38700000 37.30600000 37.34400000 37.37100000 37.33000000 37.40500000
37.59700000 37.59700000 37.59700000 37.59700000 37.59700000 37.59700000 37.59700000 37.59700000 37.59700000 37.59700000 37.59700000 37.59700000 37.59700000 37.59700000 37.59700000 37.59700000 37.59700000 37.59700000 37.59700000 36.66300000 36.91300000 37.17100000 37.42000000 37.42500000 37.30500000 37.33000000 37.34100000 37.35900000 37.36300000 37.31800000
37.59700000 37.59700000 37.59700000 37.59700000 37.59700000 37.59700000 37.59700000 37.59700000 37.59700000 37.59700000 37.59700000 37.59700000 37.59700000 37.59700000 37.59700000 37.59700000 37.59700000 37.59700000 37.59700000 36.78700000 36.57800000 37.27700000 37.41700000 37.41300000 37.29600000 37.39600000 37.40600000 37.35800000 37.36600000 37.32800000
37.59700000 37.59700000 37.59700000 37.59700000 37.59700000 37.59700000 37.59700000 37.59700000 37.59700000 37.59700000 37.59700000 37.59700000 37.59700000 37.59700000 37.59700000 37.59700000 37.59700000 37.59700000 37.59700000 36.91600000 36.72200000 37.31100000 37.37900000 37.34500000 37.37100000 37.37800000 37.38800000 37.41900000 37.40000000 37.34400000
37.59700000 37.59700000 37.59700000 37.59700000 37.59700000 37.59700000 37.59700000 37.59700000 37.59700000 37.59700000 37.59700000 37.59700000 37.59700000 37.59700000 37.59700000 37.59700000 37.59700000 37.59700000 37.59700000 36.51100000 36.54500000 37.13000000 37.32600000 37.30600000 37.38400000 37.37000000 37.37300000 37.38200000 37.39000000 37.38900000
37.59700000 37.59700000 37.59700000 37.59700000 37.59700000 37.59700000 37.59700000 37.59700000 37.59700000 37.59700000 37.59700000 37.59700000 37.59700000 37.59700000 37.59700000 37.59700000 37.59700000 37.59700000 37.59700000 37.59700000 36.71600000 36.79500000 37.32100000 37.37600000 37.33900000 37.36400000 37.33200000 37.31900000 37.34000000 37.36000000
37.59700000 37.59700000 37.59700000 37.59700000 37.59700000 37.59700000 37.59700000 37.59700000 37.59700000 37.59700000 37.59700000 37.59700000 37.59700000 37.59700000 37.59700000 37.59700000 37.59700000 37.59700000 37.59700000 37.59700000 37.59700000 36.58700000 37.18000000 37.30600000 37.33500000 37.32600000 37.32400000 37.30900000 37.29400000 37.31000000
37.59700000 37.59700000 37.59700000 37.59700000 37.59700000 37.59700000 37.59700000 37.59700000 37.59700000 37.59700000 37.59700000 37.59700000 37.59700000 37.59700000 37.59700000 37.59700000 37.59700000 37.59700000 37.59700000 37.59700000 37.59700000 36.42000000 36.97500000 37.23800000 37.28200000 37.30900000 37.29000000 37.27500000 37.27100000 37.27100000
37.59700000 37.59700000 37.59700000 37.59700000 37.59700000 37.59700000 37.59700000 37.59700000 37.59700000 37.59700000 37.59700000 37.59700000 37.59700000 37.59700000 37.59700000 37.59700000 37.59700000 37.59700000 37.59700000 37.59700000 37.59700000 37.59700000 36.56200000 37.10400000 37.15400000 37.19600000 37.18700000 37.20300000 37.21800000 37.29800000
37.59700000 37.59700000 37.59700000 37.59700000 37.59700000 37.59700000 37.59700000 37.59700000 37.59700000 37.59700000 37.59700000 37.59700000 37.59700000 37.59700000 37.59700000 37.59700000 37.59700000 37.59700000 37.59700000 37.59700000 37.59700000 37.59700000 37.59700000 36.75500000 37.15900000 37.16300000 37.21700000 37.19300000 37.26500000 37.29700000
37.00300000 36.92700000 37.01500000 36.95300000 36.98900000 37.07400000 37.19000000 37.27700000 37.26300000 37.22800000 37.15500000 37.05200000 36.90700000 36.64100000 36.49000000 36.83200000 36.92000000 37.01700000 36.98400000 37.04700000 37.04600000 37.02700000 36.90800000 36.73100000 36.50600000 36.25500000 36.40100000 36.50500000 36.39500000 36.38800000
36.99100000 36.92700000 36.93900000 36.93900000 36.95700000 37.19500000 37.23400000 37.22800000 37.19400000 37.14700000 37.05500000 36.94000000 36.65700000 36.53000000 36.78200000 36.89200000 37.02200000 37.00600000 37.01900000 37.07100000 37.04900000 36.95400000 36.82600000 36.67700000 36.32400000 36.57500000 36.58300000 36.54500000 36.76500000 36.88500000
36.91500000 37.03200000 36.91200000 36.92600000 36.88100000 37.15100000 37.16500000 37.13900000 37.07000000 36.97300000 36.72900000 36.43800000 36.52500000 36.79400000 36.79900000 36.94600000 37.08600000 36.98000000 37.00500000 37.01900000 36.96500000 36.88900000 36.71400000 36.63200000 36.96400000 37.05500000 37.03400000 37.05000000 36.93700000 36.86200000
36.60500000 37.04100000 36.89900000 36.91900000 36.97300000 36.81800000 36.97400000 36.71500000 36.47800000 36.64000000 36.81300000 36.89100000 36.89000000 36.86800000 36.85100000 36.97100000 37.07600000 36.93100000 36.95300000 36.92900000 36.82000000 36.71600000 37.11800000 37.22000000 37.21800000 37.04800000 37.03900000 37.00500000 36.99500000 36.96000000
36.52500000 36.45400000 36.99300000 36.84600000 36.92200000 36.95200000 36.75200000 36.66800000 36.77900000 36.94100000 36.88700000 36.88700000 36.90900000 36.91600000 36.93700000 36.98300000 37.05100000 36.87600000 36.80100000 36.75400000 37.12500000 37.21800000 37.20500000 37.20600000 37.22100000 37.24300000 37.11600000 36.95100000 36.82500000 36.78200000
36.38200000 35.92400000 36.92400000 36.94200000 36.82200000 36.86700000 36.93900000 36.93100000 36.93200000 36.92800000 36.87200000 36.85500000 36.93700000 37.01300000 37.03300000 36.99200000 37.09900000 36.97000000 36.97800000 37.16300000 37.19600000 37.16800000 37.09200000 37.06400000 37.13900000 37.22000000 37.26300000 37.25500000 36.83400000 36.56400000
36.09600000 35.72900000 36.87400000 37.01200000 37.05000000 36.92900000 36.84200000 36.81600000 36.80600000 36.83400000 36.93700000 37.00200000 36.99200000 37.01200000 37.03800000 36.99900000 37.18900000 37.15300000 37.12000000 37.16900000 37.15300000 37.04500000 36.95600000 36.94600000 37.08500000 37.19000000 37.26600000 37.27800000 37.26200000 36.80400000
35.91900000 35.97300000 36.70000000 36.66700000 36.89300000 37.13700000 37.11700000 36.90200000 36.91400000 36.94100000 37.01500000 36.98300000 36.98900000 37.04500000 37.06600000 37.03300000 37.21700000 37.19600000 37.14200000 37.12800000 37.14800000 37.08200000 37.03200000 37.08600000 37.16700000 37.23800000 37.35500000 37.34400000 37.25600000 37.23600000
35.78200000 35.96300000 36.42400000 36.73500000 36.63200000 36.72300000 36.92100000 37.26100000 36.97000000 36.88800000 36.91900000 36.94000000 36.95400000 36.94900000 36.94800000 37.01900000 37.18700000 37.24400000 37.25500000 37.24700000 37.19800000 37.16900000 37.19800000 37.21700000 37.34200000 37.46200000 37.45500000 37.37600000 37.27200000 37.25900000
35.69000000 35.82700000 36.32200000 36.33600000 36.41500000 36.57300000 36.52200000 36.75800000 37.30500000 37.34200000 37.25500000 37.06300000 36.93500000 36.94600000 36.96000000 36.97100000 37.04500000 37.03600000 37.01300000 37.43000000 37.41700000 37.41600000 37.42400000 37.42600000 37.39700000 37.39900000 37.44700000 37.31700000 37.24900000 37.24900000
35.42000000 37.59700000 35.51200000 35.59000000 36.19600000 36.22500000 36.48500000 36.27900000 36.57900000 37.08300000 37.33800000 37.37400000 37.41100000 37.27200000 36.96200000 36.95700000 36.97500000 37.38300000 37.29300000 37.31800000 37.31200000 37.32000000 37.34100000 37.39600000 37.41000000 37.42400000 37.33300000 37.26200000 37.32500000 37.22400000
37.59700000 37.59700000 37.59700000 37.59700000 35.75000000 35.98400000 36.49400000 36.43500000 36.18100000 36.29300000 36.88800000 37.22900000 37.22100000 37.29100000 37.32100000 37.28700000 37.17400000 37.02500000 37.30800000 37.35300000 37.26000000 37.35500000 37.34800000 37.26100000 37.27400000 37.32900000 37.34600000 37.27500000 37.35800000 37.21000000
37.59700000 37.59700000 37.59700000 37.59700000 37.59700000 35.60100000 35.87400000 35.98400000 36.21700000 35.79000000 36.52500000 37.00600000 37.10400000 36.71700000 36.70000000 36.93700000 36.91000000 36.44000000 37.28900000 37.33500000 37.21500000 37.26500000 37.23300000 37.21600000 37.26000000 37.34500000 37.32300000 37.31600000 37.38900000 37.21500000
37.59700000 37.59700000 37.59700000 37.59700000 37.59700000 37.59700000 37.59700000 35.49200000 35.67200000 35.74600000 36.14900000 36.45400000 36.50000000 36.36800000 36.15300000 36.26500000 36.77700000 36.34100000 37.22100000 37.35900000 37.25700000 37.17200000 37.19400000 37.18600000 37.25700000 37.35400000 37.44800000 37.35400000 37.30500000 37.27000000
37.59700000 37.59700000 37.59700000 37.59700000 37.59700000 37.59700000 37.59700000 37.59700000 37.59700000 37.59700000 37.59700000 37.59700000 37.59700000 37.59700000 37.59700000 36.18900000 36.62400000 36.18000000 37.04200000 37.27000000 37.34600000 37.36200000 37.23800000 37.21000000 37.28500000 37.35900000 37.41700000 37.48800000 37.36900000 37.30600000
37.59700000 37.59700000 37.59700000 37.59700000 37.59700000 37.59700000 37.59700000 37.59700000 37.59700000 37.59700000 37.59700000 37.59700000 37.59700000 37.59700000 37.59700000 37.59700000 36.36400000 36.32600000 36.51800000 37.04200000 37.31000000 37.34600000 37.37600000 37.39400000 37.32000000 37.34300000 37.37300000 37.46300000 37.51200000 37.52300000
37.59700000 37.59700000 37.59700000 37.59700000 37.59700000 37.59700000 37.59700000 37.59700000 37.59700000 37.59700000 37.59700000 37.59700000 37.59700000 37.59700000 37.59700000 37.59700000 37.59700000 36.40200000 36.63900000 36.92800000 36.87100000 37.34700000 37.41900000 37.40600000 37.35700000 37.31400000 37.35100000 37.39200000 37.42000000 37.54900000
37.59700000 37.59700000 37.59700000 37.59700000 37.59700000 37.59700000 37.59700000 37.59700000 37.59700000 37.59700000 37.59700000 37.59700000 37.59700000 37.59700000 37.59700000 37.59700000 37.59700000 37.59700000 37.59700000 36.69700000 37.07200000 37.12200000 37.41700000 37.40800000 37.38600000 37.30500000 37.34300000 37.37000000 37.32900000 37.40700000
37.59700000 37.59700000 37.59700000 37.59700000 37.59700000 37.59700000 37.59700000 37.59700000 37.59700000 37.59700000 37.59700000 37.59700000 37.59700000 37.59700000 37.59700000 37.59700000 37.59700000 37.59700000 37.59700000 37.59700000 36.87200000 37.16800000 37.41900000 37.42400000 37.30500000 37.32900000 37.34000000 37.35700000 37.36200000 37.31700000
37.59700000 37.59700000 37.59700000 37.59700000 37.59700000 37.59700000 37.59700000 37.59700000 37.59700000 37.59700000 37.59700000 37.59700000 37.59700000 37.59700000 37.59700000 37.59700000 37.59700000 37.59700000 37.59700000 37.59700000 36.53600000 37.27500000 37.41600000 37.41200000 37.29500000 37.39500000 37.40600000 37.35700000 37.36600000 37.32700000
37.59700000 37.59700000 37.59700000 37.59700000 37.59700000 37.59700000 37.59700000 37.59700000 37.59700000 37.59700000 37.59700000 37.59700000 37.59700000 37.59700000 37.59700000 37.59700000 37.59700000 37.59700000 37.59700000 37.59700000 36.44700000 37.30800000 37.37800000 37.34500000 37.37100000 37.37800000 37.38800000 37.41900000 37.40000000 37.34400000
37.59700000 37.59700000 37.59700000 37.59700000 37.59700000 37.59700000 37.59700000 37.59700000 37.59700000 37.59700000 37.59700000 37.59700000 37.59700000 37.59700000 37.59700000 37.59700000 37.59700000 37.59700000 37.59700000 37.59700000 36.49200000 37.12600000 37.32600000 37.30600000 37.38400000 37.37000000 37.37300000 37.38200000 37.39000000 37.38900000
37.59700000 37.59700000 37.59700000 37.59700000 37.59700000 37.59700000 37.59700000 37.59700000 37.59700000 37.59700000 37.59700000 37.59700000 37.59700000 37.59700000 37.59700000 37.59700000 37.59700000 37.59700000 37.59700000 37.59700000 37.59700000 36.76100000 37.32100000 37.37700000 37.34100000 37.36500000 37.33400000 37.32000000 37.33900000 37.36000000
37.59700000 37.59700000 37.59700000 37.59700000 37.59700000 37.59700000 37.59700000 37.59700000 37.59700000 37.59700000 37.59700000 37.59700000 37.59700000 37.59700000 37.59700000 37.59700000 37.59700000 37.59700000 37.59700000 37.59700000 37.59700000 36.60600000 37.18300000 37.31000000 37.33800000 37.32800000 37.32600000 37.30900000 37.29400000 37.31000000
37.59700000 37.59700000 37.59700000 37.59700000 37.59700000 37.59700000 37.59700000 37.59700000 37.59700000 37.59700000 37.59700000 37.59700000 37.59700000 37.59700000 37.59700000 37.59700000 37.59700000 37.59700000 37.59700000 37.59700000 37.59700000 37.59700000 36.98500000 37.24500000 37.28700000 37.31000000 37.29300000 37.27600000 37.27300000 37.27100000
37.59700000 37.59700000 37.59700000 37.59700000 37.59700000 37.59700000 37.59700000 37.59700000 37.59700000 37.59700000 37.59700000 37.59700000 37.59700000 37.59700000 37.59700000 37.59700000 37.59700000 37.59700000 37.59700000 37.59700000 37.59700000 37.59700000 36.64200000 37.11300000 37.15500000 37.19900000 37.20400000 37.21900000 37.22800000 37.29600000
37.59700000 37.59700000 37.59700000 37.59700000 37.59700000 37.59700000 37.59700000 37.59700000 37.59700000 37.59700000 37.59700000 37.59700000 37.59700000 37.59700000 37.59700000 37.59700000 37.59700000 37.59700000 37.59700000 37.59700000 37.59700000 37.59700000 37.59700000 36.87100000 37.17200000 37.18900000 37.24500000 37.22400000 37.26900000 37.28900000
