 25.59200000  25.30600000  25.59900000  25.55000000  25.04500000  25.07400000  25.49400000  25.53900000  25.54900000  25.45300000  25.35900000  25.31400000  25.20300000  24.39200000  24.23400000  25.37600000  25.64600000  25.72600000  25.41200000  25.37000000  25.37500000  25.35100000  25.17500000  24.91200000  24.24900000  23.85900000  24.21400000  24.58800000  24.52700000  24.67500000
 25.33800000  25.04100000  25.44900000  25.14500000  24.70100000  25.38200000  25.49100000  25.43400000  25.39900000  25.35200000  25.22100000  25.10200000  24.27500000  24.14400000  24.77100000  25.22600000  25.66800000  25.33400000  25.36200000  25.34100000  25.33400000  25.18700000  25.00000000  24.55100000  23.67900000  24.28300000  24.46600000  24.49500000  24.93600000  25.03500000
 25.24200000  25.41000000  25.44200000  25.25300000  24.56300000  25.28900000  25.35900000  25.29500000  25.18300000  25.00800000  24.40700000  23.90300000  24.14900000  24.66000000  24.72900000  25.48700000  25.58600000  25.30200000  25.32600000  25.24900000  25.17600000  25.11000000  24.59100000  24.37900000  25.30000000  25.57400000  25.48400000  25.40700000  25.06200000  25.00300000
 24.62000000  25.31500000  25.39300000  25.52200000  24.94200000  24.50500000  24.88600000  24.35300000  24.02500000  24.25400000  24.57100000  24.81000000  24.88400000  24.86800000  24.95200000  25.61600000  25.58000000  25.21500000  25.23700000  25.06300000  24.80900000  24.73100000  25.66700000  25.87300000  25.89300000  25.55000000  25.42800000  25.29200000  25.26000000  25.32900000
 24.48300000  24.49400000  25.26700000  25.41100000  25.52600000  25.03400000  24.34500000  24.24000000  24.41900000  24.88200000  24.93100000  25.14100000  25.36000000  25.43800000  25.54400000  25.67200000  25.56000000  25.09400000  24.96900000  24.84600000  25.68400000  25.81900000  25.63800000  25.66700000  25.72400000  25.79700000  25.67500000  25.33400000  25.19400000  25.24800000
 24.06700000  23.97700000  24.91400000  25.41600000  25.43100000  25.49900000  25.59800000  25.45800000  25.47700000  25.59200000  25.55600000  25.56700000  25.73200000  25.84100000  25.89900000  25.72600000  25.61800000  25.22300000  25.23900000  25.74300000  25.63500000  25.53900000  25.37000000  25.25700000  25.45500000  25.78100000  25.96500000  25.97700000  25.24600000  25.08400000
 23.95100000  23.70500000  24.76700000  25.14300000  25.51500000  25.55500000  25.51200000  25.48400000  25.46500000  25.50700000  25.67600000  25.74500000  25.72200000  25.80500000  25.88300000  25.73800000  25.74300000  25.64600000  25.56000000  25.64900000  25.48900000  25.27200000  24.95000000  24.94100000  25.30100000  25.71000000  26.15500000  26.07000000  26.03300000  25.27900000
 23.85100000  23.56500000  24.41900000  24.44500000  24.91300000  25.62200000  25.83300000  25.61900000  25.66300000  25.73000000  25.85100000  25.81600000  25.78900000  25.86900000  25.92300000  25.74300000  25.80800000  25.78000000  25.64700000  25.55000000  25.47800000  25.32800000  25.21800000  25.32800000  25.59800000  26.13300000  26.57300000  26.39600000  25.89700000  26.07000000
 23.49700000  23.85500000  24.15800000  24.49400000  24.33800000  24.62500000  25.04300000  26.06100000  25.77500000  25.64100000  25.72700000  25.76100000  25.79900000  25.77800000  25.76500000  25.75700000  25.84700000  25.94800000  25.97800000  25.98400000  25.85100000  25.74800000  25.84500000  26.08500000  26.62500000  26.91300000  26.73200000  26.48900000  25.93300000  26.16300000
 23.18600000  23.04900000  23.68400000  24.10600000  24.08000000  24.20900000  24.19600000  24.66900000  26.15000000  26.35500000  26.25500000  25.95500000  25.68400000  25.65300000  25.71900000  25.76900000  25.73500000  25.80000000  25.88100000  26.83200000  26.70700000  26.65400000  26.69300000  26.69300000  26.46300000  26.42900000  26.64600000  26.21000000  25.99400000  26.18100000
 24.30700000  23.44800000  23.47200000  23.31300000  23.66800000  23.58600000  24.00400000  24.04400000  24.39300000  25.29900000  26.32500000  26.52600000  26.68700000  26.38300000  25.70400000  25.61500000  25.72200000  26.56800000  26.40400000  26.46700000  26.20600000  26.22100000  26.28700000  26.44300000  26.52000000  26.58700000  26.31200000  25.96800000  26.33000000  26.25500000
 27.83300000  27.83300000  27.83300000  23.99200000  23.61300000  23.28900000  23.48300000  23.49100000  23.55800000  24.08200000  24.67000000  25.85700000  25.82100000  26.09800000  26.25200000  26.17600000  25.93700000  25.44200000  26.47700000  26.71900000  26.08100000  26.36600000  26.39900000  26.18200000  26.27500000  26.39800000  26.44900000  26.19200000  26.45100000  26.35700000
 27.83300000  27.83300000  27.83300000  27.83300000  23.68100000  23.55200000  23.29500000  23.34200000  23.29800000  23.43800000  24.20700000  24.95800000  25.31600000  24.47900000  24.49100000  24.90900000  24.94700000  24.79300000  26.39400000  26.65000000  25.94400000  26.19100000  26.13400000  26.42300000  26.50000000  26.72700000  26.45700000  26.32900000  26.54000000  26.38800000
 27.83300000  27.83300000  27.83300000  27.83300000  27.83300000  27.83300000  24.43000000  23.92000000  23.28300000  23.32600000  23.51500000  23.70300000  24.07900000  23.74700000  23.17200000  23.66400000  24.46600000  24.76800000  26.19500000  26.81100000  26.28600000  26.03000000  26.20700000  26.23000000  26.33000000  26.78900000  26.96200000  26.57400000  26.29600000  26.34000000
 27.83300000  27.83300000  27.83300000  27.83300000  27.83300000  27.83300000  27.83300000  27.83300000  27.83300000  27.83300000  27.83300000  27.83300000  23.32000000  23.16200000  23.08200000  23.40900000  24.14000000  24.68800000  25.62200000  26.49800000  26.85800000  26.85400000  26.34300000  26.25500000  26.36900000  26.90200000  26.97100000  27.05400000  26.61900000  26.34900000
 27.83300000  27.83300000  27.83300000  27.83300000  27.83300000  27.83300000  27.83300000  27.83300000  27.83300000  27.83300000  27.83300000  27.83300000  27.83300000  27.83300000  27.83300000  23.49700000  23.92900000  24.75800000  25.10200000  25.48500000  26.75300000  26.84500000  26.85700000  26.94200000  26.47800000  26.98300000  27.00800000  27.00100000  27.07700000  27.08700000
 27.83300000  27.83300000  27.83300000  27.83300000  27.83300000  27.83300000  27.83300000  27.83300000  27.83300000  27.83300000  27.83300000  27.83300000  27.83300000  27.83300000  27.83300000  27.83300000  23.88600000  24.25300000  25.28000000  25.41300000  24.68500000  26.92600000  26.89100000  26.99700000  26.61600000  27.04600000  27.12300000  26.96400000  27.00400000  27.16800000
 27.83300000  27.83300000  27.83300000  27.83300000  27.83300000  27.83300000  27.83300000  27.83300000  27.83300000  27.83300000  27.83300000  27.83300000  27.83300000  27.83300000  27.83300000  27.83300000  27.83300000  27.83300000  23.86700000  25.39200000  25.71200000  26.53600000  26.86400000  26.99100000  26.72500000  27.11600000  27.23500000  27.15900000  27.05600000  27.04800000
 27.83300000  27.83300000  27.83300000  27.83300000  27.83300000  27.83300000  27.83300000  27.83300000  27.83300000  27.83300000  27.83300000  27.83300000  27.83300000  27.83300000  27.83300000  27.83300000  27.83300000  27.83300000  27.83300000  25.64400000  24.78000000  26.61400000  26.84300000  26.89900000  26.92300000  27.15000000  27.16900000  27.18500000  27.15400000  27.13200000
 27.83300000  27.83300000  27.83300000  27.83300000  27.83300000  27.83300000  27.83300000  27.83300000  27.83300000  27.83300000  27.83300000  27.83300000  27.83300000  27.83300000  27.83300000  27.83300000  27.83300000  27.83300000  27.83300000  25.85700000  23.05500000  26.88000000  26.81500000  26.77000000  27.06100000  27.27000000  27.31800000  27.14800000  27.19600000  27.20800000
 27.83300000  27.83300000  27.83300000  27.83300000  27.83300000  27.83300000  27.83300000  27.83300000  27.83300000  27.83300000  27.83300000  27.83300000  27.83300000  27.83300000  27.83300000  27.83300000  27.83300000  27.83300000  27.83300000  25.91900000  24.91000000  26.96300000  26.85000000  26.89800000  27.23800000  27.22400000  27.07100000  27.30200000  27.24500000  27.21900000
 27.83300000  27.83300000  27.83300000  27.83300000  27.83300000  27.83300000  27.83300000  27.83300000  27.83300000  27.83300000  27.83300000  27.83300000  27.83300000  27.83300000  27.83300000  27.83300000  27.83300000  27.83300000  27.83300000  25.50400000  22.93900000  26.61000000  27.05900000  27.05400000  27.27900000  27.06900000  27.16100000  27.24800000  27.28400000  27.32100000
 27.83300000  27.83300000  27.83300000  27.83300000  27.83300000  27.83300000  27.83300000  27.83300000  27.83300000  27.83300000  27.83300000  27.83300000  27.83300000  27.83300000  27.83300000  27.83300000  27.83300000  27.83300000  27.83300000  27.83300000  25.69000000  26.26800000  27.06800000  27.24900000  27.10500000  27.07400000  27.20900000  27.21500000  27.36500000  27.37000000
 27.83300000  27.83300000  27.83300000  27.83300000  27.83300000  27.83300000  27.83300000  27.83300000  27.83300000  27.83300000  27.83300000  27.83300000  27.83300000  27.83300000  27.83300000  27.83300000  27.83300000  27.83300000  27.83300000  27.83300000  27.83300000  24.73000000  26.71400000  27.07900000  27.09100000  27.08400000  27.19300000  27.05100000  27.09100000  27.34900000
 27.83300000  27.83300000  27.83300000  27.83300000  27.83300000  27.83300000  27.83300000  27.83300000  27.83300000  27.83300000  27.83300000  27.83300000  27.83300000  27.83300000  27.83300000  27.83300000  27.83300000  27.83300000  27.83300000  27.83300000  27.83300000  26.00000000  26.50300000  26.92000000  27.00400000  27.01100000  26.94100000  26.91200000  26.89800000  27.04500000
 27.83300000  27.83300000  27.83300000  27.83300000  27.83300000  27.83300000  27.83300000  27.83300000  27.83300000  27.83300000  27.83300000  27.83300000  27.83300000  27.83300000  27.83300000  27.83300000  27.83300000  27.83300000  27.83300000  27.83300000  27.83300000  27.83300000  26.48900000  26.76500000  26.70600000  26.77100000  26.76700000  26.87400000  26.95700000  27.29900000
 27.83300000  27.83300000  27.83300000  27.83300000  27.83300000  27.83300000  27.83300000  27.83300000  27.83300000  27.83300000  27.83300000  27.83300000  27.83300000  27.83300000  27.83300000  27.83300000  27.83300000  27.83300000  27.83300000  27.83300000  27.83300000  27.83300000  27.83300000  26.53400000  26.91500000  26.87000000  27.19800000  27.00300000  27.18500000  27.45700000
 25.62700000  25.37900000  25.63300000  25.59900000  25.09800000  25.09500000  25.50100000  25.55900000  25.57400000  25.47800000  25.38500000  25.33200000  25.26800000  24.40000000  24.24700000  25.38600000  25.66900000  25.75000000  25.43800000  25.39000000  25.39500000  25.37300000  25.19000000  24.92000000  24.26700000  23.86200000  24.22700000  24.57800000  24.54300000  24.68900000
 25.35500000  25.05300000  25.46800000  25.16600000  24.71800000  25.40300000  25.51400000  25.45600000  25.42200000  25.37400000  25.24100000  25.12100000  24.28700000  24.16300000  24.79000000  25.24700000  25.69000000  25.35600000  25.38300000  25.36400000  25.35400000  25.20800000  25.01300000  24.56800000  23.69400000  24.30200000  24.48700000  24.51300000  24.95500000  25.05400000
 25.24900000  25.42900000  25.46200000  25.27600000  24.58000000  25.31000000  25.38000000  25.31800000  25.20600000  25.02500000  24.42700000  23.91900000  24.16700000  24.67900000  24.74700000  25.50700000  25.60700000  25.32300000  25.34700000  25.27100000  25.19700000  25.12900000  24.60100000  24.39900000  25.32600000  25.59600000  25.50400000  25.42600000  25.08100000  25.02100000
 24.65900000  25.33800000  25.41200000  25.54500000  24.96800000  24.52400000  24.90800000  24.37400000  24.04600000  24.26900000  24.59000000  24.82900000  24.90500000  24.88700000  24.97000000  25.63500000  25.60100000  25.23500000  25.25700000  25.08300000  24.82900000  24.74900000  25.68500000  25.89300000  25.91600000  25.57100000  25.44900000  25.31100000  25.28100000  25.35000000
 24.38300000  24.58600000  25.28400000  25.42800000  25.55000000  25.04500000  24.36200000  24.25700000  24.43800000  24.90300000  24.95200000  25.16400000  25.38400000  25.46300000  25.56700000  25.69500000  25.58300000  25.11400000  24.98700000  24.86600000  25.70600000  25.83800000  25.66000000  25.68900000  25.74700000  25.81600000  25.69900000  25.35400000  25.21300000  25.26800000
 24.06900000  24.05200000  24.94000000  25.43700000  25.45400000  25.52300000  25.62600000  25.48600000  25.50200000  25.61800000  25.58000000  25.59000000  25.75400000  25.86400000  25.92200000  25.75000000  25.63700000  25.24100000  25.25100000  25.76100000  25.65500000  25.55600000  25.38900000  25.27500000  25.47400000  25.80000000  25.98700000  25.99400000  25.26600000  25.09900000
 23.99100000  24.07400000  24.78900000  25.16400000  25.53800000  25.57200000  25.53300000  25.50700000  25.48600000  25.52900000  25.69800000  25.76700000  25.74400000  25.82800000  25.90500000  25.76000000  25.76400000  25.66700000  25.58000000  25.66700000  25.51100000  25.29400000  24.97100000  24.95900000  25.32000000  25.73100000  26.17600000  26.09300000  26.05300000  25.31000000
 23.51300000  23.34100000  25.03400000  24.47400000  24.93600000  25.63500000  25.85100000  25.64000000  25.68400000  25.75100000  25.87300000  25.83900000  25.81200000  25.89300000  25.94500000  25.76500000  25.82700000  25.80200000  25.66500000  25.56900000  25.49700000  25.34800000  25.23800000  25.34700000  25.61700000  26.15400000  26.59400000  26.41700000  25.91600000  26.08900000
 21.48200000  21.54400000  24.48300000  24.52200000  24.36900000  24.64600000  25.06700000  26.07500000  25.79400000  25.66200000  25.74900000  25.78200000  25.81200000  25.80000000  25.78800000  25.78000000  25.86800000  25.96900000  25.99800000  26.00300000  25.87100000  25.76900000  25.86800000  26.10600000  26.64600000  26.93300000  26.75200000  26.50900000  25.95200000  26.18300000
 20.25500000  20.65300000  23.29000000  24.13200000  24.10200000  24.23600000  24.21100000  24.69200000  26.17000000  26.37300000  26.27900000  25.97600000  25.70700000  25.67400000  25.73700000  25.78900000  25.75400000  25.82000000  25.90100000  26.85200000  26.72300000  26.67100000  26.71100000  26.71100000  26.48100000  26.44700000  26.66600000  26.22900000  26.01200000  26.20000000
 22.24600000  27.83300000  21.82100000  21.82900000  23.45000000  23.36800000  24.03500000  24.26300000  24.43000000  25.31600000  26.34800000  26.54100000  26.70300000  26.40100000  25.73100000  25.63800000  25.74200000  26.58200000  26.42600000  26.49100000  26.22300000  26.23800000  26.30600000  26.46300000  26.54000000  26.60700000  26.33100000  25.98700000  26.35000000  26.27100000
 27.83300000  27.83300000  27.83300000  27.83300000  22.05300000  20.66800000  22.32100000  23.25500000  23.39200000  24.13100000  24.68300000  25.88100000  25.84100000  26.11500000  26.27000000  26.19500000  25.95000000  25.45600000  26.49500000  26.74000000  26.09900000  26.38400000  26.41700000  26.20100000  26.29600000  26.41500000  26.47000000  26.21100000  26.47100000  26.37500000
 27.83300000  27.83300000  27.83300000  27.83300000  27.83300000  21.90500000  20.76100000  20.15200000  21.25700000  22.23200000  24.22900000  24.97300000  25.34100000  24.49800000  24.51000000  24.92600000  24.96600000  24.81300000  26.40900000  26.67000000  25.96100000  26.20700000  26.15100000  26.44200000  26.51900000  26.74800000  26.48000000  26.34700000  26.55900000  26.40300000
 27.83300000  27.83300000  27.83300000  27.83300000  27.83300000  27.83300000  27.83300000  23.33300000  21.15600000  21.31400000  22.00000000  23.59800000  24.03400000  23.77000000  23.03700000  23.64500000  24.48500000  24.78500000  26.20900000  26.82900000  26.30700000  26.04700000  26.22500000  26.24900000  26.34900000  26.81000000  26.98300000  26.59700000  26.31500000  26.36200000
 27.83300000  27.83300000  27.83300000  27.83300000  27.83300000  27.83300000  27.83300000  27.83300000  27.83300000  27.83300000  27.83300000  27.83300000  27.83300000  27.83300000  27.83300000  21.43300000  24.07600000  24.59100000  25.64500000  26.51200000  26.87400000  26.87200000  26.36600000  26.27600000  26.38900000  26.92200000  26.99100000  27.07400000  26.64100000  26.36800000
 27.83300000  27.83300000  27.83300000  27.83300000  27.83300000  27.83300000  27.83300000  27.83300000  27.83300000  27.83300000  27.83300000  27.83300000  27.83300000  27.83300000  27.83300000  27.83300000  22.99500000  23.46700000  25.12700000  25.50600000  26.76500000  26.86400000  26.87500000  26.96200000  26.49700000  27.00200000  27.02800000  27.02000000  27.09600000  27.11100000
 27.83300000  27.83300000  27.83300000  27.83300000  27.83300000  27.83300000  27.83300000  27.83300000  27.83300000  27.83300000  27.83300000  27.83300000  27.83300000  27.83300000  27.83300000  27.83300000  27.83300000  21.71700000  24.39700000  25.43500000  24.67400000  26.94400000  26.90900000  27.01800000  26.63600000  27.06700000  27.14300000  26.98500000  27.02400000  27.18700000
 27.83300000  27.83300000  27.83300000  27.83300000  27.83300000  27.83300000  27.83300000  27.83300000  27.83300000  27.83300000  27.83300000  27.83300000  27.83300000  27.83300000  27.83300000  27.83300000  27.83300000  27.83300000  27.83300000  25.20700000  25.70300000  26.53400000  26.88200000  27.01100000  26.73900000  27.13500000  27.25500000  27.18000000  27.07600000  27.07700000
 27.83300000  27.83300000  27.83300000  27.83300000  27.83300000  27.83300000  27.83300000  27.83300000  27.83300000  27.83300000  27.83300000  27.83300000  27.83300000  27.83300000  27.83300000  27.83300000  27.83300000  27.83300000  27.83300000  27.83300000  24.60000000  26.63400000  26.86200000  26.91700000  26.93900000  27.16800000  27.18700000  27.20400000  27.17300000  27.14800000
 27.83300000  27.83300000  27.83300000  27.83300000  27.83300000  27.83300000  27.83300000  27.83300000  27.83300000  27.83300000  27.83300000  27.83300000  27.83300000  27.83300000  27.83300000  27.83300000  27.83300000  27.83300000  27.83300000  27.83300000  22.72900000  26.89900000  26.83400000  26.78600000  27.08000000  27.28900000  27.33700000  27.16300000  27.21300000  27.22500000
 27.83300000  27.83300000  27.83300000  27.83300000  27.83300000  27.83300000  27.83300000  27.83300000  27.83300000  27.83300000  27.83300000  27.83300000  27.83300000  27.83300000  27.83300000  27.83300000  27.83300000  27.83300000  27.83300000  27.83300000  22.36300000  26.97600000  26.86800000  26.91600000  27.25600000  27.24100000  27.08800000  27.32200000  27.26300000  27.23900000
 27.83300000  27.83300000  27.83300000  27.83300000  27.83300000  27.83300000  27.83300000  27.83300000  27.83300000  27.83300000  27.83300000  27.83300000  27.83300000  27.83300000  27.83300000  27.83300000  27.83300000  27.83300000  27.83300000  27.83300000  22.38300000  26.62100000  27.07600000  27.07100000  27.29400000  27.08600000  27.17700000  27.26500000  27.30200000  27.33900000
 27.83300000  27.83300000  27.83300000  27.83300000  27.83300000  27.83300000  27.83300000  27.83300000  27.83300000  27.83300000  27.83300000  27.83300000  27.83300000  27.83300000  27.83300000  27.83300000  27.83300000  27.83300000  27.83300000  27.83300000  27.83300000  25.82600000  27.08700000  27.26800000  27.12300000  27.09300000  27.22700000  27.23100000  27.38200000  27.39100000
 27.83300000  27.83300000  27.83300000  27.83300000  27.83300000  27.83300000  27.83300000  27.83300000  27.83300000  27.83300000  27.83300000  27.83300000  27.83300000  27.83300000  27.83300000  27.83300000  27.83300000  27.83300000  27.83300000  27.83300000  27.83300000  23.21100000  26.73200000  27.10100000  27.11000000  27.10100000  27.21100000  27.06600000  27.10600000  27.36600000
 27.83300000  27.83300000  27.83300000  27.83300000  27.83300000  27.83300000  27.83300000  27.83300000  27.83300000  27.83300000  27.83300000  27.83300000  27.83300000  27.83300000  27.83300000  27.83300000  27.83300000  27.83300000  27.83300000  27.83300000  27.83300000  27.83300000  26.51200000  26.94200000  27.02300000  27.02800000  26.95800000  26.92600000  26.90900000  27.04600000
 27.83300000  27.83300000  27.83300000  27.83300000  27.83300000  27.83300000  27.83300000  27.83300000  27.83300000  27.83300000  27.83300000  27.83300000  27.83300000  27.83300000  27.83300000  27.83300000  27.83300000  27.83300000  27.83300000  27.83300000  27.83300000  27.83300000  25.50500000  26.79100000  26.71700000  26.78000000  26.78600000  26.88000000  26.88700000  27.30800000
 27.83300000  27.83300000  27.83300000  27.83300000  27.83300000  27.83300000  27.83300000  27.83300000  27.83300000  27.83300000  27.83300000  27.83300000  27.83300000  27.83300000  27.83300000  27.83300000  27.83300000  27.83300000  27.83300000  27.83300000  27.83300000  27.83300000  27.83300000  26.55100000  26.95000000  26.89900000  27.21300000  26.95000000  27.20300000  27.42800000
