37.00500000 36.92800000 37.01400000 36.95200000 36.98500000 37.07700000 37.19200000 37.27700000 37.26300000 37.22600000 37.15300000 37.04900000 36.90500000 36.64500000 36.48800000 36.83200000 36.92100000 37.01600000 36.98500000 37.04900000 37.04700000 37.02700000 36.90800000 36.73400000 36.50700000 36.25800000 36.40200000 36.50400000 36.39600000 36.38600000
36.99200000 36.93700000 36.93900000 36.94200000 36.96700000 37.19700000 37.23500000 37.22800000 37.19400000 37.14700000 37.05400000 36.94000000 36.66000000 36.53400000 36.78400000 36.89600000 37.02800000 37.00500000 37.02400000 37.07200000 37.04800000 36.95100000 36.82400000 36.67500000 36.32500000 36.57900000 36.58400000 36.54900000 36.76800000 36.88600000
36.91300000 37.03200000 36.91100000 36.92700000 36.88500000 37.15200000 37.16500000 37.13700000 37.06700000 36.97600000 36.73400000 36.43800000 36.52700000 36.79700000 36.80100000 36.94900000 37.08600000 36.97900000 37.01000000 37.02000000 36.96400000 36.88900000 36.71100000 36.63500000 36.97100000 37.05700000 37.03600000 37.05100000 36.93800000 36.86400000
36.60600000 37.04300000 36.89400000 36.91900000 36.97300000 36.82200000 36.98000000 36.71600000 36.47800000 36.64000000 36.81300000 36.89100000 36.89100000 36.86900000 36.85300000 36.97500000 37.07500000 36.92900000 36.95400000 36.92900000 36.81800000 36.71700000 37.12100000 37.22300000 37.21700000 37.04600000 37.04100000 37.00500000 36.99600000 36.95900000
36.52300000 36.42200000 36.99300000 36.84400000 36.92200000 36.95400000 36.74900000 36.66600000 36.77600000 36.94100000 36.88700000 36.88800000 36.90900000 36.91700000 36.93800000 36.98600000 37.04900000 36.86900000 36.80400000 36.75500000 37.12900000 37.22000000 37.20600000 37.20800000 37.22400000 37.24500000 37.11100000 36.95200000 36.82300000 36.78200000
36.37400000 35.87100000 36.92300000 36.94100000 36.82200000 36.86700000 36.94000000 36.93200000 36.93300000 36.92900000 36.87300000 36.85600000 36.93600000 37.01200000 37.03400000 36.99200000 37.09700000 36.96300000 36.97900000 37.16500000 37.19700000 37.16900000 37.09000000 37.06500000 37.14200000 37.22100000 37.26400000 37.25600000 36.83000000 36.56500000
36.08200000 35.36700000 36.87200000 37.01200000 37.05300000 36.93200000 36.84500000 36.81900000 36.80800000 36.83500000 36.93800000 37.00300000 36.99300000 37.01300000 37.03900000 37.00000000 37.18900000 37.14900000 37.12000000 37.17100000 37.15400000 37.04300000 36.95600000 36.94700000 37.08700000 37.19100000 37.26700000 37.28000000 37.26300000 36.79000000
35.69100000 35.18000000 36.38000000 36.67200000 36.89300000 37.13900000 37.12000000 36.90200000 36.91500000 36.94200000 37.01600000 36.98400000 36.99100000 37.04700000 37.06700000 37.03500000 37.21700000 37.19600000 37.14100000 37.13000000 37.14600000 37.08100000 37.03400000 37.08900000 37.16900000 37.24000000 37.35800000 37.34700000 37.25700000 37.23700000
35.35600000 35.68900000 36.25800000 36.73800000 36.64800000 36.72500000 36.92500000 37.26600000 36.97000000 36.88900000 36.91900000 36.94100000 36.95500000 36.95100000 36.95100000 37.02300000 37.19100000 37.24600000 37.25700000 37.24700000 37.19800000 37.17000000 37.20100000 37.21800000 37.34800000 37.46400000 37.45600000 37.37900000 37.27400000 37.26000000
35.22500000 35.36000000 35.94800000 36.34100000 36.41500000 36.57900000 36.51900000 36.76500000 37.30800000 37.34400000 37.25600000 37.05800000 36.93300000 36.94700000 36.95900000 36.97200000 37.04800000 37.03800000 37.01300000 37.43100000 37.41700000 37.41600000 37.42400000 37.42600000 37.39700000 37.40000000 37.44800000 37.31800000 37.25000000 37.25100000
34.59600000 34.88900000 34.92900000 35.30100000 36.09800000 36.14700000 36.48300000 36.14000000 36.58900000 37.09200000 37.33700000 37.37500000 37.41300000 37.26200000 36.95900000 36.96000000 36.97100000 37.38500000 37.29800000 37.32400000 37.31100000 37.32100000 37.34300000 37.39800000 37.41200000 37.42500000 37.33400000 37.26400000 37.32600000 37.22500000
37.59700000 37.59700000 37.59700000 35.05900000 35.59000000 35.76700000 36.07600000 35.98000000 35.76100000 36.29200000 36.90000000 37.23000000 37.22400000 37.29200000 37.32000000 37.28600000 37.17800000 37.01900000 37.31000000 37.35300000 37.26100000 37.35600000 37.34800000 37.26300000 37.27600000 37.33000000 37.34600000 37.27500000 37.35900000 37.21000000
37.59700000 37.59700000 37.59700000 37.59700000 35.18900000 35.32300000 35.52300000 35.53900000 35.66000000 35.72800000 36.52700000 37.01300000 37.10500000 36.71300000 36.69600000 36.93700000 36.90500000 36.44300000 37.29000000 37.33600000 37.21600000 37.26600000 37.23500000 37.21700000 37.26200000 37.34700000 37.32500000 37.31800000 37.39000000 37.21500000
37.59700000 37.59700000 37.59700000 37.59700000 37.59700000 37.59700000 35.28800000 35.37300000 35.46200000 35.53700000 36.01700000 36.32000000 36.50200000 36.36100000 36.15700000 36.27300000 36.77900000 36.34500000 37.22100000 37.36000000 37.25800000 37.17300000 37.19500000 37.18800000 37.25900000 37.35600000 37.45000000 37.35400000 37.30800000 37.26900000
37.59700000 37.59700000 37.59700000 37.59700000 37.59700000 37.59700000 37.59700000 37.59700000 37.59700000 37.59700000 37.59700000 37.59700000 35.66300000 35.84300000 36.10800000 36.17200000 36.63300000 36.15100000 37.04500000 37.27400000 37.34700000 37.36400000 37.24200000 37.21300000 37.28700000 37.36100000 37.41800000 37.49000000 37.36600000 37.31000000
37.59700000 37.59700000 37.59700000 37.59700000 37.59700000 37.59700000 37.59700000 37.59700000 37.59700000 37.59700000 37.59700000 37.59700000 37.59700000 37.59700000 37.59700000 35.96700000 36.30100000 36.03400000 36.52500000 37.03600000 37.31400000 37.34700000 37.37800000 37.39500000 37.32300000 37.34500000 37.37500000 37.46600000 37.51400000 37.52000000
37.59700000 37.59700000 37.59700000 37.59700000 37.59700000 37.59700000 37.59700000 37.59700000 37.59700000 37.59700000 37.59700000 37.59700000 37.59700000 37.59700000 37.59700000 37.59700000 36.00100000 35.99600000 36.63500000 36.93300000 36.86100000 37.34900000 37.42000000 37.40800000 37.36100000 37.31700000 37.35300000 37.39300000 37.42400000 37.55000000
37.59700000 37.59700000 37.59700000 37.59700000 37.59700000 37.59700000 37.59700000 37.59700000 37.59700000 37.59700000 37.59700000 37.59700000 37.59700000 37.59700000 37.59700000 37.59700000 37.59700000 37.59700000 35.94700000 36.75200000 37.08200000 37.14500000 37.41900000 37.41100000 37.38600000 37.30700000 37.34500000 37.37200000 37.32900000 37.40800000
37.59700000 37.59700000 37.59700000 37.59700000 37.59700000 37.59700000 37.59700000 37.59700000 37.59700000 37.59700000 37.59700000 37.59700000 37.59700000 37.59700000 37.59700000 37.59700000 37.59700000 37.59700000 37.59700000 36.67000000 36.90800000 37.19200000 37.42100000 37.42400000 37.30100000 37.33200000 37.34100000 37.36000000 37.36200000 37.31900000
37.59700000 37.59700000 37.59700000 37.59700000 37.59700000 37.59700000 37.59700000 37.59700000 37.59700000 37.59700000 37.59700000 37.59700000 37.59700000 37.59700000 37.59700000 37.59700000 37.59700000 37.59700000 37.59700000 36.78100000 36.58800000 37.29500000 37.41800000 37.41100000 37.29900000 37.39800000 37.40700000 37.35600000 37.36800000 37.32700000
37.59700000 37.59700000 37.59700000 37.59700000 37.59700000 37.59700000 37.59700000 37.59700000 37.59700000 37.59700000 37.59700000 37.59700000 37.59700000 37.59700000 37.59700000 37.59700000 37.59700000 37.59700000 37.59700000 36.91200000 36.74400000 37.32300000 37.38200000 37.34200000 37.37400000 37.37800000 37.38900000 37.42100000 37.39700000 37.34500000
37.59700000 37.59700000 37.59700000 37.59700000 37.59700000 37.59700000 37.59700000 37.59700000 37.59700000 37.59700000 37.59700000 37.59700000 37.59700000 37.59700000 37.59700000 37.59700000 37.59700000 37.59700000 37.59700000 36.50000000 36.55300000 37.14500000 37.32400000 37.30800000 37.38300000 37.37300000 37.37300000 37.38200000 37.39000000 37.38800000
37.59700000 37.59700000 37.59700000 37.59700000 37.59700000 37.59700000 37.59700000 37.59700000 37.59700000 37.59700000 37.59700000 37.59700000 37.59700000 37.59700000 37.59700000 37.59700000 37.59700000 37.59700000 37.59700000 37.59700000 36.71400000 36.80200000 37.32400000 37.37700000 37.33900000 37.36300000 37.33000000 37.31800000 37.33900000 37.35900000
37.59700000 37.59700000 37.59700000 37.59700000 37.59700000 37.59700000 37.59700000 37.59700000 37.59700000 37.59700000 37.59700000 37.59700000 37.59700000 37.59700000 37.59700000 37.59700000 37.59700000 37.59700000 37.59700000 37.59700000 37.59700000 36.59500000 37.19900000 37.30700000 37.33500000 37.32600000 37.32200000 37.30700000 37.29200000 37.30900000
37.59700000 37.59700000 37.59700000 37.59700000 37.59700000 37.59700000 37.59700000 37.59700000 37.59700000 37.59700000 37.59700000 37.59700000 37.59700000 37.59700000 37.59700000 37.59700000 37.59700000 37.59700000 37.59700000 37.59700000 37.59700000 36.41100000 37.00000000 37.23800000 37.28400000 37.30700000 37.29000000 37.27500000 37.27200000 37.26900000
37.59700000 37.59700000 37.59700000 37.59700000 37.59700000 37.59700000 37.59700000 37.59700000 37.59700000 37.59700000 37.59700000 37.59700000 37.59700000 37.59700000 37.59700000 37.59700000 37.59700000 37.59700000 37.59700000 37.59700000 37.59700000 37.59700000 36.57100000 37.10100000 37.15400000 37.19600000 37.19200000 37.20700000 37.22000000 37.29400000
37.59700000 37.59700000 37.59700000 37.59700000 37.59700000 37.59700000 37.59700000 37.59700000 37.59700000 37.59700000 37.59700000 37.59700000 37.59700000 37.59700000 37.59700000 37.59700000 37.59700000 37.59700000 37.59700000 37.59700000 37.59700000 37.59700000 37.59700000 36.76400000 37.15600000 37.16600000 37.22500000 37.19900000 37.26500000 37.29500000
37.00200000 36.92800000 37.01400000 36.95200000 36.98400000 37.07700000 37.19100000 37.27600000 37.26300000 37.22700000 37.15500000 37.05100000 36.90700000 36.64400000 36.49000000 36.83200000 36.92000000 37.01600000 36.98400000 37.04900000 37.04600000 37.02700000 36.90800000 36.73100000 36.50900000 36.25700000 36.40200000 36.50500000 36.39400000 36.38800000
36.99100000 36.93600000 36.93800000 36.94200000 36.96600000 37.19600000 37.23400000 37.22700000 37.19300000 37.14600000 37.05300000 36.93900000 36.66000000 36.53300000 36.78300000 36.89500000 37.02700000 37.00400000 37.02300000 37.07100000 37.04700000 36.95000000 36.82400000 36.67400000 36.32400000 36.57800000 36.58300000 36.54800000 36.76900000 36.88600000
36.91100000 37.03100000 36.91000000 36.92600000 36.88400000 37.15200000 37.16500000 37.13800000 37.06800000 36.97500000 36.73400000 36.43700000 36.52600000 36.79600000 36.80000000 36.94800000 37.08500000 36.97800000 37.00900000 37.01900000 36.96300000 36.88800000 36.71000000 36.63500000 36.97100000 37.05600000 37.03400000 37.04900000 36.93700000 36.86300000
36.60500000 37.04200000 36.89400000 36.91900000 36.97200000 36.82100000 36.97900000 36.71700000 36.47800000 36.64100000 36.81300000 36.89100000 36.89000000 36.86800000 36.85200000 36.97400000 37.07400000 36.92800000 36.95300000 36.92800000 36.81700000 36.71600000 37.12000000 37.22200000 37.21700000 37.04500000 37.04000000 37.00400000 36.99600000 36.95900000
36.52700000 36.44900000 36.99300000 36.84500000 36.92200000 36.95300000 36.74900000 36.66600000 36.77500000 36.94100000 36.88700000 36.88700000 36.90900000 36.91600000 36.93700000 36.98500000 37.04900000 36.86800000 36.80200000 36.75500000 37.12900000 37.21900000 37.20600000 37.20700000 37.22300000 37.24400000 37.11200000 36.95100000 36.82200000 36.78100000
36.38000000 35.91700000 36.92300000 36.94100000 36.82100000 36.86600000 36.93900000 36.93100000 36.93200000 36.92800000 36.87200000 36.85500000 36.93500000 37.01200000 37.03300000 36.99200000 37.09700000 36.96300000 36.97900000 37.16400000 37.19700000 37.16800000 37.08900000 37.06400000 37.14100000 37.22000000 37.26300000 37.25500000 36.83000000 36.56400000
36.09300000 35.72900000 36.87200000 37.01100000 37.05300000 36.93100000 36.84400000 36.81800000 36.80700000 36.83400000 36.93700000 37.00200000 36.99200000 37.01200000 37.03800000 36.99900000 37.18900000 37.14800000 37.11900000 37.17000000 37.15400000 37.04300000 36.95600000 36.94600000 37.08700000 37.19000000 37.26600000 37.27900000 37.26200000 36.79600000
35.91600000 35.91200000 36.70800000 36.67200000 36.89200000 37.13800000 37.11900000 36.90100000 36.91400000 36.94100000 37.01500000 36.98300000 36.99000000 37.04500000 37.06600000 37.03500000 37.21600000 37.19600000 37.14100000 37.13000000 37.14600000 37.08100000 37.03400000 37.08800000 37.16800000 37.23900000 37.35700000 37.34600000 37.25600000 37.23600000
35.78400000 35.92600000 36.44000000 36.73800000 36.64500000 36.72300000 36.92300000 37.26500000 36.97000000 36.88800000 36.91800000 36.94000000 36.95500000 36.95000000 36.95000000 37.02200000 37.19000000 37.24500000 37.25600000 37.24600000 37.19700000 37.17000000 37.20100000 37.21700000 37.34700000 37.46300000 37.45500000 37.37800000 37.27300000 37.25900000
35.69200000 35.82000000 36.29300000 36.34300000 36.41500000 36.57700000 36.52000000 36.76400000 37.30700000 37.34400000 37.25700000 37.05900000 36.93400000 36.94700000 36.95900000 36.97100000 37.04700000 37.03800000 37.01200000 37.43000000 37.41600000 37.41500000 37.42300000 37.42500000 37.39500000 37.39900000 37.44700000 37.31700000 37.24900000 37.25000000
35.41800000 37.59700000 35.51100000 35.60100000 36.18600000 36.21700000 36.48700000 36.28900000 36.58800000 37.09000000 37.33600000 37.37400000 37.41200000 37.26200000 36.95900000 36.95900000 36.97100000 37.38400000 37.29700000 37.32300000 37.31000000 37.32000000 37.34200000 37.39700000 37.41100000 37.42400000 37.33300000 37.26300000 37.32500000 37.22400000
37.59700000 37.59700000 37.59700000 37.59700000 35.75000000 35.98600000 36.49200000 36.40400000 36.15800000 36.30100000 36.89800000 37.22900000 37.22200000 37.29000000 37.31900000 37.28500000 37.17600000 37.01800000 37.30900000 37.35300000 37.26000000 37.35500000 37.34700000 37.26200000 37.27500000 37.32800000 37.34500000 37.27400000 37.35800000 37.20900000
37.59700000 37.59700000 37.59700000 37.59700000 37.59700000 35.60300000 35.87500000 35.98200000 36.21400000 35.78900000 36.52700000 37.01100000 37.10400000 36.71300000 36.69400000 36.93600000 36.90300000 36.44300000 37.28800000 37.33500000 37.21500000 37.26500000 37.23400000 37.21600000 37.26000000 37.34500000 37.32400000 37.31700000 37.38900000 37.21400000
37.59700000 37.59700000 37.59700000 37.59700000 37.59700000 37.59700000 37.59700000 35.49300000 35.66500000 35.74500000 36.12500000 36.45100000 36.50300000 36.37300000 36.15200000 36.26300000 36.77700000 36.34700000 37.22000000 37.35900000 37.25700000 37.17200000 37.19400000 37.18700000 37.25800000 37.35500000 37.44900000 37.35300000 37.30700000 37.26800000
37.59700000 37.59700000 37.59700000 37.59700000 37.59700000 37.59700000 37.59700000 37.59700000 37.59700000 37.59700000 37.59700000 37.59700000 37.59700000 37.59700000 37.59700000 36.19100000 36.62300000 36.18900000 37.04300000 37.27200000 37.34600000 37.36300000 37.24200000 37.21200000 37.28600000 37.36000000 37.41700000 37.48900000 37.36600000 37.30800000
37.59700000 37.59700000 37.59700000 37.59700000 37.59700000 37.59700000 37.59700000 37.59700000 37.59700000 37.59700000 37.59700000 37.59700000 37.59700000 37.59700000 37.59700000 37.59700000 36.36600000 36.30400000 36.52300000 37.03500000 37.31300000 37.34600000 37.37700000 37.39400000 37.32200000 37.34400000 37.37400000 37.46500000 37.51300000 37.51800000
37.59700000 37.59700000 37.59700000 37.59700000 37.59700000 37.59700000 37.59700000 37.59700000 37.59700000 37.59700000 37.59700000 37.59700000 37.59700000 37.59700000 37.59700000 37.59700000 37.59700000 36.40000000 36.63500000 36.93000000 36.86400000 37.34700000 37.41900000 37.40700000 37.36000000 37.31500000 37.35200000 37.39200000 37.42200000 37.54900000
37.59700000 37.59700000 37.59700000 37.59700000 37.59700000 37.59700000 37.59700000 37.59700000 37.59700000 37.59700000 37.59700000 37.59700000 37.59700000 37.59700000 37.59700000 37.59700000 37.59700000 37.59700000 37.59700000 36.69000000 37.07300000 37.13200000 37.41800000 37.41000000 37.38500000 37.30600000 37.34400000 37.37100000 37.32800000 37.41000000
37.59700000 37.59700000 37.59700000 37.59700000 37.59700000 37.59700000 37.59700000 37.59700000 37.59700000 37.59700000 37.59700000 37.59700000 37.59700000 37.59700000 37.59700000 37.59700000 37.59700000 37.59700000 37.59700000 37.59700000 36.86000000 37.18900000 37.42000000 37.42300000 37.30100000 37.33000000 37.34000000 37.35800000 37.36000000 37.31800000
37.59700000 37.59700000 37.59700000 37.59700000 37.59700000 37.59700000 37.59700000 37.59700000 37.59700000 37.59700000 37.59700000 37.59700000 37.59700000 37.59700000 37.59700000 37.59700000 37.59700000 37.59700000 37.59700000 37.59700000 36.54700000 37.29300000 37.41700000 37.40900000 37.29800000 37.39700000 37.40600000 37.35500000 37.36700000 37.32700000
37.59700000 37.59700000 37.59700000 37.59700000 37.59700000 37.59700000 37.59700000 37.59700000 37.59700000 37.59700000 37.59700000 37.59700000 37.59700000 37.59700000 37.59700000 37.59700000 37.59700000 37.59700000 37.59700000 37.59700000 36.45300000 37.32000000 37.38100000 37.34200000 37.37300000 37.37700000 37.38900000 37.42000000 37.39600000 37.34500000
37.59700000 37.59700000 37.59700000 37.59700000 37.59700000 37.59700000 37.59700000 37.59700000 37.59700000 37.59700000 37.59700000 37.59700000 37.59700000 37.59700000 37.59700000 37.59700000 37.59700000 37.59700000 37.59700000 37.59700000 36.49600000 37.14200000 37.32300000 37.30700000 37.38200000 37.37200000 37.37300000 37.38100000 37.39000000 37.38800000
37.59700000 37.59700000 37.59700000 37.59700000 37.59700000 37.59700000 37.59700000 37.59700000 37.59700000 37.59700000 37.59700000 37.59700000 37.59700000 37.59700000 37.59700000 37.59700000 37.59700000 37.59700000 37.59700000 37.59700000 37.59700000 36.75500000 37.32400000 37.37700000 37.34000000 37.36500000 37.33300000 37.31900000 37.34000000 37.35900000
37.59700000 37.59700000 37.59700000 37.59700000 37.59700000 37.59700000 37.59700000 37.59700000 37.59700000 37.59700000 37.59700000 37.59700000 37.59700000 37.59700000 37.59700000 37.59700000 37.59700000 37.59700000 37.59700000 37.59700000 37.59700000 36.61200000 37.20000000 37.30900000 37.33800000 37.32800000 37.32400000 37.30800000 37.29300000 37.31000000
37.59700000 37.59700000 37.59700000 37.59700000 37.59700000 37.59700000 37.59700000 37.59700000 37.59700000 37.59700000 37.59700000 37.59700000 37.59700000 37.59700000 37.59700000 37.59700000 37.59700000 37.59700000 37.59700000 37.59700000 37.59700000 37.59700000 37.00900000 37.24400000 37.28600000 37.30900000 37.29200000 37.27600000 37.27300000 37.27000000
37.59700000 37.59700000 37.59700000 37.59700000 37.59700000 37.59700000 37.59700000 37.59700000 37.59700000 37.59700000 37.59700000 37.59700000 37.59700000 37.59700000 37.59700000 37.59700000 37.59700000 37.59700000 37.59700000 37.59700000 37.59700000 37.59700000 36.62000000 37.11100000 37.15500000 37.19900000 37.20200000 37.21500000 37.22800000 37.29600000
37.59700000 37.59700000 37.59700000 37.59700000 37.59700000 37.59700000 37.59700000 37.59700000 37.59700000 37.59700000 37.59700000 37.59700000 37.59700000 37.59700000 37.59700000 37.59700000 37.59700000 37.59700000 37.59700000 37.59700000 37.59700000 37.59700000 37.59700000 36.85200000 37.16700000 37.18000000 37.24300000 37.22500000 37.26900000 37.28900000
