 25.58600000  25.30800000  25.59900000  25.54400000  25.03900000  25.08100000  25.50600000  25.53700000  25.54700000  25.44900000  25.36000000  25.31300000  25.20300000  24.39200000  24.23200000  25.37100000  25.64500000  25.71900000  25.41100000  25.36100000  25.36700000  25.34800000  25.17400000  24.90600000  24.24600000  23.85600000  24.21000000  24.56800000  24.51200000  24.67500000
 25.33100000  25.05400000  25.44400000  25.12700000  24.72000000  25.38200000  25.48600000  25.42900000  25.39100000  25.34700000  25.21600000  25.09900000  24.27500000  24.14300000  24.76500000  25.22900000  25.66600000  25.32300000  25.35400000  25.33500000  25.32200000  25.17400000  24.98600000  24.53400000  23.67100000  24.28200000  24.46100000  24.49300000  24.93500000  25.03600000
 25.24300000  25.39900000  25.43500000  25.23700000  24.57100000  25.28600000  25.35500000  25.28800000  25.17600000  25.00800000  24.41400000  23.89600000  24.14400000  24.65900000  24.72100000  25.48900000  25.57400000  25.29000000  25.32100000  25.24200000  25.16800000  25.10100000  24.57300000  24.38200000  25.30900000  25.56600000  25.47400000  25.39700000  25.05500000  24.99500000
 24.62500000  25.30700000  25.38500000  25.52000000  24.92500000  24.50800000  24.89300000  24.35300000  24.02100000  24.25300000  24.56700000  24.80600000  24.87900000  24.86300000  24.95300000  25.61200000  25.56400000  25.20100000  25.22600000  25.05000000  24.79700000  24.72300000  25.65900000  25.86800000  25.88800000  25.53400000  25.42100000  25.28100000  25.25600000  25.32300000
 24.33000000  24.47400000  25.26400000  25.40600000  25.52300000  25.02600000  24.33400000  24.23400000  24.40700000  24.87500000  24.92700000  25.13500000  25.35400000  25.43300000  25.54000000  25.66600000  25.54800000  25.07200000  24.96300000  24.83900000  25.68700000  25.80900000  25.63500000  25.66400000  25.72000000  25.79400000  25.65900000  25.32500000  25.18400000  25.24500000
 24.05100000  23.96700000  24.90200000  25.40800000  25.42400000  25.49300000  25.59300000  25.45800000  25.47500000  25.58800000  25.55000000  25.56100000  25.72300000  25.83500000  25.89300000  25.71600000  25.60800000  25.20000000  25.23600000  25.73900000  25.62700000  25.53000000  25.35000000  25.24700000  25.45000000  25.77600000  25.95800000  25.96800000  25.23400000  25.08000000
 23.93600000  23.70200000  24.74900000  25.14200000  25.51100000  25.55200000  25.50900000  25.48400000  25.46000000  25.50200000  25.66900000  25.73800000  25.71400000  25.79900000  25.87600000  25.73200000  25.73600000  25.62700000  25.54800000  25.64200000  25.48600000  25.26300000  24.94500000  24.93800000  25.29800000  25.70700000  26.15100000  26.06700000  26.02400000  25.26700000
 23.84700000  23.56900000  24.42900000  24.44600000  24.90300000  25.62000000  25.83400000  25.61200000  25.66000000  25.72500000  25.84500000  25.80900000  25.78200000  25.86500000  25.91900000  25.73800000  25.80100000  25.77400000  25.63800000  25.54500000  25.47000000  25.32200000  25.21600000  25.32500000  25.59500000  26.13300000  26.57300000  26.39500000  25.88900000  26.06200000
 23.49800000  23.85400000  24.15600000  24.49800000  24.35100000  24.62200000  25.04000000  26.06700000  25.77000000  25.63500000  25.72000000  25.75500000  25.79500000  25.77100000  25.75900000  25.75100000  25.84400000  25.94300000  25.97100000  25.97400000  25.84000000  25.74500000  25.84600000  26.08400000  26.63300000  26.90700000  26.72700000  26.48700000  25.92800000  26.15700000
 23.18300000  23.01800000  23.67700000  24.10400000  24.07400000  24.21000000  24.18800000  24.66900000  26.14900000  26.35300000  26.25300000  25.94500000  25.67700000  25.65000000  25.71500000  25.76500000  25.73000000  25.79500000  25.87300000  26.82400000  26.69400000  26.64000000  26.67800000  26.67700000  26.44700000  26.42000000  26.63900000  26.20700000  25.98500000  26.17500000
 24.30200000  23.45100000  23.47100000  23.28300000  23.66600000  23.57800000  24.00000000  24.04400000  24.39100000  25.31700000  26.31800000  26.52700000  26.68700000  26.35500000  25.69100000  25.61300000  25.70400000  26.56400000  26.41200000  26.48100000  26.19300000  26.21200000  26.28400000  26.44200000  26.51400000  26.58100000  26.30300000  25.96100000  26.32200000  26.24700000
 27.83300000  27.83300000  27.83300000  23.98100000  23.61900000  23.28000000  23.47500000  23.48700000  23.55900000  24.08100000  24.69200000  25.85200000  25.81700000  26.08700000  26.23800000  26.16500000  25.93700000  25.42900000  26.47600000  26.71100000  26.07600000  26.36100000  26.39100000  26.18100000  26.27900000  26.38800000  26.43700000  26.18100000  26.44100000  26.34800000
 27.83300000  27.83300000  27.83300000  27.83300000  23.67500000  23.55100000  23.29600000  23.33200000  23.29000000  23.43000000  24.20500000  24.96200000  25.30600000  24.46500000  24.47500000  24.90200000  24.92900000  24.79200000  26.38700000  26.64300000  25.93800000  26.18400000  26.13000000  26.41700000  26.49200000  26.72300000  26.45400000  26.32400000  26.53300000  26.37800000
 27.83300000  27.83300000  27.83300000  27.83300000  27.83300000  27.83300000  24.42000000  23.93500000  23.27900000  23.31800000  23.50200000  23.69700000  24.07800000  23.75300000  23.16100000  23.65000000  24.45600000  24.76200000  26.19000000  26.80600000  26.28200000  26.02400000  26.20000000  26.22100000  26.32500000  26.78600000  26.95600000  26.56200000  26.29300000  26.32900000
 27.83300000  27.83300000  27.83300000  27.83300000  27.83300000  27.83300000  27.83300000  27.83300000  27.83300000  27.83300000  27.83300000  27.83300000  23.31100000  23.15000000  23.07500000  23.40200000  24.12900000  24.68100000  25.61700000  26.49800000  26.84800000  26.84700000  26.34700000  26.25600000  26.36400000  26.89800000  26.96500000  27.04800000  26.59800000  26.34400000
 27.83300000  27.83300000  27.83300000  27.83300000  27.83300000  27.83300000  27.83300000  27.83300000  27.83300000  27.83300000  27.83300000  27.83300000  27.83300000  27.83300000  27.83300000  23.48500000  23.91800000  24.75300000  25.09000000  25.44300000  26.75900000  26.83500000  26.84900000  26.93300000  26.47800000  26.98000000  27.00100000  26.99600000  27.07100000  27.07100000
 27.83300000  27.83300000  27.83300000  27.83300000  27.83300000  27.83300000  27.83300000  27.83300000  27.83300000  27.83300000  27.83300000  27.83300000  27.83300000  27.83300000  27.83300000  27.83300000  23.87200000  24.25100000  25.25900000  25.40100000  24.69200000  26.91600000  26.88200000  26.99000000  26.61900000  27.04400000  27.11500000  26.95900000  27.00100000  27.15800000
 27.83300000  27.83300000  27.83300000  27.83300000  27.83300000  27.83300000  27.83300000  27.83300000  27.83300000  27.83300000  27.83300000  27.83300000  27.83300000  27.83300000  27.83300000  27.83300000  27.83300000  27.83300000  23.86100000  25.36600000  25.69300000  26.53600000  26.85900000  26.98700000  26.73000000  27.11300000  27.22900000  27.15200000  27.05000000  27.04600000
 27.83300000  27.83300000  27.83300000  27.83300000  27.83300000  27.83300000  27.83300000  27.83300000  27.83300000  27.83300000  27.83300000  27.83300000  27.83300000  27.83300000  27.83300000  27.83300000  27.83300000  27.83300000  27.83300000  25.62800000  24.72400000  26.63500000  26.83400000  26.88300000  26.92500000  27.14500000  27.16000000  27.18000000  27.14400000  27.12400000
 27.83300000  27.83300000  27.83300000  27.83300000  27.83300000  27.83300000  27.83300000  27.83300000  27.83300000  27.83300000  27.83300000  27.83300000  27.83300000  27.83300000  27.83300000  27.83300000  27.83300000  27.83300000  27.83300000  25.84000000  23.13800000  26.90100000  26.80600000  26.76400000  27.06100000  27.26600000  27.31100000  27.13800000  27.19100000  27.20200000
 27.83300000  27.83300000  27.83300000  27.83300000  27.83300000  27.83300000  27.83300000  27.83300000  27.83300000  27.83300000  27.83300000  27.83300000  27.83300000  27.83300000  27.83300000  27.83300000  27.83300000  27.83300000  27.83300000  25.90300000  25.09400000  26.97200000  26.83500000  26.89600000  27.23800000  27.20600000  27.06500000  27.29900000  27.23500000  27.21400000
 27.83300000  27.83300000  27.83300000  27.83300000  27.83300000  27.83300000  27.83300000  27.83300000  27.83300000  27.83300000  27.83300000  27.83300000  27.83300000  27.83300000  27.83300000  27.83300000  27.83300000  27.83300000  27.83300000  25.47500000  23.01100000  26.61700000  27.03700000  27.05200000  27.26800000  27.06100000  27.16400000  27.24000000  27.27900000  27.31400000
 27.83300000  27.83300000  27.83300000  27.83300000  27.83300000  27.83300000  27.83300000  27.83300000  27.83300000  27.83300000  27.83300000  27.83300000  27.83300000  27.83300000  27.83300000  27.83300000  27.83300000  27.83300000  27.83300000  27.83300000  25.67700000  26.23600000  27.06500000  27.24100000  27.09300000  27.06700000  27.19800000  27.20800000  27.35500000  27.36000000
 27.83300000  27.83300000  27.83300000  27.83300000  27.83300000  27.83300000  27.83300000  27.83300000  27.83300000  27.83300000  27.83300000  27.83300000  27.83300000  27.83300000  27.83300000  27.83300000  27.83300000  27.83300000  27.83300000  27.83300000  27.83300000  24.80200000  26.74600000  27.07200000  27.08200000  27.08100000  27.18100000  27.03900000  27.08100000  27.33900000
 27.83300000  27.83300000  27.83300000  27.83300000  27.83300000  27.83300000  27.83300000  27.83300000  27.83300000  27.83300000  27.83300000  27.83300000  27.83300000  27.83300000  27.83300000  27.83300000  27.83300000  27.83300000  27.83300000  27.83300000  27.83300000  25.96500000  26.50600000  26.91300000  26.99900000  27.00300000  26.93900000  26.90200000  26.88700000  27.02800000
 27.83300000  27.83300000  27.83300000  27.83300000  27.83300000  27.83300000  27.83300000  27.83300000  27.83300000  27.83300000  27.83300000  27.83300000  27.83300000  27.83300000  27.83300000  27.83300000  27.83300000  27.83300000  27.83300000  27.83300000  27.83300000  27.83300000  26.45700000  26.74900000  26.69500000  26.75700000  26.75800000  26.85800000  26.92700000  27.28200000
 27.83300000  27.83300000  27.83300000  27.83300000  27.83300000  27.83300000  27.83300000  27.83300000  27.83300000  27.83300000  27.83300000  27.83300000  27.83300000  27.83300000  27.83300000  27.83300000  27.83300000  27.83300000  27.83300000  27.83300000  27.83300000  27.83300000  27.83300000  26.52900000  26.89500000  26.85400000  27.19000000  26.96900000  27.19300000  27.45000000
 25.62300000  25.37900000  25.63200000  25.59100000  25.09100000  25.10100000  25.51500000  25.55600000  25.57200000  25.47400000  25.38500000  25.32900000  25.26700000  24.39900000  24.24500000  25.38100000  25.66800000  25.74100000  25.43700000  25.38100000  25.38700000  25.37000000  25.18300000  24.91500000  24.26500000  23.86000000  24.22200000  24.56500000  24.52900000  24.68800000
 25.35000000  25.06700000  25.46300000  25.14800000  24.73800000  25.40400000  25.50900000  25.45100000  25.41400000  25.36900000  25.23600000  25.11900000  24.28600000  24.16300000  24.78400000  25.25200000  25.68800000  25.34600000  25.37600000  25.35800000  25.34300000  25.19500000  24.99700000  24.55200000  23.68700000  24.30000000  24.48100000  24.51100000  24.95400000  25.05300000
 25.24900000  25.41800000  25.45500000  25.26000000  24.58900000  25.30600000  25.37600000  25.31200000  25.19900000  25.02600000  24.43500000  23.91200000  24.16100000  24.67800000  24.74000000  25.51000000  25.59600000  25.31200000  25.34300000  25.26400000  25.18700000  25.12100000  24.58300000  24.40300000  25.33500000  25.58800000  25.49400000  25.41800000  25.07400000  25.01400000
 24.66300000  25.33000000  25.40500000  25.54300000  24.95000000  24.52700000  24.91500000  24.37300000  24.04100000  24.26600000  24.58600000  24.82500000  24.89900000  24.88300000  24.97100000  25.63300000  25.58700000  25.22200000  25.24700000  25.07100000  24.81700000  24.74300000  25.67800000  25.88900000  25.91100000  25.55400000  25.44300000  25.30100000  25.27600000  25.34400000
 24.38900000  24.57800000  25.28000000  25.42400000  25.54700000  25.03700000  24.35200000  24.25100000  24.42700000  24.89600000  24.94700000  25.15700000  25.37800000  25.45700000  25.56300000  25.68900000  25.57200000  25.09200000  24.98200000  24.85900000  25.70900000  25.82900000  25.65800000  25.68800000  25.74400000  25.81300000  25.68300000  25.34500000  25.20500000  25.26600000
 24.05500000  24.04600000  24.92700000  25.43000000  25.44800000  25.51600000  25.62000000  25.48500000  25.49900000  25.61300000  25.57500000  25.58300000  25.74400000  25.85800000  25.91600000  25.74000000  25.62800000  25.21900000  25.24900000  25.75800000  25.64800000  25.54800000  25.36800000  25.26500000  25.46900000  25.79700000  25.98100000  25.98700000  25.25400000  25.09600000
 23.98000000  24.08200000  24.77100000  25.16300000  25.53300000  25.56800000  25.53100000  25.50700000  25.48100000  25.52500000  25.69200000  25.76100000  25.73700000  25.82300000  25.89800000  25.75500000  25.75700000  25.64900000  25.56900000  25.66000000  25.50800000  25.28400000  24.96500000  24.95500000  25.31600000  25.72700000  26.17300000  26.09100000  26.04300000  25.29800000
 23.50600000  23.44300000  25.02900000  24.47300000  24.92600000  25.63200000  25.85200000  25.63200000  25.68100000  25.74700000  25.86900000  25.83400000  25.80600000  25.88900000  25.94100000  25.76000000  25.82100000  25.79600000  25.65600000  25.56400000  25.48900000  25.34200000  25.23600000  25.34400000  25.61400000  26.15400000  26.59500000  26.41700000  25.90700000  26.08000000
 21.48800000  21.95700000  24.50000000  24.52100000  24.37800000  24.64500000  25.06400000  26.08200000  25.78900000  25.65700000  25.74200000  25.77600000  25.80800000  25.79400000  25.78300000  25.77500000  25.86600000  25.96400000  25.99100000  25.99400000  25.86100000  25.76600000  25.87000000  26.10600000  26.65400000  26.92700000  26.74700000  26.50700000  25.94700000  26.17600000
 20.19700000  20.68200000  23.39300000  24.13800000  24.09400000  24.23600000  24.20300000  24.68900000  26.16900000  26.37300000  26.27700000  25.96500000  25.69900000  25.67100000  25.73500000  25.78500000  25.74900000  25.81500000  25.89200000  26.84400000  26.70900000  26.65700000  26.69700000  26.69500000  26.46500000  26.43800000  26.65900000  26.22500000  26.00300000  26.19400000
 22.26000000  27.83300000  21.80900000  21.78600000  23.51200000  23.39100000  24.03100000  24.27700000  24.43000000  25.33300000  26.34000000  26.53900000  26.70400000  26.37200000  25.71800000  25.63700000  25.72500000  26.57900000  26.43400000  26.50600000  26.21000000  26.23000000  26.30200000  26.46200000  26.53500000  26.60000000  26.32200000  25.98000000  26.34200000  26.26400000
 27.83300000  27.83300000  27.83300000  27.83300000  22.04300000  20.67400000  22.30100000  23.35100000  23.44600000  24.13300000  24.70500000  25.87500000  25.83800000  26.10500000  26.25600000  26.18500000  25.95100000  25.44500000  26.49400000  26.73200000  26.09400000  26.37900000  26.40900000  26.20000000  26.30000000  26.40500000  26.45800000  26.20200000  26.46200000  26.36600000
 27.83300000  27.83300000  27.83300000  27.83300000  27.83300000  21.83400000  20.77500000  20.13500000  21.34400000  22.21100000  24.22500000  24.97900000  25.33300000  24.48500000  24.49600000  24.91800000  24.94900000  24.81200000  26.40200000  26.66300000  25.95500000  26.20100000  26.14700000  26.43600000  26.51100000  26.74500000  26.47800000  26.34200000  26.55300000  26.39500000
 27.83300000  27.83300000  27.83300000  27.83300000  27.83300000  27.83300000  27.83300000  23.30900000  21.22500000  21.39900000  22.07300000  23.61500000  24.06400000  23.78400000  23.05100000  23.65000000  24.47600000  24.77800000  26.20400000  26.82400000  26.30400000  26.04200000  26.21900000  26.24100000  26.34500000  26.80700000  26.97800000  26.58500000  26.31200000  26.35200000
 27.83300000  27.83300000  27.83300000  27.83300000  27.83300000  27.83300000  27.83300000  27.83300000  27.83300000  27.83300000  27.83300000  27.83300000  27.83300000  27.83300000  27.83300000  21.36400000  24.05700000  24.57000000  25.64000000  26.51100000  26.86600000  26.86700000  26.37100000  26.27700000  26.38400000  26.91800000  26.98500000  27.06800000  26.62100000  26.36300000
 27.83300000  27.83300000  27.83300000  27.83300000  27.83300000  27.83300000  27.83300000  27.83300000  27.83300000  27.83300000  27.83300000  27.83300000  27.83300000  27.83300000  27.83300000  27.83300000  22.98200000  23.56800000  25.11600000  25.46400000  26.77100000  26.85400000  26.86800000  26.95400000  26.49700000  27.00000000  27.02100000  27.01500000  27.09100000  27.09400000
 27.83300000  27.83300000  27.83300000  27.83300000  27.83300000  27.83300000  27.83300000  27.83300000  27.83300000  27.83300000  27.83300000  27.83300000  27.83300000  27.83300000  27.83300000  27.83300000  27.83300000  21.78300000  24.39000000  25.42300000  24.65000000  26.93500000  26.90000000  27.01000000  26.63800000  27.06400000  27.13500000  26.97900000  27.02100000  27.17600000
 27.83300000  27.83300000  27.83300000  27.83300000  27.83300000  27.83300000  27.83300000  27.83300000  27.83300000  27.83300000  27.83300000  27.83300000  27.83300000  27.83300000  27.83300000  27.83300000  27.83300000  27.83300000  27.83300000  25.15000000  25.68800000  26.52900000  26.87600000  27.00700000  26.74400000  27.13200000  27.24900000  27.17300000  27.07000000  27.07600000
 27.83300000  27.83300000  27.83300000  27.83300000  27.83300000  27.83300000  27.83300000  27.83300000  27.83300000  27.83300000  27.83300000  27.83300000  27.83300000  27.83300000  27.83300000  27.83300000  27.83300000  27.83300000  27.83300000  27.83300000  24.50800000  26.65600000  26.85300000  26.90100000  26.94100000  27.16300000  27.17900000  27.19900000  27.16400000  27.13900000
 27.83300000  27.83300000  27.83300000  27.83300000  27.83300000  27.83300000  27.83300000  27.83300000  27.83300000  27.83300000  27.83300000  27.83300000  27.83300000  27.83300000  27.83300000  27.83300000  27.83300000  27.83300000  27.83300000  27.83300000  22.81300000  26.92000000  26.82500000  26.78100000  27.08000000  27.28500000  27.33000000  27.15300000  27.20900000  27.21900000
 27.83300000  27.83300000  27.83300000  27.83300000  27.83300000  27.83300000  27.83300000  27.83300000  27.83300000  27.83300000  27.83300000  27.83300000  27.83300000  27.83300000  27.83300000  27.83300000  27.83300000  27.83300000  27.83300000  27.83300000  22.44200000  26.98600000  26.85400000  26.91500000  27.25400000  27.22300000  27.08200000  27.31900000  27.25200000  27.23300000
 27.83300000  27.83300000  27.83300000  27.83300000  27.83300000  27.83300000  27.83300000  27.83300000  27.83300000  27.83300000  27.83300000  27.83300000  27.83300000  27.83300000  27.83300000  27.83300000  27.83300000  27.83300000  27.83300000  27.83300000  22.44400000  26.62900000  27.05200000  27.07000000  27.28400000  27.07800000  27.18100000  27.25800000  27.29700000  27.33300000
 27.83300000  27.83300000  27.83300000  27.83300000  27.83300000  27.83300000  27.83300000  27.83300000  27.83300000  27.83300000  27.83300000  27.83300000  27.83300000  27.83300000  27.83300000  27.83300000  27.83300000  27.83300000  27.83300000  27.83300000  27.83300000  25.74200000  27.08500000  27.25900000  27.11100000  27.08600000  27.21700000  27.22400000  27.37100000  27.38100000
 27.83300000  27.83300000  27.83300000  27.83300000  27.83300000  27.83300000  27.83300000  27.83300000  27.83300000  27.83300000  27.83300000  27.83300000  27.83300000  27.83300000  27.83300000  27.83300000  27.83300000  27.83300000  27.83300000  27.83300000  27.83300000  23.39400000  26.76500000  27.09200000  27.10200000  27.09900000  27.19900000  27.05600000  27.10000000  27.36300000
 27.83300000  27.83300000  27.83300000  27.83300000  27.83300000  27.83300000  27.83300000  27.83300000  27.83300000  27.83300000  27.83300000  27.83300000  27.83300000  27.83300000  27.83300000  27.83300000  27.83300000  27.83300000  27.83300000  27.83300000  27.83300000  27.83300000  26.52300000  26.93400000  27.01600000  27.02300000  26.95900000  26.91800000  26.90200000  27.04100000
 27.83300000  27.83300000  27.83300000  27.83300000  27.83300000  27.83300000  27.83300000  27.83300000  27.83300000  27.83300000  27.83300000  27.83300000  27.83300000  27.83300000  27.83300000  27.83300000  27.83300000  27.83300000  27.83300000  27.83300000  27.83300000  27.83300000  25.49700000  26.77700000  26.70900000  26.77200000  26.77800000  26.87500000  26.88400000  27.30600000
 27.83300000  27.83300000  27.83300000  27.83300000  27.83300000  27.83300000  27.83300000  27.83300000  27.83300000  27.83300000  27.83300000  27.83300000  27.83300000  27.83300000  27.83300000  27.83300000  27.83300000  27.83300000  27.83300000  27.83300000  27.83300000  27.83300000  27.83300000  26.55200000  26.92900000  26.88500000  27.21900000  26.95000000  27.21000000  27.43200000
