37.00500000 36.92900000 37.01400000 36.95200000 36.97800000 37.08000000 37.19300000 37.27700000 37.26300000 37.22500000 37.15300000 37.04800000 36.90500000 36.64700000 36.48900000 36.83300000 36.92200000 37.01600000 36.98600000 37.05100000 37.04600000 37.02600000 36.90800000 36.73300000 36.50600000 36.26200000 36.40300000 36.50300000 36.39400000 36.38500000
36.99200000 36.94800000 36.93800000 36.94500000 36.97500000 37.19800000 37.23500000 37.22700000 37.19300000 37.14600000 37.05200000 36.93800000 36.66000000 36.53700000 36.78500000 36.89900000 37.03400000 37.00300000 37.02700000 37.07200000 37.04600000 36.94700000 36.82300000 36.67100000 36.32600000 36.58200000 36.58500000 36.55400000 36.77600000 36.88900000
36.90600000 37.03100000 36.91000000 36.92700000 36.88900000 37.15300000 37.16500000 37.13600000 37.06500000 36.97700000 36.73500000 36.43800000 36.52800000 36.80000000 36.80200000 36.95200000 37.08500000 36.97600000 37.01400000 37.01900000 36.96100000 36.88700000 36.70600000 36.63900000 36.98300000 37.05600000 37.03600000 37.04900000 36.93800000 36.86500000
36.60600000 37.04300000 36.88900000 36.91900000 36.97100000 36.82600000 36.98300000 36.71600000 36.47800000 36.64200000 36.81400000 36.89200000 36.89100000 36.86900000 36.85500000 36.97800000 37.07300000 36.92600000 36.95500000 36.92700000 36.81400000 36.71800000 37.12500000 37.22500000 37.21700000 37.04300000 37.04200000 37.00500000 36.99700000 36.95800000
36.52600000 36.39800000 36.99200000 36.84400000 36.92200000 36.95500000 36.74600000 36.66500000 36.77400000 36.94200000 36.88800000 36.88800000 36.90900000 36.91700000 36.93800000 36.98800000 37.04700000 36.86100000 36.80500000 36.75800000 37.13500000 37.22100000 37.20700000 37.21000000 37.22500000 37.24600000 37.10600000 36.95100000 36.82000000 36.77900000
36.37300000 35.86100000 36.92200000 36.94100000 36.82100000 36.86600000 36.94100000 36.93200000 36.93400000 36.92800000 36.87200000 36.85500000 36.93500000 37.01200000 37.03400000 36.99200000 37.09600000 36.95600000 36.98200000 37.16700000 37.19800000 37.16900000 37.08800000 37.06500000 37.14300000 37.22200000 37.26500000 37.25600000 36.82600000 36.56500000
36.08000000 35.36000000 36.87000000 37.01100000 37.05600000 36.93400000 36.84800000 36.82100000 36.80900000 36.83600000 36.93900000 37.00300000 36.99400000 37.01300000 37.03800000 37.00100000 37.19000000 37.14400000 37.11900000 37.17200000 37.15500000 37.04100000 36.95600000 36.94800000 37.09000000 37.19200000 37.26800000 37.28100000 37.26300000 36.78400000
35.69700000 35.18600000 36.40300000 36.67500000 36.89000000 37.14000000 37.12200000 36.90100000 36.91600000 36.94400000 37.01600000 36.98400000 36.99200000 37.04700000 37.06700000 37.03700000 37.21700000 37.19600000 37.14000000 37.13200000 37.14500000 37.08100000 37.03700000 37.09200000 37.16900000 37.24100000 37.36000000 37.34800000 37.25700000 37.23600000
35.35300000 35.70100000 36.26500000 36.74000000 36.65700000 36.72400000 36.92600000 37.27000000 36.96900000 36.88900000 36.91900000 36.94100000 36.95500000 36.95200000 36.95300000 37.02600000 37.19500000 37.24700000 37.25700000 37.24600000 37.19800000 37.17200000 37.20500000 37.21800000 37.35300000 37.46500000 37.45700000 37.38100000 37.27400000 37.26100000
35.23000000 35.34400000 35.95000000 36.34400000 36.41500000 36.57900000 36.51600000 36.77200000 37.31000000 37.34700000 37.25700000 37.05500000 36.93300000 36.94800000 36.95800000 36.97300000 37.04900000 37.04000000 37.01300000 37.43200000 37.41500000 37.41500000 37.42400000 37.42500000 37.39500000 37.39900000 37.44800000 37.31800000 37.25000000 37.25100000
34.60100000 34.87700000 34.91300000 35.28500000 36.09900000 36.14500000 36.48600000 36.14300000 36.59500000 37.09900000 37.33400000 37.37500000 37.41500000 37.25100000 36.95600000 36.96300000 36.96800000 37.38500000 37.30300000 37.32900000 37.30800000 37.32000000 37.34400000 37.39900000 37.41200000 37.42500000 37.33300000 37.26400000 37.32600000 37.22500000
37.59700000 37.59700000 37.59700000 35.06000000 35.58100000 35.76600000 36.07700000 35.98100000 35.76600000 36.30100000 36.91000000 37.22900000 37.22400000 37.29100000 37.31800000 37.28300000 37.18100000 37.00600000 37.31200000 37.35300000 37.26100000 37.35700000 37.34600000 37.26300000 37.27800000 37.32800000 37.34600000 37.27500000 37.35800000 37.21000000
37.59700000 37.59700000 37.59700000 37.59700000 35.19000000 35.31900000 35.52800000 35.54100000 35.66500000 35.73000000 36.52900000 37.02000000 37.10400000 36.70800000 36.68500000 36.93400000 36.89100000 36.44800000 37.28900000 37.33600000 37.21600000 37.26600000 37.23500000 37.21800000 37.26200000 37.34700000 37.32700000 37.31800000 37.39000000 37.21400000
37.59700000 37.59700000 37.59700000 37.59700000 37.59700000 37.59700000 35.28900000 35.36900000 35.46000000 35.53600000 36.00800000 36.32100000 36.50600000 36.36600000 36.15700000 36.26600000 36.77800000 36.34700000 37.21900000 37.36000000 37.25900000 37.17400000 37.19500000 37.18800000 37.26000000 37.35700000 37.45100000 37.35400000 37.31000000 37.26700000
37.59700000 37.59700000 37.59700000 37.59700000 37.59700000 37.59700000 37.59700000 37.59700000 37.59700000 37.59700000 37.59700000 37.59700000 35.66300000 35.84000000 36.10600000 36.17000000 36.63100000 36.15600000 37.04500000 37.27600000 37.34700000 37.36500000 37.24800000 37.21500000 37.28800000 37.36200000 37.41800000 37.49100000 37.36400000 37.31100000
37.59700000 37.59700000 37.59700000 37.59700000 37.59700000 37.59700000 37.59700000 37.59700000 37.59700000 37.59700000 37.59700000 37.59700000 37.59700000 37.59700000 37.59700000 35.96900000 36.30300000 36.04200000 36.52900000 37.03000000 37.31600000 37.34800000 37.37900000 37.39600000 37.32500000 37.34700000 37.37600000 37.46800000 37.51400000 37.51600000
37.59700000 37.59700000 37.59700000 37.59700000 37.59700000 37.59700000 37.59700000 37.59700000 37.59700000 37.59700000 37.59700000 37.59700000 37.59700000 37.59700000 37.59700000 37.59700000 36.00200000 36.00200000 36.63600000 36.93400000 36.85900000 37.34900000 37.42000000 37.40800000 37.36300000 37.31700000 37.35400000 37.39300000 37.42500000 37.55000000
37.59700000 37.59700000 37.59700000 37.59700000 37.59700000 37.59700000 37.59700000 37.59700000 37.59700000 37.59700000 37.59700000 37.59700000 37.59700000 37.59700000 37.59700000 37.59700000 37.59700000 37.59700000 35.94200000 36.74600000 37.08200000 37.15100000 37.42000000 37.41200000 37.38400000 37.30800000 37.34600000 37.37200000 37.32900000 37.41100000
37.59700000 37.59700000 37.59700000 37.59700000 37.59700000 37.59700000 37.59700000 37.59700000 37.59700000 37.59700000 37.59700000 37.59700000 37.59700000 37.59700000 37.59700000 37.59700000 37.59700000 37.59700000 37.59700000 36.67100000 36.90100000 37.21200000 37.42200000 37.42400000 37.29900000 37.33300000 37.34100000 37.36100000 37.36000000 37.31900000
37.59700000 37.59700000 37.59700000 37.59700000 37.59700000 37.59700000 37.59700000 37.59700000 37.59700000 37.59700000 37.59700000 37.59700000 37.59700000 37.59700000 37.59700000 37.59700000 37.59700000 37.59700000 37.59700000 36.77400000 36.59800000 37.30800000 37.41900000 37.40800000 37.30300000 37.40000000 37.40700000 37.35400000 37.36900000 37.32700000
37.59700000 37.59700000 37.59700000 37.59700000 37.59700000 37.59700000 37.59700000 37.59700000 37.59700000 37.59700000 37.59700000 37.59700000 37.59700000 37.59700000 37.59700000 37.59700000 37.59700000 37.59700000 37.59700000 36.90400000 36.75600000 37.33100000 37.38500000 37.33900000 37.37700000 37.37800000 37.39000000 37.42300000 37.39300000 37.34600000
37.59700000 37.59700000 37.59700000 37.59700000 37.59700000 37.59700000 37.59700000 37.59700000 37.59700000 37.59700000 37.59700000 37.59700000 37.59700000 37.59700000 37.59700000 37.59700000 37.59700000 37.59700000 37.59700000 36.48900000 36.55900000 37.15800000 37.32100000 37.31000000 37.38100000 37.37500000 37.37400000 37.38200000 37.39100000 37.38700000
37.59700000 37.59700000 37.59700000 37.59700000 37.59700000 37.59700000 37.59700000 37.59700000 37.59700000 37.59700000 37.59700000 37.59700000 37.59700000 37.59700000 37.59700000 37.59700000 37.59700000 37.59700000 37.59700000 37.59700000 36.70900000 36.80400000 37.32700000 37.37700000 37.33900000 37.36400000 37.32900000 37.31800000 37.34000000 37.35700000
37.59700000 37.59700000 37.59700000 37.59700000 37.59700000 37.59700000 37.59700000 37.59700000 37.59700000 37.59700000 37.59700000 37.59700000 37.59700000 37.59700000 37.59700000 37.59700000 37.59700000 37.59700000 37.59700000 37.59700000 37.59700000 36.60200000 37.21100000 37.30800000 37.33600000 37.32700000 37.32100000 37.30700000 37.29000000 37.31000000
37.59700000 37.59700000 37.59700000 37.59700000 37.59700000 37.59700000 37.59700000 37.59700000 37.59700000 37.59700000 37.59700000 37.59700000 37.59700000 37.59700000 37.59700000 37.59700000 37.59700000 37.59700000 37.59700000 37.59700000 37.59700000 36.40800000 37.02200000 37.23900000 37.28500000 37.30600000 37.29000000 37.27400000 37.27200000 37.26800000
37.59700000 37.59700000 37.59700000 37.59700000 37.59700000 37.59700000 37.59700000 37.59700000 37.59700000 37.59700000 37.59700000 37.59700000 37.59700000 37.59700000 37.59700000 37.59700000 37.59700000 37.59700000 37.59700000 37.59700000 37.59700000 37.59700000 36.57900000 37.10000000 37.15600000 37.19600000 37.19700000 37.21000000 37.22200000 37.29200000
37.59700000 37.59700000 37.59700000 37.59700000 37.59700000 37.59700000 37.59700000 37.59700000 37.59700000 37.59700000 37.59700000 37.59700000 37.59700000 37.59700000 37.59700000 37.59700000 37.59700000 37.59700000 37.59700000 37.59700000 37.59700000 37.59700000 37.59700000 36.76600000 37.15400000 37.16900000 37.23100000 37.20500000 37.26600000 37.29200000
37.00200000 36.92900000 37.01300000 36.95200000 36.97800000 37.07900000 37.19300000 37.27600000 37.26200000 37.22600000 37.15500000 37.05000000 36.90700000 36.64700000 36.49100000 36.83200000 36.92100000 37.01500000 36.98400000 37.05100000 37.04500000 37.02700000 36.90800000 36.73100000 36.50700000 36.26100000 36.40300000 36.50400000 36.39200000 36.38800000
36.99100000 36.94700000 36.93700000 36.94400000 36.97400000 37.19700000 37.23400000 37.22600000 37.19300000 37.14500000 37.05100000 36.93700000 36.66000000 36.53600000 36.78400000 36.89700000 37.03300000 37.00200000 37.02600000 37.07100000 37.04500000 36.94600000 36.82200000 36.67000000 36.32600000 36.58100000 36.58400000 36.55400000 36.77700000 36.88900000
36.90400000 37.03100000 36.90900000 36.92600000 36.88800000 37.15200000 37.16400000 37.13600000 37.06600000 36.97600000 36.73500000 36.43700000 36.52800000 36.79900000 36.80100000 36.95100000 37.08400000 36.97500000 37.01300000 37.01800000 36.96000000 36.88600000 36.70500000 36.63900000 36.98300000 37.05500000 37.03500000 37.04800000 36.93700000 36.86400000
36.60500000 37.04300000 36.89000000 36.91900000 36.97100000 36.82500000 36.98200000 36.71600000 36.47800000 36.64200000 36.81400000 36.89200000 36.89000000 36.86900000 36.85400000 36.97700000 37.07200000 36.92500000 36.95400000 36.92600000 36.81300000 36.71700000 37.12400000 37.22400000 37.21600000 37.04200000 37.04100000 37.00400000 36.99700000 36.95800000
36.53000000 36.42200000 36.99300000 36.84400000 36.92200000 36.95500000 36.74600000 36.66500000 36.77300000 36.94100000 36.88700000 36.88800000 36.90900000 36.91700000 36.93800000 36.98700000 37.04600000 36.86000000 36.80300000 36.75700000 37.13400000 37.22000000 37.20700000 37.20900000 37.22400000 37.24500000 37.10700000 36.94900000 36.81900000 36.77800000
36.37900000 35.91000000 36.92200000 36.94200000 36.82100000 36.86500000 36.94000000 36.93100000 36.93300000 36.92800000 36.87100000 36.85500000 36.93400000 37.01100000 37.03300000 36.99200000 37.09600000 36.95500000 36.98200000 37.16600000 37.19700000 37.16800000 37.08600000 37.06300000 37.14200000 37.22100000 37.26400000 37.25500000 36.82600000 36.56400000
36.09100000 35.74300000 36.87000000 37.01100000 37.05500000 36.93300000 36.84700000 36.82000000 36.80900000 36.83500000 36.93800000 37.00200000 36.99300000 37.01200000 37.03800000 37.00000000 37.18900000 37.14400000 37.11800000 37.17200000 37.15400000 37.04100000 36.95500000 36.94700000 37.08900000 37.19100000 37.26700000 37.28000000 37.26200000 36.79000000
35.91300000 35.79400000 36.69900000 36.67400000 36.88900000 37.13900000 37.12100000 36.90000000 36.91500000 36.94300000 37.01500000 36.98300000 36.99100000 37.04600000 37.06600000 37.03700000 37.21600000 37.19500000 37.14000000 37.13100000 37.14500000 37.08100000 37.03600000 37.09100000 37.16800000 37.24000000 37.35900000 37.34800000 37.25600000 37.23600000
35.79800000 35.85000000 36.45000000 36.73900000 36.65500000 36.72300000 36.92500000 37.26900000 36.96900000 36.88800000 36.91800000 36.94000000 36.95500000 36.95200000 36.95200000 37.02500000 37.19400000 37.24600000 37.25500000 37.24600000 37.19700000 37.17200000 37.20400000 37.21700000 37.35300000 37.46400000 37.45600000 37.38000000 37.27300000 37.26000000
35.69200000 35.81800000 36.25200000 36.34800000 36.41500000 36.57700000 36.51700000 36.77100000 37.30900000 37.34700000 37.25800000 37.05600000 36.93300000 36.94800000 36.95800000 36.97200000 37.04800000 37.03900000 37.01200000 37.43100000 37.41400000 37.41400000 37.42300000 37.42400000 37.39400000 37.39800000 37.44700000 37.31800000 37.24900000 37.25000000
35.41600000 37.59700000 35.50500000 35.60400000 36.16900000 36.20000000 36.48800000 36.31500000 36.59400000 37.09700000 37.33400000 37.37500000 37.41400000 37.25100000 36.95600000 36.96200000 36.96800000 37.38400000 37.30200000 37.32800000 37.30700000 37.31900000 37.34400000 37.39900000 37.41100000 37.42400000 37.33200000 37.26300000 37.32500000 37.22400000
37.59700000 37.59700000 37.59700000 37.59700000 35.74500000 35.99000000 36.49000000 36.39200000 36.13800000 36.30800000 36.90800000 37.22900000 37.22300000 37.28900000 37.31700000 37.28100000 37.17900000 37.00500000 37.31100000 37.35200000 37.26000000 37.35600000 37.34500000 37.26200000 37.27700000 37.32600000 37.34500000 37.27400000 37.35700000 37.20900000
37.59700000 37.59700000 37.59700000 37.59700000 37.59700000 35.60600000 35.87400000 35.98000000 36.20700000 35.78600000 36.53000000 37.01800000 37.10200000 36.70800000 36.68300000 36.93300000 36.89000000 36.44700000 37.28800000 37.33500000 37.21500000 37.26500000 37.23400000 37.21700000 37.26100000 37.34600000 37.32600000 37.31700000 37.38900000 37.21200000
37.59700000 37.59700000 37.59700000 37.59700000 37.59700000 37.59700000 37.59700000 35.49200000 35.65800000 35.74400000 36.10000000 36.44300000 36.50500000 36.37700000 36.15100000 36.26300000 36.77600000 36.35000000 37.21800000 37.35900000 37.25800000 37.17300000 37.19400000 37.18700000 37.25900000 37.35500000 37.45000000 37.35300000 37.30800000 37.26600000
37.59700000 37.59700000 37.59700000 37.59700000 37.59700000 37.59700000 37.59700000 37.59700000 37.59700000 37.59700000 37.59700000 37.59700000 37.59700000 37.59700000 37.59700000 36.19000000 36.62100000 36.19500000 37.04200000 37.27400000 37.34600000 37.36400000 37.24800000 37.21500000 37.28700000 37.36100000 37.41600000 37.49000000 37.36300000 37.30900000
37.59700000 37.59700000 37.59700000 37.59700000 37.59700000 37.59700000 37.59700000 37.59700000 37.59700000 37.59700000 37.59700000 37.59700000 37.59700000 37.59700000 37.59700000 37.59700000 36.36500000 36.28000000 36.52700000 37.02900000 37.31500000 37.34700000 37.37800000 37.39400000 37.32400000 37.34500000 37.37500000 37.46700000 37.51300000 37.51400000
37.59700000 37.59700000 37.59700000 37.59700000 37.59700000 37.59700000 37.59700000 37.59700000 37.59700000 37.59700000 37.59700000 37.59700000 37.59700000 37.59700000 37.59700000 37.59700000 37.59700000 36.39400000 36.62900000 36.93200000 36.86100000 37.34700000 37.41900000 37.40700000 37.36200000 37.31600000 37.35300000 37.39100000 37.42400000 37.54900000
37.59700000 37.59700000 37.59700000 37.59700000 37.59700000 37.59700000 37.59700000 37.59700000 37.59700000 37.59700000 37.59700000 37.59700000 37.59700000 37.59700000 37.59700000 37.59700000 37.59700000 37.59700000 37.59700000 36.67600000 37.07400000 37.13600000 37.41900000 37.41100000 37.38400000 37.30700000 37.34500000 37.37100000 37.32800000 37.41200000
37.59700000 37.59700000 37.59700000 37.59700000 37.59700000 37.59700000 37.59700000 37.59700000 37.59700000 37.59700000 37.59700000 37.59700000 37.59700000 37.59700000 37.59700000 37.59700000 37.59700000 37.59700000 37.59700000 37.59700000 36.85100000 37.20900000 37.42100000 37.42200000 37.29800000 37.33200000 37.34000000 37.36000000 37.35900000 37.31800000
37.59700000 37.59700000 37.59700000 37.59700000 37.59700000 37.59700000 37.59700000 37.59700000 37.59700000 37.59700000 37.59700000 37.59700000 37.59700000 37.59700000 37.59700000 37.59700000 37.59700000 37.59700000 37.59700000 37.59700000 36.56000000 37.30600000 37.41800000 37.40700000 37.30200000 37.39900000 37.40600000 37.35300000 37.36800000 37.32600000
37.59700000 37.59700000 37.59700000 37.59700000 37.59700000 37.59700000 37.59700000 37.59700000 37.59700000 37.59700000 37.59700000 37.59700000 37.59700000 37.59700000 37.59700000 37.59700000 37.59700000 37.59700000 37.59700000 37.59700000 36.45500000 37.32900000 37.38400000 37.33800000 37.37600000 37.37700000 37.38900000 37.42200000 37.39300000 37.34500000
37.59700000 37.59700000 37.59700000 37.59700000 37.59700000 37.59700000 37.59700000 37.59700000 37.59700000 37.59700000 37.59700000 37.59700000 37.59700000 37.59700000 37.59700000 37.59700000 37.59700000 37.59700000 37.59700000 37.59700000 36.50600000 37.15500000 37.32100000 37.30900000 37.38000000 37.37400000 37.37400000 37.38100000 37.39100000 37.38700000
37.59700000 37.59700000 37.59700000 37.59700000 37.59700000 37.59700000 37.59700000 37.59700000 37.59700000 37.59700000 37.59700000 37.59700000 37.59700000 37.59700000 37.59700000 37.59700000 37.59700000 37.59700000 37.59700000 37.59700000 37.59700000 36.74700000 37.32600000 37.37700000 37.33900000 37.36500000 37.33100000 37.31800000 37.34000000 37.35800000
37.59700000 37.59700000 37.59700000 37.59700000 37.59700000 37.59700000 37.59700000 37.59700000 37.59700000 37.59700000 37.59700000 37.59700000 37.59700000 37.59700000 37.59700000 37.59700000 37.59700000 37.59700000 37.59700000 37.59700000 37.59700000 36.61600000 37.21100000 37.30900000 37.33800000 37.32900000 37.32200000 37.30800000 37.29100000 37.31000000
37.59700000 37.59700000 37.59700000 37.59700000 37.59700000 37.59700000 37.59700000 37.59700000 37.59700000 37.59700000 37.59700000 37.59700000 37.59700000 37.59700000 37.59700000 37.59700000 37.59700000 37.59700000 37.59700000 37.59700000 37.59700000 37.59700000 37.02700000 37.24300000 37.28700000 37.30800000 37.29200000 37.27500000 37.27300000 37.27000000
37.59700000 37.59700000 37.59700000 37.59700000 37.59700000 37.59700000 37.59700000 37.59700000 37.59700000 37.59700000 37.59700000 37.59700000 37.59700000 37.59700000 37.59700000 37.59700000 37.59700000 37.59700000 37.59700000 37.59700000 37.59700000 37.59700000 36.59500000 37.10800000 37.15700000 37.19800000 37.20200000 37.21400000 37.22800000 37.29600000
37.59700000 37.59700000 37.59700000 37.59700000 37.59700000 37.59700000 37.59700000 37.59700000 37.59700000 37.59700000 37.59700000 37.59700000 37.59700000 37.59700000 37.59700000 37.59700000 37.59700000 37.59700000 37.59700000 37.59700000 37.59700000 37.59700000 37.59700000 36.83500000 37.16300000 37.17600000 37.23800000 37.22200000 37.26800000 37.28900000
