25.58000000 25.31000000 25.59800000 25.53800000 25.03400000 25.08800000 25.51800000 25.53600000 25.54500000 25.44400000 25.36000000 25.31000000 25.20300000 24.39000000 24.22800000 25.36700000 25.64300000 25.70900000 25.41100000 25.35200000 25.36100000 25.34500000 25.17400000 24.89800000 24.23700000 23.85300000 24.20500000 24.54800000 24.50600000 24.67400000
25.32500000 25.07400000 25.43800000 25.11100000 24.73700000 25.38200000 25.48100000 25.42300000 25.38500000 25.34100000 25.21100000 25.09600000 24.26900000 24.14400000 24.75800000 25.23500000 25.66300000 25.31400000 25.34600000 25.32900000 25.31100000 25.16100000 24.97000000 24.51300000 23.66600000 24.28500000 24.45500000 24.49500000 24.94100000 25.03600000
25.23800000 25.38700000 25.42800000 25.22200000 24.57900000 25.28300000 25.35100000 25.28200000 25.17000000 25.00600000 24.41600000 23.89000000 24.13900000 24.65800000 24.71400000 25.49300000 25.56000000 25.27900000 25.31400000 25.23400000 25.15600000 25.09000000 24.54900000 24.39200000 25.33100000 25.55700000 25.46300000 25.38600000 25.04800000 24.99000000
24.63000000 25.30000000 25.37700000 25.51700000 24.90600000 24.51300000 24.89700000 24.34800000 24.01800000 24.25200000 24.56600000 24.80300000 24.87400000 24.85900000 24.95600000 25.61000000 25.55200000 25.18700000 25.21500000 25.03500000 24.78400000 24.71900000 25.65400000 25.86300000 25.88200000 25.51700000 25.41400000 25.27300000 25.25300000 25.31900000
24.33300000 24.43900000 25.25700000 25.40200000 25.52000000 25.01900000 24.32600000 24.23100000 24.39800000 24.87100000 24.92300000 25.13000000 25.35100000 25.43000000 25.53900000 25.66000000 25.53700000 25.05000000 24.95500000 24.83500000 25.69300000 25.79700000 25.63100000 25.66300000 25.71800000 25.79000000 25.64400000 25.31500000 25.17500000 25.24300000
24.03500000 23.95100000 24.88900000 25.40000000 25.41900000 25.48500000 25.58700000 25.45900000 25.47400000 25.58300000 25.54400000 25.55400000 25.71500000 25.83000000 25.88700000 25.70600000 25.59900000 25.17900000 25.23600000 25.73700000 25.62000000 25.52000000 25.32800000 25.23500000 25.44400000 25.77300000 25.95300000 25.96100000 25.22300000 25.07800000
23.92200000 23.69000000 24.73400000 25.13700000 25.50600000 25.54900000 25.50600000 25.48400000 25.45600000 25.49700000 25.66300000 25.73000000 25.70600000 25.79500000 25.86900000 25.72500000 25.72900000 25.60800000 25.53700000 25.63400000 25.48100000 25.25100000 24.93700000 24.93500000 25.29500000 25.70500000 26.14900000 26.06400000 26.01500000 25.25900000
23.84300000 23.57100000 24.43800000 24.44300000 24.89000000 25.61800000 25.83600000 25.60400000 25.65700000 25.72000000 25.84000000 25.80300000 25.77600000 25.86100000 25.91400000 25.73200000 25.79500000 25.76800000 25.62900000 25.54100000 25.46100000 25.31700000 25.21600000 25.32300000 25.59300000 26.13500000 26.57300000 26.39600000 25.88100000 26.05300000
23.49800000 23.84900000 24.15200000 24.49500000 24.35800000 24.61600000 25.03600000 26.07300000 25.76400000 25.63000000 25.71300000 25.74800000 25.79100000 25.76400000 25.75400000 25.74400000 25.84000000 25.93700000 25.96400000 25.96400000 25.83300000 25.74600000 25.85100000 26.08500000 26.64300000 26.90000000 26.72100000 26.48400000 25.92200000 26.15000000
23.19600000 22.96300000 23.66800000 24.09900000 24.06700000 24.20400000 24.18000000 24.66800000 26.14800000 26.35100000 26.25200000 25.93400000 25.66900000 25.64600000 25.71300000 25.76100000 25.72400000 25.78900000 25.86500000 26.81700000 26.67700000 26.62600000 26.66400000 26.66100000 26.43100000 26.41000000 26.63200000 26.20300000 25.97800000 26.16900000
24.29900000 23.48200000 23.47500000 23.24400000 23.66200000 23.56800000 23.99600000 24.03900000 24.38800000 25.33600000 26.31500000 26.52600000 26.68700000 26.32500000 25.68100000 25.61100000 25.68900000 26.55700000 26.42300000 26.49800000 26.18000000 26.20400000 26.28100000 26.44100000 26.50900000 26.57400000 26.29300000 25.95300000 26.31400000 26.24100000
27.83300000 27.83300000 27.83300000 23.97000000 23.62700000 23.27100000 23.46600000 23.48200000 23.56000000 24.08000000 24.71200000 25.84500000 25.81000000 26.07500000 26.22400000 26.15400000 25.93900000 25.40600000 26.47600000 26.70200000 26.07100000 26.35700000 26.38300000 26.18100000 26.28600000 26.37600000 26.42600000 26.17200000 26.43200000 26.34000000
27.83300000 27.83300000 27.83300000 27.83300000 23.66800000 23.55200000 23.29800000 23.32100000 23.28300000 23.42400000 24.20000000 24.97100000 25.29500000 24.45100000 24.45000000 24.89000000 24.89900000 24.79400000 26.38000000 26.63800000 25.93400000 26.17800000 26.12700000 26.41100000 26.48500000 26.72000000 26.45300000 26.31800000 26.52600000 26.36900000
27.83300000 27.83300000 27.83300000 27.83300000 27.83300000 27.83300000 24.40900000 23.95400000 23.27900000 23.31200000 23.48700000 23.69200000 24.07500000 23.75600000 23.15000000 23.63700000 24.44600000 24.75300000 26.18200000 26.80100000 26.27900000 26.02000000 26.19500000 26.21400000 26.32100000 26.78300000 26.95100000 26.55200000 26.29100000 26.32000000
27.83300000 27.83300000 27.83300000 27.83300000 27.83300000 27.83300000 27.83300000 27.83300000 27.83300000 27.83300000 27.83300000 27.83300000 23.29900000 23.13900000 23.06700000 23.39500000 24.11900000 24.67400000 25.60900000 26.49600000 26.83900000 26.84400000 26.35900000 26.25800000 26.36000000 26.89500000 26.95900000 27.04200000 26.58200000 26.33900000
27.83300000 27.83300000 27.83300000 27.83300000 27.83300000 27.83300000 27.83300000 27.83300000 27.83300000 27.83300000 27.83300000 27.83300000 27.83300000 27.83300000 27.83300000 23.47600000 23.90900000 24.74800000 25.07900000 25.40300000 26.76200000 26.82500000 26.84200000 26.92500000 26.48000000 26.97800000 26.99400000 26.99000000 27.06600000 27.05500000
27.83300000 27.83300000 27.83300000 27.83300000 27.83300000 27.83300000 27.83300000 27.83300000 27.83300000 27.83300000 27.83300000 27.83300000 27.83300000 27.83300000 27.83300000 27.83300000 23.86100000 24.24500000 25.24000000 25.38800000 24.69900000 26.90700000 26.87200000 26.98200000 26.62100000 27.04200000 27.10600000 26.95300000 26.99700000 27.14600000
27.83300000 27.83300000 27.83300000 27.83300000 27.83300000 27.83300000 27.83300000 27.83300000 27.83300000 27.83300000 27.83300000 27.83300000 27.83300000 27.83300000 27.83300000 27.83300000 27.83300000 27.83300000 23.85900000 25.33900000 25.67300000 26.52700000 26.85400000 26.98100000 26.73500000 27.10900000 27.22300000 27.14500000 27.04400000 27.04400000
27.83300000 27.83300000 27.83300000 27.83300000 27.83300000 27.83300000 27.83300000 27.83300000 27.83300000 27.83300000 27.83300000 27.83300000 27.83300000 27.83300000 27.83300000 27.83300000 27.83300000 27.83300000 27.83300000 25.61200000 24.66200000 26.66000000 26.82500000 26.86700000 26.92700000 27.13900000 27.15100000 27.17400000 27.13400000 27.11500000
27.83300000 27.83300000 27.83300000 27.83300000 27.83300000 27.83300000 27.83300000 27.83300000 27.83300000 27.83300000 27.83300000 27.83300000 27.83300000 27.83300000 27.83300000 27.83300000 27.83300000 27.83300000 27.83300000 25.82300000 23.22400000 26.91500000 26.79700000 26.75900000 27.06100000 27.26300000 27.30400000 27.12700000 27.18500000 27.19800000
27.83300000 27.83300000 27.83300000 27.83300000 27.83300000 27.83300000 27.83300000 27.83300000 27.83300000 27.83300000 27.83300000 27.83300000 27.83300000 27.83300000 27.83300000 27.83300000 27.83300000 27.83300000 27.83300000 25.88200000 25.17500000 26.97800000 26.82100000 26.89400000 27.23800000 27.18600000 27.05900000 27.29400000 27.22400000 27.20800000
27.83300000 27.83300000 27.83300000 27.83300000 27.83300000 27.83300000 27.83300000 27.83300000 27.83300000 27.83300000 27.83300000 27.83300000 27.83300000 27.83300000 27.83300000 27.83300000 27.83300000 27.83300000 27.83300000 25.44600000 23.05500000 26.62300000 27.02400000 27.05100000 27.25600000 27.05100000 27.16700000 27.23200000 27.27400000 27.30900000
27.83300000 27.83300000 27.83300000 27.83300000 27.83300000 27.83300000 27.83300000 27.83300000 27.83300000 27.83300000 27.83300000 27.83300000 27.83300000 27.83300000 27.83300000 27.83300000 27.83300000 27.83300000 27.83300000 27.83300000 25.67700000 26.19600000 27.06300000 27.23200000 27.08200000 27.06000000 27.18800000 27.20000000 27.34500000 27.35000000
27.83300000 27.83300000 27.83300000 27.83300000 27.83300000 27.83300000 27.83300000 27.83300000 27.83300000 27.83300000 27.83300000 27.83300000 27.83300000 27.83300000 27.83300000 27.83300000 27.83300000 27.83300000 27.83300000 27.83300000 27.83300000 24.83800000 26.76500000 27.06400000 27.07300000 27.08000000 27.16900000 27.02700000 27.07300000 27.33600000
27.83300000 27.83300000 27.83300000 27.83300000 27.83300000 27.83300000 27.83300000 27.83300000 27.83300000 27.83300000 27.83300000 27.83300000 27.83300000 27.83300000 27.83300000 27.83300000 27.83300000 27.83300000 27.83300000 27.83300000 27.83300000 25.92900000 26.50600000 26.90600000 26.99500000 26.99600000 26.93800000 26.89200000 26.88000000 27.01300000
27.83300000 27.83300000 27.83300000 27.83300000 27.83300000 27.83300000 27.83300000 27.83300000 27.83300000 27.83300000 27.83300000 27.83300000 27.83300000 27.83300000 27.83300000 27.83300000 27.83300000 27.83300000 27.83300000 27.83300000 27.83300000 27.83300000 26.42400000 26.73500000 26.68900000 26.74600000 26.75300000 26.84700000 26.90000000 27.27000000
27.83300000 27.83300000 27.83300000 27.83300000 27.83300000 27.83300000 27.83300000 27.83300000 27.83300000 27.83300000 27.83300000 27.83300000 27.83300000 27.83300000 27.83300000 27.83300000 27.83300000 27.83300000 27.83300000 27.83300000 27.83300000 27.83300000 27.83300000 26.51600000 26.87600000 26.84000000 27.19000000 26.94600000 27.19900000 27.44500000
25.61900000 25.37900000 25.63100000 25.58400000 25.08400000 25.10800000 25.52900000 25.55500000 25.56900000 25.46800000 25.38100000 25.32400000 25.26600000 24.39700000 24.24100000 25.37700000 25.66600000 25.73000000 25.43600000 25.37200000 25.38000000 25.36600000 25.18300000 24.90900000 24.25600000 23.85700000 24.21800000 24.55000000 24.52000000 24.68800000
25.34500000 25.08800000 25.45700000 25.13300000 24.75500000 25.40400000 25.50400000 25.44600000 25.40700000 25.36300000 25.23300000 25.11500000 24.28100000 24.16500000 24.77700000 25.25800000 25.68500000 25.33700000 25.37000000 25.35100000 25.33300000 25.18200000 24.98300000 24.53100000 23.68200000 24.30300000 24.47500000 24.51200000 24.96000000 25.05300000
25.24500000 25.40800000 25.44900000 25.24500000 24.59700000 25.30300000 25.37200000 25.30500000 25.19200000 25.02600000 24.43600000 23.90600000 24.15700000 24.67800000 24.73300000 25.51600000 25.58300000 25.30300000 25.33700000 25.25700000 25.17600000 25.11000000 24.56000000 24.41200000 25.35400000 25.58000000 25.48400000 25.40800000 25.06700000 25.00800000
24.66700000 25.32100000 25.39800000 25.53900000 24.93200000 24.53200000 24.91800000 24.36800000 24.03700000 24.26300000 24.58400000 24.82300000 24.89400000 24.87900000 24.97500000 25.63100000 25.57600000 25.20800000 25.23600000 25.05700000 24.80400000 24.74100000 25.67500000 25.88500000 25.90500000 25.53800000 25.43500000 25.29400000 25.27300000 25.34000000
24.39400000 24.53400000 25.27300000 25.41800000 25.54300000 25.03000000 24.34500000 24.24500000 24.41800000 24.89100000 24.94300000 25.15200000 25.37400000 25.45300000 25.56100000 25.68300000 25.56100000 25.07100000 24.97500000 24.85600000 25.71500000 25.81700000 25.65400000 25.68800000 25.74200000 25.81000000 25.66900000 25.33400000 25.19600000 25.26300000
24.04600000 24.03700000 24.91500000 25.42200000 25.44400000 25.50800000 25.61400000 25.48500000 25.49900000 25.60900000 25.56900000 25.57600000 25.73600000 25.85200000 25.91000000 25.73100000 25.61900000 25.20000000 25.25100000 25.75700000 25.64100000 25.53900000 25.34500000 25.25200000 25.46200000 25.79400000 25.97600000 25.98100000 25.24300000 25.09400000
23.97200000 24.09400000 24.75600000 25.15800000 25.52600000 25.56400000 25.52700000 25.50700000 25.47700000 25.52100000 25.68700000 25.75400000 25.73000000 25.81900000 25.89300000 25.74800000 25.75000000 25.63100000 25.55800000 25.65200000 25.50300000 25.27200000 24.95600000 24.95200000 25.31300000 25.72500000 26.17100000 26.08700000 26.03500000 25.28800000
23.50500000 23.55600000 25.01000000 24.46800000 24.91400000 25.62900000 25.85300000 25.62500000 25.67800000 25.74300000 25.86400000 25.83000000 25.80100000 25.88400000 25.93700000 25.75500000 25.81500000 25.79000000 25.64900000 25.56000000 25.48100000 25.33700000 25.23500000 25.34200000 25.61200000 26.15600000 26.59500000 26.41800000 25.89900000 26.07100000
21.49600000 22.48000000 24.50300000 24.51600000 24.38900000 24.64000000 25.05800000 26.09000000 25.78300000 25.65300000 25.73500000 25.76900000 25.80400000 25.78700000 25.77800000 25.76900000 25.86300000 25.95800000 25.98600000 25.98500000 25.85500000 25.76800000 25.87600000 26.10600000 26.66500000 26.92000000 26.74100000 26.50500000 25.94100000 26.16900000
20.15500000 20.66300000 23.50200000 24.13800000 24.08700000 24.22800000 24.19500000 24.69100000 26.16800000 26.37200000 26.27600000 25.95400000 25.69200000 25.66700000 25.73300000 25.78100000 25.74500000 25.80900000 25.88400000 26.83800000 26.69200000 26.64300000 26.68300000 26.67900000 26.44800000 26.42800000 26.65300000 26.22100000 25.99500000 26.18800000
22.27500000 27.83300000 21.83700000 21.79200000 23.58200000 23.44900000 24.02500000 24.30900000 24.42900000 25.34900000 26.33200000 26.53800000 26.70500000 26.34100000 25.70600000 25.63500000 25.71000000 26.57200000 26.44500000 26.52300000 26.19700000 26.22200000 26.30000000 26.46100000 26.53000000 26.59400000 26.31100000 25.97200000 26.33400000 26.25900000
27.83300000 27.83300000 27.83300000 27.83300000 22.07100000 20.72300000 22.31600000 23.39000000 23.48800000 24.13400000 24.72600000 25.86700000 25.83200000 26.09500000 26.24200000 26.17300000 25.95300000 25.42300000 26.49500000 26.72300000 26.08900000 26.37400000 26.40100000 26.20000000 26.30700000 26.39200000 26.44700000 26.19200000 26.45200000 26.35800000
27.83300000 27.83300000 27.83300000 27.83300000 27.83300000 21.74100000 20.77500000 20.14800000 21.47500000 22.21800000 24.22300000 24.99100000 25.32500000 24.47200000 24.47300000 24.90700000 24.92000000 24.81400000 26.39600000 26.65800000 25.95000000 26.19500000 26.14400000 26.43000000 26.50400000 26.74100000 26.47700000 26.33700000 26.54600000 26.38600000
27.83300000 27.83300000 27.83300000 27.83300000 27.83300000 27.83300000 27.83300000 23.29900000 21.30800000 21.49600000 22.15700000 23.63500000 24.08600000 23.79200000 23.06300000 23.64300000 24.46500000 24.76800000 26.19700000 26.81900000 26.30100000 26.03700000 26.21400000 26.23300000 26.34100000 26.80400000 26.97200000 26.57500000 26.31000000 26.34300000
27.83300000 27.83300000 27.83300000 27.83300000 27.83300000 27.83300000 27.83300000 27.83300000 27.83300000 27.83300000 27.83300000 27.83300000 27.83300000 27.83300000 27.83300000 21.29500000 24.03800000 24.54800000 25.63200000 26.51000000 26.85700000 26.86300000 26.38300000 26.27800000 26.37900000 26.91500000 26.97900000 27.06200000 26.60500000 26.35800000
27.83300000 27.83300000 27.83300000 27.83300000 27.83300000 27.83300000 27.83300000 27.83300000 27.83300000 27.83300000 27.83300000 27.83300000 27.83300000 27.83300000 27.83300000 27.83300000 22.98700000 23.66600000 25.10500000 25.42400000 26.77500000 26.84500000 26.86100000 26.94500000 26.49800000 26.99800000 27.01400000 27.01000000 27.08500000 27.07800000
27.83300000 27.83300000 27.83300000 27.83300000 27.83300000 27.83300000 27.83300000 27.83300000 27.83300000 27.83300000 27.83300000 27.83300000 27.83300000 27.83300000 27.83300000 27.83300000 27.83300000 21.87300000 24.41600000 25.41200000 24.63300000 26.92600000 26.89100000 27.00200000 26.64000000 27.06200000 27.12700000 26.97300000 27.01700000 27.16500000
27.83300000 27.83300000 27.83300000 27.83300000 27.83300000 27.83300000 27.83300000 27.83300000 27.83300000 27.83300000 27.83300000 27.83300000 27.83300000 27.83300000 27.83300000 27.83300000 27.83300000 27.83300000 27.83300000 25.07300000 25.67400000 26.51700000 26.87100000 27.00100000 26.74900000 27.12900000 27.24200000 27.16600000 27.06300000 27.07400000
27.83300000 27.83300000 27.83300000 27.83300000 27.83300000 27.83300000 27.83300000 27.83300000 27.83300000 27.83300000 27.83300000 27.83300000 27.83300000 27.83300000 27.83300000 27.83300000 27.83300000 27.83300000 27.83300000 27.83300000 24.43500000 26.68200000 26.84500000 26.88500000 26.94300000 27.15800000 27.17000000 27.19300000 27.15400000 27.12900000
27.83300000 27.83300000 27.83300000 27.83300000 27.83300000 27.83300000 27.83300000 27.83300000 27.83300000 27.83300000 27.83300000 27.83300000 27.83300000 27.83300000 27.83300000 27.83300000 27.83300000 27.83300000 27.83300000 27.83300000 22.90400000 26.93400000 26.81600000 26.77700000 27.08000000 27.28200000 27.32300000 27.14300000 27.20400000 27.21400000
27.83300000 27.83300000 27.83300000 27.83300000 27.83300000 27.83300000 27.83300000 27.83300000 27.83300000 27.83300000 27.83300000 27.83300000 27.83300000 27.83300000 27.83300000 27.83300000 27.83300000 27.83300000 27.83300000 27.83300000 22.46000000 26.99300000 26.84000000 26.91200000 27.25400000 27.20400000 27.07700000 27.31400000 27.24200000 27.22700000
27.83300000 27.83300000 27.83300000 27.83300000 27.83300000 27.83300000 27.83300000 27.83300000 27.83300000 27.83300000 27.83300000 27.83300000 27.83300000 27.83300000 27.83300000 27.83300000 27.83300000 27.83300000 27.83300000 27.83300000 22.53500000 26.63600000 27.04000000 27.07000000 27.27200000 27.06800000 27.18600000 27.25000000 27.29200000 27.32800000
27.83300000 27.83300000 27.83300000 27.83300000 27.83300000 27.83300000 27.83300000 27.83300000 27.83300000 27.83300000 27.83300000 27.83300000 27.83300000 27.83300000 27.83300000 27.83300000 27.83300000 27.83300000 27.83300000 27.83300000 27.83300000 25.63200000 27.08200000 27.24800000 27.09900000 27.07900000 27.20700000 27.21600000 27.36100000 27.36800000
27.83300000 27.83300000 27.83300000 27.83300000 27.83300000 27.83300000 27.83300000 27.83300000 27.83300000 27.83300000 27.83300000 27.83300000 27.83300000 27.83300000 27.83300000 27.83300000 27.83300000 27.83300000 27.83300000 27.83300000 27.83300000 23.55400000 26.78300000 27.08200000 27.09300000 27.09800000 27.18700000 27.04400000 27.09400000 27.35900000
27.83300000 27.83300000 27.83300000 27.83300000 27.83300000 27.83300000 27.83300000 27.83300000 27.83300000 27.83300000 27.83300000 27.83300000 27.83300000 27.83300000 27.83300000 27.83300000 27.83300000 27.83300000 27.83300000 27.83300000 27.83300000 27.83300000 26.52500000 26.92500000 27.01200000 27.01600000 26.96000000 26.90800000 26.89500000 27.03300000
27.83300000 27.83300000 27.83300000 27.83300000 27.83300000 27.83300000 27.83300000 27.83300000 27.83300000 27.83300000 27.83300000 27.83300000 27.83300000 27.83300000 27.83300000 27.83300000 27.83300000 27.83300000 27.83300000 27.83300000 27.83300000 27.83300000 25.57000000 26.76100000 26.70400000 26.76100000 26.77200000 26.86600000 26.88900000 27.29900000
27.83300000 27.83300000 27.83300000 27.83300000 27.83300000 27.83300000 27.83300000 27.83300000 27.83300000 27.83300000 27.83300000 27.83300000 27.83300000 27.83300000 27.83300000 27.83300000 27.83300000 27.83300000 27.83300000 27.83300000 27.83300000 27.83300000 27.83300000 26.54300000 26.90700000 26.86500000 27.21400000 26.95500000 27.20800000 27.43500000
