25.57400000 25.31200000 25.59800000 25.53100000 25.02800000 25.09600000 25.52600000 25.53500000 25.54200000 25.44100000 25.36000000 25.30700000 25.20200000 24.38600000 24.22400000 25.36200000 25.64000000 25.69600000 25.41000000 25.34400000 25.35700000 25.34100000 25.17300000 24.88900000 24.21900000 23.85100000 24.20100000 24.52800000 24.49400000 24.67300000
25.31900000 25.10000000 25.43200000 25.09800000 24.75300000 25.38200000 25.47500000 25.41800000 25.38000000 25.33500000 25.20800000 25.09100000 24.25700000 24.14500000 24.75200000 25.24300000 25.65900000 25.30500000 25.33900000 25.32200000 25.30200000 25.14900000 24.95500000 24.48900000 23.66300000 24.29000000 24.45000000 24.49900000 24.95300000 25.03600000
25.22300000 25.37600000 25.42300000 25.20800000 24.58700000 25.28000000 25.34600000 25.27600000 25.16300000 25.00400000 24.41000000 23.88500000 24.13500000 24.65700000 24.70800000 25.49800000 25.54600000 25.27000000 25.30600000 25.22600000 25.14200000 25.07800000 24.52000000 24.40900000 25.36100000 25.54800000 25.45300000 25.37300000 25.04000000 24.98500000
24.63400000 25.29200000 25.36900000 25.51300000 24.88600000 24.51900000 24.89800000 24.34000000 24.01700000 24.25100000 24.56600000 24.80100000 24.86900000 24.85400000 24.96200000 25.60800000 25.54300000 25.17400000 25.20300000 25.02000000 24.77100000 24.72300000 25.65600000 25.85900000 25.87600000 25.50200000 25.40600000 25.26900000 25.25000000 25.31700000
24.34000000 24.39400000 25.24400000 25.39700000 25.51600000 25.01200000 24.31900000 24.22400000 24.39100000 24.86900000 24.92000000 25.12600000 25.35000000 25.42900000 25.53800000 25.65500000 25.52600000 25.02800000 24.94600000 24.83700000 25.70200000 25.78200000 25.62600000 25.66300000 25.71600000 25.78500000 25.63100000 25.30400000 25.16600000 25.24200000
24.02600000 23.93200000 24.87600000 25.39200000 25.41600000 25.47700000 25.58200000 25.46100000 25.47500000 25.57900000 25.53800000 25.54800000 25.70700000 25.82500000 25.88100000 25.69700000 25.58900000 25.16300000 25.24000000 25.73500000 25.61100000 25.51000000 25.30300000 25.22100000 25.43700000 25.77000000 25.95000000 25.95400000 25.21200000 25.07600000
23.91200000 23.67100000 24.72100000 25.12800000 25.49900000 25.54500000 25.50300000 25.48300000 25.45100000 25.49300000 25.65900000 25.72300000 25.69900000 25.79000000 25.86400000 25.71700000 25.72200000 25.58900000 25.52600000 25.62400000 25.47400000 25.23700000 24.92500000 24.93100000 25.29100000 25.70400000 26.14700000 26.05800000 26.00600000 25.25300000
23.83800000 23.57200000 24.43500000 24.43400000 24.87500000 25.61500000 25.83800000 25.59700000 25.65400000 25.71600000 25.83500000 25.79900000 25.77000000 25.85600000 25.91000000 25.72700000 25.78800000 25.76100000 25.62100000 25.53600000 25.45300000 25.31200000 25.21600000 25.32200000 25.59100000 26.13800000 26.57200000 26.39600000 25.87300000 26.04300000
23.49800000 23.84000000 24.14300000 24.48900000 24.36200000 24.61000000 25.03000000 26.08000000 25.75800000 25.62500000 25.70400000 25.74000000 25.78600000 25.75700000 25.74900000 25.73700000 25.83600000 25.93000000 25.95800000 25.95500000 25.82900000 25.75100000 25.86100000 26.08600000 26.65400000 26.89300000 26.71400000 26.48100000 25.91500000 26.14200000
23.19300000 22.89500000 23.65500000 24.09000000 24.06000000 24.19200000 24.17000000 24.66800000 26.14700000 26.35000000 26.25400000 25.92400000 25.66200000 25.64200000 25.71100000 25.75500000 25.71800000 25.78200000 25.85800000 26.81100000 26.65700000 26.61000000 26.65100000 26.64600000 26.41400000 26.39800000 26.62400000 26.19700000 25.97200000 26.16400000
24.29400000 23.52800000 23.48000000 23.20300000 23.65800000 23.55800000 23.99100000 24.03300000 24.38300000 25.35700000 26.31100000 26.52500000 26.68800000 26.29200000 25.67100000 25.61000000 25.67600000 26.54500000 26.43800000 26.51600000 26.16700000 26.19600000 26.27900000 26.44100000 26.50600000 26.56800000 26.28100000 25.94500000 26.30700000 26.23700000
27.83300000 27.83300000 27.83300000 23.95600000 23.63400000 23.26400000 23.45600000 23.47800000 23.55500000 24.07900000 24.73200000 25.83600000 25.80100000 26.06200000 26.21200000 26.14200000 25.94200000 25.37200000 26.47800000 26.69300000 26.06500000 26.35300000 26.37300000 26.18200000 26.29400000 26.36200000 26.41600000 26.16400000 26.42200000 26.33200000
27.83300000 27.83300000 27.83300000 27.83300000 23.65900000 23.55400000 23.30000000 23.30900000 23.27700000 23.41900000 24.19300000 24.98600000 25.28300000 24.43600000 24.41900000 24.87700000 24.86000000 24.79700000 26.37100000 26.63300000 25.92900000 26.17100000 26.12400000 26.40400000 26.47800000 26.71700000 26.45400000 26.31200000 26.51900000 26.36100000
27.83300000 27.83300000 27.83300000 27.83300000 27.83300000 27.83300000 24.39900000 23.97300000 23.28100000 23.30800000 23.47200000 23.68600000 24.06900000 23.75600000 23.13700000 23.62200000 24.43500000 24.74300000 26.17100000 26.79600000 26.27600000 26.01600000 26.19100000 26.20700000 26.31700000 26.78000000 26.94600000 26.54300000 26.28800000 26.31100000
27.83300000 27.83300000 27.83300000 27.83300000 27.83300000 27.83300000 27.83300000 27.83300000 27.83300000 27.83300000 27.83300000 27.83300000 23.28400000 23.12500000 23.05900000 23.38600000 24.10800000 24.66600000 25.59800000 26.49300000 26.83100000 26.84100000 26.37600000 26.26100000 26.35600000 26.89300000 26.95200000 27.03600000 26.56900000 26.33300000
27.83300000 27.83300000 27.83300000 27.83300000 27.83300000 27.83300000 27.83300000 27.83300000 27.83300000 27.83300000 27.83300000 27.83300000 27.83300000 27.83300000 27.83300000 23.46900000 23.90100000 24.74200000 25.06900000 25.36400000 26.76200000 26.81500000 26.83500000 26.91700000 26.48400000 26.97500000 26.98600000 26.98500000 27.05900000 27.04000000
27.83300000 27.83300000 27.83300000 27.83300000 27.83300000 27.83300000 27.83300000 27.83300000 27.83300000 27.83300000 27.83300000 27.83300000 27.83300000 27.83300000 27.83300000 27.83300000 23.85200000 24.23600000 25.22000000 25.37600000 24.69400000 26.89700000 26.86200000 26.97300000 26.62300000 27.04000000 27.09800000 26.94600000 26.99200000 27.13500000
27.83300000 27.83300000 27.83300000 27.83300000 27.83300000 27.83300000 27.83300000 27.83300000 27.83300000 27.83300000 27.83300000 27.83300000 27.83300000 27.83300000 27.83300000 27.83300000 27.83300000 27.83300000 23.86100000 25.30900000 25.65300000 26.51200000 26.84900000 26.97500000 26.74000000 27.10600000 27.21500000 27.13800000 27.03600000 27.04200000
27.83300000 27.83300000 27.83300000 27.83300000 27.83300000 27.83300000 27.83300000 27.83300000 27.83300000 27.83300000 27.83300000 27.83300000 27.83300000 27.83300000 27.83300000 27.83300000 27.83300000 27.83300000 27.83300000 25.59500000 24.59500000 26.68800000 26.81700000 26.85100000 26.92800000 27.13400000 27.14200000 27.16700000 27.12400000 27.10600000
27.83300000 27.83300000 27.83300000 27.83300000 27.83300000 27.83300000 27.83300000 27.83300000 27.83300000 27.83300000 27.83300000 27.83300000 27.83300000 27.83300000 27.83300000 27.83300000 27.83300000 27.83300000 27.83300000 25.80600000 23.30700000 26.92300000 26.78900000 26.75600000 27.06300000 27.26000000 27.29700000 27.11700000 27.17900000 27.19300000
27.83300000 27.83300000 27.83300000 27.83300000 27.83300000 27.83300000 27.83300000 27.83300000 27.83300000 27.83300000 27.83300000 27.83300000 27.83300000 27.83300000 27.83300000 27.83300000 27.83300000 27.83300000 27.83300000 25.85900000 25.19100000 26.98200000 26.80800000 26.89100000 27.23800000 27.16600000 27.05300000 27.28700000 27.21200000 27.20300000
27.83300000 27.83300000 27.83300000 27.83300000 27.83300000 27.83300000 27.83300000 27.83300000 27.83300000 27.83300000 27.83300000 27.83300000 27.83300000 27.83300000 27.83300000 27.83300000 27.83300000 27.83300000 27.83300000 25.41700000 23.09100000 26.62800000 27.01600000 27.05100000 27.24300000 27.04200000 27.17100000 27.22400000 27.26800000 27.30600000
27.83300000 27.83300000 27.83300000 27.83300000 27.83300000 27.83300000 27.83300000 27.83300000 27.83300000 27.83300000 27.83300000 27.83300000 27.83300000 27.83300000 27.83300000 27.83300000 27.83300000 27.83300000 27.83300000 27.83300000 25.68400000 26.15300000 27.05800000 27.22200000 27.07000000 27.05400000 27.18000000 27.19200000 27.33600000 27.33700000
27.83300000 27.83300000 27.83300000 27.83300000 27.83300000 27.83300000 27.83300000 27.83300000 27.83300000 27.83300000 27.83300000 27.83300000 27.83300000 27.83300000 27.83300000 27.83300000 27.83300000 27.83300000 27.83300000 27.83300000 27.83300000 24.84800000 26.77200000 27.05600000 27.06500000 27.07900000 27.15800000 27.01500000 27.06700000 27.33400000
27.83300000 27.83300000 27.83300000 27.83300000 27.83300000 27.83300000 27.83300000 27.83300000 27.83300000 27.83300000 27.83300000 27.83300000 27.83300000 27.83300000 27.83300000 27.83300000 27.83300000 27.83300000 27.83300000 27.83300000 27.83300000 25.89100000 26.50200000 26.89800000 26.98900000 26.98700000 26.93700000 26.88200000 26.87300000 27.00400000
27.83300000 27.83300000 27.83300000 27.83300000 27.83300000 27.83300000 27.83300000 27.83300000 27.83300000 27.83300000 27.83300000 27.83300000 27.83300000 27.83300000 27.83300000 27.83300000 27.83300000 27.83300000 27.83300000 27.83300000 27.83300000 27.83300000 26.38800000 26.72000000 26.68800000 26.73300000 26.74900000 26.83900000 26.88100000 27.26200000
27.83300000 27.83300000 27.83300000 27.83300000 27.83300000 27.83300000 27.83300000 27.83300000 27.83300000 27.83300000 27.83300000 27.83300000 27.83300000 27.83300000 27.83300000 27.83300000 27.83300000 27.83300000 27.83300000 27.83300000 27.83300000 27.83300000 27.83300000 26.49900000 26.85800000 26.82400000 27.18900000 26.93300000 27.19300000 27.43500000
25.61500000 25.37800000 25.62900000 25.57700000 25.07700000 25.11600000 25.54000000 25.55400000 25.56500000 25.46200000 25.38100000 25.32100000 25.26400000 24.39400000 24.23600000 25.37200000 25.66300000 25.71900000 25.43400000 25.36400000 25.37600000 25.36200000 25.18200000 24.90100000 24.23900000 23.85500000 24.21400000 24.53400000 24.50800000 24.68700000
25.34100000 25.11600000 25.45200000 25.11900000 24.77100000 25.40400000 25.49800000 25.44100000 25.40200000 25.35600000 25.23000000 25.11100000 24.27000000 24.16700000 24.77200000 25.26500000 25.68200000 25.32900000 25.36300000 25.34500000 25.32400000 25.17000000 24.97000000 24.50700000 23.67900000 24.30800000 24.46900000 24.51700000 24.97100000 25.05300000
25.23000000 25.39600000 25.44600000 25.23100000 24.60400000 25.30000000 25.36800000 25.29800000 25.18500000 25.02400000 24.43000000 23.90200000 24.15300000 24.67700000 24.72800000 25.52200000 25.56900000 25.29500000 25.33000000 25.25000000 25.16400000 25.09900000 24.53300000 24.42900000 25.38200000 25.57100000 25.47400000 25.39500000 25.05900000 25.00300000
24.67100000 25.31200000 25.38900000 25.53600000 24.91100000 24.53800000 24.92000000 24.35900000 24.03500000 24.26100000 24.58300000 24.82000000 24.88900000 24.87500000 24.98100000 25.62900000 25.56700000 25.19500000 25.22500000 25.04200000 24.79100000 24.74500000 25.68100000 25.88100000 25.89900000 25.52400000 25.42700000 25.29200000 25.27000000 25.33800000
24.39900000 24.47400000 25.26000000 25.41200000 25.53800000 25.02300000 24.33700000 24.23800000 24.41100000 24.88900000 24.94000000 25.14700000 25.37300000 25.45200000 25.56000000 25.67800000 25.54900000 25.05000000 24.96600000 24.85700000 25.72400000 25.80300000 25.65000000 25.68800000 25.74100000 25.80500000 25.65500000 25.32300000 25.18700000 25.26200000
24.03900000 24.02600000 24.90200000 25.41400000 25.43900000 25.49900000 25.60800000 25.48500000 25.50000000 25.60500000 25.56200000 25.57000000 25.72900000 25.84700000 25.90400000 25.72200000 25.60900000 25.18600000 25.25500000 25.75600000 25.63200000 25.53100000 25.32100000 25.23900000 25.45500000 25.79000000 25.97300000 25.97500000 25.23100000 25.09200000
23.96700000 24.11700000 24.74500000 25.15000000 25.51800000 25.56100000 25.52400000 25.50500000 25.47400000 25.51700000 25.68200000 25.74700000 25.72300000 25.81500000 25.88800000 25.74100000 25.74300000 25.61200000 25.54700000 25.64400000 25.49700000 25.25900000 24.94600000 24.95000000 25.31000000 25.72400000 26.16900000 26.08200000 26.02700000 25.28100000
23.50400000 23.62700000 24.95800000 24.46000000 24.89800000 25.62700000 25.85500000 25.62000000 25.67600000 25.74000000 25.86000000 25.82500000 25.79400000 25.87900000 25.93300000 25.75100000 25.80900000 25.78400000 25.64100000 25.55600000 25.47300000 25.33300000 25.23600000 25.34100000 25.61100000 26.16000000 26.59400000 26.41800000 25.89000000 26.06300000
21.49700000 22.96500000 24.49300000 24.50800000 24.38900000 24.63400000 25.05100000 26.09800000 25.77700000 25.64900000 25.72700000 25.76200000 25.79900000 25.78100000 25.77400000 25.76300000 25.86000000 25.95200000 25.98200000 25.97700000 25.85300000 25.77400000 25.88700000 26.10800000 26.67700000 26.91300000 26.73400000 26.50200000 25.93400000 26.16100000
20.15400000 20.62500000 23.59200000 24.13100000 24.08100000 24.21500000 24.18500000 24.68900000 26.16700000 26.37200000 26.27600000 25.94600000 25.68400000 25.66400000 25.73100000 25.77600000 25.74000000 25.80300000 25.87800000 26.83100000 26.67300000 26.62800000 26.66900000 26.66400000 26.43200000 26.41700000 26.64500000 26.21500000 25.99000000 26.18200000
22.28900000 27.83300000 21.89100000 21.84100000 23.63600000 23.50900000 24.01700000 24.34200000 24.43000000 25.36900000 26.32500000 26.53800000 26.70600000 26.30900000 25.69700000 25.63400000 25.69800000 26.56100000 26.46100000 26.54200000 26.18400000 26.21400000 26.29800000 26.46100000 26.52600000 26.58800000 26.29900000 25.96400000 26.32700000 26.25400000
27.83300000 27.83300000 27.83300000 27.83300000 22.12000000 20.82000000 22.36500000 23.37900000 23.51100000 24.13400000 24.74700000 25.85900000 25.82300000 26.08100000 26.23000000 26.15800000 25.95400000 25.39000000 26.49700000 26.71400000 26.08400000 26.37100000 26.39200000 26.20200000 26.31600000 26.37700000 26.43700000 26.18400000 26.44200000 26.34900000
27.83300000 27.83300000 27.83300000 27.83300000 27.83300000 21.62600000 20.77000000 20.19100000 21.63700000 22.25500000 24.22100000 25.00900000 25.31600000 24.45800000 24.44300000 24.89200000 24.88200000 24.81900000 26.38700000 26.65300000 25.94600000 26.18800000 26.14200000 26.42300000 26.49600000 26.73700000 26.47800000 26.33100000 26.53900000 26.37700000
27.83300000 27.83300000 27.83300000 27.83300000 27.83300000 27.83300000 27.83300000 23.30100000 21.39400000 21.59200000 22.23600000 23.65600000 24.09700000 23.79000000 23.07200000 23.62400000 24.45400000 24.75700000 26.18600000 26.81400000 26.29800000 26.03200000 26.20900000 26.22600000 26.33600000 26.80100000 26.96600000 26.56600000 26.30700000 26.33400000
27.83300000 27.83300000 27.83300000 27.83300000 27.83300000 27.83300000 27.83300000 27.83300000 27.83300000 27.83300000 27.83300000 27.83300000 27.83300000 27.83300000 27.83300000 21.24500000 24.01900000 24.52600000 25.62200000 26.50600000 26.84900000 26.85900000 26.39900000 26.28100000 26.37500000 26.91200000 26.97200000 27.05600000 26.59200000 26.35300000
27.83300000 27.83300000 27.83300000 27.83300000 27.83300000 27.83300000 27.83300000 27.83300000 27.83300000 27.83300000 27.83300000 27.83300000 27.83300000 27.83300000 27.83300000 27.83300000 23.00500000 23.74200000 25.09400000 25.38600000 26.77600000 26.83600000 26.85400000 26.93700000 26.49700000 26.99500000 27.00700000 27.00500000 27.07900000 27.06400000
27.83300000 27.83300000 27.83300000 27.83300000 27.83300000 27.83300000 27.83300000 27.83300000 27.83300000 27.83300000 27.83300000 27.83300000 27.83300000 27.83300000 27.83300000 27.83300000 27.83300000 21.97600000 24.45300000 25.40000000 24.61800000 26.91700000 26.88100000 26.99400000 26.64300000 27.06000000 27.11900000 26.96700000 27.01300000 27.15500000
27.83300000 27.83300000 27.83300000 27.83300000 27.83300000 27.83300000 27.83300000 27.83300000 27.83300000 27.83300000 27.83300000 27.83300000 27.83300000 27.83300000 27.83300000 27.83300000 27.83300000 27.83300000 27.83300000 24.98200000 25.66200000 26.50100000 26.86700000 26.99500000 26.75500000 27.12500000 27.23600000 27.15900000 27.05600000 27.07200000
27.83300000 27.83300000 27.83300000 27.83300000 27.83300000 27.83300000 27.83300000 27.83300000 27.83300000 27.83300000 27.83300000 27.83300000 27.83300000 27.83300000 27.83300000 27.83300000 27.83300000 27.83300000 27.83300000 27.83300000 24.38000000 26.71200000 26.83800000 26.86900000 26.94400000 27.15300000 27.16100000 27.18600000 27.14400000 27.12000000
27.83300000 27.83300000 27.83300000 27.83300000 27.83300000 27.83300000 27.83300000 27.83300000 27.83300000 27.83300000 27.83300000 27.83300000 27.83300000 27.83300000 27.83300000 27.83300000 27.83300000 27.83300000 27.83300000 27.83300000 22.99600000 26.94200000 26.80800000 26.77300000 27.08200000 27.27800000 27.31600000 27.13200000 27.19900000 27.20900000
27.83300000 27.83300000 27.83300000 27.83300000 27.83300000 27.83300000 27.83300000 27.83300000 27.83300000 27.83300000 27.83300000 27.83300000 27.83300000 27.83300000 27.83300000 27.83300000 27.83300000 27.83300000 27.83300000 27.83300000 22.43400000 26.99800000 26.82700000 26.91000000 27.25600000 27.18300000 27.07100000 27.30700000 27.23000000 27.22100000
27.83300000 27.83300000 27.83300000 27.83300000 27.83300000 27.83300000 27.83300000 27.83300000 27.83300000 27.83300000 27.83300000 27.83300000 27.83300000 27.83300000 27.83300000 27.83300000 27.83300000 27.83300000 27.83300000 27.83300000 22.66600000 26.64200000 27.03400000 27.06900000 27.26100000 27.05900000 27.19000000 27.24300000 27.28600000 27.32300000
27.83300000 27.83300000 27.83300000 27.83300000 27.83300000 27.83300000 27.83300000 27.83300000 27.83300000 27.83300000 27.83300000 27.83300000 27.83300000 27.83300000 27.83300000 27.83300000 27.83300000 27.83300000 27.83300000 27.83300000 27.83300000 25.51700000 27.07600000 27.23900000 27.08700000 27.07200000 27.19700000 27.20800000 27.35300000 27.35300000
27.83300000 27.83300000 27.83300000 27.83300000 27.83300000 27.83300000 27.83300000 27.83300000 27.83300000 27.83300000 27.83300000 27.83300000 27.83300000 27.83300000 27.83300000 27.83300000 27.83300000 27.83300000 27.83300000 27.83300000 27.83300000 23.69000000 26.78800000 27.07300000 27.08300000 27.09600000 27.17500000 27.03100000 27.08600000 27.35600000
27.83300000 27.83300000 27.83300000 27.83300000 27.83300000 27.83300000 27.83300000 27.83300000 27.83300000 27.83300000 27.83300000 27.83300000 27.83300000 27.83300000 27.83300000 27.83300000 27.83300000 27.83300000 27.83300000 27.83300000 27.83300000 27.83300000 26.52000000 26.91600000 27.00700000 27.00600000 26.95700000 26.89900000 26.88900000 27.02400000
27.83300000 27.83300000 27.83300000 27.83300000 27.83300000 27.83300000 27.83300000 27.83300000 27.83300000 27.83300000 27.83300000 27.83300000 27.83300000 27.83300000 27.83300000 27.83300000 27.83300000 27.83300000 27.83300000 27.83300000 27.83300000 27.83300000 25.69500000 26.74200000 26.70200000 26.74800000 26.76600000 26.85700000 26.90300000 27.29400000
27.83300000 27.83300000 27.83300000 27.83300000 27.83300000 27.83300000 27.83300000 27.83300000 27.83300000 27.83300000 27.83300000 27.83300000 27.83300000 27.83300000 27.83300000 27.83300000 27.83300000 27.83300000 27.83300000 27.83300000 27.83300000 27.83300000 27.83300000 26.53100000 26.88700000 26.84500000 27.20900000 26.95300000 27.18900000 27.43500000
