37.00500000 36.93000000 37.01100000 36.95200000 36.96100000 37.08500000 37.19500000 37.27600000 37.26300000 37.22300000 37.15300000 37.04700000 36.90400000 36.64600000 36.49300000 36.83400000 36.92300000 37.01700000 36.98600000 37.05400000 37.04400000 37.02600000 36.90600000 36.73200000 36.49700000 36.27300000 36.40500000 36.49700000 36.38700000 36.38500000
36.99200000 36.97400000 36.93700000 36.94800000 36.98900000 37.19900000 37.23500000 37.22500000 37.19200000 37.14500000 37.04800000 36.93400000 36.65500000 36.54300000 36.78700000 36.90400000 37.04600000 36.99800000 37.03400000 37.07300000 37.04200000 36.93900000 36.82000000 36.66000000 36.33400000 36.59100000 36.58600000 36.57000000 36.80200000 36.89600000
36.88900000 37.03000000 36.90800000 36.92900000 36.89500000 37.15300000 37.16300000 37.13400000 37.06300000 36.97900000 36.73100000 36.43700000 36.53300000 36.80500000 36.80400000 36.95700000 37.08400000 36.97000000 37.02000000 37.01600000 36.95700000 36.88300000 36.69100000 36.65100000 37.01400000 37.05400000 37.03700000 37.04300000 36.93700000 36.86700000
36.60700000 37.04300000 36.88200000 36.91900000 36.96600000 36.83400000 36.98600000 36.70900000 36.48100000 36.64800000 36.82000000 36.89500000 36.89100000 36.87000000 36.85900000 36.98700000 37.06800000 36.92000000 36.95600000 36.92100000 36.80700000 36.72400000 37.13700000 37.23100000 37.21500000 37.03700000 37.04300000 37.00600000 37.00000000 36.95700000
36.53000000 36.32300000 36.99200000 36.84300000 36.92200000 36.95600000 36.74100000 36.66300000 36.77200000 36.94100000 36.88800000 36.88900000 36.91100000 36.91900000 36.94100000 36.99600000 37.04100000 36.84800000 36.80400000 36.76700000 37.14800000 37.22300000 37.20800000 37.21300000 37.22800000 37.24700000 37.09900000 36.94700000 36.81000000 36.77400000
36.37100000 35.83700000 36.92100000 36.94400000 36.82100000 36.86400000 36.94100000 36.93300000 36.93400000 36.92600000 36.86900000 36.85500000 36.93500000 37.01100000 37.03400000 36.99500000 37.09400000 36.94300000 36.99300000 37.17100000 37.19800000 37.16800000 37.08100000 37.06300000 37.14500000 37.22300000 37.26700000 37.25500000 36.81600000 36.56400000
36.07600000 35.34300000 36.86800000 37.01000000 37.06200000 36.94000000 36.85400000 36.82600000 36.81300000 36.83800000 36.94400000 37.00200000 36.99400000 37.01300000 37.03800000 37.00300000 37.19100000 37.13600000 37.11800000 37.17600000 37.15500000 37.03600000 36.95300000 36.94900000 37.09400000 37.19400000 37.26900000 37.28200000 37.26300000 36.77500000
35.70600000 35.19800000 36.40300000 36.67300000 36.88400000 37.14400000 37.12600000 36.89900000 36.91800000 36.94700000 37.01600000 36.98300000 36.99400000 37.04800000 37.06700000 37.04300000 37.21800000 37.19500000 37.14000000 37.13600000 37.14400000 37.08300000 37.04400000 37.09800000 37.17000000 37.24500000 37.36400000 37.35200000 37.25700000 37.23500000
35.34900000 35.71700000 36.27400000 36.74200000 36.66800000 36.72100000 36.92800000 37.27900000 36.96800000 36.88900000 36.91700000 36.94100000 36.95600000 36.95600000 36.95600000 37.03200000 37.20100000 37.24800000 37.25600000 37.24600000 37.20100000 37.17900000 37.21300000 37.21600000 37.36700000 37.46700000 37.45900000 37.38400000 37.27500000 37.26200000
35.23900000 35.30200000 35.94000000 36.34400000 36.41700000 36.57200000 36.50700000 36.78300000 37.31400000 37.35200000 37.26200000 37.05400000 36.93300000 36.95000000 36.95700000 36.97500000 37.05200000 37.04200000 37.01400000 37.43600000 37.41000000 37.41400000 37.42200000 37.42300000 37.39100000 37.39800000 37.44900000 37.31900000 37.25000000 37.25100000
34.60600000 34.83900000 34.88300000 35.23300000 36.09800000 36.13900000 36.49000000 36.14600000 36.60500000 37.11500000 37.33100000 37.37600000 37.41800000 37.22800000 36.95300000 36.96700000 36.96400000 37.38100000 37.31500000 37.33900000 37.30200000 37.31900000 37.34800000 37.40200000 37.41200000 37.42500000 37.33100000 37.26300000 37.32600000 37.22500000
37.59700000 37.59700000 37.59700000 35.06100000 35.54900000 35.76200000 36.07500000 35.98300000 35.77400000 36.31700000 36.92900000 37.22700000 37.21300000 37.28500000 37.31500000 37.27500000 37.18600000 36.96400000 37.31800000 37.35200000 37.26000000 37.35700000 37.34200000 37.26400000 37.28100000 37.32300000 37.34500000 37.27500000 37.35800000 37.20800000
37.59700000 37.59700000 37.59700000 37.59700000 35.18900000 35.30500000 35.53900000 35.54300000 35.67100000 35.73800000 36.53500000 37.04000000 37.10100000 36.69800000 36.65100000 36.92800000 36.85300000 36.46200000 37.28900000 37.33700000 37.21700000 37.26400000 37.23600000 37.21800000 37.26200000 37.34900000 37.33000000 37.31900000 37.39100000 37.21100000
37.59700000 37.59700000 37.59700000 37.59700000 37.59700000 37.59700000 35.29000000 35.36000000 35.45500000 35.53200000 35.98200000 36.32300000 36.51000000 36.37200000 36.15600000 36.25500000 36.77600000 36.34900000 37.21400000 37.36000000 37.26100000 37.17400000 37.19500000 37.18800000 37.26200000 37.35800000 37.45200000 37.35300000 37.31300000 37.26200000
37.59700000 37.59700000 37.59700000 37.59700000 37.59700000 37.59700000 37.59700000 37.59700000 37.59700000 37.59700000 37.59700000 37.59700000 35.66500000 35.83400000 36.10100000 36.16400000 36.62500000 36.16300000 37.04200000 37.27700000 37.34600000 37.36600000 37.26300000 37.22200000 37.29000000 37.36300000 37.41700000 37.49200000 37.36200000 37.31300000
37.59700000 37.59700000 37.59700000 37.59700000 37.59700000 37.59700000 37.59700000 37.59700000 37.59700000 37.59700000 37.59700000 37.59700000 37.59700000 37.59700000 37.59700000 35.97000000 36.30200000 36.05600000 36.53700000 37.01800000 37.31800000 37.35100000 37.38000000 37.39600000 37.32800000 37.34900000 37.37800000 37.47100000 37.51500000 37.51000000
37.59700000 37.59700000 37.59700000 37.59700000 37.59700000 37.59700000 37.59700000 37.59700000 37.59700000 37.59700000 37.59700000 37.59700000 37.59700000 37.59700000 37.59700000 37.59700000 36.00000000 36.01300000 36.63800000 36.93400000 36.86100000 37.34900000 37.41800000 37.41000000 37.36700000 37.31900000 37.35700000 37.39100000 37.42800000 37.55000000
37.59700000 37.59700000 37.59700000 37.59700000 37.59700000 37.59700000 37.59700000 37.59700000 37.59700000 37.59700000 37.59700000 37.59700000 37.59700000 37.59700000 37.59700000 37.59700000 37.59700000 37.59700000 35.93100000 36.72800000 37.08000000 37.15200000 37.42100000 37.41400000 37.37700000 37.31000000 37.34800000 37.37300000 37.32800000 37.41400000
37.59700000 37.59700000 37.59700000 37.59700000 37.59700000 37.59700000 37.59700000 37.59700000 37.59700000 37.59700000 37.59700000 37.59700000 37.59700000 37.59700000 37.59700000 37.59700000 37.59700000 37.59700000 37.59700000 36.65900000 36.88400000 37.24900000 37.42400000 37.42200000 37.29500000 37.33500000 37.34100000 37.36400000 37.35600000 37.32000000
37.59700000 37.59700000 37.59700000 37.59700000 37.59700000 37.59700000 37.59700000 37.59700000 37.59700000 37.59700000 37.59700000 37.59700000 37.59700000 37.59700000 37.59700000 37.59700000 37.59700000 37.59700000 37.59700000 36.75400000 36.62000000 37.32200000 37.42000000 37.40400000 37.31200000 37.40400000 37.40600000 37.35100000 37.37100000 37.32600000
37.59700000 37.59700000 37.59700000 37.59700000 37.59700000 37.59700000 37.59700000 37.59700000 37.59700000 37.59700000 37.59700000 37.59700000 37.59700000 37.59700000 37.59700000 37.59700000 37.59700000 37.59700000 37.59700000 36.87800000 36.76200000 37.34200000 37.38700000 37.33100000 37.38500000 37.37700000 37.39100000 37.42500000 37.38600000 37.34600000
37.59700000 37.59700000 37.59700000 37.59700000 37.59700000 37.59700000 37.59700000 37.59700000 37.59700000 37.59700000 37.59700000 37.59700000 37.59700000 37.59700000 37.59700000 37.59700000 37.59700000 37.59700000 37.59700000 36.46800000 36.58000000 37.18100000 37.32200000 37.31400000 37.37800000 37.37800000 37.37400000 37.38100000 37.39400000 37.38600000
37.59700000 37.59700000 37.59700000 37.59700000 37.59700000 37.59700000 37.59700000 37.59700000 37.59700000 37.59700000 37.59700000 37.59700000 37.59700000 37.59700000 37.59700000 37.59700000 37.59700000 37.59700000 37.59700000 37.59700000 36.69400000 36.80300000 37.33000000 37.37800000 37.34000000 37.36500000 37.33000000 37.31900000 37.34200000 37.35400000
37.59700000 37.59700000 37.59700000 37.59700000 37.59700000 37.59700000 37.59700000 37.59700000 37.59700000 37.59700000 37.59700000 37.59700000 37.59700000 37.59700000 37.59700000 37.59700000 37.59700000 37.59700000 37.59700000 37.59700000 37.59700000 36.61600000 37.22300000 37.31000000 37.33900000 37.33100000 37.32100000 37.30700000 37.28800000 37.31100000
37.59700000 37.59700000 37.59700000 37.59700000 37.59700000 37.59700000 37.59700000 37.59700000 37.59700000 37.59700000 37.59700000 37.59700000 37.59700000 37.59700000 37.59700000 37.59700000 37.59700000 37.59700000 37.59700000 37.59700000 37.59700000 36.41000000 37.05400000 37.24400000 37.28800000 37.30500000 37.28900000 37.27000000 37.27100000 37.26600000
37.59700000 37.59700000 37.59700000 37.59700000 37.59700000 37.59700000 37.59700000 37.59700000 37.59700000 37.59700000 37.59700000 37.59700000 37.59700000 37.59700000 37.59700000 37.59700000 37.59700000 37.59700000 37.59700000 37.59700000 37.59700000 37.59700000 36.59300000 37.10100000 37.16700000 37.19300000 37.19900000 37.21100000 37.22300000 37.29100000
37.59700000 37.59700000 37.59700000 37.59700000 37.59700000 37.59700000 37.59700000 37.59700000 37.59700000 37.59700000 37.59700000 37.59700000 37.59700000 37.59700000 37.59700000 37.59700000 37.59700000 37.59700000 37.59700000 37.59700000 37.59700000 37.59700000 37.59700000 36.76400000 37.15300000 37.16700000 37.23600000 37.22000000 37.26400000 37.28500000
37.00100000 36.93000000 37.01000000 36.95100000 36.96000000 37.08400000 37.19500000 37.27500000 37.26200000 37.22400000 37.15400000 37.04800000 36.90600000 36.64600000 36.49500000 36.83300000 36.92200000 37.01800000 36.98500000 37.05400000 37.04400000 37.02600000 36.90600000 36.73000000 36.49700000 36.27200000 36.40500000 36.49700000 36.38600000 36.38800000
36.99100000 36.97300000 36.93600000 36.94700000 36.98800000 37.19800000 37.23400000 37.22400000 37.19100000 37.14400000 37.04800000 36.93300000 36.65500000 36.54200000 36.78600000 36.90300000 37.04500000 36.99800000 37.03300000 37.07200000 37.04200000 36.93800000 36.81900000 36.65900000 36.33300000 36.59100000 36.58500000 36.56900000 36.80300000 36.89700000
36.88700000 37.03000000 36.90700000 36.92700000 36.89400000 37.15200000 37.16300000 37.13400000 37.06200000 36.97800000 36.73100000 36.43600000 36.53300000 36.80400000 36.80300000 36.95500000 37.08300000 36.96900000 37.01900000 37.01500000 36.95600000 36.88200000 36.69000000 36.65000000 37.01400000 37.05300000 37.03600000 37.04200000 36.93600000 36.86500000
36.60500000 37.04200000 36.88200000 36.91900000 36.96600000 36.83400000 36.98600000 36.71000000 36.48000000 36.64700000 36.81900000 36.89400000 36.89000000 36.86900000 36.85800000 36.98500000 37.06700000 36.91900000 36.95500000 36.92000000 36.80700000 36.72300000 37.13600000 37.23000000 37.21500000 37.03700000 37.04200000 37.00500000 36.99900000 36.95600000
36.53400000 36.33900000 36.99200000 36.84300000 36.92100000 36.95600000 36.74100000 36.66300000 36.77300000 36.94100000 36.88700000 36.88800000 36.91000000 36.91800000 36.94000000 36.99400000 37.04000000 36.84700000 36.80300000 36.76600000 37.14700000 37.22200000 37.20700000 37.21200000 37.22700000 37.24600000 37.10000000 36.94600000 36.80900000 36.77300000
36.37700000 35.89700000 36.92100000 36.94400000 36.82100000 36.86300000 36.94000000 36.93200000 36.93300000 36.92600000 36.86900000 36.85400000 36.93400000 37.01100000 37.03300000 36.99400000 37.09300000 36.94300000 36.99200000 37.17000000 37.19700000 37.16700000 37.08000000 37.06200000 37.14400000 37.22200000 37.26500000 37.25400000 36.81600000 36.56300000
36.08700000 35.84400000 36.86700000 37.00900000 37.06100000 36.93900000 36.85300000 36.82500000 36.81300000 36.83700000 36.94300000 37.00100000 36.99300000 37.01200000 37.03700000 37.00200000 37.19000000 37.13600000 37.11700000 37.17500000 37.15400000 37.03500000 36.95200000 36.94800000 37.09300000 37.19300000 37.26800000 37.28100000 37.26200000 36.78100000
35.91000000 35.52100000 36.59800000 36.67100000 36.88200000 37.14300000 37.12500000 36.89800000 36.91700000 36.94600000 37.01500000 36.98200000 36.99300000 37.04700000 37.06600000 37.04200000 37.21700000 37.19400000 37.13900000 37.13500000 37.14300000 37.08300000 37.04400000 37.09700000 37.16900000 37.24400000 37.36200000 37.35200000 37.25600000 37.23500000
35.81600000 35.72400000 36.43800000 36.74100000 36.66500000 36.72000000 36.92700000 37.27800000 36.96800000 36.88800000 36.91600000 36.94000000 36.95500000 36.95500000 36.95500000 37.03100000 37.20000000 37.24700000 37.25500000 37.24600000 37.20100000 37.17900000 37.21200000 37.21500000 37.36600000 37.46500000 37.45800000 37.38300000 37.27400000 37.26100000
35.68900000 35.81300000 36.16500000 36.34800000 36.41600000 36.57100000 36.50700000 36.78200000 37.31200000 37.35200000 37.26200000 37.05500000 36.93200000 36.95000000 36.95600000 36.97400000 37.05100000 37.04100000 37.01400000 37.43500000 37.41000000 37.41300000 37.42100000 37.42200000 37.39000000 37.39700000 37.44800000 37.31800000 37.24900000 37.25000000
35.41200000 37.59700000 35.48500000 35.59500000 36.13900000 36.15700000 36.49100000 36.36600000 36.60400000 37.11400000 37.33100000 37.37600000 37.41800000 37.22800000 36.95300000 36.96600000 36.96300000 37.38000000 37.31400000 37.33800000 37.30100000 37.31900000 37.34700000 37.40100000 37.41100000 37.42400000 37.33000000 37.26200000 37.32500000 37.22400000
37.59700000 37.59700000 37.59700000 37.59700000 35.72800000 36.00400000 36.48100000 36.42300000 36.12700000 36.32200000 36.92700000 37.22700000 37.21200000 37.28400000 37.31300000 37.27400000 37.18400000 36.96400000 37.31700000 37.35100000 37.25900000 37.35600000 37.34100000 37.26300000 37.28000000 37.32200000 37.34400000 37.27400000 37.35700000 37.20700000
37.59700000 37.59700000 37.59700000 37.59700000 37.59700000 35.61800000 35.86900000 35.97700000 36.17800000 35.77300000 36.53600000 37.03700000 37.10000000 36.69800000 36.65000000 36.92700000 36.85200000 36.46100000 37.28800000 37.33600000 37.21600000 37.26300000 37.23500000 37.21700000 37.26100000 37.34800000 37.32900000 37.31800000 37.39000000 37.20900000
37.59700000 37.59700000 37.59700000 37.59700000 37.59700000 37.59700000 37.59700000 35.48800000 35.64600000 35.74000000 36.04800000 36.42600000 36.50700000 36.37700000 36.14900000 36.25400000 36.77400000 36.35200000 37.21300000 37.35900000 37.26000000 37.17300000 37.19400000 37.18700000 37.26100000 37.35700000 37.45100000 37.35300000 37.31100000 37.26100000
37.59700000 37.59700000 37.59700000 37.59700000 37.59700000 37.59700000 37.59700000 37.59700000 37.59700000 37.59700000 37.59700000 37.59700000 37.59700000 37.59700000 37.59700000 36.18500000 36.61700000 36.20600000 37.04000000 37.27500000 37.34500000 37.36600000 37.26200000 37.22200000 37.28900000 37.36200000 37.41600000 37.49100000 37.36200000 37.31100000
37.59700000 37.59700000 37.59700000 37.59700000 37.59700000 37.59700000 37.59700000 37.59700000 37.59700000 37.59700000 37.59700000 37.59700000 37.59700000 37.59700000 37.59700000 37.59700000 36.36100000 36.24800000 36.53500000 37.01700000 37.31600000 37.35000000 37.37900000 37.39500000 37.32700000 37.34800000 37.37600000 37.47000000 37.51400000 37.50900000
37.59700000 37.59700000 37.59700000 37.59700000 37.59700000 37.59700000 37.59700000 37.59700000 37.59700000 37.59700000 37.59700000 37.59700000 37.59700000 37.59700000 37.59700000 37.59700000 37.59700000 36.37300000 36.61700000 36.93100000 36.86500000 37.34800000 37.41700000 37.40900000 37.36600000 37.31800000 37.35500000 37.38900000 37.42700000 37.54900000
37.59700000 37.59700000 37.59700000 37.59700000 37.59700000 37.59700000 37.59700000 37.59700000 37.59700000 37.59700000 37.59700000 37.59700000 37.59700000 37.59700000 37.59700000 37.59700000 37.59700000 37.59700000 37.59700000 36.63600000 37.07500000 37.13700000 37.42000000 37.41300000 37.37700000 37.30900000 37.34700000 37.37200000 37.32700000 37.41500000
37.59700000 37.59700000 37.59700000 37.59700000 37.59700000 37.59700000 37.59700000 37.59700000 37.59700000 37.59700000 37.59700000 37.59700000 37.59700000 37.59700000 37.59700000 37.59700000 37.59700000 37.59700000 37.59700000 37.59700000 36.84100000 37.24600000 37.42300000 37.42100000 37.29400000 37.33400000 37.34000000 37.36200000 37.35500000 37.31900000
37.59700000 37.59700000 37.59700000 37.59700000 37.59700000 37.59700000 37.59700000 37.59700000 37.59700000 37.59700000 37.59700000 37.59700000 37.59700000 37.59700000 37.59700000 37.59700000 37.59700000 37.59700000 37.59700000 37.59700000 36.58900000 37.32000000 37.41900000 37.40300000 37.31100000 37.40300000 37.40500000 37.34900000 37.37000000 37.32500000
37.59700000 37.59700000 37.59700000 37.59700000 37.59700000 37.59700000 37.59700000 37.59700000 37.59700000 37.59700000 37.59700000 37.59700000 37.59700000 37.59700000 37.59700000 37.59700000 37.59700000 37.59700000 37.59700000 37.59700000 36.45200000 37.34100000 37.38400000 37.33000000 37.38400000 37.37600000 37.39000000 37.42400000 37.38600000 37.34500000
37.59700000 37.59700000 37.59700000 37.59700000 37.59700000 37.59700000 37.59700000 37.59700000 37.59700000 37.59700000 37.59700000 37.59700000 37.59700000 37.59700000 37.59700000 37.59700000 37.59700000 37.59700000 37.59700000 37.59700000 36.54800000 37.17800000 37.32100000 37.31300000 37.37700000 37.37700000 37.37300000 37.38000000 37.39300000 37.38500000
37.59700000 37.59700000 37.59700000 37.59700000 37.59700000 37.59700000 37.59700000 37.59700000 37.59700000 37.59700000 37.59700000 37.59700000 37.59700000 37.59700000 37.59700000 37.59700000 37.59700000 37.59700000 37.59700000 37.59700000 37.59700000 36.73000000 37.32900000 37.37700000 37.33900000 37.36500000 37.33000000 37.31800000 37.34100000 37.35300000
37.59700000 37.59700000 37.59700000 37.59700000 37.59700000 37.59700000 37.59700000 37.59700000 37.59700000 37.59700000 37.59700000 37.59700000 37.59700000 37.59700000 37.59700000 37.59700000 37.59700000 37.59700000 37.59700000 37.59700000 37.59700000 36.61800000 37.22100000 37.30900000 37.33800000 37.33100000 37.32100000 37.30700000 37.28800000 37.31000000
37.59700000 37.59700000 37.59700000 37.59700000 37.59700000 37.59700000 37.59700000 37.59700000 37.59700000 37.59700000 37.59700000 37.59700000 37.59700000 37.59700000 37.59700000 37.59700000 37.59700000 37.59700000 37.59700000 37.59700000 37.59700000 37.59700000 37.05200000 37.24300000 37.28800000 37.30600000 37.29000000 37.27200000 37.27300000 37.26700000
37.59700000 37.59700000 37.59700000 37.59700000 37.59700000 37.59700000 37.59700000 37.59700000 37.59700000 37.59700000 37.59700000 37.59700000 37.59700000 37.59700000 37.59700000 37.59700000 37.59700000 37.59700000 37.59700000 37.59700000 37.59700000 37.59700000 36.55700000 37.10400000 37.16700000 37.19500000 37.20200000 37.21300000 37.22700000 37.29400000
37.59700000 37.59700000 37.59700000 37.59700000 37.59700000 37.59700000 37.59700000 37.59700000 37.59700000 37.59700000 37.59700000 37.59700000 37.59700000 37.59700000 37.59700000 37.59700000 37.59700000 37.59700000 37.59700000 37.59700000 37.59700000 37.59700000 37.59700000 36.80500000 37.15800000 37.17100000 37.23800000 37.22100000 37.26400000 37.28800000
