 25.56700000  25.31400000  25.59700000  25.52500000  25.02200000  25.10300000  25.53000000  25.53400000  25.53900000  25.43700000  25.36100000  25.30400000  25.20000000  24.38100000  24.21900000  25.35700000  25.63600000  25.68200000  25.40900000  25.33700000  25.35500000  25.33700000  25.17200000  24.87900000  24.19500000  23.84800000  24.19700000  24.50900000  24.47400000  24.67300000
 25.31300000  25.12800000  25.42500000  25.08500000  24.76700000  25.38200000  25.46900000  25.41300000  25.37800000  25.32800000  25.20600000  25.08500000  24.24200000  24.14600000  24.74700000  25.25000000  25.65400000  25.29700000  25.33200000  25.31600000  25.29300000  25.13800000  24.94200000  24.46300000  23.66200000  24.29700000  24.44500000  24.50600000  24.96800000  25.03700000
 25.20200000  25.36400000  25.42100000  25.19500000  24.59400000  25.27800000  25.34200000  25.26900000  25.15600000  25.00200000  24.39800000  23.88100000  24.13100000  24.65500000  24.70400000  25.50300000  25.53000000  25.26200000  25.29800000  25.21700000  25.13000000  25.06500000  24.48800000  24.43100000  25.39500000  25.53800000  25.44500000  25.35700000  25.03100000  24.98000000
 24.63900000  25.28600000  25.35900000  25.50900000  24.86600000  24.52700000  24.89900000  24.32900000  24.01500000  24.24900000  24.56700000  24.79900000  24.86500000  24.85000000  24.96900000  25.60500000  25.53200000  25.16100000  25.19000000  25.00400000  24.75700000  24.73300000  25.66700000  25.85500000  25.87000000  25.48900000  25.39700000  25.26900000  25.24900000  25.31700000
 24.34600000  24.34600000  25.22600000  25.39100000  25.51100000  25.00400000  24.31100000  24.21700000  24.38600000  24.86800000  24.91800000  25.12200000  25.35000000  25.42900000  25.54000000  25.64900000  25.51200000  25.00800000  24.93400000  24.84200000  25.71100000  25.76600000  25.62000000  25.66300000  25.71500000  25.77900000  25.62000000  25.29400000  25.15700000  25.24100000
 24.01500000  23.90900000  24.86400000  25.38500000  25.41200000  25.46800000  25.57600000  25.46100000  25.47800000  25.57600000  25.53200000  25.54200000  25.70100000  25.82000000  25.87600000  25.68900000  25.57900000  25.14900000  25.24600000  25.73400000  25.59900000  25.50200000  25.28500000  25.21000000  25.42900000  25.76600000  25.94800000  25.94700000  25.20000000  25.07500000
 23.90500000  23.64900000  24.71100000  25.11800000  25.49200000  25.54100000  25.49900000  25.48100000  25.44700000  25.48900000  25.65700000  25.71500000  25.69300000  25.78600000  25.85900000  25.70900000  25.71500000  25.57100000  25.51700000  25.61500000  25.46600000  25.22200000  24.91300000  24.92800000  25.28800000  25.70400000  26.14600000  26.05300000  25.99800000  25.25000000
 23.83400000  23.57400000  24.42400000  24.42300000  24.85900000  25.61100000  25.84000000  25.59200000  25.65000000  25.71200000  25.83000000  25.79400000  25.76300000  25.85000000  25.90500000  25.72400000  25.78100000  25.75400000  25.61200000  25.53200000  25.44600000  25.30800000  25.21700000  25.32100000  25.59100000  26.14300000  26.57100000  26.39600000  25.86400000  26.03400000
 23.49800000  23.83000000  24.12800000  24.47800000  24.36000000  24.60300000  25.02300000  26.08800000  25.75000000  25.62100000  25.69500000  25.73200000  25.78100000  25.75200000  25.74500000  25.73000000  25.83200000  25.92400000  25.95400000  25.94800000  25.82900000  25.75800000  25.87300000  26.08700000  26.66500000  26.88500000  26.70600000  26.47600000  25.90800000  26.13400000
 23.17400000  22.82600000  23.64500000  24.08000000  24.05400000  24.17800000  24.15900000  24.66800000  26.14300000  26.34900000  26.25500000  25.91700000  25.65400000  25.63800000  25.70900000  25.75000000  25.71300000  25.77600000  25.85300000  26.80300000  26.63400000  26.59400000  26.63700000  26.63100000  26.39700000  26.38600000  26.61700000  26.18900000  25.96600000  26.15700000
 24.28800000  23.57600000  23.48200000  23.16700000  23.65200000  23.54900000  23.98900000  24.02600000  24.37900000  25.37900000  26.30600000  26.52600000  26.68900000  26.25700000  25.66300000  25.60800000  25.66400000  26.52900000  26.45400000  26.53400000  26.15400000  26.18700000  26.27700000  26.44200000  26.50300000  26.56300000  26.26800000  25.93800000  26.30000000  26.23300000
 27.83300000  27.83300000  27.83300000  23.94000000  23.63800000  23.25900000  23.44700000  23.47400000  23.54900000  24.07900000  24.75200000  25.82700000  25.77700000  26.05300000  26.20200000  26.12900000  25.94400000  25.33300000  26.48000000  26.68400000  26.05900000  26.35000000  26.36300000  26.18500000  26.30200000  26.34700000  26.40700000  26.15600000  26.41300000  26.32500000
 27.83300000  27.83300000  27.83300000  27.83300000  23.64900000  23.55500000  23.30200000  23.30000000  23.26900000  23.41500000  24.18700000  25.00500000  25.27100000  24.42200000  24.38500000  24.86000000  24.81800000  24.80300000  26.36000000  26.62900000  25.92500000  26.16400000  26.12100000  26.39600000  26.47000000  26.71300000  26.45400000  26.30700000  26.51200000  26.35200000
 27.83300000  27.83300000  27.83300000  27.83300000  27.83300000  27.83300000  24.38800000  23.98800000  23.28100000  23.30500000  23.46600000  23.67900000  24.06000000  23.75400000  23.12300000  23.60400000  24.42300000  24.73200000  26.15700000  26.79100000  26.27500000  26.01100000  26.18700000  26.20000000  26.31400000  26.77700000  26.94000000  26.53400000  26.28500000  26.30200000
 27.83300000  27.83300000  27.83300000  27.83300000  27.83300000  27.83300000  27.83300000  27.83300000  27.83300000  27.83300000  27.83300000  27.83300000  23.26600000  23.10800000  23.05100000  23.37800000  24.09600000  24.65600000  25.58500000  26.48800000  26.82300000  26.83700000  26.39400000  26.26600000  26.35300000  26.89000000  26.94500000  27.03100000  26.56000000  26.32700000
 27.83300000  27.83300000  27.83300000  27.83300000  27.83300000  27.83300000  27.83300000  27.83300000  27.83300000  27.83300000  27.83300000  27.83300000  27.83300000  27.83300000  27.83300000  23.46400000  23.89300000  24.73700000  25.06000000  25.32700000  26.76000000  26.80600000  26.82900000  26.91000000  26.48400000  26.97200000  26.97900000  26.98000000  27.05300000  27.02400000
 27.83300000  27.83300000  27.83300000  27.83300000  27.83300000  27.83300000  27.83300000  27.83300000  27.83300000  27.83300000  27.83300000  27.83300000  27.83300000  27.83300000  27.83300000  27.83300000  23.84500000  24.22500000  25.20000000  25.36400000  24.67900000  26.88800000  26.85300000  26.96400000  26.62500000  27.03700000  27.09000000  26.94000000  26.98800000  27.12500000
 27.83300000  27.83300000  27.83300000  27.83300000  27.83300000  27.83300000  27.83300000  27.83300000  27.83300000  27.83300000  27.83300000  27.83300000  27.83300000  27.83300000  27.83300000  27.83300000  27.83300000  27.83300000  23.86300000  25.27600000  25.63400000  26.49300000  26.84400000  26.96700000  26.74400000  27.10200000  27.20800000  27.13100000  27.02900000  27.03900000
 27.83300000  27.83300000  27.83300000  27.83300000  27.83300000  27.83300000  27.83300000  27.83300000  27.83300000  27.83300000  27.83300000  27.83300000  27.83300000  27.83300000  27.83300000  27.83300000  27.83300000  27.83300000  27.83300000  25.57800000  24.52500000  26.71700000  26.81000000  26.83500000  26.92900000  27.12900000  27.13300000  27.16000000  27.11400000  27.09600000
 27.83300000  27.83300000  27.83300000  27.83300000  27.83300000  27.83300000  27.83300000  27.83300000  27.83300000  27.83300000  27.83300000  27.83300000  27.83300000  27.83300000  27.83300000  27.83300000  27.83300000  27.83300000  27.83300000  25.78800000  23.39200000  26.92500000  26.78000000  26.75300000  27.06600000  27.25900000  27.28800000  27.10600000  27.17300000  27.18900000
 27.83300000  27.83300000  27.83300000  27.83300000  27.83300000  27.83300000  27.83300000  27.83300000  27.83300000  27.83300000  27.83300000  27.83300000  27.83300000  27.83300000  27.83300000  27.83300000  27.83300000  27.83300000  27.83300000  25.83400000  25.17800000  26.98400000  26.79300000  26.89000000  27.23900000  27.14600000  27.04800000  27.27900000  27.20000000  27.19700000
 27.83300000  27.83300000  27.83300000  27.83300000  27.83300000  27.83300000  27.83300000  27.83300000  27.83300000  27.83300000  27.83300000  27.83300000  27.83300000  27.83300000  27.83300000  27.83300000  27.83300000  27.83300000  27.83300000  25.38800000  23.14800000  26.63500000  27.00800000  27.05100000  27.23000000  27.03200000  27.17300000  27.21600000  27.26200000  27.30300000
 27.83300000  27.83300000  27.83300000  27.83300000  27.83300000  27.83300000  27.83300000  27.83300000  27.83300000  27.83300000  27.83300000  27.83300000  27.83300000  27.83300000  27.83300000  27.83300000  27.83300000  27.83300000  27.83300000  27.83300000  25.69200000  26.10800000  27.05100000  27.21300000  27.05900000  27.04800000  27.17000000  27.18300000  27.32800000  27.32100000
 27.83300000  27.83300000  27.83300000  27.83300000  27.83300000  27.83300000  27.83300000  27.83300000  27.83300000  27.83300000  27.83300000  27.83300000  27.83300000  27.83300000  27.83300000  27.83300000  27.83300000  27.83300000  27.83300000  27.83300000  27.83300000  24.84300000  26.76900000  27.04700000  27.05500000  27.07600000  27.14700000  27.00200000  27.06100000  27.33200000
 27.83300000  27.83300000  27.83300000  27.83300000  27.83300000  27.83300000  27.83300000  27.83300000  27.83300000  27.83300000  27.83300000  27.83300000  27.83300000  27.83300000  27.83300000  27.83300000  27.83300000  27.83300000  27.83300000  27.83300000  27.83300000  25.85000000  26.49200000  26.89000000  26.98300000  26.97700000  26.93300000  26.87300000  26.86700000  26.99600000
 27.83300000  27.83300000  27.83300000  27.83300000  27.83300000  27.83300000  27.83300000  27.83300000  27.83300000  27.83300000  27.83300000  27.83300000  27.83300000  27.83300000  27.83300000  27.83300000  27.83300000  27.83300000  27.83300000  27.83300000  27.83300000  27.83300000  26.34900000  26.70100000  26.69000000  26.72500000  26.74100000  26.83000000  26.87200000  27.26100000
 27.83300000  27.83300000  27.83300000  27.83300000  27.83300000  27.83300000  27.83300000  27.83300000  27.83300000  27.83300000  27.83300000  27.83300000  27.83300000  27.83300000  27.83300000  27.83300000  27.83300000  27.83300000  27.83300000  27.83300000  27.83300000  27.83300000  27.83300000  26.48000000  26.84400000  26.80700000  27.18400000  26.93400000  27.18000000  27.42200000
 25.61100000  25.37800000  25.62800000  25.56900000  25.07000000  25.12300000  25.54800000  25.55300000  25.56200000  25.45600000  25.38200000  25.31800000  25.26000000  24.39000000  24.23100000  25.36800000  25.66100000  25.70900000  25.43300000  25.35600000  25.37300000  25.35700000  25.18200000  24.89200000  24.21400000  23.85300000  24.21000000  24.51800000  24.49500000  24.68600000
 25.33700000  25.14400000  25.44500000  25.10600000  24.78500000  25.40300000  25.49200000  25.43500000  25.39900000  25.35000000  25.22800000  25.10600000  24.25500000  24.16800000  24.76700000  25.27200000  25.67800000  25.32100000  25.35600000  25.33900000  25.31400000  25.15800000  24.95800000  24.48100000  23.67800000  24.31500000  24.46400000  24.52500000  24.98600000  25.05300000
 25.20800000  25.38500000  25.44400000  25.22000000  24.61100000  25.29900000  25.36300000  25.29100000  25.17800000  25.02200000  24.41800000  23.89900000  24.15000000  24.67600000  24.72500000  25.52600000  25.55400000  25.28700000  25.32200000  25.24100000  25.15300000  25.08600000  24.50200000  24.45100000  25.41400000  25.56000000  25.46700000  25.37700000  25.04900000  24.99900000
 24.67400000  25.30300000  25.38000000  25.53100000  24.89100000  24.54600000  24.92000000  24.34800000  24.03200000  24.25900000  24.58400000  24.81800000  24.88500000  24.87100000  24.98900000  25.62800000  25.55600000  25.18200000  25.21300000  25.02600000  24.77800000  24.75000000  25.69500000  25.87800000  25.89200000  25.51200000  25.41800000  25.29100000  25.26800000  25.33700000
 24.40300000  24.41500000  25.24400000  25.40600000  25.53200000  25.01700000  24.33000000  24.23200000  24.40500000  24.88800000  24.93800000  25.14300000  25.37200000  25.45200000  25.56200000  25.67300000  25.53500000  25.03100000  24.95500000  24.86300000  25.73400000  25.78700000  25.64400000  25.68800000  25.73900000  25.79900000  25.64300000  25.31300000  25.17700000  25.26000000
 24.03300000  24.01200000  24.89000000  25.40700000  25.43400000  25.49100000  25.60100000  25.48500000  25.50100000  25.59900000  25.55400000  25.56300000  25.72200000  25.84200000  25.89800000  25.71400000  25.60000000  25.17100000  25.26300000  25.75600000  25.62100000  25.52700000  25.31200000  25.23100000  25.44700000  25.78600000  25.97200000  25.96900000  25.21900000  25.09100000
 23.96200000  24.15500000  24.73700000  25.13900000  25.51000000  25.55700000  25.52100000  25.50300000  25.47100000  25.51200000  25.67900000  25.73800000  25.71700000  25.81000000  25.88300000  25.73300000  25.73700000  25.59600000  25.54000000  25.63500000  25.48900000  25.24400000  24.93400000  24.94700000  25.30600000  25.72400000  26.16800000  26.07700000  26.02000000  25.27700000
 23.50400000  23.64700000  24.86700000  24.45000000  24.88400000  25.62400000  25.85800000  25.61400000  25.67200000  25.73700000  25.85600000  25.81900000  25.78700000  25.87400000  25.92800000  25.74700000  25.80300000  25.77700000  25.63300000  25.55100000  25.46600000  25.33000000  25.23800000  25.34100000  25.61200000  26.16500000  26.59400000  26.41800000  25.88200000  26.05500000
 21.49100000  23.28400000  24.46900000  24.49900000  24.38700000  24.62800000  25.04300000  26.10700000  25.77000000  25.64400000  25.71800000  25.75400000  25.79400000  25.77600000  25.77000000  25.75600000  25.85700000  25.94500000  25.97700000  25.97000000  25.85300000  25.78100000  25.89900000  26.11000000  26.68900000  26.90500000  26.72700000  26.49700000  25.92800000  26.15300000
 20.17800000  20.58300000  23.64800000  24.11900000  24.07400000  24.20000000  24.17300000  24.68600000  26.16400000  26.37300000  26.27700000  25.94100000  25.67700000  25.66000000  25.73000000  25.77100000  25.73600000  25.79800000  25.87300000  26.82400000  26.65100000  26.61200000  26.65500000  26.64900000  26.41500000  26.40500000  26.63800000  26.20800000  25.98500000  26.17600000
 22.30400000  27.83300000  21.95300000  21.91700000  23.66400000  23.55400000  24.00800000  24.36300000  24.43000000  25.39100000  26.31800000  26.53900000  26.70800000  26.27700000  25.68800000  25.63200000  25.68700000  26.54500000  26.47700000  26.56000000  26.17100000  26.20600000  26.29600000  26.46200000  26.52300000  26.58300000  26.28700000  25.95600000  26.31900000  26.24900000
 27.83300000  27.83300000  27.83300000  27.83300000  22.16800000  20.96500000  22.45000000  23.33000000  23.51600000  24.13400000  24.76900000  25.85000000  25.78000000  26.06600000  26.21900000  26.14400000  25.95400000  25.35200000  26.50000000  26.70500000  26.07800000  26.36800000  26.38200000  26.20500000  26.32500000  26.36300000  26.42900000  26.17600000  26.43300000  26.34000000
 27.83300000  27.83300000  27.83300000  27.83300000  27.83300000  21.49700000  20.76600000  20.26500000  21.80800000  22.32000000  24.21900000  25.03000000  25.30500000  24.44500000  24.40800000  24.87600000  24.83900000  24.82600000  26.37800000  26.65000000  25.94100000  26.18100000  26.13900000  26.41400000  26.48800000  26.73300000  26.47800000  26.32600000  26.53200000  26.36700000
 27.83300000  27.83300000  27.83300000  27.83300000  27.83300000  27.83300000  27.83300000  23.30600000  21.47200000  21.67200000  22.29200000  23.67600000  24.09800000  23.78600000  23.07900000  23.60100000  24.44300000  24.74600000  26.17300000  26.80900000  26.29700000  26.02800000  26.20500000  26.21800000  26.33200000  26.79700000  26.96000000  26.55700000  26.30400000  26.32500000
 27.83300000  27.83300000  27.83300000  27.83300000  27.83300000  27.83300000  27.83300000  27.83300000  27.83300000  27.83300000  27.83300000  27.83300000  27.83300000  27.83300000  27.83300000  21.22400000  24.00300000  24.50200000  25.60900000  26.50200000  26.84200000  26.85500000  26.41600000  26.28500000  26.37100000  26.91000000  26.96500000  27.05000000  26.58400000  26.34700000
 27.83300000  27.83300000  27.83300000  27.83300000  27.83300000  27.83300000  27.83300000  27.83300000  27.83300000  27.83300000  27.83300000  27.83300000  27.83300000  27.83300000  27.83300000  27.83300000  23.03000000  23.78500000  25.08600000  25.35000000  26.77400000  26.82700000  26.84700000  26.93000000  26.49900000  26.99300000  27.00000000  27.00000000  27.07300000  27.05000000
 27.83300000  27.83300000  27.83300000  27.83300000  27.83300000  27.83300000  27.83300000  27.83300000  27.83300000  27.83300000  27.83300000  27.83300000  27.83300000  27.83300000  27.83300000  27.83300000  27.83300000  22.07000000  24.48500000  25.38800000  24.60700000  26.90800000  26.87200000  26.98500000  26.64400000  27.05800000  27.11200000  26.96100000  27.00900000  27.14600000
 27.83300000  27.83300000  27.83300000  27.83300000  27.83300000  27.83300000  27.83300000  27.83300000  27.83300000  27.83300000  27.83300000  27.83300000  27.83300000  27.83300000  27.83300000  27.83300000  27.83300000  27.83300000  27.83300000  24.88700000  25.64900000  26.48800000  26.86400000  26.98700000  26.76000000  27.12200000  27.22900000  27.15200000  27.04900000  27.07000000
 27.83300000  27.83300000  27.83300000  27.83300000  27.83300000  27.83300000  27.83300000  27.83300000  27.83300000  27.83300000  27.83300000  27.83300000  27.83300000  27.83300000  27.83300000  27.83300000  27.83300000  27.83300000  27.83300000  27.83300000  24.34000000  26.74100000  26.83100000  26.85400000  26.94500000  27.14800000  27.15200000  27.17900000  27.13400000  27.11300000
 27.83300000  27.83300000  27.83300000  27.83300000  27.83300000  27.83300000  27.83300000  27.83300000  27.83300000  27.83300000  27.83300000  27.83300000  27.83300000  27.83300000  27.83300000  27.83300000  27.83300000  27.83300000  27.83300000  27.83300000  23.08500000  26.94500000  26.79900000  26.77000000  27.08400000  27.27300000  27.30700000  27.12200000  27.19300000  27.20500000
 27.83300000  27.83300000  27.83300000  27.83300000  27.83300000  27.83300000  27.83300000  27.83300000  27.83300000  27.83300000  27.83300000  27.83300000  27.83300000  27.83300000  27.83300000  27.83300000  27.83300000  27.83300000  27.83300000  27.83300000  22.39200000  26.99900000  26.80800000  26.90800000  27.25900000  27.16300000  27.06700000  27.29900000  27.21900000  27.21500000
 27.83300000  27.83300000  27.83300000  27.83300000  27.83300000  27.83300000  27.83300000  27.83300000  27.83300000  27.83300000  27.83300000  27.83300000  27.83300000  27.83300000  27.83300000  27.83300000  27.83300000  27.83300000  27.83300000  27.83300000  22.83600000  26.65000000  27.02800000  27.07000000  27.24900000  27.04900000  27.19100000  27.23500000  27.28100000  27.32000000
 27.83300000  27.83300000  27.83300000  27.83300000  27.83300000  27.83300000  27.83300000  27.83300000  27.83300000  27.83300000  27.83300000  27.83300000  27.83300000  27.83300000  27.83300000  27.83300000  27.83300000  27.83300000  27.83300000  27.83300000  27.83300000  25.40800000  27.06800000  27.23000000  27.07600000  27.06600000  27.18800000  27.19900000  27.34500000  27.33600000
 27.83300000  27.83300000  27.83300000  27.83300000  27.83300000  27.83300000  27.83300000  27.83300000  27.83300000  27.83300000  27.83300000  27.83300000  27.83300000  27.83300000  27.83300000  27.83300000  27.83300000  27.83300000  27.83300000  27.83300000  27.83300000  23.80700000  26.78500000  27.06500000  27.07300000  27.09200000  27.16300000  27.01900000  27.07800000  27.35200000
 27.83300000  27.83300000  27.83300000  27.83300000  27.83300000  27.83300000  27.83300000  27.83300000  27.83300000  27.83300000  27.83300000  27.83300000  27.83300000  27.83300000  27.83300000  27.83300000  27.83300000  27.83300000  27.83300000  27.83300000  27.83300000  27.83300000  26.51000000  26.90600000  27.00100000  26.99700000  26.95100000  26.89100000  26.88400000  27.01500000
 27.83300000  27.83300000  27.83300000  27.83300000  27.83300000  27.83300000  27.83300000  27.83300000  27.83300000  27.83300000  27.83300000  27.83300000  27.83300000  27.83300000  27.83300000  27.83300000  27.83300000  27.83300000  27.83300000  27.83300000  27.83300000  27.83300000  25.83800000  26.72100000  26.70400000  26.74300000  26.75900000  26.84800000  26.90000000  27.29400000
 27.83300000  27.83300000  27.83300000  27.83300000  27.83300000  27.83300000  27.83300000  27.83300000  27.83300000  27.83300000  27.83300000  27.83300000  27.83300000  27.83300000  27.83300000  27.83300000  27.83300000  27.83300000  27.83300000  27.83300000  27.83300000  27.83300000  27.83300000  26.51700000  26.87000000  26.82700000  27.20300000  26.95300000  27.19700000  27.43500000
