25.55500000 25.31700000 25.59500000 25.51200000 25.01000000 25.12000000 25.52700000 25.53000000 25.53200000 25.42700000 25.36100000 25.30300000 25.19800000 24.37000000 24.21000000 25.34800000 25.63300000 25.66400000 25.40600000 25.32100000 25.35400000 25.32500000 25.16900000 24.86400000 24.14000000 23.84300000 24.18800000 24.47700000 24.44200000 24.67100000
25.30200000 25.17400000 25.41300000 25.06300000 24.79300000 25.38000000 25.45600000 25.40300000 25.37500000 25.31600000 25.20600000 25.07800000 24.21000000 24.15000000 24.74100000 25.26100000 25.64200000 25.28500000 25.32100000 25.31000000 25.27100000 25.11600000 24.92000000 24.41700000 23.66600000 24.31600000 24.44000000 24.53500000 25.00900000 25.03600000
25.15100000 25.34400000 25.41600000 25.17400000 24.60900000 25.27900000 25.33200000 25.25600000 25.14500000 24.99800000 24.37200000 23.87600000 24.12900000 24.65400000 24.70300000 25.50800000 25.50100000 25.24900000 25.28200000 25.20200000 25.11100000 25.03900000 24.42500000 24.47900000 25.45900000 25.51500000 25.44100000 25.31200000 25.01100000 24.97200000
24.64800000 25.26900000 25.34400000 25.50000000 24.82900000 24.55000000 24.90100000 24.31000000 24.01300000 24.24500000 24.56900000 24.79600000 24.86000000 24.84400000 24.98800000 25.60300000 25.51100000 25.14100000 25.16800000 24.97500000 24.73800000 24.77100000 25.70200000 25.85200000 25.85600000 25.47200000 25.38200000 25.27100000 25.24700000 25.31800000
24.35700000 24.26700000 25.18700000 25.37800000 25.49900000 24.99200000 24.29500000 24.20300000 24.37800000 24.86800000 24.91400000 25.11700000 25.35200000 25.43400000 25.54600000 25.64100000 25.48500000 24.97400000 24.91300000 24.86700000 25.72800000 25.73300000 25.61100000 25.66400000 25.71400000 25.76800000 25.60400000 25.27800000 25.14100000 25.24200000
24.00000000 23.86400000 24.84300000 25.37300000 25.40300000 25.45100000 25.56500000 25.46100000 25.48400000 25.56700000 25.51800000 25.53000000 25.69000000 25.81000000 25.86700000 25.67500000 25.56200000 25.12300000 25.26500000 25.73100000 25.57600000 25.49500000 25.27500000 25.20700000 25.41300000 25.75900000 25.94800000 25.93500000 25.17900000 25.07600000
23.88900000 23.60700000 24.69600000 25.09400000 25.48100000 25.53700000 25.49400000 25.47800000 25.44600000 25.48300000 25.65800000 25.70100000 25.68500000 25.77800000 25.85000000 25.69400000 25.70400000 25.54500000 25.51300000 25.60000000 25.45100000 25.19500000 24.89000000 24.92200000 25.28300000 25.70900000 26.14600000 26.04200000 25.98800000 25.24600000
23.82400000 23.55800000 24.38300000 24.40200000 24.84300000 25.60100000 25.84500000 25.58200000 25.64600000 25.71100000 25.82400000 25.78600000 25.75300000 25.84200000 25.89700000 25.71800000 25.77100000 25.74300000 25.59900000 25.52600000 25.43500000 25.30600000 25.22300000 25.32200000 25.59700000 26.15400000 26.57100000 26.38900000 25.85300000 26.02200000
23.49700000 23.79700000 24.10600000 24.45800000 24.35900000 24.59800000 25.01400000 26.10500000 25.73600000 25.61400000 25.67800000 25.71900000 25.77100000 25.74700000 25.73900000 25.72000000 25.82800000 25.91300000 25.94600000 25.93900000 25.83700000 25.77500000 25.89700000 26.09400000 26.68800000 26.87000000 26.69400000 26.46800000 25.89800000 26.12400000
23.19700000 22.73800000 23.63000000 24.06300000 24.04400000 24.16100000 24.13500000 24.66300000 26.13500000 26.35700000 26.26200000 25.91500000 25.64100000 25.63300000 25.70600000 25.74000000 25.70600000 25.77100000 25.84800000 26.78700000 26.59100000 26.56300000 26.60900000 26.60400000 26.36800000 26.36600000 26.60500000 26.17700000 25.95900000 26.14800000
24.27400000 23.63700000 23.48100000 23.13600000 23.64700000 23.52700000 23.98300000 24.01200000 24.37600000 25.43400000 26.29200000 26.52700000 26.69000000 26.19300000 25.64800000 25.60500000 25.64800000 26.48900000 26.48200000 26.56700000 26.12900000 26.17100000 26.27500000 26.44400000 26.50000000 26.55500000 26.24500000 25.92500000 26.28700000 26.22500000
27.83300000 27.83300000 27.83300000 23.91700000 23.63900000 23.24400000 23.43500000 23.46800000 23.54000000 24.08100000 24.80700000 25.80900000 25.75600000 26.03300000 26.18700000 26.10000000 25.94400000 25.27700000 26.48200000 26.66600000 26.04600000 26.34500000 26.34200000 26.19300000 26.31600000 26.32400000 26.39100000 26.14200000 26.39500000 26.30900000
27.83300000 27.83300000 27.83300000 27.83300000 23.64000000 23.56500000 23.31000000 23.28600000 23.25600000 23.41100000 24.17700000 25.06000000 25.25200000 24.40100000 24.32900000 24.82600000 24.74800000 24.81600000 26.34100000 26.62500000 25.91800000 26.15200000 26.11700000 26.37900000 26.45200000 26.70200000 26.45100000 26.30200000 26.50200000 26.33500000
27.83300000 27.83300000 27.83300000 27.83300000 27.83300000 27.83300000 24.37300000 24.01200000 23.29300000 23.30700000 23.44700000 23.67200000 24.04500000 23.74600000 23.09200000 23.56900000 24.40300000 24.71300000 26.13300000 26.78200000 26.28300000 26.00400000 26.17800000 26.18700000 26.30500000 26.77000000 26.92800000 26.52000000 26.27900000 26.28800000
27.83300000 27.83300000 27.83300000 27.83300000 27.83300000 27.83300000 27.83300000 27.83300000 27.83300000 27.83300000 27.83300000 27.83300000 23.25100000 23.09500000 23.04500000 23.36400000 24.07700000 24.63900000 25.56900000 26.48100000 26.81100000 26.82700000 26.42700000 26.27500000 26.35200000 26.88600000 26.93100000 27.02000000 26.55200000 26.31800000
27.83300000 27.83300000 27.83300000 27.83300000 27.83300000 27.83300000 27.83300000 27.83300000 27.83300000 27.83300000 27.83300000 27.83300000 27.83300000 27.83300000 27.83300000 23.46000000 23.88500000 24.73000000 25.04600000 25.26600000 26.74700000 26.78900000 26.81800000 26.89900000 26.48800000 26.96800000 26.96600000 26.97100000 27.04200000 26.99500000
27.83300000 27.83300000 27.83300000 27.83300000 27.83300000 27.83300000 27.83300000 27.83300000 27.83300000 27.83300000 27.83300000 27.83300000 27.83300000 27.83300000 27.83300000 27.83300000 23.83800000 24.20600000 25.16600000 25.34200000 24.65000000 26.87800000 26.84100000 26.94900000 26.62600000 27.03400000 27.07700000 26.93000000 26.98200000 27.10900000
27.83300000 27.83300000 27.83300000 27.83300000 27.83300000 27.83300000 27.83300000 27.83300000 27.83300000 27.83300000 27.83300000 27.83300000 27.83300000 27.83300000 27.83300000 27.83300000 27.83300000 27.83300000 23.86100000 25.21100000 25.60300000 26.46200000 26.83600000 26.95200000 26.75400000 27.09500000 27.19400000 27.11700000 27.01600000 27.03300000
27.83300000 27.83300000 27.83300000 27.83300000 27.83300000 27.83300000 27.83300000 27.83300000 27.83300000 27.83300000 27.83300000 27.83300000 27.83300000 27.83300000 27.83300000 27.83300000 27.83300000 27.83300000 27.83300000 25.54600000 24.39100000 26.75600000 26.79700000 26.80700000 26.93000000 27.12000000 27.11600000 27.14600000 27.09800000 27.08500000
27.83300000 27.83300000 27.83300000 27.83300000 27.83300000 27.83300000 27.83300000 27.83300000 27.83300000 27.83300000 27.83300000 27.83300000 27.83300000 27.83300000 27.83300000 27.83300000 27.83300000 27.83300000 27.83300000 25.76100000 23.62800000 26.92200000 26.76500000 26.75100000 27.07600000 27.25200000 27.27000000 27.08900000 27.16100000 27.18400000
27.83300000 27.83300000 27.83300000 27.83300000 27.83300000 27.83300000 27.83300000 27.83300000 27.83300000 27.83300000 27.83300000 27.83300000 27.83300000 27.83300000 27.83300000 27.83300000 27.83300000 27.83300000 27.83300000 25.78800000 25.24600000 26.98100000 26.77800000 26.88800000 27.24300000 27.11300000 27.04000000 27.26300000 27.17900000 27.18700000
27.83300000 27.83300000 27.83300000 27.83300000 27.83300000 27.83300000 27.83300000 27.83300000 27.83300000 27.83300000 27.83300000 27.83300000 27.83300000 27.83300000 27.83300000 27.83300000 27.83300000 27.83300000 27.83300000 25.32800000 23.33400000 26.65500000 27.00100000 27.05500000 27.20800000 27.01400000 27.16800000 27.20300000 27.25200000 27.29900000
27.83300000 27.83300000 27.83300000 27.83300000 27.83300000 27.83300000 27.83300000 27.83300000 27.83300000 27.83300000 27.83300000 27.83300000 27.83300000 27.83300000 27.83300000 27.83300000 27.83300000 27.83300000 27.83300000 27.83300000 25.70100000 26.02000000 27.03300000 27.19600000 27.03900000 27.04300000 27.15400000 27.16600000 27.30900000 27.28700000
27.83300000 27.83300000 27.83300000 27.83300000 27.83300000 27.83300000 27.83300000 27.83300000 27.83300000 27.83300000 27.83300000 27.83300000 27.83300000 27.83300000 27.83300000 27.83300000 27.83300000 27.83300000 27.83300000 27.83300000 27.83300000 24.86800000 26.75700000 27.03000000 27.03500000 27.06900000 27.12300000 26.97600000 27.04300000 27.32300000
27.83300000 27.83300000 27.83300000 27.83300000 27.83300000 27.83300000 27.83300000 27.83300000 27.83300000 27.83300000 27.83300000 27.83300000 27.83300000 27.83300000 27.83300000 27.83300000 27.83300000 27.83300000 27.83300000 27.83300000 27.83300000 25.76700000 26.46500000 26.87300000 26.97300000 26.96100000 26.91900000 26.85900000 26.85500000 26.98000000
27.83300000 27.83300000 27.83300000 27.83300000 27.83300000 27.83300000 27.83300000 27.83300000 27.83300000 27.83300000 27.83300000 27.83300000 27.83300000 27.83300000 27.83300000 27.83300000 27.83300000 27.83300000 27.83300000 27.83300000 27.83300000 27.83300000 26.27500000 26.65400000 26.69500000 26.71200000 26.72600000 26.81300000 26.85900000 27.28000000
27.83300000 27.83300000 27.83300000 27.83300000 27.83300000 27.83300000 27.83300000 27.83300000 27.83300000 27.83300000 27.83300000 27.83300000 27.83300000 27.83300000 27.83300000 27.83300000 27.83300000 27.83300000 27.83300000 27.83300000 27.83300000 27.83300000 27.83300000 26.45900000 26.82300000 26.78500000 27.17100000 26.94600000 27.17400000 27.39800000
25.60800000 25.37700000 25.62500000 25.55400000 25.05500000 25.13900000 25.54800000 25.55100000 25.55400000 25.44500000 25.38200000 25.31600000 25.25500000 24.37800000 24.22200000 25.35900000 25.65800000 25.69700000 25.43000000 25.33700000 25.37100000 25.34200000 25.17900000 24.87600000 24.15700000 23.84800000 24.20100000 24.48800000 24.46200000 24.68500000
25.32600000 25.19000000 25.43200000 25.08400000 24.81000000 25.40100000 25.47800000 25.42400000 25.39600000 25.33700000 25.22500000 25.09900000 24.22200000 24.16900000 24.75900000 25.28100000 25.66500000 25.30700000 25.34400000 25.33200000 25.29200000 25.13600000 24.93600000 24.43400000 23.68100000 24.33200000 24.45700000 24.55200000 25.02500000 25.05200000
25.15900000 25.36300000 25.43600000 25.20100000 24.62500000 25.29900000 25.35200000 25.27600000 25.16400000 25.01800000 24.39100000 23.89400000 24.14700000 24.67300000 24.72100000 25.52900000 25.52300000 25.27000000 25.30400000 25.22400000 25.13300000 25.05900000 24.44100000 24.49500000 25.47500000 25.53600000 25.46200000 25.33100000 25.02900000 24.99100000
24.68100000 25.28800000 25.36400000 25.52100000 24.85300000 24.56800000 24.92100000 24.32800000 24.02900000 24.25400000 24.58400000 24.81400000 24.88000000 24.86500000 25.00600000 25.62500000 25.53300000 25.16100000 25.18900000 24.99500000 24.75700000 24.78700000 25.72500000 25.87300000 25.87700000 25.49300000 25.40200000 25.29000000 25.26600000 25.33600000
24.41000000 24.30900000 25.20800000 25.39500000 25.51900000 25.00700000 24.31200000 24.21900000 24.39600000 24.88500000 24.93300000 25.13700000 25.37200000 25.45500000 25.56700000 25.66400000 25.50700000 24.99700000 24.93400000 24.88600000 25.75000000 25.75300000 25.63200000 25.68700000 25.73600000 25.78600000 25.62500000 25.29700000 25.15800000 25.25900000
24.02100000 23.98500000 24.86900000 25.39500000 25.42100000 25.47200000 25.58600000 25.48200000 25.50500000 25.58800000 25.53900000 25.55000000 25.71000000 25.83200000 25.88800000 25.69900000 25.58200000 25.14200000 25.28200000 25.75100000 25.59800000 25.51900000 25.29700000 25.23000000 25.43100000 25.77800000 25.97100000 25.95700000 25.19600000 25.09000000
23.95900000 24.22300000 24.72000000 25.11600000 25.49800000 25.55200000 25.51400000 25.49900000 25.46800000 25.50400000 25.67800000 25.72200000 25.70700000 25.80000000 25.87300000 25.71800000 25.72500000 25.56800000 25.53400000 25.61900000 25.47300000 25.21700000 24.91000000 24.94100000 25.30100000 25.72800000 26.16700000 26.06600000 26.00900000 25.27500000
23.50600000 23.62900000 24.79800000 24.42800000 24.86500000 25.61400000 25.86200000 25.60000000 25.66600000 25.73300000 25.84800000 25.80800000 25.77600000 25.86300000 25.91700000 25.73900000 25.79300000 25.76400000 25.61800000 25.54400000 25.45300000 25.32600000 25.24300000 25.34000000 25.61800000 26.17600000 26.59300000 26.41000000 25.87000000 26.04200000
21.48300000 23.20300000 24.39900000 24.48300000 24.38500000 24.62100000 25.03200000 26.12300000 25.75500000 25.63500000 25.70000000 25.74100000 25.78200000 25.77000000 25.76100000 25.74400000 25.85100000 25.93300000 25.96700000 25.96000000 25.85900000 25.79600000 25.91800000 26.11500000 26.71000000 26.89000000 26.71300000 26.48800000 25.91600000 26.14300000
20.22400000 20.50200000 23.67900000 24.09200000 24.06300000 24.18000000 24.14900000 24.68100000 26.15400000 26.37800000 26.28300000 25.93600000 25.66300000 25.65400000 25.72500000 25.76100000 25.72700000 25.79200000 25.86700000 26.80600000 26.60700000 26.58000000 26.62700000 26.62100000 26.38500000 26.38300000 26.62300000 26.19400000 25.97500000 26.16600000
22.33400000 27.83300000 22.02900000 21.97700000 23.66800000 23.57400000 23.99600000 24.36600000 24.42600000 25.44600000 26.30600000 26.54500000 26.71400000 26.21400000 25.67100000 25.62500000 25.67000000 26.50700000 26.50400000 26.59200000 26.14700000 26.19000000 26.29400000 26.46300000 26.52100000 26.57400000 26.26300000 25.94300000 26.30600000 26.24000000
27.83300000 27.83300000 27.83300000 27.83300000 22.17200000 21.31500000 22.71400000 23.19800000 23.49500000 24.14300000 24.82000000 25.83100000 25.77200000 26.04600000 26.19700000 26.11100000 25.95400000 25.29300000 26.50200000 26.68600000 26.06600000 26.36200000 26.36000000 26.21300000 26.33900000 26.34000000 26.41300000 26.16100000 26.41400000 26.32300000
27.83300000 27.83300000 27.83300000 27.83300000 27.83300000 21.22500000 20.78100000 20.46000000 22.08100000 22.49100000 24.21300000 25.07900000 25.28400000 24.42100000 24.34500000 24.84200000 24.76700000 24.84000000 26.35900000 26.64600000 25.93500000 26.16900000 26.13400000 26.39700000 26.47100000 26.72300000 26.47400000 26.31900000 26.51900000 26.34900000
27.83300000 27.83300000 27.83300000 27.83300000 27.83300000 27.83300000 27.83300000 23.28800000 21.54700000 21.71900000 22.26600000 23.70700000 24.08000000 23.77600000 23.08000000 23.54300000 24.42300000 24.72800000 26.14800000 26.79800000 26.30600000 26.02100000 26.19600000 26.20400000 26.32300000 26.78900000 26.94800000 26.54100000 26.29700000 26.30900000
27.83300000 27.83300000 27.83300000 27.83300000 27.83300000 27.83300000 27.83300000 27.83300000 27.83300000 27.83300000 27.83300000 27.83300000 27.83300000 27.83300000 27.83300000 21.27900000 23.98000000 24.44900000 25.58800000 26.49200000 26.82900000 26.84400000 26.44900000 26.29400000 26.37000000 26.90600000 26.95100000 27.03900000 26.57400000 26.33600000
27.83300000 27.83300000 27.83300000 27.83300000 27.83300000 27.83300000 27.83300000 27.83300000 27.83300000 27.83300000 27.83300000 27.83300000 27.83300000 27.83300000 27.83300000 27.83300000 23.06900000 23.75500000 25.06800000 25.28400000 26.75900000 26.80900000 26.83500000 26.91700000 26.50700000 26.98800000 26.98700000 26.99000000 27.06100000 27.02100000
27.83300000 27.83300000 27.83300000 27.83300000 27.83300000 27.83300000 27.83300000 27.83300000 27.83300000 27.83300000 27.83300000 27.83300000 27.83300000 27.83300000 27.83300000 27.83300000 27.83300000 22.15400000 24.50800000 25.36500000 24.61000000 26.89600000 26.85600000 26.96900000 26.64400000 27.05300000 27.09800000 26.95000000 27.00200000 27.12900000
27.83300000 27.83300000 27.83300000 27.83300000 27.83300000 27.83300000 27.83300000 27.83300000 27.83300000 27.83300000 27.83300000 27.83300000 27.83300000 27.83300000 27.83300000 27.83300000 27.83300000 27.83300000 27.83300000 24.73900000 25.62200000 26.46900000 26.85400000 26.97100000 26.77100000 27.11400000 27.21400000 27.13700000 27.03600000 27.06500000
27.83300000 27.83300000 27.83300000 27.83300000 27.83300000 27.83300000 27.83300000 27.83300000 27.83300000 27.83300000 27.83300000 27.83300000 27.83300000 27.83300000 27.83300000 27.83300000 27.83300000 27.83300000 27.83300000 27.83300000 24.29200000 26.78000000 26.81700000 26.82500000 26.94600000 27.13900000 27.13500000 27.16600000 27.11800000 27.10300000
27.83300000 27.83300000 27.83300000 27.83300000 27.83300000 27.83300000 27.83300000 27.83300000 27.83300000 27.83300000 27.83300000 27.83300000 27.83300000 27.83300000 27.83300000 27.83300000 27.83300000 27.83300000 27.83300000 27.83300000 23.23000000 26.94100000 26.77900000 26.76700000 27.09100000 27.26800000 27.28900000 27.10400000 27.18000000 27.20000000
27.83300000 27.83300000 27.83300000 27.83300000 27.83300000 27.83300000 27.83300000 27.83300000 27.83300000 27.83300000 27.83300000 27.83300000 27.83300000 27.83300000 27.83300000 27.83300000 27.83300000 27.83300000 27.83300000 27.83300000 22.38400000 26.99600000 26.79300000 26.90500000 27.26300000 27.13000000 27.05900000 27.28300000 27.19700000 27.20400000
27.83300000 27.83300000 27.83300000 27.83300000 27.83300000 27.83300000 27.83300000 27.83300000 27.83300000 27.83300000 27.83300000 27.83300000 27.83300000 27.83300000 27.83300000 27.83300000 27.83300000 27.83300000 27.83300000 27.83300000 23.19400000 26.66900000 27.02000000 27.07200000 27.22600000 27.03100000 27.18400000 27.22100000 27.27100000 27.31400000
27.83300000 27.83300000 27.83300000 27.83300000 27.83300000 27.83300000 27.83300000 27.83300000 27.83300000 27.83300000 27.83300000 27.83300000 27.83300000 27.83300000 27.83300000 27.83300000 27.83300000 27.83300000 27.83300000 27.83300000 27.83300000 25.25600000 27.04900000 27.21100000 27.05500000 27.05900000 27.17000000 27.18100000 27.32500000 27.29900000
27.83300000 27.83300000 27.83300000 27.83300000 27.83300000 27.83300000 27.83300000 27.83300000 27.83300000 27.83300000 27.83300000 27.83300000 27.83300000 27.83300000 27.83300000 27.83300000 27.83300000 27.83300000 27.83300000 27.83300000 27.83300000 23.99300000 26.77100000 27.04700000 27.05200000 27.08400000 27.14000000 26.99200000 27.05900000 27.34100000
27.83300000 27.83300000 27.83300000 27.83300000 27.83300000 27.83300000 27.83300000 27.83300000 27.83300000 27.83300000 27.83300000 27.83300000 27.83300000 27.83300000 27.83300000 27.83300000 27.83300000 27.83300000 27.83300000 27.83300000 27.83300000 27.83300000 26.48400000 26.88700000 26.98900000 26.97800000 26.93500000 26.87500000 26.87100000 26.99700000
27.83300000 27.83300000 27.83300000 27.83300000 27.83300000 27.83300000 27.83300000 27.83300000 27.83300000 27.83300000 27.83300000 27.83300000 27.83300000 27.83300000 27.83300000 27.83300000 27.83300000 27.83300000 27.83300000 27.83300000 27.83300000 27.83300000 26.03300000 26.66900000 26.70600000 26.72700000 26.74100000 26.82800000 26.88300000 27.30900000
27.83300000 27.83300000 27.83300000 27.83300000 27.83300000 27.83300000 27.83300000 27.83300000 27.83300000 27.83300000 27.83300000 27.83300000 27.83300000 27.83300000 27.83300000 27.83300000 27.83300000 27.83300000 27.83300000 27.83300000 27.83300000 27.83300000 27.83300000 26.48900000 26.84600000 26.80300000 27.18900000 26.96200000 27.25000000 27.42500000
