25.54900000 25.31800000 25.59400000 25.50500000 25.00400000 25.12800000 25.52000000 25.52800000 25.52900000 25.42300000 25.36100000 25.30300000 25.19800000 24.36500000 24.20500000 25.34300000 25.63200000 25.65900000 25.40500000 25.31200000 25.35300000 25.31700000 25.16800000 24.85900000 24.12300000 23.84000000 24.18400000 24.46400000 24.42600000 24.67000000
25.29700000 25.18800000 25.40700000 25.05600000 24.80500000 25.38000000 25.44900000 25.39800000 25.37400000 25.31000000 25.20700000 25.07800000 24.19700000 24.15200000 24.73700000 25.26300000 25.63600000 25.28000000 25.31700000 25.30800000 25.26100000 25.10500000 24.91200000 24.40000000 23.67100000 24.32600000 24.44000000 24.55500000 25.03100000 25.03600000
25.13000000 25.33500000 25.41300000 25.16600000 24.61600000 25.28000000 25.32700000 25.24900000 25.13900000 24.99700000 24.36500000 23.87400000 24.12900000 24.65300000 24.70200000 25.50800000 25.48900000 25.24300000 25.27400000 25.19500000 25.10400000 25.02700000 24.39900000 24.50200000 25.48500000 25.50400000 25.44100000 25.28500000 25.00000000 24.96900000
24.65200000 25.26200000 25.33800000 25.49600000 24.81400000 24.56600000 24.90400000 24.30500000 24.01000000 24.24000000 24.56800000 24.79400000 24.85900000 24.84200000 24.99600000 25.60100000 25.50100000 25.13300000 25.15800000 24.96300000 24.73000000 24.80400000 25.71600000 25.85100000 25.84800000 25.46300000 25.37600000 25.27000000 25.24600000 25.31700000
24.36100000 24.23800000 25.17200000 25.37100000 25.49200000 24.98600000 24.28500000 24.19500000 24.37200000 24.86600000 24.91200000 25.11500000 25.35300000 25.43700000 25.55000000 25.63700000 25.47100000 24.96200000 24.90300000 24.88400000 25.73600000 25.71800000 25.60600000 25.66300000 25.71400000 25.76400000 25.59900000 25.27300000 25.13300000 25.24300000
23.99200000 23.84500000 24.83600000 25.36800000 25.39600000 25.44300000 25.55900000 25.46100000 25.48600000 25.56200000 25.51200000 25.52400000 25.68500000 25.80500000 25.86300000 25.67000000 25.55500000 25.11000000 25.27500000 25.72800000 25.56700000 25.49200000 25.26500000 25.20800000 25.40700000 25.75500000 25.94800000 25.93100000 25.16900000 25.07600000
23.88800000 23.59200000 24.68600000 25.08400000 25.47800000 25.53500000 25.49300000 25.47700000 25.44800000 25.48100000 25.66100000 25.69400000 25.68100000 25.77300000 25.84600000 25.68700000 25.69900000 25.53300000 25.51400000 25.59300000 25.44400000 25.18500000 24.88000000 24.92000000 25.28200000 25.71200000 26.14700000 26.03800000 25.98400000 25.24200000
23.81900000 23.55000000 24.36700000 24.39500000 24.84400000 25.59400000 25.84700000 25.57600000 25.64400000 25.71100000 25.82200000 25.78200000 25.75100000 25.83800000 25.89300000 25.71400000 25.76700000 25.73800000 25.59200000 25.52300000 25.43000000 25.30600000 25.22600000 25.32200000 25.60200000 26.16000000 26.57300000 26.38400000 25.85000000 26.01700000
23.49600000 23.78700000 24.10200000 24.45200000 24.36400000 24.60000000 25.01300000 26.11200000 25.73000000 25.61100000 25.67000000 25.71500000 25.76600000 25.74600000 25.73600000 25.71600000 25.82700000 25.90800000 25.94100000 25.93500000 25.84100000 25.78100000 25.90600000 26.09800000 26.69900000 26.86300000 26.68900000 26.46500000 25.89300000 26.12100000
23.20700000 22.71900000 23.62200000 24.05900000 24.03800000 24.16600000 24.11900000 24.66100000 26.13100000 26.36000000 26.26800000 25.91400000 25.63600000 25.63300000 25.70600000 25.73700000 25.70400000 25.77000000 25.84600000 26.77800000 26.57100000 26.54800000 26.59500000 26.59000000 26.35600000 26.35700000 26.59900000 26.17200000 25.95600000 26.14400000
24.25100000 23.64500000 23.47600000 23.13600000 23.64700000 23.51800000 23.97800000 24.00800000 24.38300000 25.46600000 26.28700000 26.52800000 26.69200000 26.16400000 25.64200000 25.60300000 25.64200000 26.46900000 26.49100000 26.58000000 26.11900000 26.16400000 26.27500000 26.44500000 26.50000000 26.55100000 26.23600000 25.92100000 26.28100000 26.22000000
27.83300000 27.83300000 27.83300000 23.90900000 23.63100000 23.24000000 23.43800000 23.46400000 23.53700000 24.09000000 24.84700000 25.79900000 25.75400000 26.02700000 26.17700000 26.08500000 25.94500000 25.26800000 26.48100000 26.65800000 26.04100000 26.34200000 26.33200000 26.19800000 26.32100000 26.31600000 26.38400000 26.13600000 26.38700000 26.30200000
27.83300000 27.83300000 27.83300000 27.83300000 23.63800000 23.56900000 23.31200000 23.28000000 23.25200000 23.41200000 24.17500000 25.09000000 25.24400000 24.39300000 24.31000000 24.81200000 24.72700000 24.81800000 26.33300000 26.62500000 25.91700000 26.14800000 26.11400000 26.37100000 26.44400000 26.69700000 26.44500000 26.30100000 26.49600000 26.32800000
27.83300000 27.83300000 27.83300000 27.83300000 27.83300000 27.83300000 24.36900000 24.01500000 23.30400000 23.30700000 23.43700000 23.67300000 24.04000000 23.74400000 23.07800000 23.55200000 24.39800000 24.70600000 26.12400000 26.77600000 26.29400000 26.00200000 26.17500000 26.18100000 26.30100000 26.76600000 26.92300000 26.51400000 26.27700000 26.28200000
27.83300000 27.83300000 27.83300000 27.83300000 27.83300000 27.83300000 27.83300000 27.83300000 27.83300000 27.83300000 27.83300000 27.83300000 23.25300000 23.09800000 23.04800000 23.35900000 24.06900000 24.63200000 25.56600000 26.47600000 26.80700000 26.82100000 26.43900000 26.28100000 26.35400000 26.88300000 26.92400000 27.01400000 26.55000000 26.31500000
27.83300000 27.83300000 27.83300000 27.83300000 27.83300000 27.83300000 27.83300000 27.83300000 27.83300000 27.83300000 27.83300000 27.83300000 27.83300000 27.83300000 27.83300000 23.46100000 23.88400000 24.72900000 25.03900000 25.24000000 26.73500000 26.78200000 26.81400000 26.89400000 26.49100000 26.96500000 26.96100000 26.96700000 27.03700000 26.98000000
27.83300000 27.83300000 27.83300000 27.83300000 27.83300000 27.83300000 27.83300000 27.83300000 27.83300000 27.83300000 27.83300000 27.83300000 27.83300000 27.83300000 27.83300000 27.83300000 23.83600000 24.20000000 25.15000000 25.33300000 24.64900000 26.87400000 26.83500000 26.94300000 26.62600000 27.03300000 27.07200000 26.92600000 26.97900000 27.10200000
27.83300000 27.83300000 27.83300000 27.83300000 27.83300000 27.83300000 27.83300000 27.83300000 27.83300000 27.83300000 27.83300000 27.83300000 27.83300000 27.83300000 27.83300000 27.83300000 27.83300000 27.83300000 23.85400000 25.18200000 25.59000000 26.45500000 26.83200000 26.94600000 26.75900000 27.09300000 27.18800000 27.11100000 27.01100000 27.03000000
27.83300000 27.83300000 27.83300000 27.83300000 27.83300000 27.83300000 27.83300000 27.83300000 27.83300000 27.83300000 27.83300000 27.83300000 27.83300000 27.83300000 27.83300000 27.83300000 27.83300000 27.83300000 27.83300000 25.52900000 24.33200000 26.76000000 26.79100000 26.79500000 26.93100000 27.11600000 27.10700000 27.14100000 27.09100000 27.08100000
27.83300000 27.83300000 27.83300000 27.83300000 27.83300000 27.83300000 27.83300000 27.83300000 27.83300000 27.83300000 27.83300000 27.83300000 27.83300000 27.83300000 27.83300000 27.83300000 27.83300000 27.83300000 27.83300000 25.75000000 23.82700000 26.91800000 26.75800000 26.75200000 27.08100000 27.24900000 27.26000000 27.08200000 27.15600000 27.18300000
27.83300000 27.83300000 27.83300000 27.83300000 27.83300000 27.83300000 27.83300000 27.83300000 27.83300000 27.83300000 27.83300000 27.83300000 27.83300000 27.83300000 27.83300000 27.83300000 27.83300000 27.83300000 27.83300000 25.77200000 25.39100000 26.97700000 26.77500000 26.88800000 27.24300000 27.09900000 27.03800000 27.25500000 27.17000000 27.18300000
27.83300000 27.83300000 27.83300000 27.83300000 27.83300000 27.83300000 27.83300000 27.83300000 27.83300000 27.83300000 27.83300000 27.83300000 27.83300000 27.83300000 27.83300000 27.83300000 27.83300000 27.83300000 27.83300000 25.29900000 23.42400000 26.66500000 27.00000000 27.05900000 27.19800000 27.00700000 27.16200000 27.19900000 27.24900000 27.29700000
27.83300000 27.83300000 27.83300000 27.83300000 27.83300000 27.83300000 27.83300000 27.83300000 27.83300000 27.83300000 27.83300000 27.83300000 27.83300000 27.83300000 27.83300000 27.83300000 27.83300000 27.83300000 27.83300000 27.83300000 25.69900000 25.98300000 27.02500000 27.18700000 27.03100000 27.04400000 27.14600000 27.16000000 27.30100000 27.27000000
27.83300000 27.83300000 27.83300000 27.83300000 27.83300000 27.83300000 27.83300000 27.83300000 27.83300000 27.83300000 27.83300000 27.83300000 27.83300000 27.83300000 27.83300000 27.83300000 27.83300000 27.83300000 27.83300000 27.83300000 27.83300000 24.92700000 26.75300000 27.02300000 27.02600000 27.06500000 27.11200000 26.96200000 27.03300000 27.31500000
27.83300000 27.83300000 27.83300000 27.83300000 27.83300000 27.83300000 27.83300000 27.83300000 27.83300000 27.83300000 27.83300000 27.83300000 27.83300000 27.83300000 27.83300000 27.83300000 27.83300000 27.83300000 27.83300000 27.83300000 27.83300000 25.72600000 26.45200000 26.86600000 26.96800000 26.95100000 26.91100000 26.85200000 26.84900000 26.97300000
27.83300000 27.83300000 27.83300000 27.83300000 27.83300000 27.83300000 27.83300000 27.83300000 27.83300000 27.83300000 27.83300000 27.83300000 27.83300000 27.83300000 27.83300000 27.83300000 27.83300000 27.83300000 27.83300000 27.83300000 27.83300000 27.83300000 26.24500000 26.62800000 26.69700000 26.70200000 26.72100000 26.80400000 26.84900000 27.29500000
27.83300000 27.83300000 27.83300000 27.83300000 27.83300000 27.83300000 27.83300000 27.83300000 27.83300000 27.83300000 27.83300000 27.83300000 27.83300000 27.83300000 27.83300000 27.83300000 27.83300000 27.83300000 27.83300000 27.83300000 27.83300000 27.83300000 27.83300000 26.46100000 26.81300000 26.77700000 27.16200000 26.94800000 27.19300000 27.39100000
25.60700000 25.37600000 25.62300000 25.54600000 25.04800000 25.14800000 25.54200000 25.55000000 25.55000000 25.44100000 25.38200000 25.31600000 25.25300000 24.37300000 24.21900000 25.35400000 25.65800000 25.69000000 25.42900000 25.32800000 25.37100000 25.33300000 25.17800000 24.87000000 24.14000000 23.84600000 24.19700000 24.47500000 24.44600000 24.68400000
25.32100000 25.20300000 25.42600000 25.07500000 24.82200000 25.40000000 25.47000000 25.41900000 25.39500000 25.33200000 25.22300000 25.09800000 24.20900000 24.17000000 24.75400000 25.28200000 25.65900000 25.30200000 25.34000000 25.33000000 25.28200000 25.12400000 24.92800000 24.41600000 23.68400000 24.34000000 24.45600000 24.57000000 25.04600000 25.05100000
25.13900000 25.35300000 25.43200000 25.19300000 24.63200000 25.30000000 25.34700000 25.26900000 25.15800000 25.01700000 24.38400000 23.89100000 24.14700000 24.67200000 24.71900000 25.52800000 25.51000000 25.26300000 25.29500000 25.21600000 25.12600000 25.04700000 24.41500000 24.51600000 25.50000000 25.52300000 25.46000000 25.30300000 25.01800000 24.98800000
24.68400000 25.28100000 25.35600000 25.51600000 24.83800000 24.58300000 24.92300000 24.32200000 24.02600000 24.25200000 24.58300000 24.81100000 24.87800000 24.86300000 25.01400000 25.62400000 25.52200000 25.15300000 25.17800000 24.98100000 24.74800000 24.82100000 25.73700000 25.87200000 25.86800000 25.48300000 25.39500000 25.28900000 25.26500000 25.33500000
24.41300000 24.27600000 25.19300000 25.38900000 25.51200000 25.00200000 24.30200000 24.21200000 24.39000000 24.88300000 24.93000000 25.13400000 25.37200000 25.45800000 25.57000000 25.66000000 25.49300000 24.99000000 24.92400000 24.90300000 25.75600000 25.73700000 25.62600000 25.68400000 25.73400000 25.78200000 25.61900000 25.29300000 25.14900000 25.25900000
24.01400000 23.97300000 24.86300000 25.39100000 25.41500000 25.46400000 25.58000000 25.47900000 25.50400000 25.58300000 25.53200000 25.54400000 25.70500000 25.82600000 25.88300000 25.69300000 25.57400000 25.12800000 25.29200000 25.74700000 25.58800000 25.51500000 25.28500000 25.22800000 25.42500000 25.77400000 25.97200000 25.95200000 25.18600000 25.09100000
23.94900000 24.22900000 24.71000000 25.10600000 25.49500000 25.55000000 25.51200000 25.49600000 25.46800000 25.50000000 25.68000000 25.71400000 25.70200000 25.79500000 25.86800000 25.71100000 25.71900000 25.55500000 25.53400000 25.61100000 25.46500000 25.20600000 24.89900000 24.93800000 25.30000000 25.73100000 26.16700000 26.06200000 26.00500000 25.27700000
23.50600000 23.58400000 24.87800000 24.42000000 24.86500000 25.60600000 25.86500000 25.59400000 25.66300000 25.73200000 25.84400000 25.80300000 25.77400000 25.85800000 25.91200000 25.73400000 25.78800000 25.75800000 25.61000000 25.54100000 25.44800000 25.32500000 25.24500000 25.34000000 25.62200000 26.18000000 26.59400000 26.40500000 25.86600000 26.03600000
21.48200000 22.81900000 24.38400000 24.47600000 24.38900000 24.62100000 25.03100000 26.12900000 25.74900000 25.63000000 25.69100000 25.73600000 25.77700000 25.76700000 25.75700000 25.73900000 25.84800000 25.92700000 25.96100000 25.95600000 25.86200000 25.80200000 25.92600000 26.11800000 26.72000000 26.88200000 26.70700000 26.48400000 25.91100000 26.14000000
20.21800000 20.47500000 23.68200000 24.08400000 24.05800000 24.18200000 24.13400000 24.67900000 26.15000000 26.37800000 26.28700000 25.93400000 25.65600000 25.65300000 25.72300000 25.75600000 25.72300000 25.79000000 25.86500000 26.79700000 26.58700000 26.56500000 26.61300000 26.60800000 26.37200000 26.37400000 26.61700000 26.18800000 25.97100000 26.16200000
22.34800000 27.83300000 22.00900000 21.87200000 23.65700000 23.56500000 23.99100000 24.35300000 24.41300000 25.47900000 26.30000000 26.54900000 26.71600000 26.18600000 25.66300000 25.62100000 25.66200000 26.48700000 26.51100000 26.60400000 26.13600000 26.18200000 26.29400000 26.46400000 26.52100000 26.57000000 26.25300000 25.93900000 26.30000000 26.23500000
27.83300000 27.83300000 27.83300000 27.83300000 22.09100000 21.42200000 22.87800000 23.16000000 23.48300000 24.13100000 24.85800000 25.82200000 25.77100000 26.04200000 26.18900000 26.09500000 25.95400000 25.28100000 26.50000000 26.67800000 26.06200000 26.35800000 26.34900000 26.21700000 26.34400000 26.33200000 26.40600000 26.15400000 26.40600000 26.31600000
27.83300000 27.83300000 27.83300000 27.83300000 27.83300000 21.09200000 20.80000000 20.55100000 22.15000000 22.57200000 24.20900000 25.10700000 25.27400000 24.41100000 24.32400000 24.82700000 24.74600000 24.84400000 26.34900000 26.64500000 25.93200000 26.16400000 26.13100000 26.38900000 26.46200000 26.71700000 26.46900000 26.31800000 26.51400000 26.34200000
27.83300000 27.83300000 27.83300000 27.83300000 27.83300000 27.83300000 27.83300000 23.23900000 21.51800000 21.65700000 22.16200000 23.71800000 24.07100000 23.77300000 23.06600000 23.50900000 24.41400000 24.72100000 26.13900000 26.79200000 26.31900000 26.01700000 26.19200000 26.19800000 26.31900000 26.78500000 26.94200000 26.53500000 26.29300000 26.30300000
27.83300000 27.83300000 27.83300000 27.83300000 27.83300000 27.83300000 27.83300000 27.83300000 27.83300000 27.83300000 27.83300000 27.83300000 27.83300000 27.83300000 27.83300000 21.34600000 23.97000000 24.42300000 25.58400000 26.48600000 26.82300000 26.83800000 26.46100000 26.29900000 26.37200000 26.90300000 26.94400000 27.03300000 26.57100000 26.33300000
27.83300000 27.83300000 27.83300000 27.83300000 27.83300000 27.83300000 27.83300000 27.83300000 27.83300000 27.83300000 27.83300000 27.83300000 27.83300000 27.83300000 27.83300000 27.83300000 23.06100000 23.68700000 25.06200000 25.25700000 26.74700000 26.80100000 26.83000000 26.91000000 26.51000000 26.98500000 26.98100000 26.98600000 27.05500000 27.00600000
27.83300000 27.83300000 27.83300000 27.83300000 27.83300000 27.83300000 27.83300000 27.83300000 27.83300000 27.83300000 27.83300000 27.83300000 27.83300000 27.83300000 27.83300000 27.83300000 27.83300000 22.11600000 24.49500000 25.35500000 24.61100000 26.89200000 26.84900000 26.96200000 26.64400000 27.05200000 27.09200000 26.94500000 26.99800000 27.12100000
27.83300000 27.83300000 27.83300000 27.83300000 27.83300000 27.83300000 27.83300000 27.83300000 27.83300000 27.83300000 27.83300000 27.83300000 27.83300000 27.83300000 27.83300000 27.83300000 27.83300000 27.83300000 27.83300000 24.71600000 25.61000000 26.46400000 26.84800000 26.96400000 26.77500000 27.11100000 27.20700000 27.13100000 27.03000000 27.06300000
27.83300000 27.83300000 27.83300000 27.83300000 27.83300000 27.83300000 27.83300000 27.83300000 27.83300000 27.83300000 27.83300000 27.83300000 27.83300000 27.83300000 27.83300000 27.83300000 27.83300000 27.83300000 27.83300000 27.83300000 24.27000000 26.78400000 26.81000000 26.81300000 26.94600000 27.13500000 27.12600000 27.16000000 27.11000000 27.10000000
27.83300000 27.83300000 27.83300000 27.83300000 27.83300000 27.83300000 27.83300000 27.83300000 27.83300000 27.83300000 27.83300000 27.83300000 27.83300000 27.83300000 27.83300000 27.83300000 27.83300000 27.83300000 27.83300000 27.83300000 23.27700000 26.93600000 26.77100000 26.76700000 27.09800000 27.26500000 27.27900000 27.09700000 27.17400000 27.19900000
27.83300000 27.83300000 27.83300000 27.83300000 27.83300000 27.83300000 27.83300000 27.83300000 27.83300000 27.83300000 27.83300000 27.83300000 27.83300000 27.83300000 27.83300000 27.83300000 27.83300000 27.83300000 27.83300000 27.83300000 22.43300000 26.99100000 26.79000000 26.90500000 27.26200000 27.11600000 27.05600000 27.27500000 27.18800000 27.20000000
27.83300000 27.83300000 27.83300000 27.83300000 27.83300000 27.83300000 27.83300000 27.83300000 27.83300000 27.83300000 27.83300000 27.83300000 27.83300000 27.83300000 27.83300000 27.83300000 27.83300000 27.83300000 27.83300000 27.83300000 23.31600000 26.67800000 27.01800000 27.07500000 27.21500000 27.02300000 27.17700000 27.21600000 27.26700000 27.31300000
27.83300000 27.83300000 27.83300000 27.83300000 27.83300000 27.83300000 27.83300000 27.83300000 27.83300000 27.83300000 27.83300000 27.83300000 27.83300000 27.83300000 27.83300000 27.83300000 27.83300000 27.83300000 27.83300000 27.83300000 27.83300000 25.23600000 27.04000000 27.20100000 27.04600000 27.06000000 27.16100000 27.17500000 27.31700000 27.27900000
27.83300000 27.83300000 27.83300000 27.83300000 27.83300000 27.83300000 27.83300000 27.83300000 27.83300000 27.83300000 27.83300000 27.83300000 27.83300000 27.83300000 27.83300000 27.83300000 27.83300000 27.83300000 27.83300000 27.83300000 27.83300000 24.07000000 26.76700000 27.03900000 27.04300000 27.08000000 27.12800000 26.97800000 27.04800000 27.33200000
27.83300000 27.83300000 27.83300000 27.83300000 27.83300000 27.83300000 27.83300000 27.83300000 27.83300000 27.83300000 27.83300000 27.83300000 27.83300000 27.83300000 27.83300000 27.83300000 27.83300000 27.83300000 27.83300000 27.83300000 27.83300000 27.83300000 26.47200000 26.88100000 26.98400000 26.96700000 26.92700000 26.86700000 26.86400000 26.98900000
27.83300000 27.83300000 27.83300000 27.83300000 27.83300000 27.83300000 27.83300000 27.83300000 27.83300000 27.83300000 27.83300000 27.83300000 27.83300000 27.83300000 27.83300000 27.83300000 27.83300000 27.83300000 27.83300000 27.83300000 27.83300000 27.83300000 26.07800000 26.64300000 26.70800000 26.71700000 26.73600000 26.81800000 26.87600000 27.32000000
27.83300000 27.83300000 27.83300000 27.83300000 27.83300000 27.83300000 27.83300000 27.83300000 27.83300000 27.83300000 27.83300000 27.83300000 27.83300000 27.83300000 27.83300000 27.83300000 27.83300000 27.83300000 27.83300000 27.83300000 27.83300000 27.83300000 27.83300000 26.48500000 26.83400000 26.79300000 27.17800000 26.96400000 27.24200000 27.41700000
