37.00300000 36.93000000 37.00400000 36.94900000 36.94000000 37.09700000 37.19800000 37.27500000 37.26100000 37.22200000 37.15200000 37.04600000 36.90300000 36.64400000 36.50500000 36.83600000 36.92600000 37.02400000 36.98800000 37.06000000 37.04300000 37.02400000 36.90300000 36.73000000 36.47900000 36.28800000 36.41200000 36.47700000 36.37700000 36.38600000
36.99200000 37.00300000 36.93400000 36.95200000 37.01000000 37.20100000 37.23600000 37.22000000 37.19000000 37.14100000 37.04300000 36.92900000 36.64100000 36.55400000 36.78900000 36.91200000 37.06300000 36.99300000 37.04600000 37.07200000 37.03500000 36.92800000 36.81500000 36.64500000 36.35900000 36.60800000 36.58900000 36.62100000 36.86800000 36.91400000
36.86900000 37.02900000 36.90400000 36.93000000 36.91000000 37.15500000 37.16200000 37.13000000 37.05900000 36.98400000 36.72500000 36.43700000 36.54800000 36.81500000 36.80900000 36.96400000 37.08000000 36.96200000 37.02800000 37.01000000 36.94900000 36.87500000 36.66100000 36.67600000 37.06800000 37.04400000 37.03900000 37.01500000 36.92500000 36.86800000
36.60600000 37.04400000 36.87500000 36.91800000 36.95600000 36.86600000 36.99600000 36.70400000 36.48700000 36.65800000 36.83000000 36.89900000 36.89100000 36.87200000 36.86700000 37.00600000 37.06000000 36.91200000 36.95700000 36.90600000 36.79700000 36.78100000 37.16600000 37.23900000 37.21200000 37.02900000 37.04300000 37.01100000 37.00300000 36.95200000
36.52700000 36.22200000 36.99000000 36.84200000 36.92200000 36.95800000 36.72500000 36.65400000 36.77300000 36.94300000 36.88900000 36.89200000 36.91500000 36.92400000 36.94800000 37.01500000 37.02900000 36.83100000 36.79700000 36.80500000 37.17200000 37.22400000 37.20700000 37.21800000 37.23400000 37.24800000 37.09600000 36.93800000 36.79000000 36.76400000
36.36900000 35.79700000 36.92200000 36.94800000 36.82600000 36.85500000 36.93900000 36.93400000 36.93500000 36.92100000 36.86300000 36.85500000 36.93800000 37.01300000 37.03500000 37.00300000 37.09000000 36.92300000 37.02100000 37.18000000 37.19600000 37.16400000 37.07300000 37.06500000 37.14500000 37.22200000 37.27000000 37.25300000 36.80000000 36.56200000
36.07000000 35.33100000 36.86500000 37.00700000 37.07100000 36.95400000 36.86600000 36.83600000 36.82100000 36.84200000 36.96100000 36.99700000 36.99500000 37.01400000 37.03900000 37.01300000 37.19400000 37.12400000 37.12000000 37.18200000 37.15200000 37.02800000 36.94800000 36.95200000 37.10400000 37.19900000 37.27200000 37.28400000 37.26300000 36.75500000
35.71100000 35.21200000 36.34000000 36.66600000 36.88500000 37.14600000 37.13400000 36.89700000 36.92100000 36.95500000 37.01600000 36.98200000 36.99800000 37.04900000 37.06700000 37.05600000 37.22000000 37.19500000 37.13900000 37.14300000 37.14400000 37.09000000 37.05900000 37.11100000 37.17300000 37.25100000 37.37100000 37.35500000 37.25700000 37.23200000
35.33600000 35.74600000 36.28700000 36.74600000 36.69100000 36.72200000 36.93700000 37.29200000 36.96500000 36.88800000 36.91000000 36.94000000 36.95500000 36.96300000 36.96100000 37.04300000 37.21300000 37.25000000 37.25700000 37.25000000 37.21200000 37.19400000 37.22400000 37.21500000 37.39300000 37.46900000 37.46100000 37.38800000 37.27500000 37.26200000
35.25800000 35.25200000 35.92600000 36.34600000 36.41800000 36.58700000 36.46700000 36.79900000 37.31900000 37.36300000 37.28000000 37.06200000 36.93400000 36.95500000 36.95500000 36.97800000 37.05700000 37.04600000 37.02100000 37.43900000 37.40100000 37.41100000 37.41900000 37.41900000 37.38500000 37.39600000 37.44900000 37.32000000 37.25200000 37.25200000
34.60800000 34.79200000 34.86000000 35.13200000 36.10400000 36.12800000 36.49300000 36.14900000 36.64000000 37.16000000 37.32800000 37.38700000 37.42800000 37.18300000 36.95100000 36.97500000 36.95900000 37.36600000 37.33200000 37.35100000 37.29100000 37.31800000 37.35500000 37.40600000 37.41300000 37.42500000 37.32700000 37.26100000 37.32600000 37.22500000
37.59700000 37.59700000 37.59700000 35.06400000 35.46200000 35.75100000 36.08000000 35.98200000 35.78100000 36.36300000 36.98600000 37.22400000 37.21400000 37.28200000 37.30700000 37.25700000 37.19700000 36.90400000 37.32600000 37.34900000 37.25800000 37.35800000 37.33300000 37.26500000 37.28700000 37.31900000 37.34400000 37.27400000 37.35500000 37.20600000
37.59700000 37.59700000 37.59700000 37.59700000 35.19400000 35.27800000 35.55900000 35.54300000 35.67100000 35.75400000 36.54400000 37.08900000 37.09500000 36.68400000 36.60400000 36.91600000 36.80700000 36.48800000 37.28500000 37.34100000 37.21800000 37.26300000 37.23800000 37.21800000 37.26400000 37.35200000 37.33400000 37.32400000 37.39200000 37.20700000
37.59700000 37.59700000 37.59700000 37.59700000 37.59700000 37.59700000 35.29100000 35.34900000 35.44300000 35.52600000 35.92300000 36.32700000 36.50300000 36.37500000 36.15100000 36.23600000 36.77200000 36.35300000 37.20500000 37.35700000 37.27200000 37.17500000 37.19600000 37.18900000 37.26700000 37.36100000 37.45500000 37.35500000 37.31700000 37.25300000
37.59700000 37.59700000 37.59700000 37.59700000 37.59700000 37.59700000 37.59700000 37.59700000 37.59700000 37.59700000 37.59700000 37.59700000 35.66500000 35.81900000 36.09000000 36.15500000 36.61500000 36.17400000 37.04300000 37.27600000 37.34600000 37.36800000 37.28500000 37.23900000 37.29700000 37.36600000 37.41400000 37.49200000 37.36500000 37.31700000
37.59700000 37.59700000 37.59700000 37.59700000 37.59700000 37.59700000 37.59700000 37.59700000 37.59700000 37.59700000 37.59700000 37.59700000 37.59700000 37.59700000 37.59700000 35.97200000 36.29700000 36.08400000 36.56800000 36.99800000 37.31100000 37.35600000 37.38400000 37.39700000 37.33700000 37.35100000 37.38100000 37.47700000 37.51700000 37.50000000
37.59700000 37.59700000 37.59700000 37.59700000 37.59700000 37.59700000 37.59700000 37.59700000 37.59700000 37.59700000 37.59700000 37.59700000 37.59700000 37.59700000 37.59700000 37.59700000 36.00000000 36.03200000 36.64100000 36.93600000 36.89400000 37.35000000 37.41400000 37.41200000 37.37200000 37.32000000 37.36000000 37.38600000 37.43300000 37.55000000
37.59700000 37.59700000 37.59700000 37.59700000 37.59700000 37.59700000 37.59700000 37.59700000 37.59700000 37.59700000 37.59700000 37.59700000 37.59700000 37.59700000 37.59700000 37.59700000 37.59700000 37.59700000 35.92800000 36.69600000 37.07600000 37.16100000 37.42100000 37.41600000 37.36100000 37.31500000 37.35200000 37.37400000 37.33000000 37.41500000
37.59700000 37.59700000 37.59700000 37.59700000 37.59700000 37.59700000 37.59700000 37.59700000 37.59700000 37.59700000 37.59700000 37.59700000 37.59700000 37.59700000 37.59700000 37.59700000 37.59700000 37.59700000 37.59700000 36.63200000 36.84800000 37.27600000 37.42700000 37.42100000 37.28900000 37.34200000 37.34300000 37.36700000 37.35000000 37.32500000
37.59700000 37.59700000 37.59700000 37.59700000 37.59700000 37.59700000 37.59700000 37.59700000 37.59700000 37.59700000 37.59700000 37.59700000 37.59700000 37.59700000 37.59700000 37.59700000 37.59700000 37.59700000 37.59700000 36.74000000 36.68800000 37.32900000 37.42100000 37.39400000 37.33000000 37.40700000 37.40400000 37.35000000 37.37300000 37.32700000
37.59700000 37.59700000 37.59700000 37.59700000 37.59700000 37.59700000 37.59700000 37.59700000 37.59700000 37.59700000 37.59700000 37.59700000 37.59700000 37.59700000 37.59700000 37.59700000 37.59700000 37.59700000 37.59700000 36.83900000 36.80200000 37.34700000 37.38200000 37.31200000 37.39600000 37.37800000 37.39300000 37.42700000 37.37300000 37.34500000
37.59700000 37.59700000 37.59700000 37.59700000 37.59700000 37.59700000 37.59700000 37.59700000 37.59700000 37.59700000 37.59700000 37.59700000 37.59700000 37.59700000 37.59700000 37.59700000 37.59700000 37.59700000 37.59700000 36.44100000 36.63700000 37.21300000 37.32500000 37.32500000 37.37300000 37.38300000 37.36700000 37.37800000 37.40100000 37.38500000
37.59700000 37.59700000 37.59700000 37.59700000 37.59700000 37.59700000 37.59700000 37.59700000 37.59700000 37.59700000 37.59700000 37.59700000 37.59700000 37.59700000 37.59700000 37.59700000 37.59700000 37.59700000 37.59700000 37.59700000 36.67800000 36.80200000 37.33300000 37.37700000 37.34400000 37.36100000 37.32900000 37.31900000 37.34400000 37.34900000
37.59700000 37.59700000 37.59700000 37.59700000 37.59700000 37.59700000 37.59700000 37.59700000 37.59700000 37.59700000 37.59700000 37.59700000 37.59700000 37.59700000 37.59700000 37.59700000 37.59700000 37.59700000 37.59700000 37.59700000 37.59700000 36.64800000 37.23200000 37.31200000 37.33900000 37.33300000 37.32100000 37.30700000 37.28600000 37.31200000
37.59700000 37.59700000 37.59700000 37.59700000 37.59700000 37.59700000 37.59700000 37.59700000 37.59700000 37.59700000 37.59700000 37.59700000 37.59700000 37.59700000 37.59700000 37.59700000 37.59700000 37.59700000 37.59700000 37.59700000 37.59700000 36.42500000 37.07700000 37.24900000 37.29700000 37.30600000 37.29100000 37.27100000 37.27400000 37.26600000
37.59700000 37.59700000 37.59700000 37.59700000 37.59700000 37.59700000 37.59700000 37.59700000 37.59700000 37.59700000 37.59700000 37.59700000 37.59700000 37.59700000 37.59700000 37.59700000 37.59700000 37.59700000 37.59700000 37.59700000 37.59700000 37.59700000 36.62000000 37.09800000 37.19000000 37.19300000 37.20600000 37.20900000 37.22900000 37.29200000
37.59700000 37.59700000 37.59700000 37.59700000 37.59700000 37.59700000 37.59700000 37.59700000 37.59700000 37.59700000 37.59700000 37.59700000 37.59700000 37.59700000 37.59700000 37.59700000 37.59700000 37.59700000 37.59700000 37.59700000 37.59700000 37.59700000 37.59700000 36.84100000 37.16100000 37.17300000 37.23800000 37.23000000 37.26100000 37.27800000
37.00000000 36.92900000 37.00400000 36.94800000 36.93900000 37.09600000 37.19800000 37.27400000 37.26000000 37.22300000 37.15300000 37.04600000 36.90500000 36.64300000 36.50600000 36.83500000 36.92400000 37.02300000 36.98600000 37.06000000 37.04200000 37.02300000 36.90200000 36.72800000 36.48100000 36.28700000 36.41100000 36.47700000 36.37600000 36.38800000
36.99100000 37.00100000 36.93300000 36.95100000 37.00800000 37.20000000 37.23400000 37.21900000 37.18900000 37.14000000 37.04200000 36.92800000 36.64100000 36.55300000 36.78800000 36.91100000 37.06100000 36.99200000 37.04500000 37.07100000 37.03400000 36.92700000 36.81400000 36.64400000 36.35800000 36.60700000 36.58900000 36.62000000 36.86800000 36.91500000
36.86700000 37.02900000 36.90300000 36.92900000 36.90900000 37.15400000 37.16100000 37.12900000 37.05900000 36.98300000 36.72500000 36.43700000 36.54700000 36.81400000 36.80800000 36.96200000 37.07900000 36.96200000 37.02700000 37.00900000 36.94800000 36.87400000 36.66000000 36.67400000 37.06700000 37.04300000 37.03800000 37.01400000 36.92400000 36.86600000
36.60500000 37.04300000 36.87500000 36.91700000 36.95600000 36.86500000 36.99500000 36.70400000 36.48600000 36.65800000 36.82900000 36.89800000 36.89000000 36.87100000 36.86600000 37.00500000 37.05900000 36.91100000 36.95600000 36.90500000 36.79600000 36.78100000 37.16500000 37.23800000 37.21100000 37.02800000 37.04200000 37.01100000 37.00200000 36.95100000
36.53200000 36.23100000 36.99000000 36.84200000 36.92100000 36.95800000 36.72500000 36.65400000 36.77300000 36.94200000 36.88800000 36.89100000 36.91400000 36.92300000 36.94700000 37.01300000 37.02800000 36.83000000 36.79600000 36.80400000 37.17100000 37.22300000 37.20600000 37.21700000 37.23200000 37.24700000 37.09600000 36.93800000 36.78900000 36.76300000
36.37400000 35.88100000 36.92200000 36.94800000 36.82600000 36.85400000 36.93800000 36.93300000 36.93400000 36.92100000 36.86200000 36.85400000 36.93700000 37.01200000 37.03400000 37.00100000 37.08900000 36.92300000 37.02000000 37.17800000 37.19500000 37.16300000 37.07200000 37.06400000 37.14300000 37.22000000 37.26900000 37.25200000 36.80000000 36.56100000
36.07900000 36.08700000 36.86400000 37.00700000 37.07000000 36.95300000 36.86500000 36.83500000 36.82100000 36.84100000 36.96000000 36.99600000 36.99400000 37.01300000 37.03800000 37.01200000 37.19300000 37.12300000 37.11900000 37.18100000 37.15100000 37.02800000 36.94700000 36.95000000 37.10200000 37.19800000 37.27100000 37.28300000 37.26300000 36.77100000
35.90400000 35.79900000 36.62700000 36.66500000 36.88400000 37.14500000 37.13400000 36.89600000 36.92000000 36.95400000 37.01500000 36.98100000 36.99700000 37.04800000 37.06600000 37.05500000 37.21900000 37.19400000 37.13800000 37.14200000 37.14400000 37.09000000 37.05800000 37.11000000 37.17200000 37.25000000 37.37000000 37.35400000 37.25600000 37.23200000
35.82100000 35.82800000 36.45300000 36.74500000 36.68900000 36.72100000 36.93600000 37.29100000 36.96500000 36.88700000 36.90900000 36.94000000 36.95500000 36.96200000 36.96100000 37.04200000 37.21200000 37.24800000 37.25600000 37.24900000 37.21200000 37.19300000 37.22300000 37.21300000 37.39200000 37.46800000 37.46000000 37.38800000 37.27400000 37.26100000
35.68600000 35.81000000 36.07500000 36.34700000 36.41900000 36.58700000 36.46900000 36.79800000 37.31800000 37.36200000 37.28000000 37.06200000 36.93300000 36.95400000 36.95500000 36.97700000 37.05600000 37.04500000 37.02000000 37.43800000 37.40000000 37.41000000 37.41800000 37.41800000 37.38400000 37.39500000 37.44800000 37.31900000 37.25100000 37.25200000
35.40600000 37.59700000 35.48800000 35.70500000 36.16200000 36.13200000 36.49500000 36.33000000 36.64000000 37.15900000 37.32700000 37.38600000 37.42700000 37.18300000 36.95000000 36.97400000 36.95800000 37.36500000 37.33100000 37.35000000 37.29000000 37.31700000 37.35400000 37.40500000 37.41200000 37.42400000 37.32600000 37.26000000 37.32500000 37.22400000
37.59700000 37.59700000 37.59700000 37.59700000 35.71400000 36.01500000 36.37700000 36.48000000 36.16200000 36.36500000 36.98300000 37.22300000 37.21300000 37.28100000 37.30600000 37.25600000 37.19500000 36.90500000 37.32500000 37.34900000 37.25800000 37.35700000 37.33200000 37.26400000 37.28600000 37.31800000 37.34300000 37.27300000 37.35400000 37.20500000
37.59700000 37.59700000 37.59700000 37.59700000 37.59700000 35.64800000 35.85900000 35.97700000 36.13700000 35.74700000 36.54500000 37.08700000 37.09500000 36.68500000 36.60300000 36.91500000 36.80700000 36.48600000 37.28400000 37.34000000 37.21700000 37.26200000 37.23700000 37.21700000 37.26300000 37.35100000 37.33300000 37.32300000 37.39100000 37.20600000
37.59700000 37.59700000 37.59700000 37.59700000 37.59700000 37.59700000 37.59700000 35.50000000 35.65000000 35.76000000 35.97500000 36.40900000 36.50600000 36.38000000 36.15000000 36.23400000 36.77000000 36.35000000 37.20400000 37.35600000 37.27100000 37.17400000 37.19500000 37.18800000 37.26500000 37.36000000 37.45400000 37.35500000 37.31600000 37.25200000
37.59700000 37.59700000 37.59700000 37.59700000 37.59700000 37.59700000 37.59700000 37.59700000 37.59700000 37.59700000 37.59700000 37.59700000 37.59700000 37.59700000 37.59700000 36.18400000 36.61000000 36.23100000 37.04100000 37.27500000 37.34500000 37.36700000 37.28500000 37.23800000 37.29600000 37.36500000 37.41200000 37.49000000 37.36500000 37.31600000
37.59700000 37.59700000 37.59700000 37.59700000 37.59700000 37.59700000 37.59700000 37.59700000 37.59700000 37.59700000 37.59700000 37.59700000 37.59700000 37.59700000 37.59700000 37.59700000 36.36100000 36.28600000 36.56600000 36.99700000 37.30900000 37.35400000 37.38300000 37.39600000 37.33600000 37.35000000 37.38000000 37.47600000 37.51600000 37.49900000
37.59700000 37.59700000 37.59700000 37.59700000 37.59700000 37.59700000 37.59700000 37.59700000 37.59700000 37.59700000 37.59700000 37.59700000 37.59700000 37.59700000 37.59700000 37.59700000 37.59700000 36.37800000 36.60700000 36.93300000 36.89000000 37.34900000 37.41300000 37.41100000 37.37100000 37.31900000 37.35900000 37.38500000 37.43200000 37.54900000
37.59700000 37.59700000 37.59700000 37.59700000 37.59700000 37.59700000 37.59700000 37.59700000 37.59700000 37.59700000 37.59700000 37.59700000 37.59700000 37.59700000 37.59700000 37.59700000 37.59700000 37.59700000 37.59700000 36.59200000 37.07300000 37.15300000 37.42000000 37.41500000 37.36000000 37.31400000 37.35100000 37.37300000 37.32900000 37.41700000
37.59700000 37.59700000 37.59700000 37.59700000 37.59700000 37.59700000 37.59700000 37.59700000 37.59700000 37.59700000 37.59700000 37.59700000 37.59700000 37.59700000 37.59700000 37.59700000 37.59700000 37.59700000 37.59700000 37.59700000 36.83400000 37.27300000 37.42500000 37.42000000 37.28800000 37.34000000 37.34100000 37.36600000 37.34900000 37.32400000
37.59700000 37.59700000 37.59700000 37.59700000 37.59700000 37.59700000 37.59700000 37.59700000 37.59700000 37.59700000 37.59700000 37.59700000 37.59700000 37.59700000 37.59700000 37.59700000 37.59700000 37.59700000 37.59700000 37.59700000 36.62100000 37.32800000 37.42000000 37.39300000 37.32900000 37.40500000 37.40300000 37.34800000 37.37100000 37.32600000
37.59700000 37.59700000 37.59700000 37.59700000 37.59700000 37.59700000 37.59700000 37.59700000 37.59700000 37.59700000 37.59700000 37.59700000 37.59700000 37.59700000 37.59700000 37.59700000 37.59700000 37.59700000 37.59700000 37.59700000 36.47600000 37.34600000 37.38100000 37.31100000 37.39500000 37.37600000 37.39100000 37.42600000 37.37200000 37.34400000
37.59700000 37.59700000 37.59700000 37.59700000 37.59700000 37.59700000 37.59700000 37.59700000 37.59700000 37.59700000 37.59700000 37.59700000 37.59700000 37.59700000 37.59700000 37.59700000 37.59700000 37.59700000 37.59700000 37.59700000 36.63600000 37.21100000 37.32400000 37.32400000 37.37200000 37.38200000 37.36500000 37.37700000 37.40000000 37.38400000
37.59700000 37.59700000 37.59700000 37.59700000 37.59700000 37.59700000 37.59700000 37.59700000 37.59700000 37.59700000 37.59700000 37.59700000 37.59700000 37.59700000 37.59700000 37.59700000 37.59700000 37.59700000 37.59700000 37.59700000 37.59700000 36.72200000 37.33200000 37.37600000 37.34300000 37.36100000 37.32800000 37.31800000 37.34200000 37.34500000
37.59700000 37.59700000 37.59700000 37.59700000 37.59700000 37.59700000 37.59700000 37.59700000 37.59700000 37.59700000 37.59700000 37.59700000 37.59700000 37.59700000 37.59700000 37.59700000 37.59700000 37.59700000 37.59700000 37.59700000 37.59700000 36.62200000 37.23000000 37.31100000 37.33800000 37.33200000 37.32000000 37.30600000 37.28500000 37.31000000
37.59700000 37.59700000 37.59700000 37.59700000 37.59700000 37.59700000 37.59700000 37.59700000 37.59700000 37.59700000 37.59700000 37.59700000 37.59700000 37.59700000 37.59700000 37.59700000 37.59700000 37.59700000 37.59700000 37.59700000 37.59700000 37.59700000 37.07400000 37.24900000 37.29600000 37.30500000 37.29000000 37.27000000 37.27300000 37.26600000
37.59700000 37.59700000 37.59700000 37.59700000 37.59700000 37.59700000 37.59700000 37.59700000 37.59700000 37.59700000 37.59700000 37.59700000 37.59700000 37.59700000 37.59700000 37.59700000 37.59700000 37.59700000 37.59700000 37.59700000 37.59700000 37.59700000 36.58000000 37.09800000 37.18900000 37.19200000 37.20500000 37.20800000 37.22800000 37.29300000
37.59700000 37.59700000 37.59700000 37.59700000 37.59700000 37.59700000 37.59700000 37.59700000 37.59700000 37.59700000 37.59700000 37.59700000 37.59700000 37.59700000 37.59700000 37.59700000 37.59700000 37.59700000 37.59700000 37.59700000 37.59700000 37.59700000 37.59700000 36.83700000 37.16000000 37.17200000 37.23800000 37.23100000 37.26500000 37.28300000
