 25.54000000  25.31500000  25.59100000  25.49100000  24.99300000  25.14500000  25.52000000  25.53200000  25.52200000  25.40200000  25.34700000  25.30300000  25.19500000  24.36900000  24.19000000  25.33300000  25.60800000  25.64700000  25.39300000  25.31500000  25.35200000  25.30900000  25.16500000  24.84700000  24.13300000  23.83400000  24.17500000  24.44700000  24.41000000  24.66800000
 25.30200000  25.20300000  25.40300000  25.05000000  24.83600000  25.38800000  25.44500000  25.40000000  25.38000000  25.31400000  25.22000000  25.09500000  24.19500000  24.16800000  24.73500000  25.27100000  25.63200000  25.28100000  25.32100000  25.31400000  25.25700000  25.09700000  24.91100000  24.39300000  23.69200000  24.34900000  24.45200000  24.60600000  25.07800000  25.03700000
 25.09200000  25.32800000  25.41300000  25.16600000  24.63700000  25.29200000  25.32900000  25.24300000  25.13700000  25.00900000  24.39100000  23.88000000  24.14300000  24.66600000  24.70900000  25.51600000  25.48100000  25.24400000  25.27000000  25.19200000  25.10500000  25.01700000  24.37500000  24.55500000  25.53000000  25.49100000  25.44700000  25.23600000  24.99100000  24.97400000
 24.65000000  25.25500000  25.33200000  25.49200000  24.79900000  24.61700000  24.92300000  24.31400000  24.01100000  24.24200000  24.57300000  24.80000000  24.86900000  24.85400000  25.02100000  25.61100000  25.49300000  25.13400000  25.15400000  24.95100000  24.72800000  24.89900000  25.74400000  25.85700000  25.84500000  25.45900000  25.37700000  25.27900000  25.25000000  25.31800000
 24.36900000  24.21200000  25.16900000  25.36900000  25.48900000  24.98500000  24.27400000  24.18800000  24.36500000  24.86500000  24.91400000  25.12300000  25.36300000  25.45500000  25.56900000  25.64400000  25.45800000  24.97100000  24.90000000  24.93100000  25.75700000  25.69900000  25.60300000  25.66700000  25.72200000  25.76700000  25.60500000  25.27200000  25.12300000  25.25000000
 23.99900000  23.82800000  24.84000000  25.37100000  25.39400000  25.44100000  25.56400000  25.46700000  25.49100000  25.56100000  25.50700000  25.52100000  25.68200000  25.80200000  25.86600000  25.67200000  25.55200000  25.09800000  25.30400000  25.73100000  25.56700000  25.49700000  25.25100000  25.21000000  25.40700000  25.75600000  25.95500000  25.93000000  25.16300000  25.08700000
 23.90000000  23.59100000  24.67800000  25.08800000  25.48600000  25.54000000  25.50200000  25.48500000  25.46000000  25.48800000  25.68000000  25.69100000  25.68200000  25.77200000  25.84800000  25.68800000  25.70200000  25.52100000  25.52700000  25.59100000  25.44600000  25.18100000  24.87500000  24.92700000  25.28800000  25.72400000  26.15500000  26.04200000  25.98500000  25.23900000
 23.80900000  23.55900000  24.37700000  24.40300000  24.88200000  25.58800000  25.86300000  25.57800000  25.65200000  25.72200000  25.83100000  25.78600000  25.76400000  25.83900000  25.89300000  25.71600000  25.77400000  25.74200000  25.59100000  25.53100000  25.43400000  25.31700000  25.24100000  25.33100000  25.61700000  26.17600000  26.58400000  26.38200000  25.85500000  26.01200000
 23.49300000  23.79700000  24.10600000  24.45900000  24.40500000  24.62400000  25.02200000  26.13500000  25.73400000  25.61600000  25.66600000  25.71900000  25.76500000  25.75300000  25.74100000  25.72200000  25.83600000  25.90900000  25.94300000  25.94100000  25.85500000  25.79900000  25.92400000  26.11600000  26.72700000  26.85900000  26.68700000  26.46600000  25.89200000  26.12300000
 23.20000000  22.73100000  23.62500000  24.07300000  24.03300000  24.20900000  24.09700000  24.67100000  26.13600000  26.37300000  26.29100000  25.91600000  25.63300000  25.64200000  25.71300000  25.74000000  25.70800000  25.77700000  25.85300000  26.77200000  26.54800000  26.53000000  26.57600000  26.57100000  26.34400000  26.35400000  26.59900000  26.17600000  25.95400000  26.14200000
 24.24500000  23.65700000  23.49700000  23.16800000  23.66800000  23.52300000  23.97200000  24.02000000  24.42100000  25.54700000  26.28200000  26.54000000  26.70600000  26.12600000  25.64100000  25.61500000  25.64200000  26.44800000  26.50900000  26.61100000  26.11300000  26.16300000  26.28700000  26.45700000  26.51000000  26.55500000  26.23100000  25.92600000  26.28000000  26.22100000
 27.83300000  27.83300000  27.83300000  23.94900000  23.63700000  23.26800000  23.45200000  23.47300000  23.54500000  24.12100000  24.96900000  25.79200000  25.76200000  26.03300000  26.16700000  26.06500000  25.95800000  25.28600000  26.48500000  26.65900000  26.04600000  26.34500000  26.32600000  26.21500000  26.34000000  26.31600000  26.38300000  26.13400000  26.38200000  26.30000000
 27.83300000  27.83300000  27.83300000  27.83300000  23.69000000  23.61100000  23.35600000  23.30600000  23.27100000  23.43000000  24.18100000  25.15800000  25.24000000  24.39200000  24.31100000  24.80200000  24.73700000  24.82800000  26.33000000  26.63600000  25.92100000  26.15100000  26.11900000  26.36900000  26.43800000  26.69700000  26.44600000  26.31300000  26.49500000  26.32400000
 27.83300000  27.83300000  27.83300000  27.83300000  27.83300000  27.83300000  24.44400000  24.04800000  23.36900000  23.33800000  23.45300000  23.69500000  24.05000000  23.75900000  23.07700000  23.54200000  24.40800000  24.71500000  26.12300000  26.77200000  26.34000000  26.00500000  26.17700000  26.18100000  26.30100000  26.77200000  26.92500000  26.51700000  26.27800000  26.27800000
 27.83300000  27.83300000  27.83300000  27.83300000  27.83300000  27.83300000  27.83300000  27.83300000  27.83300000  27.83300000  27.83300000  27.83300000  23.33600000  23.14700000  23.08200000  23.38200000  24.07300000  24.63300000  25.58900000  26.47200000  26.81000000  26.82000000  26.46200000  26.30100000  26.36000000  26.88500000  26.92000000  27.01000000  26.55000000  26.32000000
 27.83300000  27.83300000  27.83300000  27.83300000  27.83300000  27.83300000  27.83300000  27.83300000  27.83300000  27.83300000  27.83300000  27.83300000  27.83300000  27.83300000  27.83300000  23.50400000  23.90900000  24.75700000  25.05100000  25.21600000  26.72200000  26.78100000  26.81400000  26.88900000  26.49900000  26.96800000  26.95800000  26.96400000  27.03400000  26.96200000
 27.83300000  27.83300000  27.83300000  27.83300000  27.83300000  27.83300000  27.83300000  27.83300000  27.83300000  27.83300000  27.83300000  27.83300000  27.83300000  27.83300000  27.83300000  27.83300000  23.85900000  24.22200000  25.14700000  25.34700000  24.68500000  26.87700000  26.82700000  26.93800000  26.63200000  27.03800000  27.06500000  26.92400000  26.97900000  27.09400000
 27.83300000  27.83300000  27.83300000  27.83300000  27.83300000  27.83300000  27.83300000  27.83300000  27.83300000  27.83300000  27.83300000  27.83300000  27.83300000  27.83300000  27.83300000  27.83300000  27.83300000  27.83300000  23.84700000  25.16600000  25.58700000  26.47100000  26.82500000  26.93700000  26.77400000  27.09600000  27.17900000  27.10700000  27.00800000  27.03400000
 27.83300000  27.83300000  27.83300000  27.83300000  27.83300000  27.83300000  27.83300000  27.83300000  27.83300000  27.83300000  27.83300000  27.83300000  27.83300000  27.83300000  27.83300000  27.83300000  27.83300000  27.83300000  27.83300000  25.50700000  24.25500000  26.75800000  26.78600000  26.77900000  26.94200000  27.11500000  27.09600000  27.14000000  27.08600000  27.08500000
 27.83300000  27.83300000  27.83300000  27.83300000  27.83300000  27.83300000  27.83300000  27.83300000  27.83300000  27.83300000  27.83300000  27.83300000  27.83300000  27.83300000  27.83300000  27.83300000  27.83300000  27.83300000  27.83300000  25.74300000  24.44600000  26.92000000  26.74700000  26.76000000  27.09800000  27.24700000  27.25100000  27.07800000  27.15200000  27.19300000
 27.83300000  27.83300000  27.83300000  27.83300000  27.83300000  27.83300000  27.83300000  27.83300000  27.83300000  27.83300000  27.83300000  27.83300000  27.83300000  27.83300000  27.83300000  27.83300000  27.83300000  27.83300000  27.83300000  25.76200000  25.75000000  26.97500000  26.77400000  26.89200000  27.24100000  27.08400000  27.04500000  27.24900000  27.16400000  27.18500000
 27.83300000  27.83300000  27.83300000  27.83300000  27.83300000  27.83300000  27.83300000  27.83300000  27.83300000  27.83300000  27.83300000  27.83300000  27.83300000  27.83300000  27.83300000  27.83300000  27.83300000  27.83300000  27.83300000  25.28500000  23.67900000  26.68200000  26.99900000  27.06900000  27.18300000  27.00200000  27.16000000  27.19900000  27.25300000  27.30200000
 27.83300000  27.83300000  27.83300000  27.83300000  27.83300000  27.83300000  27.83300000  27.83300000  27.83300000  27.83300000  27.83300000  27.83300000  27.83300000  27.83300000  27.83300000  27.83300000  27.83300000  27.83300000  27.83300000  27.83300000  25.70100000  25.95900000  27.01500000  27.16800000  27.02100000  27.05800000  27.14000000  27.16000000  27.29400000  27.24100000
 27.83300000  27.83300000  27.83300000  27.83300000  27.83300000  27.83300000  27.83300000  27.83300000  27.83300000  27.83300000  27.83300000  27.83300000  27.83300000  27.83300000  27.83300000  27.83300000  27.83300000  27.83300000  27.83300000  27.83300000  27.83300000  25.16400000  26.76200000  27.01300000  27.01700000  27.06300000  27.09600000  26.94500000  27.02100000  27.30700000
 27.83300000  27.83300000  27.83300000  27.83300000  27.83300000  27.83300000  27.83300000  27.83300000  27.83300000  27.83300000  27.83300000  27.83300000  27.83300000  27.83300000  27.83300000  27.83300000  27.83300000  27.83300000  27.83300000  27.83300000  27.83300000  25.66700000  26.44300000  26.86500000  26.96800000  26.93800000  26.90100000  26.84200000  26.83900000  26.96500000
 27.83300000  27.83300000  27.83300000  27.83300000  27.83300000  27.83300000  27.83300000  27.83300000  27.83300000  27.83300000  27.83300000  27.83300000  27.83300000  27.83300000  27.83300000  27.83300000  27.83300000  27.83300000  27.83300000  27.83300000  27.83300000  27.83300000  26.21900000  26.59100000  26.69600000  26.68800000  26.72500000  26.80300000  26.83800000  27.31700000
 27.83300000  27.83300000  27.83300000  27.83300000  27.83300000  27.83300000  27.83300000  27.83300000  27.83300000  27.83300000  27.83300000  27.83300000  27.83300000  27.83300000  27.83300000  27.83300000  27.83300000  27.83300000  27.83300000  27.83300000  27.83300000  27.83300000  27.83300000  26.51100000  26.79200000  26.76900000  27.13900000  26.94700000  27.24900000  27.38700000
 25.60200000  25.37400000  25.61900000  25.53000000  25.03400000  25.16400000  25.53600000  25.55200000  25.54400000  25.43600000  25.37100000  25.31600000  25.24800000  24.37100000  24.20900000  25.34500000  25.64600000  25.67700000  25.42600000  25.33200000  25.37000000  25.32100000  25.17500000  24.86200000  24.14600000  23.84100000  24.18900000  24.45600000  24.42700000  24.68200000
 25.31500000  25.21300000  25.41600000  25.06300000  24.84700000  25.40200000  25.46000000  25.41400000  25.39200000  25.32600000  25.22800000  25.10700000  24.20200000  24.17600000  24.74400000  25.28200000  25.64700000  25.29500000  25.33600000  25.32700000  25.26800000  25.10700000  24.91900000  24.40100000  23.70000000  24.35800000  24.46300000  24.61700000  25.08900000  25.05100000
 25.10900000  25.34100000  25.42600000  25.18500000  24.64700000  25.30400000  25.34300000  25.25700000  25.15100000  25.02200000  24.40000000  23.88700000  24.15100000  24.67500000  24.71800000  25.52700000  25.49400000  25.25500000  25.28300000  25.20600000  25.12000000  25.02900000  24.38100000  24.56000000  25.53800000  25.50200000  25.45900000  25.24700000  25.00100000  24.98500000
 24.68900000  25.27000000  25.34500000  25.50800000  24.81600000  24.62700000  24.93500000  24.32700000  24.02300000  24.25000000  24.58200000  24.81000000  24.87800000  24.86400000  25.03000000  25.62400000  25.50400000  25.14400000  25.16500000  24.96100000  24.73800000  24.91000000  25.75900000  25.87000000  25.85600000  25.47100000  25.38800000  25.29100000  25.26600000  25.33200000
 24.41800000  24.25800000  25.18100000  25.38100000  25.50400000  24.99500000  24.28400000  24.19900000  24.37600000  24.87700000  24.92600000  25.13400000  25.37300000  25.46600000  25.58000000  25.65800000  25.47000000  24.98500000  24.91100000  24.94000000  25.76800000  25.71200000  25.61500000  25.68100000  25.73800000  25.77800000  25.61900000  25.28900000  25.13400000  25.26300000
 24.00100000  23.95700000  24.85600000  25.38800000  25.40800000  25.45500000  25.57800000  25.47900000  25.50400000  25.57600000  25.52200000  25.53500000  25.69700000  25.81500000  25.87800000  25.68600000  25.56200000  25.10800000  25.31300000  25.74000000  25.57800000  25.50900000  25.26500000  25.22400000  25.41900000  25.77000000  25.97400000  25.94300000  25.17500000  25.09600000
 23.93800000  24.22200000  24.69000000  25.10000000  25.49700000  25.55000000  25.51500000  25.49700000  25.47200000  25.50000000  25.69200000  25.70300000  25.69500000  25.78700000  25.86100000  25.70300000  25.71300000  25.53400000  25.53800000  25.60100000  25.45800000  25.19400000  24.88500000  24.93700000  25.30000000  25.73800000  26.17100000  26.05900000  26.00000000  25.29000000
 23.49600000  23.33700000  25.00300000  24.41400000  24.89200000  25.59500000  25.87400000  25.58800000  25.66200000  25.73300000  25.84200000  25.79800000  25.77800000  25.85200000  25.90500000  25.72700000  25.78500000  25.75400000  25.60300000  25.54100000  25.44500000  25.32800000  25.25200000  25.34300000  25.63000000  26.19100000  26.60100000  26.39800000  25.86700000  26.02700000
 21.47700000  21.73400000  24.43900000  24.47200000  24.41700000  24.63600000  25.03100000  26.14700000  25.74500000  25.62600000  25.67800000  25.73100000  25.77200000  25.76500000  25.75300000  25.73500000  25.84800000  25.91900000  25.95500000  25.95300000  25.86700000  25.81100000  25.93400000  26.13000000  26.74200000  26.87400000  26.70200000  26.47900000  25.90400000  26.13700000
 20.23500000  20.47400000  23.68000000  24.08800000  24.04600000  24.22000000  24.10900000  24.67900000  26.14500000  26.38100000  26.30300000  25.93000000  25.64600000  25.65400000  25.72400000  25.75100000  25.71900000  25.78800000  25.86400000  26.78400000  26.55800000  26.54100000  26.58800000  26.58200000  26.35500000  26.36600000  26.61100000  26.18500000  25.96300000  26.15500000
 22.34800000  27.83300000  21.79800000  21.45700000  23.63200000  23.54800000  23.98500000  24.30600000  24.43100000  25.55500000  26.29200000  26.55500000  26.71900000  26.14000000  25.65200000  25.62800000  25.65200000  26.46000000  26.52100000  26.62500000  26.12200000  26.17400000  26.29900000  26.46900000  26.52300000  26.56600000  26.24200000  25.93700000  26.29200000  26.23100000
 27.83300000  27.83300000  27.83300000  27.83300000  21.76800000  21.37100000  23.15800000  23.23100000  23.47800000  24.14200000  24.97200000  25.80700000  25.77000000  26.04300000  26.17500000  26.07000000  25.96000000  25.29300000  26.49600000  26.67500000  26.05900000  26.35500000  26.33700000  26.22800000  26.35500000  26.32500000  26.39700000  26.14600000  26.39400000  26.30800000
 27.83300000  27.83300000  27.83300000  27.83300000  27.83300000  20.86900000  20.84400000  20.68200000  22.13800000  22.67400000  24.20100000  25.16600000  25.25200000  24.40000000  24.31700000  24.80900000  24.74500000  24.84400000  26.33800000  26.64900000  25.93200000  26.16000000  26.12800000  26.38100000  26.45000000  26.71100000  26.46100000  26.32200000  26.50700000  26.33400000
 27.83300000  27.83300000  27.83300000  27.83300000  27.83300000  27.83300000  27.83300000  23.08900000  21.31600000  21.36500000  21.82100000  23.73100000  24.06500000  23.78000000  23.01300000  23.46000000  24.40900000  24.71800000  26.13000000  26.78200000  26.35700000  26.01500000  26.18700000  26.19200000  26.31300000  26.78600000  26.94000000  26.53300000  26.28900000  26.29400000
 27.83300000  27.83300000  27.83300000  27.83300000  27.83300000  27.83300000  27.83300000  27.83300000  27.83300000  27.83300000  27.83300000  27.83300000  27.83300000  27.83300000  27.83300000  21.50900000  23.94700000  24.39900000  25.59700000  26.47900000  26.82000000  26.83000000  26.47700000  26.31700000  26.37500000  26.90000000  26.93400000  27.02500000  26.56600000  26.33200000
 27.83300000  27.83300000  27.83300000  27.83300000  27.83300000  27.83300000  27.83300000  27.83300000  27.83300000  27.83300000  27.83300000  27.83300000  27.83300000  27.83300000  27.83300000  27.83300000  22.95300000  23.52700000  25.05900000  25.22100000  26.72700000  26.79300000  26.82500000  26.90300000  26.51200000  26.98200000  26.97300000  26.97900000  27.04800000  26.98200000
 27.83300000  27.83300000  27.83300000  27.83300000  27.83300000  27.83300000  27.83300000  27.83300000  27.83300000  27.83300000  27.83300000  27.83300000  27.83300000  27.83300000  27.83300000  27.83300000  27.83300000  21.91100000  24.43400000  25.35100000  24.60000000  26.88900000  26.83900000  26.95300000  26.64400000  27.05100000  27.08200000  26.93900000  26.99400000  27.10800000
 27.83300000  27.83300000  27.83300000  27.83300000  27.83300000  27.83300000  27.83300000  27.83300000  27.83300000  27.83300000  27.83300000  27.83300000  27.83300000  27.83300000  27.83300000  27.83300000  27.83300000  27.83300000  27.83300000  24.78300000  25.59500000  26.47300000  26.83700000  26.95200000  26.78500000  27.11000000  27.19500000  27.12300000  27.02200000  27.06100000
 27.83300000  27.83300000  27.83300000  27.83300000  27.83300000  27.83300000  27.83300000  27.83300000  27.83300000  27.83300000  27.83300000  27.83300000  27.83300000  27.83300000  27.83300000  27.83300000  27.83300000  27.83300000  27.83300000  27.83300000  24.22300000  26.77200000  26.80100000  26.79300000  26.95200000  27.12900000  27.11000000  27.15500000  27.09900000  27.09700000
 27.83300000  27.83300000  27.83300000  27.83300000  27.83300000  27.83300000  27.83300000  27.83300000  27.83300000  27.83300000  27.83300000  27.83300000  27.83300000  27.83300000  27.83300000  27.83300000  27.83300000  27.83300000  27.83300000  27.83300000  23.30600000  26.93300000  26.75900000  26.77100000  27.11300000  27.26000000  27.26400000  27.08700000  27.16600000  27.20300000
 27.83300000  27.83300000  27.83300000  27.83300000  27.83300000  27.83300000  27.83300000  27.83300000  27.83300000  27.83300000  27.83300000  27.83300000  27.83300000  27.83300000  27.83300000  27.83300000  27.83300000  27.83300000  27.83300000  27.83300000  22.61800000  26.98500000  26.78700000  26.90500000  27.25700000  27.09700000  27.05700000  27.26500000  27.17700000  27.19700000
 27.83300000  27.83300000  27.83300000  27.83300000  27.83300000  27.83300000  27.83300000  27.83300000  27.83300000  27.83300000  27.83300000  27.83300000  27.83300000  27.83300000  27.83300000  27.83300000  27.83300000  27.83300000  27.83300000  27.83300000  23.40000000  26.69200000  27.01400000  27.08200000  27.19700000  27.01200000  27.16900000  27.21100000  27.26500000  27.31400000
 27.83300000  27.83300000  27.83300000  27.83300000  27.83300000  27.83300000  27.83300000  27.83300000  27.83300000  27.83300000  27.83300000  27.83300000  27.83300000  27.83300000  27.83300000  27.83300000  27.83300000  27.83300000  27.83300000  27.83300000  27.83300000  25.32700000  27.02700000  27.18000000  27.03200000  27.06800000  27.14900000  27.17100000  27.30600000  27.23200000
 27.83300000  27.83300000  27.83300000  27.83300000  27.83300000  27.83300000  27.83300000  27.83300000  27.83300000  27.83300000  27.83300000  27.83300000  27.83300000  27.83300000  27.83300000  27.83300000  27.83300000  27.83300000  27.83300000  27.83300000  27.83300000  24.20300000  26.77200000  27.02500000  27.02900000  27.07300000  27.10600000  26.95700000  27.03300000  27.31900000
 27.83300000  27.83300000  27.83300000  27.83300000  27.83300000  27.83300000  27.83300000  27.83300000  27.83300000  27.83300000  27.83300000  27.83300000  27.83300000  27.83300000  27.83300000  27.83300000  27.83300000  27.83300000  27.83300000  27.83300000  27.83300000  27.83300000  26.45600000  26.87500000  26.97900000  26.94900000  26.91300000  26.85400000  26.85000000  26.97600000
 27.83300000  27.83300000  27.83300000  27.83300000  27.83300000  27.83300000  27.83300000  27.83300000  27.83300000  27.83300000  27.83300000  27.83300000  27.83300000  27.83300000  27.83300000  27.83300000  27.83300000  27.83300000  27.83300000  27.83300000  27.83300000  27.83300000  26.12400000  26.60100000  26.70400000  26.69900000  26.73600000  26.81500000  26.85900000  27.33800000
 27.83300000  27.83300000  27.83300000  27.83300000  27.83300000  27.83300000  27.83300000  27.83300000  27.83300000  27.83300000  27.83300000  27.83300000  27.83300000  27.83300000  27.83300000  27.83300000  27.83300000  27.83300000  27.83300000  27.83300000  27.83300000  27.83300000  27.83300000  26.52100000  26.80800000  26.78000000  27.15200000  26.95700000  27.28500000  27.40800000
