37.02600000 36.92700000 37.01300000 36.96800000 36.97700000 36.99100000 37.14800000 37.24800000 37.27500000 37.23800000 37.16300000 37.06100000 36.91200000 36.55600000 36.49200000 36.83700000 36.89300000 36.98700000 36.97400000 37.02800000 37.05900000 37.03700000 36.92100000 36.74800000 36.43600000 36.23000000 36.38900000 36.52000000 36.37500000 36.37600000
37.01500000 37.00900000 36.96300000 36.93100000 36.96900000 37.12900000 37.22300000 37.23100000 37.20700000 37.15800000 37.07300000 36.96000000 36.52400000 36.51400000 36.78000000 36.87400000 36.95300000 37.02600000 36.98700000 37.06100000 37.06600000 37.00100000 36.87700000 36.73100000 36.30900000 36.52200000 36.55300000 36.45200000 36.56500000 36.94500000
37.03300000 37.01500000 36.93600000 36.92700000 36.95700000 37.02000000 37.15100000 37.13800000 37.08100000 36.93100000 36.62400000 36.44000000 36.52000000 36.74800000 36.79700000 36.91700000 37.07500000 37.02100000 36.96700000 37.01700000 36.97600000 36.89700000 36.74800000 36.58200000 36.66100000 37.02900000 37.04700000 37.06900000 36.94100000 36.86000000
36.61000000 36.94000000 36.98200000 36.91300000 36.93800000 36.79900000 36.74800000 36.59400000 36.48400000 36.61900000 36.81000000 36.88300000 36.88200000 36.84800000 36.82200000 36.94400000 37.09800000 36.99700000 36.90600000 36.93900000 36.87500000 36.76600000 36.88000000 37.13400000 37.18600000 37.09600000 37.01800000 37.00800000 36.97100000 36.98600000
36.54700000 36.36500000 37.02800000 36.85600000 36.90900000 36.92300000 36.94200000 36.80900000 36.87200000 36.92500000 36.86900000 36.88300000 36.90100000 36.90400000 36.91700000 36.96800000 37.11800000 36.99300000 36.80700000 36.75600000 36.98800000 37.17600000 37.20500000 37.20300000 37.21300000 37.23400000 37.13800000 36.97400000 36.91800000 36.75000000
36.38300000 35.99000000 36.72000000 36.95900000 36.83200000 36.87700000 36.93500000 36.92200000 36.92100000 36.92700000 36.87800000 36.86900000 36.97400000 37.02400000 37.03400000 36.99900000 37.14600000 37.13700000 36.99800000 37.12000000 37.17600000 37.16400000 37.12900000 37.09800000 37.14400000 37.21500000 37.23700000 37.26100000 36.90000000 36.61300000
36.05400000 35.43000000 36.53400000 36.98300000 36.95500000 36.84000000 36.78200000 36.77500000 36.78700000 36.82400000 36.90800000 37.01100000 36.99100000 37.01100000 37.04900000 36.99000000 37.20100000 37.20800000 37.14800000 37.13100000 37.15500000 37.08800000 36.96400000 36.95200000 37.03400000 37.17900000 37.25300000 37.26400000 37.26000000 37.00100000
35.64600000 35.12400000 35.84800000 36.63400000 36.96900000 37.06800000 37.02400000 36.89500000 36.87500000 36.90200000 37.01800000 36.98100000 36.97300000 37.02700000 37.04700000 36.97400000 37.22600000 37.23700000 37.16800000 37.12800000 37.15600000 37.08300000 37.01200000 37.04100000 37.14000000 37.21300000 37.30900000 37.32500000 37.25800000 37.24100000
35.38100000 35.33400000 35.89900000 36.54200000 36.48900000 36.72600000 36.93400000 37.16800000 36.93800000 36.89700000 36.94800000 36.96200000 36.95800000 36.94800000 36.93000000 36.96200000 37.10500000 37.19100000 37.23500000 37.25100000 37.20600000 37.16600000 37.17000000 37.21000000 37.25700000 37.40700000 37.43900000 37.35700000 37.27800000 37.26300000
35.12900000 35.36600000 35.77400000 36.20700000 36.37700000 36.45700000 36.61900000 36.69700000 37.24700000 37.20100000 37.02700000 36.97700000 36.92700000 36.92400000 36.96500000 36.96600000 37.01500000 37.01000000 37.00800000 37.40100000 37.44500000 37.44900000 37.45200000 37.45100000 37.43500000 37.41200000 37.44500000 37.31700000 37.25200000 37.25400000
34.53600000 34.84100000 35.11400000 35.36800000 35.97900000 36.15500000 36.48200000 36.09100000 36.56600000 37.15900000 37.34500000 37.39800000 37.40000000 37.41700000 37.13000000 36.96200000 37.05700000 37.43700000 37.28000000 37.27900000 37.35500000 37.33800000 37.31800000 37.36600000 37.39900000 37.41900000 37.35300000 37.26400000 37.32000000 37.22800000
37.59700000 37.59700000 37.59700000 35.07700000 35.50000000 35.72700000 36.01100000 35.98800000 35.73900000 36.14300000 36.87000000 37.30400000 37.27000000 37.31700000 37.37500000 37.34600000 37.27900000 37.11300000 37.14600000 37.35200000 37.27000000 37.32400000 37.36700000 37.27800000 37.25900000 37.31000000 37.36900000 37.32300000 37.36400000 37.21600000
37.59700000 37.59700000 37.59700000 37.59700000 35.19200000 35.36400000 35.48500000 35.48500000 35.65600000 35.69700000 36.41500000 36.83600000 37.19400000 36.95800000 36.67700000 36.90400000 36.91300000 36.72600000 37.09600000 37.35700000 37.28700000 37.25700000 37.21600000 37.21000000 37.24100000 37.32000000 37.34200000 37.28200000 37.37200000 37.22800000
37.59700000 37.59700000 37.59700000 37.59700000 37.59700000 37.59700000 35.32200000 35.38900000 35.52900000 35.62700000 36.09200000 36.34600000 36.46900000 36.46700000 36.19800000 36.26300000 36.47200000 36.22000000 37.24900000 37.34900000 37.33400000 37.17000000 37.18000000 37.17900000 37.23400000 37.32700000 37.43800000 37.40600000 37.28600000 37.30100000
37.59700000 37.59700000 37.59700000 37.59700000 37.59700000 37.59700000 37.59700000 37.59700000 37.59700000 37.59700000 37.59700000 37.59700000 35.70100000 35.97700000 36.22600000 36.11700000 36.50100000 35.97600000 36.81400000 37.22800000 37.35700000 37.35800000 37.30900000 37.19400000 37.26300000 37.35600000 37.42600000 37.48800000 37.45200000 37.30300000
37.59700000 37.59700000 37.59700000 37.59700000 37.59700000 37.59700000 37.59700000 37.59700000 37.59700000 37.59700000 37.59700000 37.59700000 37.59700000 37.59700000 37.59700000 35.83600000 36.11000000 35.83800000 36.32600000 36.95800000 37.20900000 37.34100000 37.36500000 37.39500000 37.30300000 37.34900000 37.37600000 37.44600000 37.52200000 37.57800000
37.59700000 37.59700000 37.59700000 37.59700000 37.59700000 37.59700000 37.59700000 37.59700000 37.59700000 37.59700000 37.59700000 37.59700000 37.59700000 37.59700000 37.59700000 37.59700000 35.86600000 35.84400000 36.47800000 36.86400000 37.08800000 37.28100000 37.36400000 37.39600000 37.35500000 37.32200000 37.34200000 37.38700000 37.41500000 37.54800000
37.59700000 37.59700000 37.59700000 37.59700000 37.59700000 37.59700000 37.59700000 37.59700000 37.59700000 37.59700000 37.59700000 37.59700000 37.59700000 37.59700000 37.59700000 37.59700000 37.59700000 37.59700000 36.33200000 36.55000000 37.02500000 36.91700000 37.34400000 37.40200000 37.39100000 37.29200000 37.32900000 37.36600000 37.35400000 37.36500000
37.59700000 37.59700000 37.59700000 37.59700000 37.59700000 37.59700000 37.59700000 37.59700000 37.59700000 37.59700000 37.59700000 37.59700000 37.59700000 37.59700000 37.59700000 37.59700000 37.59700000 37.59700000 37.59700000 36.67300000 36.96900000 37.00200000 37.36200000 37.42700000 37.39500000 37.31700000 37.33700000 37.34600000 37.38200000 37.31900000
37.59700000 37.59700000 37.59700000 37.59700000 37.59700000 37.59700000 37.59700000 37.59700000 37.59700000 37.59700000 37.59700000 37.59700000 37.59700000 37.59700000 37.59700000 37.59700000 37.59700000 37.59700000 37.59700000 36.97200000 36.44000000 37.16300000 37.37900000 37.43500000 37.29900000 37.37700000 37.41300000 37.39800000 37.35200000 37.34500000
37.59700000 37.59700000 37.59700000 37.59700000 37.59700000 37.59700000 37.59700000 37.59700000 37.59700000 37.59700000 37.59700000 37.59700000 37.59700000 37.59700000 37.59700000 37.59700000 37.59700000 37.59700000 37.59700000 36.86200000 36.71300000 37.10700000 37.34300000 37.39000000 37.31700000 37.39600000 37.38600000 37.39900000 37.40700000 37.34500000
37.59700000 37.59700000 37.59700000 37.59700000 37.59700000 37.59700000 37.59700000 37.59700000 37.59700000 37.59700000 37.59700000 37.59700000 37.59700000 37.59700000 37.59700000 37.59700000 37.59700000 37.59700000 37.59700000 36.59600000 36.78000000 36.65100000 37.35100000 37.32200000 37.39800000 37.35800000 37.38500000 37.38400000 37.39200000 37.40700000
37.59700000 37.59700000 37.59700000 37.59700000 37.59700000 37.59700000 37.59700000 37.59700000 37.59700000 37.59700000 37.59700000 37.59700000 37.59700000 37.59700000 37.59700000 37.59700000 37.59700000 37.59700000 37.59700000 37.59700000 36.67200000 36.57900000 37.33000000 37.37700000 37.35300000 37.36100000 37.35100000 37.33300000 37.33700000 37.36700000
37.59700000 37.59700000 37.59700000 37.59700000 37.59700000 37.59700000 37.59700000 37.59700000 37.59700000 37.59700000 37.59700000 37.59700000 37.59700000 37.59700000 37.59700000 37.59700000 37.59700000 37.59700000 37.59700000 37.59700000 37.59700000 36.65900000 37.01300000 37.31300000 37.32200000 37.32900000 37.33900000 37.31500000 37.30300000 37.31600000
37.59700000 37.59700000 37.59700000 37.59700000 37.59700000 37.59700000 37.59700000 37.59700000 37.59700000 37.59700000 37.59700000 37.59700000 37.59700000 37.59700000 37.59700000 37.59700000 37.59700000 37.59700000 37.59700000 37.59700000 37.59700000 36.45500000 36.52800000 37.23800000 37.28600000 37.31600000 37.30100000 37.28100000 37.29200000 37.27600000
37.59700000 37.59700000 37.59700000 37.59700000 37.59700000 37.59700000 37.59700000 37.59700000 37.59700000 37.59700000 37.59700000 37.59700000 37.59700000 37.59700000 37.59700000 37.59700000 37.59700000 37.59700000 37.59700000 37.59700000 37.59700000 37.59700000 36.24800000 37.11500000 37.16900000 37.22200000 37.21900000 37.23600000 37.23400000 37.28600000
37.59700000 37.59700000 37.59700000 37.59700000 37.59700000 37.59700000 37.59700000 37.59700000 37.59700000 37.59700000 37.59700000 37.59700000 37.59700000 37.59700000 37.59700000 37.59700000 37.59700000 37.59700000 37.59700000 37.59700000 37.59700000 37.59700000 37.59700000 36.12900000 37.18300000 37.18000000 37.19700000 37.23800000 37.26600000 37.28700000
37.02400000 36.92500000 37.01400000 36.97000000 36.97800000 36.99100000 37.14900000 37.24900000 37.27400000 37.24200000 37.16400000 37.06200000 36.91300000 36.55400000 36.49600000 36.83600000 36.89200000 36.98900000 36.97200000 37.02900000 37.05800000 37.03800000 36.92200000 36.74900000 36.43800000 36.23000000 36.38900000 36.52800000 36.37500000 36.37800000
37.01400000 37.00800000 36.96200000 36.92900000 36.96800000 37.12800000 37.22200000 37.22900000 37.20500000 37.15600000 37.07100000 36.95800000 36.52100000 36.51400000 36.78200000 36.87400000 36.95300000 37.02600000 36.98700000 37.06100000 37.06700000 37.00100000 36.87600000 36.72300000 36.31200000 36.52500000 36.55300000 36.45300000 36.58400000 36.95700000
37.03200000 37.01300000 36.93500000 36.92600000 36.95700000 37.01800000 37.14900000 37.13700000 37.07900000 36.92800000 36.62000000 36.43900000 36.52000000 36.74700000 36.79600000 36.91600000 37.07500000 37.02000000 36.96700000 37.01700000 36.97500000 36.89500000 36.74100000 36.58700000 36.66600000 37.03300000 37.04700000 37.07000000 36.94100000 36.86000000
36.61000000 36.94200000 36.98200000 36.91100000 36.93700000 36.79800000 36.74700000 36.59200000 36.48400000 36.62000000 36.81100000 36.88200000 36.88100000 36.84700000 36.82100000 36.94300000 37.09700000 36.99700000 36.90600000 36.93800000 36.87300000 36.76400000 36.89300000 37.13500000 37.18700000 37.09500000 37.01800000 37.00800000 36.97100000 36.98600000
36.54800000 36.45600000 37.02700000 36.85500000 36.90800000 36.92200000 36.94200000 36.81000000 36.87300000 36.92500000 36.87100000 36.88300000 36.90100000 36.90400000 36.91600000 36.96700000 37.11700000 36.99300000 36.80600000 36.75700000 36.99400000 37.17600000 37.20500000 37.20300000 37.21200000 37.23500000 37.13800000 36.97300000 36.91700000 36.75400000
36.39800000 36.08400000 37.00500000 36.95800000 36.83100000 36.87600000 36.93400000 36.92200000 36.92200000 36.92600000 36.87800000 36.87000000 36.97500000 37.02400000 37.03300000 36.99800000 37.14500000 37.13700000 36.99900000 37.12000000 37.17600000 37.16300000 37.12800000 37.09700000 37.14300000 37.21400000 37.23600000 37.26100000 36.89800000 36.61300000
36.10100000 35.81700000 36.97200000 36.98100000 36.95700000 36.84300000 36.78500000 36.77600000 36.78800000 36.82500000 36.90900000 37.01100000 36.99000000 37.01100000 37.04800000 36.98900000 37.20100000 37.20700000 37.14700000 37.13100000 37.15300000 37.08500000 36.96400000 36.95200000 37.03400000 37.17800000 37.25200000 37.26300000 37.26000000 36.99800000
35.91800000 35.93300000 36.75700000 36.63600000 36.97600000 37.07600000 37.03300000 36.90000000 36.87700000 36.90400000 37.01900000 36.98300000 36.97400000 37.02600000 37.04600000 36.97400000 37.22500000 37.23600000 37.16700000 37.12700000 37.15600000 37.08300000 37.01200000 37.04200000 37.14100000 37.21500000 37.30900000 37.32400000 37.25800000 37.24200000
35.84600000 36.00800000 36.60100000 36.55200000 36.50800000 36.74600000 36.94400000 37.17300000 36.94100000 36.89900000 36.95000000 36.96300000 36.95800000 36.94800000 36.92900000 36.96100000 37.10400000 37.19000000 37.23400000 37.25100000 37.20600000 37.16500000 37.17000000 37.21000000 37.25700000 37.41000000 37.43900000 37.35600000 37.27700000 37.26300000
35.71000000 35.85200000 36.23100000 36.29900000 36.40300000 36.47400000 36.62900000 36.70500000 37.24900000 37.20500000 37.03100000 36.97900000 36.92700000 36.92400000 36.96400000 36.96500000 37.01400000 37.00800000 37.01100000 37.40500000 37.44700000 37.44800000 37.45100000 37.45100000 37.43500000 37.41200000 37.44500000 37.31800000 37.25200000 37.25400000
35.45200000 37.59700000 35.53500000 35.71800000 36.23300000 36.42400000 36.50000000 36.49200000 36.61200000 37.15500000 37.34400000 37.39700000 37.39900000 37.41600000 37.13400000 36.96300000 37.06500000 37.43400000 37.27900000 37.28000000 37.35700000 37.33900000 37.32100000 37.36500000 37.39800000 37.41900000 37.35200000 37.26500000 37.32100000 37.22800000
37.59700000 37.59700000 37.59700000 37.59700000 35.66800000 36.00500000 36.45400000 36.49400000 36.43000000 36.29700000 36.86700000 37.30300000 37.26800000 37.31400000 37.37200000 37.34200000 37.27600000 37.11100000 37.14900000 37.35100000 37.26600000 37.32500000 37.36700000 37.27800000 37.26200000 37.31400000 37.37000000 37.32200000 37.36400000 37.21600000
37.59700000 37.59700000 37.59700000 37.59700000 37.59700000 35.63800000 35.78300000 35.97900000 36.16000000 36.17900000 36.45100000 36.83200000 37.19300000 36.95500000 36.67200000 36.91100000 36.91100000 36.72900000 37.25200000 37.35700000 37.26000000 37.25600000 37.21600000 37.21000000 37.24400000 37.32100000 37.34000000 37.28200000 37.37300000 37.23000000
37.59700000 37.59700000 37.59700000 37.59700000 37.59700000 37.59700000 37.59700000 35.64000000 35.77500000 35.75700000 36.42800000 36.51600000 36.52700000 36.47900000 36.20200000 36.28200000 36.65200000 36.26000000 37.24800000 37.35100000 37.32300000 37.17000000 37.18200000 37.18000000 37.23500000 37.32900000 37.43900000 37.40200000 37.28700000 37.30200000
37.59700000 37.59700000 37.59700000 37.59700000 37.59700000 37.59700000 37.59700000 37.59700000 37.59700000 37.59700000 37.59700000 37.59700000 37.59700000 37.59700000 37.59700000 36.19500000 36.55800000 36.14700000 37.04900000 37.22900000 37.35900000 37.35900000 37.29200000 37.19300000 37.26400000 37.35600000 37.42600000 37.48900000 37.44900000 37.30400000
37.59700000 37.59700000 37.59700000 37.59700000 37.59700000 37.59700000 37.59700000 37.59700000 37.59700000 37.59700000 37.59700000 37.59700000 37.59700000 37.59700000 37.59700000 37.59700000 36.35700000 36.45700000 36.46400000 36.97700000 37.21400000 37.34400000 37.36700000 37.39500000 37.30300000 37.35000000 37.37600000 37.44700000 37.52200000 37.57900000
37.59700000 37.59700000 37.59700000 37.59700000 37.59700000 37.59700000 37.59700000 37.59700000 37.59700000 37.59700000 37.59700000 37.59700000 37.59700000 37.59700000 37.59700000 37.59700000 37.59700000 36.40100000 36.84100000 36.91300000 37.05400000 37.28200000 37.36500000 37.39700000 37.35500000 37.32300000 37.34200000 37.38800000 37.41600000 37.54800000
37.59700000 37.59700000 37.59700000 37.59700000 37.59700000 37.59700000 37.59700000 37.59700000 37.59700000 37.59700000 37.59700000 37.59700000 37.59700000 37.59700000 37.59700000 37.59700000 37.59700000 37.59700000 37.59700000 36.81600000 37.03000000 36.92300000 37.34600000 37.40400000 37.39200000 37.29300000 37.32900000 37.36700000 37.35400000 37.36500000
37.59700000 37.59700000 37.59700000 37.59700000 37.59700000 37.59700000 37.59700000 37.59700000 37.59700000 37.59700000 37.59700000 37.59700000 37.59700000 37.59700000 37.59700000 37.59700000 37.59700000 37.59700000 37.59700000 37.59700000 36.88200000 37.08500000 37.36400000 37.42800000 37.39500000 37.31700000 37.33700000 37.34600000 37.38200000 37.31800000
37.59700000 37.59700000 37.59700000 37.59700000 37.59700000 37.59700000 37.59700000 37.59700000 37.59700000 37.59700000 37.59700000 37.59700000 37.59700000 37.59700000 37.59700000 37.59700000 37.59700000 37.59700000 37.59700000 37.59700000 36.41400000 37.18000000 37.37900000 37.43500000 37.29900000 37.37700000 37.41300000 37.39700000 37.35200000 37.34400000
37.59700000 37.59700000 37.59700000 37.59700000 37.59700000 37.59700000 37.59700000 37.59700000 37.59700000 37.59700000 37.59700000 37.59700000 37.59700000 37.59700000 37.59700000 37.59700000 37.59700000 37.59700000 37.59700000 37.59700000 36.06800000 37.15500000 37.34400000 37.39100000 37.31600000 37.39600000 37.38500000 37.39800000 37.40500000 37.34500000
37.59700000 37.59700000 37.59700000 37.59700000 37.59700000 37.59700000 37.59700000 37.59700000 37.59700000 37.59700000 37.59700000 37.59700000 37.59700000 37.59700000 37.59700000 37.59700000 37.59700000 37.59700000 37.59700000 37.59700000 36.21400000 36.98500000 37.35100000 37.32300000 37.39700000 37.35700000 37.38400000 37.38400000 37.39200000 37.40600000
37.59700000 37.59700000 37.59700000 37.59700000 37.59700000 37.59700000 37.59700000 37.59700000 37.59700000 37.59700000 37.59700000 37.59700000 37.59700000 37.59700000 37.59700000 37.59700000 37.59700000 37.59700000 37.59700000 37.59700000 37.59700000 36.88900000 37.33000000 37.37700000 37.35200000 37.36000000 37.35000000 37.33300000 37.33600000 37.36700000
37.59700000 37.59700000 37.59700000 37.59700000 37.59700000 37.59700000 37.59700000 37.59700000 37.59700000 37.59700000 37.59700000 37.59700000 37.59700000 37.59700000 37.59700000 37.59700000 37.59700000 37.59700000 37.59700000 37.59700000 37.59700000 36.63000000 37.02400000 37.31300000 37.32200000 37.32900000 37.33800000 37.31500000 37.30200000 37.31600000
37.59700000 37.59700000 37.59700000 37.59700000 37.59700000 37.59700000 37.59700000 37.59700000 37.59700000 37.59700000 37.59700000 37.59700000 37.59700000 37.59700000 37.59700000 37.59700000 37.59700000 37.59700000 37.59700000 37.59700000 37.59700000 37.59700000 37.05900000 37.23800000 37.28500000 37.31500000 37.30100000 37.28000000 37.29200000 37.27600000
37.59700000 37.59700000 37.59700000 37.59700000 37.59700000 37.59700000 37.59700000 37.59700000 37.59700000 37.59700000 37.59700000 37.59700000 37.59700000 37.59700000 37.59700000 37.59700000 37.59700000 37.59700000 37.59700000 37.59700000 37.59700000 37.59700000 36.85900000 37.11200000 37.17000000 37.22200000 37.21800000 37.23600000 37.23300000 37.28500000
37.59700000 37.59700000 37.59700000 37.59700000 37.59700000 37.59700000 37.59700000 37.59700000 37.59700000 37.59700000 37.59700000 37.59700000 37.59700000 37.59700000 37.59700000 37.59700000 37.59700000 37.59700000 37.59700000 37.59700000 37.59700000 37.59700000 37.59700000 36.99100000 37.18300000 37.17800000 37.19600000 37.23600000 37.26500000 37.28500000
