 25.73500000  25.41300000  25.55600000  25.75300000  25.19200000  24.95000000  25.37200000  25.61900000  25.56600000  25.53600000  25.43900000  25.29500000  25.20900000  24.23400000  24.28900000  25.49600000  25.75600000  25.82800000  25.46900000  25.46600000  25.49200000  25.47300000  25.35500000  25.03200000  24.17200000  23.91000000  24.32600000  24.80000000  24.71600000  24.66300000
 25.47400000  25.45200000  25.52700000  25.45700000  24.79700000  25.18100000  25.52000000  25.54400000  25.48200000  25.39300000  25.24900000  25.07400000  24.04900000  24.18000000  24.93100000  25.30500000  25.71300000  25.54100000  25.44600000  25.41400000  25.43400000  25.35000000  25.22600000  24.82200000  23.79800000  24.30900000  24.58000000  24.54200000  24.79200000  25.30200000
 25.62000000  25.41200000  25.55400000  25.50900000  24.81200000  24.95500000  25.34600000  25.35400000  25.23200000  24.87200000  24.17400000  23.98800000  24.20500000  24.63800000  24.87700000  25.47700000  25.75500000  25.46900000  25.40500000  25.33000000  25.23900000  25.16800000  24.75600000  24.31100000  24.77700000  25.61700000  25.64000000  25.62800000  25.23400000  25.13400000
 24.74900000  25.31100000  25.54600000  25.57800000  25.18800000  24.46100000  24.42500000  24.17300000  24.07100000  24.25900000  24.62500000  24.85400000  24.91600000  24.86800000  24.87600000  25.62200000  25.73300000  25.46800000  25.27100000  25.28500000  25.05100000  24.89700000  25.22800000  25.82100000  25.96800000  25.81600000  25.58500000  25.43300000  25.31800000  25.50400000
 24.83600000  24.53400000  25.43800000  25.49600000  25.59600000  25.23600000  24.85900000  24.52200000  24.69800000  24.94900000  25.00000000  25.23800000  25.43000000  25.45800000  25.52100000  25.75000000  25.84100000  25.45700000  25.08500000  24.98100000  25.44600000  25.91400000  25.85000000  25.76000000  25.78800000  25.94700000  25.85900000  25.46600000  25.41200000  25.32200000
 24.44000000  24.12700000  24.86200000  25.48300000  25.51400000  25.59600000  25.69100000  25.52500000  25.52600000  25.67800000  25.68000000  25.70300000  25.88700000  25.96500000  25.99300000  25.88300000  25.80300000  25.72900000  25.34000000  25.65900000  25.83900000  25.63400000  25.58200000  25.52200000  25.62300000  25.86200000  25.94700000  26.09500000  25.44000000  25.16600000
 24.01300000  23.80800000  24.62000000  25.16800000  25.55400000  25.56800000  25.53600000  25.53000000  25.54100000  25.60000000  25.75500000  25.89400000  25.86400000  25.93800000  26.01000000  25.88300000  25.88500000  25.91200000  25.75600000  25.70500000  25.62600000  25.45600000  25.17500000  25.04700000  25.31200000  25.72000000  26.13000000  26.12100000  26.13600000  25.65000000
 23.91100000  23.63600000  24.30600000  24.57100000  25.18500000  25.61000000  25.79000000  25.72300000  25.70500000  25.77000000  25.95900000  25.93400000  25.91600000  25.96300000  26.00700000  25.85400000  25.97700000  26.00800000  25.84500000  25.71400000  25.66300000  25.47900000  25.30000000  25.35900000  25.57800000  26.02700000  26.47600000  26.43500000  25.97600000  26.16300000
 23.67600000  24.01200000  24.15500000  24.42800000  24.35500000  24.68500000  25.21600000  25.89300000  25.83300000  25.77500000  25.90700000  25.93900000  25.91800000  25.92200000  25.89400000  25.89800000  25.90200000  26.05400000  26.13800000  26.17700000  26.03300000  25.86000000  25.83800000  26.02000000  26.39900000  26.88400000  26.79100000  26.52200000  25.99700000  26.22000000
 23.51500000  23.79600000  23.89300000  24.11900000  24.18100000  24.22800000  24.47400000  24.82800000  26.13500000  26.26800000  26.01000000  25.94500000  25.81700000  25.74900000  25.77000000  25.86000000  25.84200000  25.92000000  26.03200000  26.95500000  27.06100000  27.02400000  27.01500000  26.96600000  26.73500000  26.55500000  26.70900000  26.25200000  26.07800000  26.23000000
 24.38700000  23.51700000  23.51700000  23.99200000  23.75000000  23.80100000  24.19100000  24.13400000  24.58300000  25.75100000  26.38800000  26.65800000  26.74100000  26.82800000  26.20100000  25.83400000  26.08000000  26.94600000  26.40000000  26.33300000  26.43500000  26.39600000  26.33400000  26.40400000  26.50400000  26.60700000  26.44600000  26.03800000  26.38600000  26.30500000
 27.83300000  27.83300000  27.83300000  24.36600000  23.63400000  23.55700000  23.68900000  23.71800000  23.83700000  24.18200000  24.78700000  26.25600000  26.16800000  26.36700000  26.63000000  26.52200000  26.26600000  25.89200000  25.98300000  26.81700000  26.20400000  26.32500000  26.48300000  26.26400000  26.21300000  26.38500000  26.58300000  26.41200000  26.53500000  26.39500000
 27.83300000  27.83300000  27.83300000  27.83300000  24.10000000  23.89800000  23.64400000  23.72000000  23.57800000  23.70700000  24.33900000  24.70600000  25.77900000  25.11200000  24.61600000  24.98300000  25.09700000  24.91600000  26.02400000  26.87300000  26.34400000  26.20100000  26.13800000  26.34500000  26.56100000  26.72600000  26.64100000  26.25300000  26.50900000  26.40700000
 27.83300000  27.83300000  27.83300000  27.83300000  27.83300000  27.83300000  24.74100000  24.14500000  23.53800000  23.56400000  23.77200000  24.04000000  24.23000000  24.20800000  23.56400000  23.87000000  24.35400000  24.52500000  26.35300000  26.85100000  26.72700000  26.02800000  26.18400000  26.29200000  26.33800000  26.73900000  26.97900000  26.81300000  26.26800000  26.41400000
 27.83300000  27.83300000  27.83300000  27.83300000  27.83300000  27.83300000  27.83300000  27.83300000  27.83300000  27.83300000  27.83300000  27.83300000  23.48900000  23.47400000  22.42300000  23.29300000  24.14200000  24.33700000  25.38300000  26.38100000  26.95000000  26.91500000  26.63100000  26.24100000  26.33500000  26.86600000  27.00800000  27.09300000  26.93000000  26.37800000
 27.83300000  27.83300000  27.83300000  27.83300000  27.83300000  27.83300000  27.83300000  27.83300000  27.83300000  27.83300000  27.83300000  27.83300000  27.83300000  27.83300000  27.83300000  24.03200000  24.17500000  24.40700000  25.25700000  25.64300000  26.40100000  26.97900000  26.89200000  27.01300000  26.44200000  26.94500000  27.04300000  27.01100000  27.10300000  27.19200000
 27.83300000  27.83300000  27.83300000  27.83300000  27.83300000  27.83300000  27.83300000  27.83300000  27.83300000  27.83300000  27.83300000  27.83300000  27.83300000  27.83300000  27.83300000  27.83300000  24.18100000  24.25400000  25.48100000  25.57900000  25.82500000  26.79400000  26.90000000  27.00900000  26.62500000  26.98200000  27.15100000  27.01100000  26.99400000  27.19600000
 27.83300000  27.83300000  27.83300000  27.83300000  27.83300000  27.83300000  27.83300000  27.83300000  27.83300000  27.83300000  27.83300000  27.83300000  27.83300000  27.83300000  27.83300000  27.83300000  27.83300000  27.83300000  23.47000000  25.60600000  25.84200000  25.14600000  26.92600000  26.96900000  26.75000000  27.06300000  27.22900000  27.19700000  27.06400000  27.06400000
 27.83300000  27.83300000  27.83300000  27.83300000  27.83300000  27.83300000  27.83300000  27.83300000  27.83300000  27.83300000  27.83300000  27.83300000  27.83300000  27.83300000  27.83300000  27.83300000  27.83300000  27.83300000  27.83300000  25.92400000  25.31700000  26.26200000  26.91700000  26.97500000  26.78400000  27.12400000  27.19400000  27.18700000  27.20300000  27.13900000
 27.83300000  27.83300000  27.83300000  27.83300000  27.83300000  27.83300000  27.83300000  27.83300000  27.83300000  27.83300000  27.83300000  27.83300000  27.83300000  27.83300000  27.83300000  27.83300000  27.83300000  27.83300000  27.83300000  26.02500000  21.91200000  26.67200000  26.89300000  26.82900000  26.97300000  27.26300000  27.35500000  27.21800000  27.18300000  27.22100000
 27.83300000  27.83300000  27.83300000  27.83300000  27.83300000  27.83300000  27.83300000  27.83300000  27.83300000  27.83300000  27.83300000  27.83300000  27.83300000  27.83300000  27.83300000  27.83300000  27.83300000  27.83300000  27.83300000  25.96300000  24.67500000  26.66800000  26.96400000  26.84600000  27.13900000  27.33500000  27.11200000  27.25900000  27.24600000  27.21300000
 27.83300000  27.83300000  27.83300000  27.83300000  27.83300000  27.83300000  27.83300000  27.83300000  27.83300000  27.83300000  27.83300000  27.83300000  27.83300000  27.83300000  27.83300000  27.83300000  27.83300000  27.83300000  27.83300000  25.73700000  24.23500000  26.31600000  27.17100000  27.03700000  27.31800000  27.12200000  27.06800000  27.28700000  27.28600000  27.33100000
 27.83300000  27.83300000  27.83300000  27.83300000  27.83300000  27.83300000  27.83300000  27.83300000  27.83300000  27.83300000  27.83300000  27.83300000  27.83300000  27.83300000  27.83300000  27.83300000  27.83300000  27.83300000  27.83300000  27.83300000  25.93600000  25.90500000  27.07000000  27.25100000  27.17000000  27.07500000  27.26800000  27.24600000  27.37100000  27.39800000
 27.83300000  27.83300000  27.83300000  27.83300000  27.83300000  27.83300000  27.83300000  27.83300000  27.83300000  27.83300000  27.83300000  27.83300000  27.83300000  27.83300000  27.83300000  27.83300000  27.83300000  27.83300000  27.83300000  27.83300000  27.83300000  24.48400000  26.43500000  27.09000000  27.09600000  27.06000000  27.20100000  27.09400000  27.13300000  27.32700000
 27.83300000  27.83300000  27.83300000  27.83300000  27.83300000  27.83300000  27.83300000  27.83300000  27.83300000  27.83300000  27.83300000  27.83300000  27.83300000  27.83300000  27.83300000  27.83300000  27.83300000  27.83300000  27.83300000  27.83300000  27.83300000  26.00400000  26.30700000  26.87800000  27.00800000  27.02800000  26.95400000  26.91100000  26.95300000  27.05800000
 27.83300000  27.83300000  27.83300000  27.83300000  27.83300000  27.83300000  27.83300000  27.83300000  27.83300000  27.83300000  27.83300000  27.83300000  27.83300000  27.83300000  27.83300000  27.83300000  27.83300000  27.83300000  27.83300000  27.83300000  27.83300000  27.83300000  26.36700000  26.80100000  26.69700000  26.78700000  26.76100000  26.85700000  26.87000000  27.16700000
 27.83300000  27.83300000  27.83300000  27.83300000  27.83300000  27.83300000  27.83300000  27.83300000  27.83300000  27.83300000  27.83300000  27.83300000  27.83300000  27.83300000  27.83300000  27.83300000  27.83300000  27.83300000  27.83300000  27.83300000  27.83300000  27.83300000  27.83300000  26.27800000  26.94900000  26.82500000  26.88200000  27.10200000  27.09300000  27.29100000
 25.78300000  25.36000000  25.58300000  25.76200000  25.26700000  24.99100000  25.38100000  25.67300000  25.62000000  25.59700000  25.51400000  25.37200000  25.26300000  24.26200000  24.28600000  25.49700000  25.76000000  25.84400000  25.47300000  25.47400000  25.49100000  25.45800000  25.31400000  24.99900000  24.16100000  23.90000000  24.33500000  24.78600000  24.68800000  24.67300000
 25.52700000  25.49200000  25.56700000  25.49600000  24.83200000  25.21800000  25.55800000  25.58300000  25.52200000  25.43500000  25.29800000  25.12600000  24.10400000  24.23100000  24.97800000  25.34000000  25.74800000  25.58200000  25.49400000  25.45400000  25.47900000  25.39600000  25.25600000  24.81700000  23.81800000  24.34200000  24.60300000  24.57200000  24.85500000  25.37200000
 25.65100000  25.45200000  25.59100000  25.54800000  24.84700000  24.98800000  25.38300000  25.39300000  25.27500000  24.91700000  24.22700000  24.04200000  24.25300000  24.68300000  24.91400000  25.51100000  25.78800000  25.50600000  25.44400000  25.37000000  25.27800000  25.20200000  24.76600000  24.34300000  24.81100000  25.65600000  25.67000000  25.66500000  25.27300000  25.16200000
 24.78300000  25.36000000  25.58100000  25.61300000  25.22500000  24.49500000  24.46100000  24.21500000  24.11900000  24.30800000  24.67600000  24.90600000  24.96300000  24.90600000  24.90900000  25.65400000  25.76900000  25.50200000  25.30900000  25.32000000  25.08200000  24.92700000  25.27700000  25.85200000  26.00400000  25.85000000  25.61500000  25.47900000  25.36500000  25.53400000
 24.66200000  24.73700000  25.44100000  25.53000000  25.63000000  25.27600000  24.90000000  24.56200000  24.73900000  24.99400000  25.04700000  25.28700000  25.47400000  25.49600000  25.55700000  25.78700000  25.87600000  25.48600000  25.11600000  25.00900000  25.49200000  25.94800000  25.87900000  25.79400000  25.82200000  25.98600000  25.90500000  25.50800000  25.44300000  25.34100000
 24.17000000  24.31400000  25.44000000  25.52900000  25.54800000  25.63000000  25.73100000  25.57400000  25.57700000  25.72300000  25.72100000  25.74000000  25.92200000  25.99900000  26.02700000  25.91800000  25.83400000  25.76100000  25.37600000  25.69600000  25.87200000  25.66900000  25.60500000  25.54500000  25.65600000  25.90900000  25.99800000  26.13100000  25.46500000  25.18800000
 24.07500000  24.20800000  25.27700000  25.20600000  25.59700000  25.61100000  25.58300000  25.58100000  25.58800000  25.63700000  25.79000000  25.92800000  25.89700000  25.97100000  26.04200000  25.91600000  25.92000000  25.94800000  25.78800000  25.73800000  25.64800000  25.48000000  25.19500000  25.07000000  25.35500000  25.78100000  26.17800000  26.14300000  26.16000000  25.67500000
 23.71600000  23.37100000  25.20100000  24.61900000  25.24700000  25.66800000  25.83900000  25.76800000  25.74600000  25.80800000  25.99500000  25.97200000  25.95500000  26.00000000  26.04500000  25.88900000  26.01300000  26.04300000  25.88000000  25.74300000  25.68800000  25.50700000  25.32700000  25.39600000  25.64100000  26.08100000  26.51800000  26.46500000  26.00600000  26.18400000
 21.07900000  21.53700000  24.65200000  24.52100000  24.45300000  24.76700000  25.26500000  25.92900000  25.87100000  25.81500000  25.95100000  25.98400000  25.95900000  25.95900000  25.93000000  25.92900000  25.93200000  26.08500000  26.16400000  26.20200000  26.05600000  25.89000000  25.88800000  26.08800000  26.46500000  26.93700000  26.82900000  26.55100000  26.01900000  26.24500000
 20.14100000  20.38600000  22.85100000  24.07900000  24.22900000  24.29900000  24.52400000  24.87900000  26.17600000  26.31200000  26.05200000  25.98500000  25.85400000  25.78400000  25.80300000  25.88800000  25.86900000  25.94700000  26.05900000  26.99400000  27.10700000  27.09200000  27.09900000  27.04200000  26.79900000  26.60300000  26.74700000  26.27700000  26.10500000  26.25100000
 22.09100000  27.83300000  21.76300000  22.38100000  22.27700000  23.27100000  24.21700000  24.61000000  24.69900000  25.77300000  26.42800000  26.70400000  26.79000000  26.87700000  26.24900000  25.87300000  26.12700000  26.96200000  26.41800000  26.37200000  26.51600000  26.46800000  26.39700000  26.47400000  26.55800000  26.65700000  26.47800000  26.06100000  26.41200000  26.33100000
 27.83300000  27.83300000  27.83300000  27.83300000  21.53200000  21.07800000  22.27200000  22.77400000  23.45700000  24.39300000  24.82800000  26.30300000  26.21100000  26.39200000  26.65500000  26.53900000  26.27800000  25.90100000  26.02200000  26.90000000  26.25600000  26.39900000  26.55500000  26.33100000  26.26500000  26.43500000  26.61700000  26.43400000  26.56000000  26.42200000
 27.83300000  27.83300000  27.83300000  27.83300000  27.83300000  21.36900000  19.94500000  20.62600000  21.22200000  22.79200000  24.40200000  24.73500000  25.82500000  25.13600000  24.62100000  25.01100000  25.10800000  24.94000000  26.39800000  26.95100000  26.30200000  26.26800000  26.20800000  26.40300000  26.61100000  26.76600000  26.65500000  26.28100000  26.53700000  26.43500000
 27.83300000  27.83300000  27.83300000  27.83300000  27.83300000  27.83300000  27.83300000  21.96900000  21.04600000  21.30100000  22.54300000  23.50400000  23.92500000  23.56100000  23.11300000  23.83200000  24.55500000  24.62200000  26.36200000  26.92400000  26.72700000  26.08800000  26.25200000  26.34400000  26.38000000  26.77100000  27.00900000  26.82900000  26.29400000  26.44300000
 27.83300000  27.83300000  27.83300000  27.83300000  27.83300000  27.83300000  27.83300000  27.83300000  27.83300000  27.83300000  27.83300000  27.83300000  27.83300000  27.83300000  27.83300000  19.82000000  24.19100000  24.50600000  25.78600000  26.44800000  27.01900000  26.99300000  26.62300000  26.27500000  26.36700000  26.89700000  27.03700000  27.12000000  26.94600000  26.40200000
 27.83300000  27.83300000  27.83300000  27.83300000  27.83300000  27.83300000  27.83300000  27.83300000  27.83300000  27.83300000  27.83300000  27.83300000  27.83300000  27.83300000  27.83300000  27.83300000  23.21900000  23.68200000  25.25500000  25.71800000  26.50100000  27.05200000  26.93700000  27.04500000  26.47000000  26.97400000  27.07100000  27.03900000  27.13100000  27.22600000
 27.83300000  27.83300000  27.83300000  27.83300000  27.83300000  27.83300000  27.83300000  27.83300000  27.83300000  27.83300000  27.83300000  27.83300000  27.83300000  27.83300000  27.83300000  27.83300000  27.83300000  21.21100000  24.24100000  25.59200000  25.71400000  26.79800000  26.93300000  27.03800000  26.64900000  27.00800000  27.17900000  27.03600000  27.02100000  27.22400000
 27.83300000  27.83300000  27.83300000  27.83300000  27.83300000  27.83300000  27.83300000  27.83300000  27.83300000  27.83300000  27.83300000  27.83300000  27.83300000  27.83300000  27.83300000  27.83300000  27.83300000  27.83300000  27.83300000  25.63600000  25.87800000  25.16700000  26.95100000  26.99600000  26.77600000  27.09000000  27.25600000  27.22400000  27.09000000  27.08900000
 27.83300000  27.83300000  27.83300000  27.83300000  27.83300000  27.83300000  27.83300000  27.83300000  27.83300000  27.83300000  27.83300000  27.83300000  27.83300000  27.83300000  27.83300000  27.83300000  27.83300000  27.83300000  27.83300000  27.83300000  24.71600000  26.39300000  26.94200000  27.00300000  26.80800000  27.15100000  27.22100000  27.21300000  27.22800000  27.16700000
 27.83300000  27.83300000  27.83300000  27.83300000  27.83300000  27.83300000  27.83300000  27.83300000  27.83300000  27.83300000  27.83300000  27.83300000  27.83300000  27.83300000  27.83300000  27.83300000  27.83300000  27.83300000  27.83300000  27.83300000  21.56200000  26.72300000  26.91700000  26.85500000  26.99700000  27.29000000  27.38200000  27.24200000  27.21000000  27.25200000
 27.83300000  27.83300000  27.83300000  27.83300000  27.83300000  27.83300000  27.83300000  27.83300000  27.83300000  27.83300000  27.83300000  27.83300000  27.83300000  27.83300000  27.83300000  27.83300000  27.83300000  27.83300000  27.83300000  27.83300000  18.87100000  26.77200000  26.98500000  26.87000000  27.16500000  27.36200000  27.13800000  27.28700000  27.27300000  27.24100000
 27.83300000  27.83300000  27.83300000  27.83300000  27.83300000  27.83300000  27.83300000  27.83300000  27.83300000  27.83300000  27.83300000  27.83300000  27.83300000  27.83300000  27.83300000  27.83300000  27.83300000  27.83300000  27.83300000  27.83300000  20.00100000  26.64300000  27.19400000  27.06200000  27.34300000  27.14800000  27.09500000  27.31300000  27.31400000  27.36100000
 27.83300000  27.83300000  27.83300000  27.83300000  27.83300000  27.83300000  27.83300000  27.83300000  27.83300000  27.83300000  27.83300000  27.83300000  27.83300000  27.83300000  27.83300000  27.83300000  27.83300000  27.83300000  27.83300000  27.83300000  27.83300000  25.69400000  27.09500000  27.27800000  27.19600000  27.10200000  27.29400000  27.27400000  27.40300000  27.42600000
 27.83300000  27.83300000  27.83300000  27.83300000  27.83300000  27.83300000  27.83300000  27.83300000  27.83300000  27.83300000  27.83300000  27.83300000  27.83300000  27.83300000  27.83300000  27.83300000  27.83300000  27.83300000  27.83300000  27.83300000  27.83300000  22.91300000  26.47800000  27.11700000  27.12300000  27.08800000  27.23200000  27.12400000  27.16700000  27.36600000
 27.83300000  27.83300000  27.83300000  27.83300000  27.83300000  27.83300000  27.83300000  27.83300000  27.83300000  27.83300000  27.83300000  27.83300000  27.83300000  27.83300000  27.83300000  27.83300000  27.83300000  27.83300000  27.83300000  27.83300000  27.83300000  27.83300000  26.28700000  26.90400000  27.03500000  27.05500000  26.98500000  26.94400000  26.96500000  27.09800000
 27.83300000  27.83300000  27.83300000  27.83300000  27.83300000  27.83300000  27.83300000  27.83300000  27.83300000  27.83300000  27.83300000  27.83300000  27.83300000  27.83300000  27.83300000  27.83300000  27.83300000  27.83300000  27.83300000  27.83300000  27.83300000  27.83300000  24.87800000  26.80600000  26.72700000  26.82000000  26.79200000  26.89000000  26.91000000  27.21400000
 27.83300000  27.83300000  27.83300000  27.83300000  27.83300000  27.83300000  27.83300000  27.83300000  27.83300000  27.83300000  27.83300000  27.83300000  27.83300000  27.83300000  27.83300000  27.83300000  27.83300000  27.83300000  27.83300000  27.83300000  27.83300000  27.83300000  27.83300000  26.85900000  26.98100000  26.85400000  26.91500000  27.15000000  27.13900000  27.34200000
