37.00200000 36.93000000 37.00100000 36.94700000 36.94300000 37.10300000 37.19900000 37.27500000 37.26000000 37.22100000 37.15100000 37.04500000 36.90200000 36.64300000 36.51100000 36.83700000 36.92700000 37.02400000 36.98800000 37.06300000 37.04100000 37.02200000 36.90100000 36.73000000 36.48700000 36.29000000 36.41700000 36.46900000 36.37700000 36.38600000
36.99200000 37.00600000 36.93200000 36.95300000 37.02100000 37.20300000 37.23600000 37.21800000 37.18900000 37.13800000 37.04200000 36.92800000 36.64500000 36.56100000 36.78900000 36.91300000 37.06700000 36.99200000 37.05100000 37.07200000 37.03300000 36.92300000 36.81300000 36.64400000 36.36700000 36.61400000 36.59600000 36.65200000 36.89800000 36.92000000
36.86600000 37.02900000 36.90200000 36.93100000 36.91800000 37.15700000 37.16300000 37.12800000 37.05900000 36.98700000 36.74100000 36.43800000 36.55300000 36.81900000 36.81000000 36.96600000 37.07900000 36.96100000 37.03000000 37.00900000 36.94700000 36.87200000 36.65300000 36.68700000 37.07800000 37.03900000 37.04100000 36.99800000 36.91800000 36.86900000
36.60400000 37.04200000 36.87300000 36.91700000 36.95100000 36.88900000 37.00300000 36.71000000 36.48800000 36.66100000 36.83200000 36.90000000 36.89100000 36.87300000 36.87000000 37.01400000 37.05700000 36.91100000 36.95700000 36.90100000 36.79300000 36.82400000 37.18100000 37.24200000 37.21100000 37.02600000 37.04300000 37.01400000 37.00400000 36.94900000
36.51800000 36.22000000 36.99100000 36.84100000 36.92100000 36.96100000 36.71700000 36.64700000 36.76800000 36.94400000 36.89000000 36.89300000 36.91600000 36.92700000 36.95200000 37.02200000 37.02500000 36.82700000 36.79500000 36.82400000 37.18000000 37.22500000 37.20700000 37.21900000 37.23500000 37.24900000 37.10200000 36.93500000 36.78200000 36.76000000
36.36700000 35.78400000 36.92600000 36.95000000 36.83100000 36.85200000 36.93800000 36.93500000 36.93600000 36.92000000 36.86000000 36.85500000 36.93700000 37.01300000 37.03600000 37.00700000 37.08800000 36.91600000 37.03200000 37.18100000 37.19500000 37.16000000 37.06900000 37.06600000 37.14400000 37.22000000 37.27200000 37.25200000 36.79500000 36.56100000
36.06900000 35.33100000 36.86000000 37.00600000 37.07700000 36.96100000 36.87200000 36.84200000 36.82600000 36.84500000 36.97000000 36.99500000 36.99500000 37.01500000 37.03900000 37.01800000 37.19500000 37.11800000 37.12100000 37.18400000 37.15100000 37.02700000 36.94800000 36.95200000 37.10700000 37.20000000 37.27400000 37.28500000 37.26300000 36.74000000
35.71000000 35.22300000 36.36800000 36.67400000 36.89900000 37.14500000 37.13800000 36.89600000 36.92300000 36.95800000 37.01700000 36.98300000 37.00000000 37.05000000 37.06800000 37.06100000 37.22200000 37.19500000 37.13900000 37.14500000 37.14600000 37.09400000 37.06300000 37.11500000 37.17500000 37.25400000 37.37600000 37.35600000 37.25700000 37.23000000
35.32700000 35.77100000 36.30000000 36.74700000 36.72300000 36.72900000 36.94100000 37.29500000 36.96800000 36.88600000 36.90500000 36.94000000 36.95600000 36.96600000 36.96400000 37.04800000 37.21900000 37.25000000 37.25800000 37.25200000 37.21600000 37.20000000 37.22700000 37.21500000 37.40400000 37.47000000 37.46200000 37.39100000 37.27500000 37.26200000
35.26700000 35.24700000 35.93700000 36.35900000 36.41500000 36.62400000 36.44400000 36.80500000 37.32100000 37.36800000 37.29300000 37.06400000 36.93400000 36.95800000 36.95500000 36.97900000 37.06100000 37.04900000 37.02300000 37.43900000 37.39800000 37.41000000 37.41800000 37.41600000 37.38300000 37.39600000 37.45000000 37.32100000 37.25200000 37.25300000
34.60800000 34.80900000 34.86300000 35.10500000 36.11700000 36.12900000 36.48300000 36.15700000 36.66900000 37.18700000 37.32900000 37.39000000 37.43100000 37.16600000 36.95100000 36.98000000 36.95700000 37.36300000 37.33500000 37.35500000 37.28700000 37.31800000 37.35800000 37.40700000 37.41400000 37.42500000 37.32700000 37.26200000 37.32600000 37.22500000
37.59700000 37.59700000 37.59700000 35.06900000 35.43400000 35.75100000 36.08700000 35.97300000 35.78200000 36.38800000 37.03300000 37.22100000 37.21500000 37.28400000 37.30400000 37.25100000 37.20300000 36.91200000 37.32800000 37.35000000 37.25900000 37.35900000 37.33100000 37.26600000 37.28900000 37.32000000 37.34300000 37.27300000 37.35400000 37.20600000
37.59700000 37.59700000 37.59700000 37.59700000 35.21000000 35.27800000 35.56800000 35.54700000 35.66700000 35.75900000 36.55000000 37.11100000 37.09200000 36.68000000 36.61200000 36.91200000 36.82000000 36.49000000 37.28300000 37.34400000 37.21800000 37.26500000 37.23900000 37.21900000 37.26500000 37.35400000 37.33500000 37.32800000 37.39300000 37.20600000
37.59700000 37.59700000 37.59700000 37.59700000 37.59700000 37.59700000 35.29800000 35.35300000 35.44200000 35.52500000 35.89900000 36.32900000 36.50200000 36.38000000 36.15100000 36.22800000 36.77300000 36.36000000 37.20300000 37.35400000 37.28100000 37.17600000 37.19700000 37.19000000 37.26900000 37.36300000 37.45600000 37.35800000 37.31900000 37.24900000
37.59700000 37.59700000 37.59700000 37.59700000 37.59700000 37.59700000 37.59700000 37.59700000 37.59700000 37.59700000 37.59700000 37.59700000 35.66500000 35.81200000 36.08700000 36.15900000 36.61400000 36.18200000 37.05200000 37.27700000 37.34700000 37.36900000 37.29000000 37.24700000 37.30000000 37.36600000 37.41300000 37.49100000 37.36600000 37.32100000
37.59700000 37.59700000 37.59700000 37.59700000 37.59700000 37.59700000 37.59700000 37.59700000 37.59700000 37.59700000 37.59700000 37.59700000 37.59700000 37.59700000 37.59700000 35.98600000 36.29900000 36.10000000 36.58800000 36.99300000 37.30700000 37.35700000 37.38500000 37.39800000 37.33900000 37.35200000 37.38300000 37.47800000 37.51700000 37.49400000
37.59700000 37.59700000 37.59700000 37.59700000 37.59700000 37.59700000 37.59700000 37.59700000 37.59700000 37.59700000 37.59700000 37.59700000 37.59700000 37.59700000 37.59700000 37.59700000 36.01000000 36.04600000 36.64400000 36.94900000 36.90900000 37.35000000 37.41400000 37.41200000 37.37400000 37.32100000 37.36200000 37.38400000 37.43500000 37.55000000
37.59700000 37.59700000 37.59700000 37.59700000 37.59700000 37.59700000 37.59700000 37.59700000 37.59700000 37.59700000 37.59700000 37.59700000 37.59700000 37.59700000 37.59700000 37.59700000 37.59700000 37.59700000 35.94300000 36.70000000 37.07600000 37.17500000 37.42200000 37.41700000 37.35400000 37.31800000 37.35300000 37.37500000 37.33200000 37.41500000
37.59700000 37.59700000 37.59700000 37.59700000 37.59700000 37.59700000 37.59700000 37.59700000 37.59700000 37.59700000 37.59700000 37.59700000 37.59700000 37.59700000 37.59700000 37.59700000 37.59700000 37.59700000 37.59700000 36.63400000 36.83200000 37.26800000 37.42800000 37.42000000 37.28900000 37.34500000 37.34300000 37.36900000 37.34800000 37.32700000
37.59700000 37.59700000 37.59700000 37.59700000 37.59700000 37.59700000 37.59700000 37.59700000 37.59700000 37.59700000 37.59700000 37.59700000 37.59700000 37.59700000 37.59700000 37.59700000 37.59700000 37.59700000 37.59700000 36.75700000 36.75000000 37.33300000 37.42300000 37.38700000 37.33800000 37.40700000 37.40400000 37.35000000 37.37200000 37.32700000
37.59700000 37.59700000 37.59700000 37.59700000 37.59700000 37.59700000 37.59700000 37.59700000 37.59700000 37.59700000 37.59700000 37.59700000 37.59700000 37.59700000 37.59700000 37.59700000 37.59700000 37.59700000 37.59700000 36.84700000 36.81300000 37.34700000 37.38200000 37.30600000 37.39900000 37.37900000 37.39300000 37.42800000 37.36900000 37.34500000
37.59700000 37.59700000 37.59700000 37.59700000 37.59700000 37.59700000 37.59700000 37.59700000 37.59700000 37.59700000 37.59700000 37.59700000 37.59700000 37.59700000 37.59700000 37.59700000 37.59700000 37.59700000 37.59700000 36.43100000 36.65100000 37.22200000 37.32600000 37.33000000 37.37000000 37.38500000 37.36600000 37.37600000 37.40500000 37.38400000
37.59700000 37.59700000 37.59700000 37.59700000 37.59700000 37.59700000 37.59700000 37.59700000 37.59700000 37.59700000 37.59700000 37.59700000 37.59700000 37.59700000 37.59700000 37.59700000 37.59700000 37.59700000 37.59700000 37.59700000 36.68400000 36.81600000 37.33400000 37.37500000 37.34600000 37.35800000 37.32700000 37.31900000 37.34500000 37.34900000
37.59700000 37.59700000 37.59700000 37.59700000 37.59700000 37.59700000 37.59700000 37.59700000 37.59700000 37.59700000 37.59700000 37.59700000 37.59700000 37.59700000 37.59700000 37.59700000 37.59700000 37.59700000 37.59700000 37.59700000 37.59700000 36.66900000 37.24000000 37.31300000 37.33800000 37.33500000 37.31900000 37.30700000 37.28600000 37.31300000
37.59700000 37.59700000 37.59700000 37.59700000 37.59700000 37.59700000 37.59700000 37.59700000 37.59700000 37.59700000 37.59700000 37.59700000 37.59700000 37.59700000 37.59700000 37.59700000 37.59700000 37.59700000 37.59700000 37.59700000 37.59700000 36.43700000 37.08200000 37.25200000 37.30000000 37.30600000 37.29100000 37.27100000 37.27500000 37.26700000
37.59700000 37.59700000 37.59700000 37.59700000 37.59700000 37.59700000 37.59700000 37.59700000 37.59700000 37.59700000 37.59700000 37.59700000 37.59700000 37.59700000 37.59700000 37.59700000 37.59700000 37.59700000 37.59700000 37.59700000 37.59700000 37.59700000 36.64700000 37.09700000 37.19200000 37.19100000 37.21000000 37.20700000 37.23000000 37.29400000
37.59700000 37.59700000 37.59700000 37.59700000 37.59700000 37.59700000 37.59700000 37.59700000 37.59700000 37.59700000 37.59700000 37.59700000 37.59700000 37.59700000 37.59700000 37.59700000 37.59700000 37.59700000 37.59700000 37.59700000 37.59700000 37.59700000 37.59700000 36.90300000 37.16200000 37.17400000 37.23700000 37.23300000 37.27000000 37.28300000
36.99900000 36.92900000 37.00100000 36.94600000 36.94200000 37.10200000 37.20100000 37.27400000 37.25900000 37.22200000 37.15200000 37.04600000 36.90400000 36.64300000 36.51200000 36.83600000 36.92600000 37.02400000 36.98700000 37.06200000 37.04000000 37.02200000 36.90100000 36.72700000 36.48900000 36.28900000 36.41600000 36.46800000 36.37500000 36.38800000
36.99100000 37.00400000 36.93100000 36.95200000 37.01900000 37.20200000 37.23500000 37.21700000 37.18800000 37.13700000 37.04100000 36.92700000 36.64400000 36.55900000 36.78800000 36.91200000 37.06600000 36.99100000 37.05000000 37.07100000 37.03200000 36.92200000 36.81200000 36.64400000 36.36700000 36.61300000 36.59500000 36.65100000 36.89700000 36.92100000
36.86500000 37.02800000 36.90100000 36.93000000 36.91600000 37.15600000 37.16200000 37.12700000 37.05800000 36.98600000 36.74100000 36.43700000 36.55200000 36.81800000 36.80900000 36.96400000 37.07800000 36.96000000 37.02900000 37.00800000 36.94600000 36.87100000 36.65200000 36.68600000 37.07800000 37.03800000 37.04000000 36.99700000 36.91700000 36.86700000
36.60300000 37.04200000 36.87300000 36.91600000 36.95100000 36.88700000 37.00300000 36.71000000 36.48700000 36.65900000 36.83100000 36.89900000 36.89000000 36.87200000 36.86800000 37.01200000 37.05500000 36.91000000 36.95500000 36.90000000 36.79200000 36.82300000 37.18000000 37.24000000 37.21000000 37.02600000 37.04200000 37.01300000 37.00300000 36.94800000
36.52300000 36.23800000 36.99000000 36.84100000 36.92000000 36.96000000 36.71700000 36.64600000 36.76700000 36.94300000 36.88900000 36.89200000 36.91500000 36.92500000 36.95100000 37.02000000 37.02400000 36.82600000 36.79400000 36.82300000 37.17900000 37.22400000 37.20600000 37.21800000 37.23400000 37.24800000 37.10200000 36.93400000 36.78100000 36.75900000
36.37200000 35.87900000 36.92400000 36.94900000 36.83000000 36.85100000 36.93700000 36.93400000 36.93500000 36.91900000 36.85900000 36.85400000 36.93600000 37.01200000 37.03500000 37.00500000 37.08700000 36.91500000 37.03100000 37.17900000 37.19400000 37.15900000 37.06800000 37.06600000 37.14300000 37.21900000 37.27100000 37.25100000 36.79500000 36.56100000
36.07700000 36.03700000 36.86000000 37.00500000 37.07600000 36.96000000 36.87100000 36.84100000 36.82500000 36.84300000 36.96800000 36.99400000 36.99400000 37.01400000 37.03800000 37.01600000 37.19300000 37.11700000 37.12000000 37.18300000 37.15000000 37.02600000 36.94700000 36.95100000 37.10500000 37.19900000 37.27300000 37.28400000 37.26200000 36.76900000
35.90200000 35.98300000 36.69900000 36.67200000 36.89800000 37.14400000 37.13700000 36.89500000 36.92100000 36.95700000 37.01600000 36.98100000 36.99800000 37.04900000 37.06700000 37.05900000 37.22000000 37.19400000 37.13700000 37.14300000 37.14500000 37.09300000 37.06200000 37.11400000 37.17400000 37.25300000 37.37500000 37.35500000 37.25700000 37.23100000
35.82100000 35.91800000 36.51000000 36.74700000 36.72100000 36.72800000 36.93900000 37.29300000 36.96700000 36.88500000 36.90400000 36.93900000 36.95500000 36.96500000 36.96300000 37.04700000 37.21700000 37.24900000 37.25700000 37.25100000 37.21500000 37.19900000 37.22600000 37.21300000 37.40200000 37.46900000 37.46100000 37.39000000 37.27400000 37.26100000
35.69200000 35.81900000 36.17700000 36.36000000 36.41600000 36.62200000 36.44800000 36.80300000 37.32000000 37.36700000 37.29200000 37.06400000 36.93300000 36.95700000 36.95400000 36.97800000 37.06000000 37.04800000 37.02200000 37.43800000 37.39600000 37.40900000 37.41600000 37.41400000 37.38100000 37.39500000 37.44900000 37.32000000 37.25100000 37.25200000
35.40600000 37.59700000 35.53000000 35.80500000 36.19100000 36.14200000 36.49000000 36.28600000 36.66800000 37.18500000 37.32800000 37.38900000 37.43000000 37.16600000 36.95000000 36.97900000 36.95600000 37.36200000 37.33400000 37.35300000 37.28600000 37.31600000 37.35700000 37.40500000 37.41200000 37.42300000 37.32600000 37.26100000 37.32500000 37.22400000
37.59700000 37.59700000 37.59700000 37.59700000 35.73600000 36.02300000 36.32700000 36.44800000 36.16500000 36.39200000 37.03000000 37.22100000 37.21500000 37.28300000 37.30300000 37.25000000 37.20000000 36.91100000 37.32700000 37.34900000 37.25800000 37.35700000 37.33000000 37.26500000 37.28800000 37.31800000 37.34200000 37.27200000 37.35300000 37.20500000
37.59700000 37.59700000 37.59700000 37.59700000 37.59700000 35.66100000 35.85900000 35.98500000 36.16100000 35.74500000 36.55000000 37.10900000 37.09100000 36.68100000 36.61100000 36.91200000 36.82000000 36.48600000 37.28100000 37.34300000 37.21700000 37.26300000 37.23800000 37.21700000 37.26300000 37.35200000 37.33400000 37.32600000 37.39100000 37.20500000
37.59700000 37.59700000 37.59700000 37.59700000 37.59700000 37.59700000 37.59700000 35.51800000 35.66700000 35.78600000 35.95500000 36.41900000 36.50700000 36.39200000 36.15300000 36.22500000 36.77000000 36.35400000 37.20200000 37.35300000 37.28000000 37.17500000 37.19500000 37.18800000 37.26700000 37.36200000 37.45500000 37.35700000 37.31800000 37.24800000
37.59700000 37.59700000 37.59700000 37.59700000 37.59700000 37.59700000 37.59700000 37.59700000 37.59700000 37.59700000 37.59700000 37.59700000 37.59700000 37.59700000 37.59700000 36.19400000 36.60900000 36.23100000 37.05000000 37.27500000 37.34600000 37.36700000 37.28900000 37.24600000 37.29800000 37.36500000 37.41100000 37.49000000 37.36500000 37.31900000
37.59700000 37.59700000 37.59700000 37.59700000 37.59700000 37.59700000 37.59700000 37.59700000 37.59700000 37.59700000 37.59700000 37.59700000 37.59700000 37.59700000 37.59700000 37.59700000 36.37600000 36.32500000 36.58400000 36.99000000 37.30500000 37.35600000 37.38400000 37.39700000 37.33800000 37.35000000 37.38200000 37.47700000 37.51600000 37.49300000
37.59700000 37.59700000 37.59700000 37.59700000 37.59700000 37.59700000 37.59700000 37.59700000 37.59700000 37.59700000 37.59700000 37.59700000 37.59700000 37.59700000 37.59700000 37.59700000 37.59700000 36.40200000 36.61200000 36.94300000 36.89800000 37.34900000 37.41300000 37.41100000 37.37200000 37.32000000 37.36100000 37.38200000 37.43300000 37.54900000
37.59700000 37.59700000 37.59700000 37.59700000 37.59700000 37.59700000 37.59700000 37.59700000 37.59700000 37.59700000 37.59700000 37.59700000 37.59700000 37.59700000 37.59700000 37.59700000 37.59700000 37.59700000 37.59700000 36.61200000 37.07200000 37.16700000 37.42100000 37.41600000 37.35400000 37.31600000 37.35200000 37.37400000 37.33000000 37.41600000
37.59700000 37.59700000 37.59700000 37.59700000 37.59700000 37.59700000 37.59700000 37.59700000 37.59700000 37.59700000 37.59700000 37.59700000 37.59700000 37.59700000 37.59700000 37.59700000 37.59700000 37.59700000 37.59700000 37.59700000 36.82700000 37.26600000 37.42600000 37.41900000 37.28800000 37.34400000 37.34100000 37.36700000 37.34600000 37.32600000
37.59700000 37.59700000 37.59700000 37.59700000 37.59700000 37.59700000 37.59700000 37.59700000 37.59700000 37.59700000 37.59700000 37.59700000 37.59700000 37.59700000 37.59700000 37.59700000 37.59700000 37.59700000 37.59700000 37.59700000 36.61600000 37.33100000 37.42100000 37.38600000 37.33700000 37.40600000 37.40200000 37.34900000 37.37100000 37.32600000
37.59700000 37.59700000 37.59700000 37.59700000 37.59700000 37.59700000 37.59700000 37.59700000 37.59700000 37.59700000 37.59700000 37.59700000 37.59700000 37.59700000 37.59700000 37.59700000 37.59700000 37.59700000 37.59700000 37.59700000 36.49600000 37.34500000 37.38100000 37.30500000 37.39700000 37.37700000 37.39200000 37.42700000 37.36800000 37.34400000
37.59700000 37.59700000 37.59700000 37.59700000 37.59700000 37.59700000 37.59700000 37.59700000 37.59700000 37.59700000 37.59700000 37.59700000 37.59700000 37.59700000 37.59700000 37.59700000 37.59700000 37.59700000 37.59700000 37.59700000 36.63800000 37.22000000 37.32500000 37.32900000 37.36900000 37.38400000 37.36400000 37.37500000 37.40400000 37.38300000
37.59700000 37.59700000 37.59700000 37.59700000 37.59700000 37.59700000 37.59700000 37.59700000 37.59700000 37.59700000 37.59700000 37.59700000 37.59700000 37.59700000 37.59700000 37.59700000 37.59700000 37.59700000 37.59700000 37.59700000 37.59700000 36.73800000 37.33300000 37.37400000 37.34400000 37.35700000 37.32600000 37.31800000 37.34300000 37.34000000
37.59700000 37.59700000 37.59700000 37.59700000 37.59700000 37.59700000 37.59700000 37.59700000 37.59700000 37.59700000 37.59700000 37.59700000 37.59700000 37.59700000 37.59700000 37.59700000 37.59700000 37.59700000 37.59700000 37.59700000 37.59700000 36.62800000 37.23800000 37.31200000 37.33700000 37.33300000 37.31800000 37.30500000 37.28500000 37.31100000
37.59700000 37.59700000 37.59700000 37.59700000 37.59700000 37.59700000 37.59700000 37.59700000 37.59700000 37.59700000 37.59700000 37.59700000 37.59700000 37.59700000 37.59700000 37.59700000 37.59700000 37.59700000 37.59700000 37.59700000 37.59700000 37.59700000 37.08000000 37.25100000 37.29900000 37.30500000 37.28900000 37.27000000 37.27300000 37.26600000
37.59700000 37.59700000 37.59700000 37.59700000 37.59700000 37.59700000 37.59700000 37.59700000 37.59700000 37.59700000 37.59700000 37.59700000 37.59700000 37.59700000 37.59700000 37.59700000 37.59700000 37.59700000 37.59700000 37.59700000 37.59700000 37.59700000 36.61100000 37.09700000 37.19000000 37.18900000 37.20900000 37.20600000 37.22900000 37.29300000
37.59700000 37.59700000 37.59700000 37.59700000 37.59700000 37.59700000 37.59700000 37.59700000 37.59700000 37.59700000 37.59700000 37.59700000 37.59700000 37.59700000 37.59700000 37.59700000 37.59700000 37.59700000 37.59700000 37.59700000 37.59700000 37.59700000 37.59700000 36.89200000 37.16100000 37.17300000 37.23600000 37.23200000 37.26900000 37.28200000
