 25.52100000  25.30000000  25.58500000  25.46900000  24.94400000  25.16900000  25.52000000  25.53700000  25.50900000  25.38200000  25.33800000  25.30200000  25.18800000  24.38900000  24.16800000  25.32400000  25.55500000  25.62800000  25.36800000  25.31900000  25.34900000  25.29900000  25.15800000  24.82500000  24.16200000  23.82900000  24.16400000  24.44000000  24.40400000  24.66400000
 25.31200000  25.21800000  25.40400000  25.04600000  24.88800000  25.40700000  25.44800000  25.40700000  25.39200000  25.32600000  25.24300000  25.13200000  24.23900000  24.19900000  24.73200000  25.28700000  25.63700000  25.29000000  25.33400000  25.32900000  25.26100000  25.10000000  24.91600000  24.41000000  23.71400000  24.38300000  24.48400000  24.69200000  25.14000000  25.04600000
 25.03600000  25.32900000  25.41700000  25.17400000  24.67300000  25.31000000  25.33700000  25.24000000  25.14400000  25.03700000  24.48300000  23.89700000  24.16600000  24.69300000  24.72200000  25.53400000  25.48800000  25.25500000  25.28000000  25.19800000  25.11600000  25.02100000  24.37000000  24.63200000  25.57400000  25.48500000  25.45500000  25.18200000  24.98600000  24.98500000
 24.62000000  25.24500000  25.33100000  25.49700000  24.77900000  24.71100000  24.95300000  24.35000000  24.01900000  24.25600000  24.58500000  24.81900000  24.89000000  24.88000000  25.05800000  25.63000000  25.49000000  25.14700000  25.16200000  24.94900000  24.73700000  25.03900000  25.78200000  25.86800000  25.85200000  25.46300000  25.39000000  25.29800000  25.26000000  25.32100000
 24.37800000  24.22700000  25.18700000  25.37400000  25.50000000  24.98900000  24.26700000  24.18400000  24.35400000  24.86700000  24.92200000  25.14000000  25.38500000  25.48300000  25.60200000  25.66400000  25.45300000  24.98500000  24.90700000  24.99900000  25.78900000  25.68000000  25.62100000  25.69100000  25.76000000  25.77700000  25.64600000  25.27500000  25.11400000  25.26100000
 24.00800000  23.84100000  24.85800000  25.38900000  25.40200000  25.45000000  25.58000000  25.49300000  25.50700000  25.56600000  25.50500000  25.52300000  25.68300000  25.80300000  25.87600000  25.68600000  25.55500000  25.09600000  25.35300000  25.73700000  25.58000000  25.50500000  25.24100000  25.21600000  25.41200000  25.76300000  25.97000000  25.92700000  25.16700000  25.10600000
 23.91300000  23.65100000  24.67300000  25.11300000  25.51600000  25.55700000  25.52700000  25.51000000  25.48800000  25.50900000  25.71100000  25.69600000  25.68700000  25.77500000  25.85500000  25.70400000  25.71400000  25.51100000  25.55300000  25.59800000  25.46200000  25.18800000  24.88600000  24.94600000  25.30000000  25.74500000  26.17500000  26.05700000  25.98800000  25.25000000
 23.78400000  23.64400000  24.44700000  24.44500000  24.95900000  25.59200000  25.89700000  25.59300000  25.67300000  25.74800000  25.85200000  25.80100000  25.78400000  25.85000000  25.90000000  25.72900000  25.78900000  25.75700000  25.60800000  25.55000000  25.45300000  25.34000000  25.26800000  25.35100000  25.63800000  26.20300000  26.61300000  26.39000000  25.86500000  26.00600000
 23.47500000  23.85500000  24.14500000  24.47800000  24.48900000  24.65900000  25.02300000  26.16100000  25.76500000  25.63100000  25.66500000  25.72700000  25.77500000  25.77000000  25.75700000  25.73600000  25.85400000  25.91500000  25.95500000  25.95500000  25.87800000  25.83800000  25.95100000  26.16700000  26.78400000  26.85600000  26.69300000  26.47300000  25.89600000  26.12500000
 23.22400000  22.80600000  23.66300000  24.11900000  24.02300000  24.28300000  24.08600000  24.69500000  26.14100000  26.39400000  26.33500000  25.92500000  25.64200000  25.66000000  25.73400000  25.75600000  25.72100000  25.79300000  25.86700000  26.77300000  26.52700000  26.51500000  26.55700000  26.54400000  26.33600000  26.36300000  26.60900000  26.19300000  25.95300000  26.14100000
 24.24100000  23.68500000  23.59900000  23.28700000  23.73000000  23.55300000  23.96100000  24.05700000  24.45400000  25.67900000  26.28500000  26.55700000  26.71500000  26.09300000  25.65300000  25.65200000  25.64800000  26.46100000  26.53300000  26.65400000  26.12000000  26.17400000  26.31100000  26.47900000  26.52800000  26.56500000  26.24000000  25.94200000  26.28300000  26.22700000
 27.83300000  27.83300000  27.83300000  24.20800000  23.73800000  23.39900000  23.52800000  23.51000000  23.55500000  24.14600000  25.18000000  25.77800000  25.76800000  26.04900000  26.15900000  26.06800000  26.00500000  25.37100000  26.50000000  26.67300000  26.06500000  26.35800000  26.33400000  26.25000000  26.38600000  26.32500000  26.38700000  26.14000000  26.38500000  26.30600000
 27.83300000  27.83300000  27.83300000  27.83300000  23.88300000  23.77700000  23.54900000  23.45000000  23.37100000  23.46000000  24.19700000  25.23300000  25.23700000  24.39900000  24.36500000  24.81500000  24.80900000  24.85800000  26.34900000  26.67000000  25.93800000  26.16700000  26.13600000  26.38100000  26.44500000  26.71500000  26.46900000  26.33500000  26.50300000  26.33100000
 27.83300000  27.83300000  27.83300000  27.83300000  27.83300000  27.83300000  24.69100000  24.21100000  23.60400000  23.47000000  23.57000000  23.76000000  24.08400000  23.80400000  23.12700000  23.57000000  24.45300000  24.75900000  26.14100000  26.77500000  26.42000000  26.02100000  26.19100000  26.19200000  26.30800000  26.79000000  26.93900000  26.53900000  26.28800000  26.28600000
 27.83300000  27.83300000  27.83300000  27.83300000  27.83300000  27.83300000  27.83300000  27.83300000  27.83300000  27.83300000  27.83300000  27.83300000  23.59300000  23.25200000  23.16000000  23.48000000  24.11400000  24.65900000  25.64000000  26.48500000  26.82700000  26.82800000  26.49700000  26.34400000  26.36100000  26.89300000  26.92300000  27.01000000  26.54800000  26.33800000
 27.83300000  27.83300000  27.83300000  27.83300000  27.83300000  27.83300000  27.83300000  27.83300000  27.83300000  27.83300000  27.83300000  27.83300000  27.83300000  27.83300000  27.83300000  23.61800000  24.00600000  24.84400000  25.10500000  25.22200000  26.74400000  26.78900000  26.82100000  26.89600000  26.50600000  26.97900000  26.96200000  26.96500000  27.03700000  26.94100000
 27.83300000  27.83300000  27.83300000  27.83300000  27.83300000  27.83300000  27.83300000  27.83300000  27.83300000  27.83300000  27.83300000  27.83300000  27.83300000  27.83300000  27.83300000  27.83300000  23.95900000  24.30900000  25.19800000  25.42800000  24.74700000  26.89000000  26.82600000  26.94000000  26.64800000  27.05100000  27.06400000  26.92800000  26.98200000  27.09100000
 27.83300000  27.83300000  27.83300000  27.83300000  27.83300000  27.83300000  27.83300000  27.83300000  27.83300000  27.83300000  27.83300000  27.83300000  27.83300000  27.83300000  27.83300000  27.83300000  27.83300000  27.83300000  23.87000000  25.21400000  25.61600000  26.52600000  26.82100000  26.93300000  26.80100000  27.10500000  27.17100000  27.10700000  27.00900000  27.04500000
 27.83300000  27.83300000  27.83300000  27.83300000  27.83300000  27.83300000  27.83300000  27.83300000  27.83300000  27.83300000  27.83300000  27.83300000  27.83300000  27.83300000  27.83300000  27.83300000  27.83300000  27.83300000  27.83300000  25.47400000  24.24600000  26.74300000  26.78600000  26.76500000  26.96300000  27.11600000  27.08700000  27.14300000  27.08400000  27.09700000
 27.83300000  27.83300000  27.83300000  27.83300000  27.83300000  27.83300000  27.83300000  27.83300000  27.83300000  27.83300000  27.83300000  27.83300000  27.83300000  27.83300000  27.83300000  27.83300000  27.83300000  27.83300000  27.83300000  25.75200000  25.25500000  26.94600000  26.74600000  26.77400000  27.11300000  27.24600000  27.24600000  27.07800000  27.15200000  27.20900000
 27.83300000  27.83300000  27.83300000  27.83300000  27.83300000  27.83300000  27.83300000  27.83300000  27.83300000  27.83300000  27.83300000  27.83300000  27.83300000  27.83300000  27.83300000  27.83300000  27.83300000  27.83300000  27.83300000  25.77000000  25.70800000  26.98500000  26.78000000  26.89600000  27.24200000  27.07000000  27.06500000  27.25800000  27.16500000  27.19700000
 27.83300000  27.83300000  27.83300000  27.83300000  27.83300000  27.83300000  27.83300000  27.83300000  27.83300000  27.83300000  27.83300000  27.83300000  27.83300000  27.83300000  27.83300000  27.83300000  27.83300000  27.83300000  27.83300000  25.31600000  24.46900000  26.69300000  26.99900000  27.08300000  27.16200000  27.00700000  27.16400000  27.21000000  27.26600000  27.31300000
 27.83300000  27.83300000  27.83300000  27.83300000  27.83300000  27.83300000  27.83300000  27.83300000  27.83300000  27.83300000  27.83300000  27.83300000  27.83300000  27.83300000  27.83300000  27.83300000  27.83300000  27.83300000  27.83300000  27.83300000  25.70900000  25.99800000  27.00900000  27.14600000  27.01500000  27.08200000  27.13700000  27.16400000  27.28500000  27.22700000
 27.83300000  27.83300000  27.83300000  27.83300000  27.83300000  27.83300000  27.83300000  27.83300000  27.83300000  27.83300000  27.83300000  27.83300000  27.83300000  27.83300000  27.83300000  27.83300000  27.83300000  27.83300000  27.83300000  27.83300000  27.83300000  25.52000000  26.80100000  27.00400000  27.01000000  27.07000000  27.08300000  26.93100000  27.03000000  27.31600000
 27.83300000  27.83300000  27.83300000  27.83300000  27.83300000  27.83300000  27.83300000  27.83300000  27.83300000  27.83300000  27.83300000  27.83300000  27.83300000  27.83300000  27.83300000  27.83300000  27.83300000  27.83300000  27.83300000  27.83300000  27.83300000  25.61700000  26.45200000  26.86900000  26.97000000  26.92600000  26.89200000  26.83100000  26.82800000  26.96100000
 27.83300000  27.83300000  27.83300000  27.83300000  27.83300000  27.83300000  27.83300000  27.83300000  27.83300000  27.83300000  27.83300000  27.83300000  27.83300000  27.83300000  27.83300000  27.83300000  27.83300000  27.83300000  27.83300000  27.83300000  27.83300000  27.83300000  26.22000000  26.57600000  26.67500000  26.66700000  26.73300000  26.80700000  26.83200000  27.32200000
 27.83300000  27.83300000  27.83300000  27.83300000  27.83300000  27.83300000  27.83300000  27.83300000  27.83300000  27.83300000  27.83300000  27.83300000  27.83300000  27.83300000  27.83300000  27.83300000  27.83300000  27.83300000  27.83300000  27.83300000  27.83300000  27.83300000  27.83300000  26.59500000  26.75900000  26.76500000  27.08900000  26.94100000  27.27600000  27.38000000
 25.58600000  25.36800000  25.61200000  25.50500000  24.99300000  25.18800000  25.53600000  25.55600000  25.53100000  25.43100000  25.35900000  25.31600000  25.23700000  24.39300000  24.18800000  25.33100000  25.59000000  25.65700000  25.42000000  25.33600000  25.36600000  25.31000000  25.17000000  24.84000000  24.17600000  23.83300000  24.17400000  24.44800000  24.41400000  24.67800000
 25.32400000  25.22400000  25.41300000  25.05500000  24.89400000  25.41400000  25.45400000  25.41200000  25.39600000  25.32900000  25.24600000  25.13600000  24.24100000  24.20100000  24.73500000  25.29300000  25.64600000  25.29500000  25.34100000  25.33300000  25.26500000  25.10400000  24.92000000  24.41600000  23.71900000  24.39000000  24.49100000  24.70100000  25.14900000  25.05900000
 25.05600000  25.33700000  25.42600000  25.18600000  24.68000000  25.31700000  25.34400000  25.24800000  25.15100000  25.04300000  24.48900000  23.89100000  24.16400000  24.69600000  24.72500000  25.53900000  25.49500000  25.25900000  25.28500000  25.20300000  25.12200000  25.02500000  24.36900000  24.63500000  25.58000000  25.49200000  25.46300000  25.19000000  24.99200000  24.99100000
 24.66600000  25.25400000  25.34100000  25.50700000  24.78800000  24.71600000  24.95900000  24.35600000  24.02300000  24.25700000  24.58600000  24.82000000  24.89100000  24.88200000  25.06000000  25.63600000  25.49400000  25.15000000  25.16600000  24.95200000  24.74000000  25.04500000  25.78900000  25.87400000  25.85700000  25.46900000  25.39600000  25.30400000  25.27200000  25.33000000
 24.42300000  24.31500000  25.19200000  25.38100000  25.50900000  24.99200000  24.27200000  24.18900000  24.35800000  24.87300000  24.92800000  25.14400000  25.38900000  25.48700000  25.60500000  25.66900000  25.45800000  24.98800000  24.91100000  25.00200000  25.79400000  25.68900000  25.63300000  25.70000000  25.77000000  25.78200000  25.65500000  25.28700000  25.12200000  25.26800000
 24.00200000  23.94900000  24.86300000  25.39800000  25.41000000  25.45400000  25.58500000  25.49800000  25.51400000  25.57600000  25.51400000  25.53100000  25.69100000  25.81000000  25.88100000  25.69100000  25.55900000  25.09800000  25.35500000  25.74000000  25.58400000  25.50800000  25.24800000  25.22600000  25.41900000  25.77300000  25.98500000  25.93500000  25.17700000  25.11200000
 23.94500000  24.07000000  24.67400000  25.11500000  25.52100000  25.56000000  25.53200000  25.51400000  25.49200000  25.51400000  25.71600000  25.70100000  25.69400000  25.78300000  25.86100000  25.71000000  25.71800000  25.51500000  25.55700000  25.60200000  25.46700000  25.19300000  24.89000000  24.94900000  25.30700000  25.75600000  26.18700000  26.06900000  25.99700000  25.31700000
 23.46600000  23.21000000  24.97000000  24.43900000  24.95500000  25.59500000  25.90200000  25.59700000  25.67500000  25.75200000  25.85500000  25.80500000  25.79000000  25.85800000  25.90600000  25.73200000  25.79300000  25.76300000  25.61400000  25.55300000  25.45700000  25.34400000  25.27200000  25.35800000  25.64700000  26.21500000  26.62500000  26.40100000  25.87400000  26.01900000
 21.47800000  21.94100000  24.45400000  24.48400000  24.49100000  24.66300000  25.02400000  26.16300000  25.76900000  25.63300000  25.66900000  25.73200000  25.77900000  25.77400000  25.76200000  25.74000000  25.85800000  25.91800000  25.96000000  25.96100000  25.88400000  25.84400000  25.95800000  26.17500000  26.79400000  26.86500000  26.70300000  26.48300000  25.90400000  26.13500000
 20.31200000  20.60300000  23.55100000  24.12500000  24.03000000  24.28700000  24.10200000  24.68800000  26.14400000  26.40100000  26.34500000  25.93500000  25.65000000  25.66500000  25.73600000  25.76000000  25.72500000  25.79800000  25.87100000  26.77900000  26.53200000  26.52100000  26.56300000  26.55000000  26.34300000  26.37000000  26.61700000  26.19900000  25.95900000  26.15100000
 22.34200000  27.83300000  21.42700000  21.09800000  23.63600000  23.53200000  23.97400000  24.27400000  24.45500000  25.68300000  26.29400000  26.56700000  26.72100000  26.10100000  25.65500000  25.65500000  25.65000000  26.46900000  26.53800000  26.66000000  26.12400000  26.17800000  26.31700000  26.48500000  26.53400000  26.57100000  26.24400000  25.94600000  26.29000000  26.23500000
 27.83300000  27.83300000  27.83300000  27.83300000  21.35000000  21.10800000  23.21200000  23.43800000  23.53900000  24.16100000  25.17300000  25.78600000  25.77400000  26.05300000  26.16200000  26.06700000  26.00200000  25.37100000  26.50500000  26.68200000  26.07000000  26.36200000  26.33800000  26.25400000  26.39300000  26.32700000  26.39400000  26.14500000  26.39200000  26.31200000
 27.83300000  27.83300000  27.83300000  27.83300000  27.83300000  20.82100000  20.85900000  20.77900000  21.92900000  22.62200000  24.20000000  25.23400000  25.24000000  24.39900000  24.35600000  24.80900000  24.80600000  24.84400000  26.34900000  26.67600000  25.94000000  26.17000000  26.13900000  26.38500000  26.45000000  26.72200000  26.47700000  26.34000000  26.51000000  26.33900000
 27.83300000  27.83300000  27.83300000  27.83300000  27.83300000  27.83300000  27.83300000  23.11600000  20.96300000  20.89700000  21.42900000  23.73000000  24.07500000  23.82700000  22.94000000  23.46600000  24.42700000  24.72300000  26.14200000  26.78000000  26.42800000  26.02400000  26.19400000  26.19500000  26.31500000  26.79900000  26.94800000  26.55100000  26.29600000  26.29100000
 27.83300000  27.83300000  27.83300000  27.83300000  27.83300000  27.83300000  27.83300000  27.83300000  27.83300000  27.83300000  27.83300000  27.83300000  27.83300000  27.83300000  27.83300000  21.54100000  23.96000000  24.45700000  25.63900000  26.48800000  26.83200000  26.83300000  26.50600000  26.35400000  26.37000000  26.90200000  26.93200000  27.02000000  26.55800000  26.34400000
 27.83300000  27.83300000  27.83300000  27.83300000  27.83300000  27.83300000  27.83300000  27.83300000  27.83300000  27.83300000  27.83300000  27.83300000  27.83300000  27.83300000  27.83300000  27.83300000  22.77600000  23.52400000  25.07200000  25.18900000  26.74300000  26.79400000  26.82800000  26.90700000  26.51400000  26.98700000  26.97200000  26.97600000  27.04600000  26.95500000
 27.83300000  27.83300000  27.83300000  27.83300000  27.83300000  27.83300000  27.83300000  27.83300000  27.83300000  27.83300000  27.83300000  27.83300000  27.83300000  27.83300000  27.83300000  27.83300000  27.83300000  21.59500000  24.63100000  25.38700000  24.71900000  26.89700000  26.83600000  26.95200000  26.65600000  27.06000000  27.07700000  26.93900000  26.99300000  27.10200000
 27.83300000  27.83300000  27.83300000  27.83300000  27.83300000  27.83300000  27.83300000  27.83300000  27.83300000  27.83300000  27.83300000  27.83300000  27.83300000  27.83300000  27.83300000  27.83300000  27.83300000  27.83300000  27.83300000  24.93200000  25.60100000  26.51900000  26.83000000  26.94300000  26.80900000  27.11500000  27.18400000  27.11900000  27.02000000  27.06600000
 27.83300000  27.83300000  27.83300000  27.83300000  27.83300000  27.83300000  27.83300000  27.83300000  27.83300000  27.83300000  27.83300000  27.83300000  27.83300000  27.83300000  27.83300000  27.83300000  27.83300000  27.83300000  27.83300000  27.83300000  24.20100000  26.75000000  26.79500000  26.77500000  26.96900000  27.12800000  27.09900000  27.15400000  27.09400000  27.10600000
 27.83300000  27.83300000  27.83300000  27.83300000  27.83300000  27.83300000  27.83300000  27.83300000  27.83300000  27.83300000  27.83300000  27.83300000  27.83300000  27.83300000  27.83300000  27.83300000  27.83300000  27.83300000  27.83300000  27.83300000  23.25300000  26.95400000  26.75500000  26.78400000  27.12500000  27.25700000  27.25600000  27.08500000  27.16300000  27.21700000
 27.83300000  27.83300000  27.83300000  27.83300000  27.83300000  27.83300000  27.83300000  27.83300000  27.83300000  27.83300000  27.83300000  27.83300000  27.83300000  27.83300000  27.83300000  27.83300000  27.83300000  27.83300000  27.83300000  27.83300000  22.85800000  26.99100000  26.78900000  26.90700000  27.25600000  27.07800000  27.07300000  27.27000000  27.17500000  27.20500000
 27.83300000  27.83300000  27.83300000  27.83300000  27.83300000  27.83300000  27.83300000  27.83300000  27.83300000  27.83300000  27.83300000  27.83300000  27.83300000  27.83300000  27.83300000  27.83300000  27.83300000  27.83300000  27.83300000  27.83300000  23.40100000  26.69900000  27.01000000  27.09400000  27.17300000  27.01400000  27.17100000  27.22000000  27.27500000  27.32200000
 27.83300000  27.83300000  27.83300000  27.83300000  27.83300000  27.83300000  27.83300000  27.83300000  27.83300000  27.83300000  27.83300000  27.83300000  27.83300000  27.83300000  27.83300000  27.83300000  27.83300000  27.83300000  27.83300000  27.83300000  27.83300000  25.42700000  27.01900000  27.15700000  27.02400000  27.09000000  27.14300000  27.17200000  27.29100000  27.15800000
 27.83300000  27.83300000  27.83300000  27.83300000  27.83300000  27.83300000  27.83300000  27.83300000  27.83300000  27.83300000  27.83300000  27.83300000  27.83300000  27.83300000  27.83300000  27.83300000  27.83300000  27.83300000  27.83300000  27.83300000  27.83300000  24.37700000  26.81100000  27.01400000  27.02000000  27.07800000  27.09100000  26.94000000  27.03900000  27.32800000
 27.83300000  27.83300000  27.83300000  27.83300000  27.83300000  27.83300000  27.83300000  27.83300000  27.83300000  27.83300000  27.83300000  27.83300000  27.83300000  27.83300000  27.83300000  27.83300000  27.83300000  27.83300000  27.83300000  27.83300000  27.83300000  27.83300000  26.46300000  26.87800000  26.97800000  26.93500000  26.90200000  26.84200000  26.83600000  26.97000000
 27.83300000  27.83300000  27.83300000  27.83300000  27.83300000  27.83300000  27.83300000  27.83300000  27.83300000  27.83300000  27.83300000  27.83300000  27.83300000  27.83300000  27.83300000  27.83300000  27.83300000  27.83300000  27.83300000  27.83300000  27.83300000  27.83300000  26.15900000  26.58600000  26.67800000  26.67400000  26.74200000  26.81600000  26.85000000  27.34000000
 27.83300000  27.83300000  27.83300000  27.83300000  27.83300000  27.83300000  27.83300000  27.83300000  27.83300000  27.83300000  27.83300000  27.83300000  27.83300000  27.83300000  27.83300000  27.83300000  27.83300000  27.83300000  27.83300000  27.83300000  27.83300000  27.83300000  27.83300000  26.58000000  26.77100000  26.77000000  27.09900000  26.94500000  27.30700000  27.39800000
