37.00200000 36.93000000 36.99700000 36.94400000 36.94200000 37.11200000 37.20200000 37.27400000 37.25900000 37.22000000 37.15000000 37.04300000 36.90100000 36.64300000 36.52100000 36.83800000 36.92900000 37.02500000 36.99000000 37.06400000 37.03900000 37.02000000 36.90000000 36.72800000 36.49800000 36.29100000 36.42700000 36.45600000 36.38500000 36.39100000
36.99200000 37.01100000 36.93000000 36.95600000 37.03700000 37.20500000 37.23600000 37.21400000 37.18700000 37.13400000 37.03900000 36.92700000 36.65900000 36.56800000 36.78900000 36.91600000 37.07200000 36.99100000 37.05700000 37.07200000 37.02900000 36.91900000 36.81200000 36.64600000 36.37200000 36.62200000 36.61000000 36.69700000 36.93300000 36.92700000
36.87000000 37.02800000 36.89900000 36.93200000 36.92700000 37.16000000 37.16500000 37.12500000 37.05800000 36.99300000 36.77400000 36.43900000 36.55500000 36.82600000 36.81200000 36.96900000 37.07900000 36.96000000 37.03300000 37.00800000 36.94400000 36.87000000 36.64800000 36.70900000 37.08600000 37.03600000 37.04400000 36.98000000 36.91000000 36.87100000
36.60300000 37.04000000 36.87100000 36.91600000 36.94200000 36.92400000 37.01000000 36.72200000 36.48700000 36.66200000 36.83200000 36.90200000 36.89200000 36.87500000 36.87300000 37.02000000 37.05300000 36.91100000 36.95700000 36.89700000 36.78900000 36.87600000 37.20100000 37.24400000 37.21200000 37.02400000 37.04400000 37.01900000 37.00500000 36.94600000
36.51200000 36.21500000 36.99300000 36.84000000 36.92100000 36.96300000 36.70800000 36.63900000 36.75800000 36.94500000 36.89200000 36.89400000 36.91900000 36.93000000 36.95600000 37.02800000 37.02100000 36.82400000 36.79200000 36.84800000 37.19100000 37.22400000 37.20800000 37.22000000 37.23700000 37.24900000 37.12400000 36.92800000 36.77200000 36.75100000
36.36100000 35.76100000 36.93000000 36.95700000 36.83600000 36.84700000 36.93600000 36.93700000 36.93700000 36.91700000 36.85600000 36.85400000 36.93600000 37.01100000 37.03700000 37.01200000 37.08600000 36.90900000 37.04700000 37.18200000 37.19400000 37.15500000 37.06300000 37.06700000 37.14400000 37.21800000 37.27500000 37.25100000 36.79300000 36.56100000
36.06500000 35.32600000 36.85100000 37.00200000 37.08800000 36.97100000 36.88100000 36.85000000 36.83400000 36.84800000 36.97900000 36.99300000 36.99500000 37.01500000 37.03900000 37.02200000 37.19400000 37.11100000 37.12400000 37.18700000 37.15000000 37.02600000 36.94900000 36.95400000 37.10900000 37.20300000 37.27600000 37.28800000 37.26400000 36.72000000
35.69900000 35.25300000 36.42500000 36.69200000 36.91500000 37.14500000 37.14800000 36.89600000 36.92500000 36.96200000 37.01700000 36.98300000 37.00200000 37.05200000 37.06900000 37.06500000 37.22300000 37.19600000 37.13900000 37.14600000 37.14900000 37.09700000 37.06800000 37.12000000 37.17700000 37.25900000 37.38600000 37.35900000 37.25900000 37.22400000
35.30400000 35.81100000 36.32600000 36.73500000 36.76400000 36.72300000 36.93500000 37.29900000 36.98300000 36.88400000 36.89700000 36.93700000 36.95600000 36.96900000 36.96900000 37.05600000 37.22500000 37.25000000 37.25800000 37.25400000 37.22200000 37.21100000 37.23100000 37.21900000 37.42400000 37.47000000 37.46400000 37.39400000 37.27600000 37.26200000
35.27500000 35.23900000 35.94200000 36.37600000 36.40500000 36.64900000 36.41900000 36.80600000 37.32100000 37.37900000 37.31700000 37.07100000 36.93600000 36.96100000 36.95500000 36.98100000 37.06600000 37.05300000 37.02300000 37.43900000 37.39200000 37.40800000 37.41400000 37.41000000 37.37900000 37.39600000 37.45100000 37.32300000 37.25300000 37.25400000
34.60800000 34.82800000 34.87100000 35.06700000 36.13200000 36.12700000 36.45300000 36.16100000 36.67500000 37.22000000 37.33200000 37.39200000 37.43000000 37.14800000 36.95200000 36.98700000 36.95500000 37.36800000 37.33800000 37.35800000 37.28400000 37.31700000 37.36300000 37.40700000 37.41400000 37.42500000 37.32700000 37.26400000 37.32600000 37.22500000
37.59700000 37.59700000 37.59700000 35.07700000 35.39900000 35.75300000 36.08300000 35.95600000 35.76400000 36.39800000 37.09300000 37.21400000 37.21400000 37.28400000 37.29700000 37.24700000 37.21700000 36.94300000 37.32900000 37.35000000 37.26000000 37.35900000 37.33000000 37.26700000 37.29400000 37.31800000 37.34200000 37.27100000 37.35300000 37.20600000
37.59700000 37.59700000 37.59700000 37.59700000 35.22600000 35.28200000 35.57200000 35.54800000 35.66000000 35.73500000 36.55400000 37.12700000 37.08700000 36.66600000 36.62700000 36.91000000 36.83700000 36.49200000 37.28100000 37.34900000 37.21800000 37.26600000 37.24100000 37.22000000 37.26700000 37.35500000 37.33900000 37.33200000 37.39300000 37.20500000
37.59700000 37.59700000 37.59700000 37.59700000 37.59700000 37.59700000 35.30200000 35.35500000 35.43600000 35.52200000 35.85800000 36.33400000 36.49100000 36.38300000 36.15100000 36.22200000 36.77500000 36.37000000 37.20200000 37.35100000 37.29400000 37.17700000 37.19800000 37.19000000 37.27000000 37.36400000 37.45700000 37.36200000 37.32200000 37.24300000
37.59700000 37.59700000 37.59700000 37.59700000 37.59700000 37.59700000 37.59700000 37.59700000 37.59700000 37.59700000 37.59700000 37.59700000 35.66900000 35.80800000 36.08400000 36.16000000 36.60700000 36.19100000 37.06000000 37.27800000 37.34900000 37.36900000 37.29800000 37.25600000 37.29900000 37.36600000 37.41100000 37.49100000 37.36400000 37.32600000
37.59700000 37.59700000 37.59700000 37.59700000 37.59700000 37.59700000 37.59700000 37.59700000 37.59700000 37.59700000 37.59700000 37.59700000 37.59700000 37.59700000 37.59700000 36.00400000 36.29100000 36.11800000 36.60100000 36.98600000 37.30900000 37.36100000 37.38900000 37.39900000 37.34000000 37.35200000 37.38400000 37.48000000 37.51700000 37.48600000
37.59700000 37.59700000 37.59700000 37.59700000 37.59700000 37.59700000 37.59700000 37.59700000 37.59700000 37.59700000 37.59700000 37.59700000 37.59700000 37.59700000 37.59700000 37.59700000 36.02300000 36.06000000 36.64800000 36.97400000 36.90900000 37.35100000 37.41500000 37.41300000 37.37600000 37.32200000 37.36400000 37.38100000 37.43500000 37.55100000
37.59700000 37.59700000 37.59700000 37.59700000 37.59700000 37.59700000 37.59700000 37.59700000 37.59700000 37.59700000 37.59700000 37.59700000 37.59700000 37.59700000 37.59700000 37.59700000 37.59700000 37.59700000 35.96400000 36.71100000 37.07500000 37.19000000 37.42300000 37.41800000 37.34600000 37.32000000 37.35300000 37.37600000 37.33500000 37.41500000
37.59700000 37.59700000 37.59700000 37.59700000 37.59700000 37.59700000 37.59700000 37.59700000 37.59700000 37.59700000 37.59700000 37.59700000 37.59700000 37.59700000 37.59700000 37.59700000 37.59700000 37.59700000 37.59700000 36.63000000 36.81200000 37.25100000 37.42800000 37.41900000 37.29000000 37.34800000 37.34400000 37.37100000 37.34500000 37.33100000
37.59700000 37.59700000 37.59700000 37.59700000 37.59700000 37.59700000 37.59700000 37.59700000 37.59700000 37.59700000 37.59700000 37.59700000 37.59700000 37.59700000 37.59700000 37.59700000 37.59700000 37.59700000 37.59700000 36.77300000 36.80600000 37.34100000 37.42400000 37.37900000 37.34200000 37.40900000 37.40400000 37.35000000 37.37200000 37.32800000
37.59700000 37.59700000 37.59700000 37.59700000 37.59700000 37.59700000 37.59700000 37.59700000 37.59700000 37.59700000 37.59700000 37.59700000 37.59700000 37.59700000 37.59700000 37.59700000 37.59700000 37.59700000 37.59700000 36.85000000 36.79000000 37.34700000 37.38200000 37.30300000 37.40100000 37.37900000 37.39200000 37.42900000 37.36600000 37.34400000
37.59700000 37.59700000 37.59700000 37.59700000 37.59700000 37.59700000 37.59700000 37.59700000 37.59700000 37.59700000 37.59700000 37.59700000 37.59700000 37.59700000 37.59700000 37.59700000 37.59700000 37.59700000 37.59700000 36.41500000 36.68000000 37.22400000 37.32700000 37.33800000 37.36800000 37.38800000 37.36600000 37.37200000 37.41000000 37.38300000
37.59700000 37.59700000 37.59700000 37.59700000 37.59700000 37.59700000 37.59700000 37.59700000 37.59700000 37.59700000 37.59700000 37.59700000 37.59700000 37.59700000 37.59700000 37.59700000 37.59700000 37.59700000 37.59700000 37.59700000 36.69300000 36.83600000 37.33500000 37.37300000 37.34900000 37.35400000 37.32500000 37.31900000 37.34600000 37.34900000
37.59700000 37.59700000 37.59700000 37.59700000 37.59700000 37.59700000 37.59700000 37.59700000 37.59700000 37.59700000 37.59700000 37.59700000 37.59700000 37.59700000 37.59700000 37.59700000 37.59700000 37.59700000 37.59700000 37.59700000 37.59700000 36.69200000 37.25000000 37.31400000 37.33800000 37.33700000 37.31800000 37.30700000 37.28600000 37.31400000
37.59700000 37.59700000 37.59700000 37.59700000 37.59700000 37.59700000 37.59700000 37.59700000 37.59700000 37.59700000 37.59700000 37.59700000 37.59700000 37.59700000 37.59700000 37.59700000 37.59700000 37.59700000 37.59700000 37.59700000 37.59700000 36.45400000 37.09100000 37.25500000 37.30300000 37.30300000 37.29000000 37.27000000 37.27500000 37.26800000
37.59700000 37.59700000 37.59700000 37.59700000 37.59700000 37.59700000 37.59700000 37.59700000 37.59700000 37.59700000 37.59700000 37.59700000 37.59700000 37.59700000 37.59700000 37.59700000 37.59700000 37.59700000 37.59700000 37.59700000 37.59700000 37.59700000 36.67500000 37.10200000 37.18500000 37.18400000 37.21400000 37.20600000 37.23300000 37.29500000
37.59700000 37.59700000 37.59700000 37.59700000 37.59700000 37.59700000 37.59700000 37.59700000 37.59700000 37.59700000 37.59700000 37.59700000 37.59700000 37.59700000 37.59700000 37.59700000 37.59700000 37.59700000 37.59700000 37.59700000 37.59700000 37.59700000 37.59700000 36.94100000 37.16300000 37.17700000 37.23200000 37.24000000 37.27500000 37.28500000
36.99700000 36.92900000 36.99600000 36.94400000 36.94100000 37.11100000 37.20400000 37.27300000 37.25800000 37.22100000 37.15200000 37.04400000 36.90200000 36.64300000 36.52100000 36.83700000 36.92800000 37.02400000 36.98900000 37.06300000 37.03800000 37.02100000 36.89900000 36.72700000 36.49900000 36.28900000 36.42600000 36.45500000 36.38400000 36.39200000
36.99100000 37.00900000 36.92900000 36.95500000 37.03600000 37.20400000 37.23500000 37.21300000 37.18600000 37.13300000 37.03800000 36.92500000 36.65900000 36.56600000 36.78700000 36.91400000 37.07000000 36.99000000 37.05600000 37.07000000 37.02800000 36.91800000 36.81000000 36.64500000 36.37100000 36.62000000 36.60900000 36.69600000 36.93300000 36.92800000
36.86900000 37.02800000 36.89800000 36.93000000 36.92500000 37.15900000 37.16400000 37.12400000 37.05700000 36.99200000 36.77400000 36.43700000 36.55300000 36.82400000 36.81100000 36.96800000 37.07800000 36.95900000 37.03100000 37.00700000 36.94400000 36.86900000 36.64700000 36.70800000 37.08500000 37.03500000 37.04300000 36.97800000 36.90900000 36.86900000
36.60200000 37.03900000 36.87000000 36.91400000 36.94100000 36.92300000 37.00900000 36.72200000 36.48600000 36.66000000 36.83100000 36.90100000 36.89000000 36.87400000 36.87100000 37.01800000 37.05100000 36.91000000 36.95500000 36.89600000 36.78800000 36.87600000 37.20000000 37.24300000 37.21100000 37.02400000 37.04200000 37.01800000 37.00300000 36.94500000
36.51800000 36.25600000 36.99100000 36.83900000 36.91900000 36.96200000 36.70700000 36.63800000 36.75600000 36.94400000 36.89100000 36.89300000 36.91800000 36.92900000 36.95500000 37.02600000 37.01900000 36.82200000 36.79100000 36.84700000 37.18900000 37.22300000 37.20800000 37.22000000 37.23600000 37.24800000 37.12400000 36.92700000 36.77100000 36.75000000
36.36700000 35.87300000 36.92800000 36.95500000 36.83500000 36.84600000 36.93500000 36.93600000 36.93600000 36.91600000 36.85500000 36.85300000 36.93500000 37.01000000 37.03600000 37.01000000 37.08500000 36.90800000 37.04500000 37.18000000 37.19200000 37.15400000 37.06200000 37.06600000 37.14300000 37.21700000 37.27300000 37.25100000 36.79300000 36.56000000
36.07100000 35.64900000 36.85100000 37.00000000 37.08600000 36.97000000 36.87900000 36.84900000 36.83300000 36.84700000 36.97700000 36.99200000 36.99400000 37.01400000 37.03800000 37.02000000 37.19300000 37.11000000 37.12300000 37.18600000 37.14900000 37.02500000 36.94700000 36.95200000 37.10800000 37.20100000 37.27500000 37.28700000 37.26300000 36.76700000
35.89900000 35.93200000 36.66000000 36.68800000 36.91100000 37.14400000 37.14700000 36.89500000 36.92300000 36.96100000 37.01600000 36.98100000 37.00100000 37.05000000 37.06700000 37.06300000 37.22100000 37.19500000 37.13800000 37.14400000 37.14700000 37.09600000 37.06700000 37.11900000 37.17600000 37.25800000 37.38500000 37.35800000 37.25800000 37.22400000
35.82300000 35.82800000 36.49600000 36.73700000 36.76100000 36.72300000 36.93400000 37.29700000 36.98300000 36.88200000 36.89500000 36.93600000 36.95500000 36.96800000 36.96700000 37.05400000 37.22400000 37.24800000 37.25700000 37.25200000 37.22100000 37.20900000 37.22900000 37.21800000 37.42300000 37.46900000 37.46300000 37.39300000 37.27500000 37.26100000
35.69700000 35.82500000 36.29600000 36.37900000 36.40700000 36.64700000 36.43700000 36.80200000 37.31900000 37.37800000 37.31600000 37.07000000 36.93500000 36.95900000 36.95400000 36.98000000 37.06500000 37.05200000 37.02200000 37.43800000 37.39100000 37.40700000 37.41300000 37.40900000 37.37700000 37.39400000 37.45000000 37.32200000 37.25100000 37.25300000
35.40600000 37.59700000 35.56400000 35.87700000 36.21500000 36.14200000 36.47100000 36.29300000 36.67400000 37.21800000 37.33000000 37.39100000 37.42800000 37.14700000 36.95000000 36.98500000 36.95400000 37.36700000 37.33600000 37.35700000 37.28300000 37.31600000 37.36100000 37.40600000 37.41300000 37.42400000 37.32600000 37.26300000 37.32500000 37.22400000
37.59700000 37.59700000 37.59700000 37.59700000 35.75700000 36.03400000 36.36000000 36.42500000 36.10800000 36.40000000 37.08700000 37.21300000 37.21300000 37.28300000 37.29600000 37.24500000 37.21400000 36.94200000 37.32800000 37.34900000 37.25900000 37.35700000 37.32800000 37.26600000 37.29200000 37.31700000 37.34100000 37.27000000 37.35100000 37.20400000
37.59700000 37.59700000 37.59700000 37.59700000 37.59700000 35.65600000 35.85900000 35.99500000 36.20700000 35.73700000 36.55400000 37.12400000 37.08700000 36.67300000 36.62400000 36.90800000 36.83900000 36.48200000 37.27900000 37.34800000 37.21600000 37.26500000 37.24000000 37.21800000 37.26500000 37.35400000 37.33800000 37.33100000 37.39200000 37.20400000
37.59700000 37.59700000 37.59700000 37.59700000 37.59700000 37.59700000 37.59700000 35.51500000 35.68600000 35.80700000 35.92900000 36.45000000 36.51000000 36.41500000 36.15800000 36.21500000 36.76800000 36.35600000 37.20000000 37.35000000 37.29300000 37.17600000 37.19700000 37.18900000 37.26800000 37.36300000 37.45500000 37.36100000 37.32000000 37.24300000
37.59700000 37.59700000 37.59700000 37.59700000 37.59700000 37.59700000 37.59700000 37.59700000 37.59700000 37.59700000 37.59700000 37.59700000 37.59700000 37.59700000 37.59700000 36.21100000 36.61100000 36.19800000 37.05600000 37.27500000 37.34700000 37.36700000 37.29700000 37.25500000 37.29700000 37.36400000 37.41000000 37.49000000 37.36300000 37.32500000
37.59700000 37.59700000 37.59700000 37.59700000 37.59700000 37.59700000 37.59700000 37.59700000 37.59700000 37.59700000 37.59700000 37.59700000 37.59700000 37.59700000 37.59700000 37.59700000 36.38200000 36.32800000 36.59200000 36.97800000 37.30600000 37.35900000 37.38800000 37.39800000 37.33900000 37.35100000 37.38300000 37.47900000 37.51600000 37.48600000
37.59700000 37.59700000 37.59700000 37.59700000 37.59700000 37.59700000 37.59700000 37.59700000 37.59700000 37.59700000 37.59700000 37.59700000 37.59700000 37.59700000 37.59700000 37.59700000 37.59700000 36.41200000 36.60800000 36.95800000 36.91700000 37.35000000 37.41400000 37.41200000 37.37500000 37.32000000 37.36300000 37.37900000 37.43300000 37.55000000
37.59700000 37.59700000 37.59700000 37.59700000 37.59700000 37.59700000 37.59700000 37.59700000 37.59700000 37.59700000 37.59700000 37.59700000 37.59700000 37.59700000 37.59700000 37.59700000 37.59700000 37.59700000 37.59700000 36.63400000 37.06900000 37.17900000 37.42200000 37.41700000 37.34600000 37.31900000 37.35200000 37.37500000 37.33300000 37.41700000
37.59700000 37.59700000 37.59700000 37.59700000 37.59700000 37.59700000 37.59700000 37.59700000 37.59700000 37.59700000 37.59700000 37.59700000 37.59700000 37.59700000 37.59700000 37.59700000 37.59700000 37.59700000 37.59700000 37.59700000 36.82800000 37.24800000 37.42600000 37.41800000 37.28900000 37.34700000 37.34200000 37.36900000 37.34300000 37.32900000
37.59700000 37.59700000 37.59700000 37.59700000 37.59700000 37.59700000 37.59700000 37.59700000 37.59700000 37.59700000 37.59700000 37.59700000 37.59700000 37.59700000 37.59700000 37.59700000 37.59700000 37.59700000 37.59700000 37.59700000 36.61500000 37.34000000 37.42200000 37.37800000 37.34100000 37.40800000 37.40200000 37.34900000 37.37000000 37.32700000
37.59700000 37.59700000 37.59700000 37.59700000 37.59700000 37.59700000 37.59700000 37.59700000 37.59700000 37.59700000 37.59700000 37.59700000 37.59700000 37.59700000 37.59700000 37.59700000 37.59700000 37.59700000 37.59700000 37.59700000 36.51200000 37.34600000 37.38100000 37.30200000 37.39900000 37.37800000 37.39100000 37.42800000 37.36500000 37.34300000
37.59700000 37.59700000 37.59700000 37.59700000 37.59700000 37.59700000 37.59700000 37.59700000 37.59700000 37.59700000 37.59700000 37.59700000 37.59700000 37.59700000 37.59700000 37.59700000 37.59700000 37.59700000 37.59700000 37.59700000 36.64300000 37.22200000 37.32600000 37.33700000 37.36600000 37.38600000 37.36400000 37.37100000 37.40800000 37.38200000
37.59700000 37.59700000 37.59700000 37.59700000 37.59700000 37.59700000 37.59700000 37.59700000 37.59700000 37.59700000 37.59700000 37.59700000 37.59700000 37.59700000 37.59700000 37.59700000 37.59700000 37.59700000 37.59700000 37.59700000 37.59700000 36.74200000 37.33400000 37.37200000 37.34700000 37.35300000 37.32300000 37.31700000 37.34400000 37.33400000
37.59700000 37.59700000 37.59700000 37.59700000 37.59700000 37.59700000 37.59700000 37.59700000 37.59700000 37.59700000 37.59700000 37.59700000 37.59700000 37.59700000 37.59700000 37.59700000 37.59700000 37.59700000 37.59700000 37.59700000 37.59700000 36.63900000 37.24900000 37.31200000 37.33700000 37.33500000 37.31600000 37.30500000 37.28500000 37.31300000
37.59700000 37.59700000 37.59700000 37.59700000 37.59700000 37.59700000 37.59700000 37.59700000 37.59700000 37.59700000 37.59700000 37.59700000 37.59700000 37.59700000 37.59700000 37.59700000 37.59700000 37.59700000 37.59700000 37.59700000 37.59700000 37.59700000 37.09000000 37.25400000 37.30100000 37.30200000 37.28900000 37.26900000 37.27300000 37.26600000
37.59700000 37.59700000 37.59700000 37.59700000 37.59700000 37.59700000 37.59700000 37.59700000 37.59700000 37.59700000 37.59700000 37.59700000 37.59700000 37.59700000 37.59700000 37.59700000 37.59700000 37.59700000 37.59700000 37.59700000 37.59700000 37.59700000 36.64600000 37.10100000 37.18200000 37.18200000 37.21200000 37.20400000 37.23100000 37.29400000
37.59700000 37.59700000 37.59700000 37.59700000 37.59700000 37.59700000 37.59700000 37.59700000 37.59700000 37.59700000 37.59700000 37.59700000 37.59700000 37.59700000 37.59700000 37.59700000 37.59700000 37.59700000 37.59700000 37.59700000 37.59700000 37.59700000 37.59700000 36.92300000 37.16200000 37.17500000 37.23000000 37.23700000 37.27400000 37.28400000
