37.00200000 36.93000000 36.99500000 36.94300000 36.94200000 37.11500000 37.20300000 37.27400000 37.25900000 37.22000000 37.15000000 37.04200000 36.90100000 36.64200000 36.52400000 36.83800000 36.92900000 37.02500000 36.99000000 37.06300000 37.03800000 37.01900000 36.90000000 36.72700000 36.50200000 36.29100000 36.43000000 36.45100000 36.38800000 36.39600000
36.99200000 37.01500000 36.92900000 36.95800000 37.04300000 37.20600000 37.23600000 37.21300000 37.18700000 37.13300000 37.03700000 36.92500000 36.66100000 36.56900000 36.78800000 36.91700000 37.07300000 36.99100000 37.05900000 37.07100000 37.02700000 36.91700000 36.81100000 36.64600000 36.37200000 36.62400000 36.61500000 36.70900000 36.94300000 36.93000000
36.87400000 37.02800000 36.89800000 36.93200000 36.93000000 37.16100000 37.16500000 37.12400000 37.05700000 36.99400000 36.78200000 36.43900000 36.55500000 36.82700000 36.81300000 36.97100000 37.07900000 36.96000000 37.03300000 37.00800000 36.94400000 36.87000000 36.64700000 36.71800000 37.08800000 37.03600000 37.04500000 36.97600000 36.90800000 36.87100000
36.60300000 37.03900000 36.87000000 36.91500000 36.93700000 36.93600000 37.01100000 36.72400000 36.48700000 36.66200000 36.83300000 36.90300000 36.89200000 36.87600000 36.87400000 37.02200000 37.05100000 36.91100000 36.95700000 36.89600000 36.78700000 36.89000000 37.20700000 37.24500000 37.21300000 37.02400000 37.04300000 37.02100000 37.00400000 36.94500000
36.51400000 36.19700000 36.99300000 36.84000000 36.92100000 36.96300000 36.70500000 36.63800000 36.75600000 36.94600000 36.89300000 36.89500000 36.92000000 36.93100000 36.95700000 37.03000000 37.02000000 36.82300000 36.79100000 36.85600000 37.19400000 37.22400000 37.20900000 37.22100000 37.23800000 37.24800000 37.13400000 36.92600000 36.76800000 36.74600000
36.35800000 35.75100000 36.93100000 36.96000000 36.83800000 36.84500000 36.93600000 36.93800000 36.93700000 36.91600000 36.85500000 36.85400000 36.93600000 37.01100000 37.03800000 37.01300000 37.08600000 36.90600000 37.05200000 37.18300000 37.19300000 37.15400000 37.06200000 37.06600000 37.14400000 37.21700000 37.27500000 37.25200000 36.79200000 36.56200000
36.06200000 35.32200000 36.84900000 37.00000000 37.09100000 36.97500000 36.88400000 36.85300000 36.83800000 36.85000000 36.98100000 36.99300000 36.99500000 37.01500000 37.03900000 37.02200000 37.19400000 37.10900000 37.12500000 37.18800000 37.15000000 37.02600000 36.94800000 36.95500000 37.11000000 37.20300000 37.27700000 37.28900000 37.26400000 36.71500000
35.69000000 35.26600000 36.42300000 36.69400000 36.91400000 37.14500000 37.15300000 36.89600000 36.92500000 36.96300000 37.01700000 36.98300000 37.00300000 37.05200000 37.06900000 37.06500000 37.22300000 37.19600000 37.13900000 37.14600000 37.14900000 37.09800000 37.07000000 37.12200000 37.17800000 37.26200000 37.39000000 37.36100000 37.25900000 37.22100000
35.30300000 35.81800000 36.33100000 36.73100000 36.76900000 36.71500000 36.93100000 37.30200000 36.99300000 36.88300000 36.89400000 36.93600000 36.95600000 36.97000000 36.97000000 37.05800000 37.22700000 37.25000000 37.25800000 37.25400000 37.22500000 37.21600000 37.23100000 37.22200000 37.43200000 37.47000000 37.46400000 37.39400000 37.27600000 37.26200000
35.27600000 35.23300000 35.93100000 36.37600000 36.40200000 36.64300000 36.41600000 36.80300000 37.31900000 37.38200000 37.32500000 37.07600000 36.93700000 36.96100000 36.95500000 36.98200000 37.06800000 37.05400000 37.02300000 37.43900000 37.39000000 37.40800000 37.41300000 37.40900000 37.37700000 37.39500000 37.45100000 37.32300000 37.25300000 37.25400000
34.60800000 34.81500000 34.87000000 35.04900000 36.13400000 36.12300000 36.44300000 36.15700000 36.66300000 37.22400000 37.33200000 37.39300000 37.43000000 37.14200000 36.95200000 36.98800000 36.95400000 37.37000000 37.33900000 37.35900000 37.28400000 37.31700000 37.36400000 37.40700000 37.41400000 37.42500000 37.32700000 37.26400000 37.32500000 37.22500000
37.59700000 37.59700000 37.59700000 35.07700000 35.38600000 35.75300000 36.07500000 35.95300000 35.75300000 36.39300000 37.10200000 37.21100000 37.21100000 37.28300000 37.29500000 37.24500000 37.22000000 36.95100000 37.32900000 37.35000000 37.26000000 37.35800000 37.32900000 37.26700000 37.29500000 37.31700000 37.34100000 37.27100000 37.35200000 37.20500000
37.59700000 37.59700000 37.59700000 37.59700000 35.22600000 35.28400000 35.57100000 35.54500000 35.65800000 35.71600000 36.55300000 37.12800000 37.08600000 36.66000000 36.62200000 36.90900000 36.83100000 36.49500000 37.27900000 37.35100000 37.21800000 37.26600000 37.24100000 37.22000000 37.26700000 37.35500000 37.34100000 37.33300000 37.39300000 37.20500000
37.59700000 37.59700000 37.59700000 37.59700000 37.59700000 37.59700000 35.30000000 35.35400000 35.43300000 35.51900000 35.84300000 36.33700000 36.48400000 36.38300000 36.15100000 36.22100000 36.77400000 36.37000000 37.20100000 37.35000000 37.29700000 37.17800000 37.19800000 37.19000000 37.27000000 37.36500000 37.45700000 37.36400000 37.32300000 37.24200000
37.59700000 37.59700000 37.59700000 37.59700000 37.59700000 37.59700000 37.59700000 37.59700000 37.59700000 37.59700000 37.59700000 37.59700000 35.67200000 35.80600000 36.08400000 36.15900000 36.60300000 36.19200000 37.05800000 37.27800000 37.34900000 37.36900000 37.30200000 37.25800000 37.29800000 37.36600000 37.41100000 37.49100000 37.36300000 37.32800000
37.59700000 37.59700000 37.59700000 37.59700000 37.59700000 37.59700000 37.59700000 37.59700000 37.59700000 37.59700000 37.59700000 37.59700000 37.59700000 37.59700000 37.59700000 36.00700000 36.28500000 36.12000000 36.59800000 36.98200000 37.31000000 37.36200000 37.39000000 37.40000000 37.34000000 37.35200000 37.38400000 37.48000000 37.51700000 37.48400000
37.59700000 37.59700000 37.59700000 37.59700000 37.59700000 37.59700000 37.59700000 37.59700000 37.59700000 37.59700000 37.59700000 37.59700000 37.59700000 37.59700000 37.59700000 37.59700000 36.02300000 36.06000000 36.64700000 36.97600000 36.90700000 37.35100000 37.41500000 37.41400000 37.37700000 37.32100000 37.36400000 37.38000000 37.43500000 37.55100000
37.59700000 37.59700000 37.59700000 37.59700000 37.59700000 37.59700000 37.59700000 37.59700000 37.59700000 37.59700000 37.59700000 37.59700000 37.59700000 37.59700000 37.59700000 37.59700000 37.59700000 37.59700000 35.96400000 36.70800000 37.07400000 37.18800000 37.42400000 37.41800000 37.34400000 37.32100000 37.35300000 37.37600000 37.33500000 37.41600000
37.59700000 37.59700000 37.59700000 37.59700000 37.59700000 37.59700000 37.59700000 37.59700000 37.59700000 37.59700000 37.59700000 37.59700000 37.59700000 37.59700000 37.59700000 37.59700000 37.59700000 37.59700000 37.59700000 36.62500000 36.80900000 37.24500000 37.42800000 37.41900000 37.29000000 37.34900000 37.34400000 37.37100000 37.34400000 37.33200000
37.59700000 37.59700000 37.59700000 37.59700000 37.59700000 37.59700000 37.59700000 37.59700000 37.59700000 37.59700000 37.59700000 37.59700000 37.59700000 37.59700000 37.59700000 37.59700000 37.59700000 37.59700000 37.59700000 36.77200000 36.80700000 37.34300000 37.42400000 37.37800000 37.34300000 37.40900000 37.40400000 37.35100000 37.37100000 37.32800000
37.59700000 37.59700000 37.59700000 37.59700000 37.59700000 37.59700000 37.59700000 37.59700000 37.59700000 37.59700000 37.59700000 37.59700000 37.59700000 37.59700000 37.59700000 37.59700000 37.59700000 37.59700000 37.59700000 36.84200000 36.78500000 37.34700000 37.38300000 37.30300000 37.40100000 37.38000000 37.39200000 37.42900000 37.36600000 37.34300000
37.59700000 37.59700000 37.59700000 37.59700000 37.59700000 37.59700000 37.59700000 37.59700000 37.59700000 37.59700000 37.59700000 37.59700000 37.59700000 37.59700000 37.59700000 37.59700000 37.59700000 37.59700000 37.59700000 36.40800000 36.68300000 37.22300000 37.32800000 37.34000000 37.36700000 37.38800000 37.36600000 37.37100000 37.41100000 37.38300000
37.59700000 37.59700000 37.59700000 37.59700000 37.59700000 37.59700000 37.59700000 37.59700000 37.59700000 37.59700000 37.59700000 37.59700000 37.59700000 37.59700000 37.59700000 37.59700000 37.59700000 37.59700000 37.59700000 37.59700000 36.69100000 36.83500000 37.33500000 37.37300000 37.35000000 37.35300000 37.32400000 37.31800000 37.34600000 37.34800000
37.59700000 37.59700000 37.59700000 37.59700000 37.59700000 37.59700000 37.59700000 37.59700000 37.59700000 37.59700000 37.59700000 37.59700000 37.59700000 37.59700000 37.59700000 37.59700000 37.59700000 37.59700000 37.59700000 37.59700000 37.59700000 36.69500000 37.25100000 37.31400000 37.33800000 37.33700000 37.31800000 37.30600000 37.28600000 37.31500000
37.59700000 37.59700000 37.59700000 37.59700000 37.59700000 37.59700000 37.59700000 37.59700000 37.59700000 37.59700000 37.59700000 37.59700000 37.59700000 37.59700000 37.59700000 37.59700000 37.59700000 37.59700000 37.59700000 37.59700000 37.59700000 36.45800000 37.09400000 37.25500000 37.30200000 37.30300000 37.29000000 37.27000000 37.27400000 37.26700000
37.59700000 37.59700000 37.59700000 37.59700000 37.59700000 37.59700000 37.59700000 37.59700000 37.59700000 37.59700000 37.59700000 37.59700000 37.59700000 37.59700000 37.59700000 37.59700000 37.59700000 37.59700000 37.59700000 37.59700000 37.59700000 37.59700000 36.67800000 37.10400000 37.18100000 37.18100000 37.21400000 37.20600000 37.23500000 37.29500000
37.59700000 37.59700000 37.59700000 37.59700000 37.59700000 37.59700000 37.59700000 37.59700000 37.59700000 37.59700000 37.59700000 37.59700000 37.59700000 37.59700000 37.59700000 37.59700000 37.59700000 37.59700000 37.59700000 37.59700000 37.59700000 37.59700000 37.59700000 36.92900000 37.16400000 37.17800000 37.23000000 37.24300000 37.27500000 37.28600000
36.99700000 36.92900000 36.99400000 36.94300000 36.94100000 37.11400000 37.20600000 37.27300000 37.25800000 37.22100000 37.15200000 37.04300000 36.90200000 36.64200000 36.52400000 36.83700000 36.92800000 37.02400000 36.98900000 37.06300000 37.03800000 37.02100000 36.89900000 36.72700000 36.50200000 36.28900000 36.42900000 36.45000000 36.38600000 36.39700000
36.99100000 37.01300000 36.92800000 36.95600000 37.04100000 37.20500000 37.23500000 37.21200000 37.18600000 37.13200000 37.03600000 36.92400000 36.66200000 36.56700000 36.78700000 36.91500000 37.07200000 36.99000000 37.05800000 37.07000000 37.02700000 36.91600000 36.81000000 36.64500000 36.37100000 36.62300000 36.61500000 36.70900000 36.94300000 36.93000000
36.87300000 37.02700000 36.89700000 36.93000000 36.92800000 37.16000000 37.16400000 37.12300000 37.05700000 36.99300000 36.78200000 36.43700000 36.55300000 36.82600000 36.81100000 36.96900000 37.07800000 36.95800000 37.03200000 37.00600000 36.94300000 36.86900000 36.64600000 36.71700000 37.08700000 37.03500000 37.04400000 36.97500000 36.90700000 36.87000000
36.60200000 37.03800000 36.87000000 36.91400000 36.93700000 36.93400000 37.01000000 36.72400000 36.48600000 36.66000000 36.83100000 36.90200000 36.89100000 36.87500000 36.87200000 37.02000000 37.05000000 36.91000000 36.95600000 36.89500000 36.78600000 36.89000000 37.20600000 37.24400000 37.21300000 37.02400000 37.04200000 37.02000000 37.00300000 36.94500000
36.52000000 36.23800000 36.99200000 36.83900000 36.91900000 36.96200000 36.70500000 36.63700000 36.75400000 36.94400000 36.89200000 36.89300000 36.91900000 36.93000000 36.95600000 37.02800000 37.01900000 36.82200000 36.79000000 36.85500000 37.19200000 37.22300000 37.20900000 37.22000000 37.23700000 37.24700000 37.13400000 36.92500000 36.76700000 36.74600000
36.36400000 35.86900000 36.92800000 36.95800000 36.83700000 36.84400000 36.93400000 36.93700000 36.93600000 36.91500000 36.85400000 36.85300000 36.93500000 37.01000000 37.03600000 37.01100000 37.08400000 36.90500000 37.05000000 37.18100000 37.19200000 37.15200000 37.06100000 37.06500000 37.14300000 37.21600000 37.27400000 37.25100000 36.79200000 36.56100000
36.06800000 35.60600000 36.84900000 36.99900000 37.09000000 36.97300000 36.88200000 36.85200000 36.83600000 36.84900000 36.98000000 36.99100000 36.99400000 37.01400000 37.03800000 37.02000000 37.19300000 37.10800000 37.12300000 37.18600000 37.14900000 37.02500000 36.94700000 36.95300000 37.10800000 37.20200000 37.27600000 37.28800000 37.26300000 36.76600000
35.89600000 35.80100000 36.60100000 36.69100000 36.91000000 37.14300000 37.15200000 36.89500000 36.92400000 36.96200000 37.01600000 36.98200000 37.00100000 37.05100000 37.06800000 37.06400000 37.22200000 37.19500000 37.13800000 37.14400000 37.14800000 37.09700000 37.06800000 37.12100000 37.17700000 37.26100000 37.38900000 37.36000000 37.25800000 37.22200000
35.82400000 35.78800000 36.47200000 36.73400000 36.76700000 36.71500000 36.92900000 37.30100000 36.99200000 36.88200000 36.89200000 36.93500000 36.95500000 36.96900000 36.96900000 37.05600000 37.22500000 37.24800000 37.25700000 37.25300000 37.22400000 37.21400000 37.23000000 37.22100000 37.43100000 37.46900000 37.46300000 37.39300000 37.27500000 37.26100000
35.69600000 35.83000000 36.28800000 36.38200000 36.40400000 36.64100000 36.43700000 36.80000000 37.31800000 37.38000000 37.32400000 37.07500000 36.93600000 36.96000000 36.95400000 36.98000000 37.06600000 37.05300000 37.02200000 37.43800000 37.38800000 37.40600000 37.41100000 37.40700000 37.37600000 37.39400000 37.45000000 37.32200000 37.25200000 37.25300000
35.40600000 37.59700000 35.55700000 35.87600000 36.21700000 36.13500000 36.46300000 36.30900000 36.66200000 37.22200000 37.33000000 37.39200000 37.42900000 37.14100000 36.95100000 36.98700000 36.95300000 37.36900000 37.33800000 37.35800000 37.28200000 37.31600000 37.36300000 37.40600000 37.41300000 37.42400000 37.32600000 37.26300000 37.32400000 37.22400000
37.59700000 37.59700000 37.59700000 37.59700000 35.75600000 36.03800000 36.38000000 36.44500000 36.08900000 36.39400000 37.09600000 37.21000000 37.21000000 37.28200000 37.29300000 37.24300000 37.21800000 36.95100000 37.32700000 37.34900000 37.25900000 37.35700000 37.32800000 37.26600000 37.29400000 37.31500000 37.34000000 37.27000000 37.35100000 37.20400000
37.59700000 37.59700000 37.59700000 37.59700000 37.59700000 35.64800000 35.85800000 35.99500000 36.21800000 35.73400000 36.55300000 37.12500000 37.08600000 36.66900000 36.62100000 36.90700000 36.83600000 36.48600000 37.27700000 37.35000000 37.21600000 37.26500000 37.24000000 37.21900000 37.26600000 37.35400000 37.34000000 37.33200000 37.39200000 37.20400000
37.59700000 37.59700000 37.59700000 37.59700000 37.59700000 37.59700000 37.59700000 35.50500000 35.68800000 35.80900000 35.92000000 36.45900000 36.51100000 36.42400000 36.15800000 36.21400000 36.76700000 36.36000000 37.20000000 37.34900000 37.29600000 37.17600000 37.19700000 37.18900000 37.26900000 37.36300000 37.45500000 37.36300000 37.32100000 37.24100000
37.59700000 37.59700000 37.59700000 37.59700000 37.59700000 37.59700000 37.59700000 37.59700000 37.59700000 37.59700000 37.59700000 37.59700000 37.59700000 37.59700000 37.59700000 36.21300000 36.61200000 36.19000000 37.05500000 37.27600000 37.34800000 37.36700000 37.30200000 37.25700000 37.29700000 37.36400000 37.41000000 37.49000000 37.36200000 37.32600000
37.59700000 37.59700000 37.59700000 37.59700000 37.59700000 37.59700000 37.59700000 37.59700000 37.59700000 37.59700000 37.59700000 37.59700000 37.59700000 37.59700000 37.59700000 37.59700000 36.37300000 36.31000000 36.58800000 36.97400000 37.30700000 37.36000000 37.38900000 37.39800000 37.33900000 37.35100000 37.38300000 37.47900000 37.51600000 37.48400000
37.59700000 37.59700000 37.59700000 37.59700000 37.59700000 37.59700000 37.59700000 37.59700000 37.59700000 37.59700000 37.59700000 37.59700000 37.59700000 37.59700000 37.59700000 37.59700000 37.59700000 36.41200000 36.60600000 36.95900000 36.91800000 37.35000000 37.41400000 37.41200000 37.37600000 37.32000000 37.36300000 37.37800000 37.43300000 37.55000000
37.59700000 37.59700000 37.59700000 37.59700000 37.59700000 37.59700000 37.59700000 37.59700000 37.59700000 37.59700000 37.59700000 37.59700000 37.59700000 37.59700000 37.59700000 37.59700000 37.59700000 37.59700000 37.59700000 36.63100000 37.06800000 37.17300000 37.42200000 37.41700000 37.34400000 37.32000000 37.35200000 37.37500000 37.33400000 37.41800000
37.59700000 37.59700000 37.59700000 37.59700000 37.59700000 37.59700000 37.59700000 37.59700000 37.59700000 37.59700000 37.59700000 37.59700000 37.59700000 37.59700000 37.59700000 37.59700000 37.59700000 37.59700000 37.59700000 37.59700000 36.83100000 37.24300000 37.42600000 37.41700000 37.28900000 37.34800000 37.34300000 37.37000000 37.34300000 37.33000000
37.59700000 37.59700000 37.59700000 37.59700000 37.59700000 37.59700000 37.59700000 37.59700000 37.59700000 37.59700000 37.59700000 37.59700000 37.59700000 37.59700000 37.59700000 37.59700000 37.59700000 37.59700000 37.59700000 37.59700000 36.62000000 37.34100000 37.42300000 37.37700000 37.34200000 37.40800000 37.40200000 37.34900000 37.37000000 37.32700000
37.59700000 37.59700000 37.59700000 37.59700000 37.59700000 37.59700000 37.59700000 37.59700000 37.59700000 37.59700000 37.59700000 37.59700000 37.59700000 37.59700000 37.59700000 37.59700000 37.59700000 37.59700000 37.59700000 37.59700000 36.51800000 37.34600000 37.38100000 37.30200000 37.40000000 37.37800000 37.39100000 37.42800000 37.36500000 37.34200000
37.59700000 37.59700000 37.59700000 37.59700000 37.59700000 37.59700000 37.59700000 37.59700000 37.59700000 37.59700000 37.59700000 37.59700000 37.59700000 37.59700000 37.59700000 37.59700000 37.59700000 37.59700000 37.59700000 37.59700000 36.65200000 37.22000000 37.32700000 37.33800000 37.36600000 37.38600000 37.36400000 37.36900000 37.40900000 37.38100000
37.59700000 37.59700000 37.59700000 37.59700000 37.59700000 37.59700000 37.59700000 37.59700000 37.59700000 37.59700000 37.59700000 37.59700000 37.59700000 37.59700000 37.59700000 37.59700000 37.59700000 37.59700000 37.59700000 37.59700000 37.59700000 36.73400000 37.33400000 37.37100000 37.34900000 37.35200000 37.32200000 37.31700000 37.34400000 37.33300000
37.59700000 37.59700000 37.59700000 37.59700000 37.59700000 37.59700000 37.59700000 37.59700000 37.59700000 37.59700000 37.59700000 37.59700000 37.59700000 37.59700000 37.59700000 37.59700000 37.59700000 37.59700000 37.59700000 37.59700000 37.59700000 36.64300000 37.24900000 37.31200000 37.33700000 37.33500000 37.31600000 37.30500000 37.28500000 37.31300000
37.59700000 37.59700000 37.59700000 37.59700000 37.59700000 37.59700000 37.59700000 37.59700000 37.59700000 37.59700000 37.59700000 37.59700000 37.59700000 37.59700000 37.59700000 37.59700000 37.59700000 37.59700000 37.59700000 37.59700000 37.59700000 37.59700000 37.09200000 37.25400000 37.30000000 37.30200000 37.28900000 37.26900000 37.27300000 37.26500000
37.59700000 37.59700000 37.59700000 37.59700000 37.59700000 37.59700000 37.59700000 37.59700000 37.59700000 37.59700000 37.59700000 37.59700000 37.59700000 37.59700000 37.59700000 37.59700000 37.59700000 37.59700000 37.59700000 37.59700000 37.59700000 37.59700000 36.65100000 37.10300000 37.17900000 37.17800000 37.21300000 37.20400000 37.23300000 37.29400000
37.59700000 37.59700000 37.59700000 37.59700000 37.59700000 37.59700000 37.59700000 37.59700000 37.59700000 37.59700000 37.59700000 37.59700000 37.59700000 37.59700000 37.59700000 37.59700000 37.59700000 37.59700000 37.59700000 37.59700000 37.59700000 37.59700000 37.59700000 36.91400000 37.16200000 37.17600000 37.22800000 37.24000000 37.27400000 37.28400000
