 25.51500000  25.29900000  25.58000000  25.45900000  24.90000000  25.18400000  25.52000000  25.53900000  25.51200000  25.38000000  25.34100000  25.30200000  25.18800000  24.39400000  24.16300000  25.31400000  25.53400000  25.61500000  25.36600000  25.32100000  25.34800000  25.29600000  25.15700000  24.82000000  24.17600000  23.82300000  24.15700000  24.43100000  24.39000000  24.66100000
 25.31400000  25.23700000  25.40000000  25.03800000  24.91900000  25.41500000  25.44300000  25.40200000  25.39200000  25.32300000  25.24600000  25.13700000  24.25900000  24.20700000  24.72100000  25.29500000  25.63600000  25.28800000  25.33300000  25.32700000  25.25600000  25.09400000  24.90700000  24.40800000  23.70900000  24.39600000  24.50000000  24.73800000  25.17000000  25.05500000
 25.00600000  25.32400000  25.41400000  25.17000000  24.69100000  25.31300000  25.33500000  25.23600000  25.14500000  25.05000000  24.53100000  23.89900000  24.16500000  24.69900000  24.72100000  25.54000000  25.48600000  25.25500000  25.27800000  25.19500000  25.11500000  25.01800000  24.35900000  24.67400000  25.58300000  25.48300000  25.44900000  25.16000000  24.97700000  24.98500000
 24.62600000  25.22900000  25.33000000  25.49800000  24.74700000  24.76500000  24.95800000  24.36200000  24.02100000  24.26000000  24.58600000  24.82200000  24.89200000  24.88700000  25.07100000  25.63200000  25.48100000  25.14600000  25.15800000  24.94200000  24.73700000  25.10100000  25.79200000  25.86400000  25.85000000  25.45600000  25.38700000  25.29900000  25.25900000  25.32100000
 24.32600000  24.20200000  25.18500000  25.37300000  25.50200000  24.98300000  24.25800000  24.18000000  24.34700000  24.86500000  24.92400000  25.14200000  25.39200000  25.49300000  25.61100000  25.66500000  25.44400000  24.98300000  24.90100000  25.03300000  25.79600000  25.66100000  25.63800000  25.70000000  25.77700000  25.77400000  25.68100000  25.26900000  25.10300000  25.25400000
 23.99400000  23.83900000  24.86200000  25.39200000  25.40700000  25.44700000  25.58100000  25.50900000  25.51600000  25.56400000  25.49900000  25.52000000  25.68100000  25.80100000  25.87500000  25.68500000  25.54900000  25.08500000  25.37600000  25.73300000  25.58000000  25.50000000  25.22800000  25.21400000  25.40700000  25.75900000  25.97600000  25.92100000  25.16500000  25.11100000
 23.91500000  23.67000000  24.66300000  25.10900000  25.52600000  25.56500000  25.53600000  25.52000000  25.50000000  25.51500000  25.71800000  25.69200000  25.68300000  25.77200000  25.85300000  25.70600000  25.71200000  25.49700000  25.55900000  25.59400000  25.46400000  25.18400000  24.88600000  24.95300000  25.29900000  25.75200000  26.18500000  26.06100000  25.98100000  25.25400000
 23.77300000  23.69000000  24.46100000  24.45100000  24.96100000  25.58400000  25.91400000  25.59700000  25.67600000  25.75900000  25.85900000  25.80200000  25.78600000  25.85300000  25.90000000  25.72900000  25.79000000  25.75800000  25.61100000  25.55200000  25.45600000  25.34500000  25.27600000  25.36100000  25.65100000  26.22400000  26.62800000  26.39200000  25.86300000  25.99500000
 23.46900000  23.85700000  24.14800000  24.47300000  24.51000000  24.63800000  24.99800000  26.16600000  25.78900000  25.63000000  25.65400000  25.72000000  25.77600000  25.77300000  25.76000000  25.73500000  25.85600000  25.91000000  25.95400000  25.95600000  25.88900000  25.86700000  25.97200000  26.20800000  26.81800000  26.84200000  26.68700000  26.47200000  25.89400000  26.11700000
 23.23600000  22.84600000  23.66700000  24.12400000  24.01000000  24.27300000  24.07700000  24.68700000  26.11900000  26.39800000  26.36500000  25.93800000  25.64300000  25.66400000  25.73700000  25.75800000  25.72200000  25.79400000  25.86700000  26.76200000  26.50000000  26.49900000  26.53800000  26.51900000  26.32100000  26.35900000  26.60800000  26.19400000  25.95000000  26.13400000
 24.24100000  23.72500000  23.63900000  23.35700000  23.74500000  23.55300000  23.93600000  24.05600000  24.43300000  25.71500000  26.28100000  26.55800000  26.71300000  26.07200000  25.65300000  25.66100000  25.64300000  26.47500000  26.54200000  26.67000000  26.12400000  26.17000000  26.31700000  26.48300000  26.52800000  26.56400000  26.23600000  25.93900000  26.27400000  26.22300000
 27.83300000  27.83300000  27.83300000  24.24000000  23.70900000  23.41600000  23.53400000  23.50500000  23.52700000  24.13200000  25.24900000  25.74600000  25.74700000  26.04300000  26.14500000  26.06900000  26.02900000  25.43500000  26.50100000  26.67200000  26.07000000  26.35600000  26.32900000  26.26500000  26.41400000  26.31600000  26.38000000  26.13500000  26.37500000  26.30100000
 27.83300000  27.83300000  27.83300000  27.83300000  23.88100000  23.77800000  23.56000000  23.45100000  23.38000000  23.43000000  24.19200000  25.24100000  25.22700000  24.38300000  24.35800000  24.80900000  24.80600000  24.86800000  26.35300000  26.69000000  25.93900000  26.16700000  26.14000000  26.37800000  26.44300000  26.72100000  26.48500000  26.33800000  26.50100000  26.33300000
 27.83300000  27.83300000  27.83300000  27.83300000  27.83300000  27.83300000  24.65800000  24.21000000  23.63200000  23.46700000  23.55700000  23.76500000  24.06100000  23.80600000  23.13100000  23.56300000  24.45100000  24.76300000  26.13900000  26.77000000  26.45600000  26.02400000  26.19200000  26.19000000  26.30600000  26.79400000  26.93800000  26.54800000  26.29000000  26.28500000
 27.83300000  27.83300000  27.83300000  27.83300000  27.83300000  27.83300000  27.83300000  27.83300000  27.83300000  27.83300000  27.83300000  27.83300000  23.60500000  23.25300000  23.15900000  23.50000000  24.11500000  24.65800000  25.63600000  26.49200000  26.82800000  26.82500000  26.52500000  26.35900000  26.35400000  26.89300000  26.92100000  27.00600000  26.53800000  26.34200000
 27.83300000  27.83300000  27.83300000  27.83300000  27.83300000  27.83300000  27.83300000  27.83300000  27.83300000  27.83300000  27.83300000  27.83300000  27.83300000  27.83300000  27.83300000  23.61200000  24.00000000  24.84500000  25.09700000  25.19700000  26.75700000  26.78500000  26.81900000  26.89700000  26.50600000  26.98000000  26.96000000  26.96200000  27.03200000  26.92000000
 27.83300000  27.83300000  27.83300000  27.83300000  27.83300000  27.83300000  27.83300000  27.83300000  27.83300000  27.83300000  27.83300000  27.83300000  27.83300000  27.83300000  27.83300000  27.83300000  23.95500000  24.31500000  25.20100000  25.44700000  24.75100000  26.89100000  26.82200000  26.93800000  26.65200000  27.05100000  27.06400000  26.92800000  26.97800000  27.08500000
 27.83300000  27.83300000  27.83300000  27.83300000  27.83300000  27.83300000  27.83300000  27.83300000  27.83300000  27.83300000  27.83300000  27.83300000  27.83300000  27.83300000  27.83300000  27.83300000  27.83300000  27.83300000  23.89000000  25.21300000  25.61800000  26.53000000  26.81600000  26.92600000  26.81100000  27.10100000  27.16300000  27.10400000  27.00200000  27.04400000
 27.83300000  27.83300000  27.83300000  27.83300000  27.83300000  27.83300000  27.83300000  27.83300000  27.83300000  27.83300000  27.83300000  27.83300000  27.83300000  27.83300000  27.83300000  27.83300000  27.83300000  27.83300000  27.83300000  25.44900000  24.25300000  26.72400000  26.78400000  26.75300000  26.96500000  27.11000000  27.07700000  27.13500000  27.07500000  27.09700000
 27.83300000  27.83300000  27.83300000  27.83300000  27.83300000  27.83300000  27.83300000  27.83300000  27.83300000  27.83300000  27.83300000  27.83300000  27.83300000  27.83300000  27.83300000  27.83300000  27.83300000  27.83300000  27.83300000  25.74700000  25.33300000  26.95300000  26.74300000  26.77500000  27.10800000  27.23900000  27.23700000  27.07000000  27.14500000  27.20500000
 27.83300000  27.83300000  27.83300000  27.83300000  27.83300000  27.83300000  27.83300000  27.83300000  27.83300000  27.83300000  27.83300000  27.83300000  27.83300000  27.83300000  27.83300000  27.83300000  27.83300000  27.83300000  27.83300000  25.75500000  25.57700000  26.98500000  26.77700000  26.89200000  27.23600000  27.05100000  27.06800000  27.25700000  27.16000000  27.19400000
 27.83300000  27.83300000  27.83300000  27.83300000  27.83300000  27.83300000  27.83300000  27.83300000  27.83300000  27.83300000  27.83300000  27.83300000  27.83300000  27.83300000  27.83300000  27.83300000  27.83300000  27.83300000  27.83300000  25.31800000  24.64200000  26.68400000  26.99800000  27.08600000  27.14700000  27.00200000  27.15600000  27.21200000  27.26600000  27.31200000
 27.83300000  27.83300000  27.83300000  27.83300000  27.83300000  27.83300000  27.83300000  27.83300000  27.83300000  27.83300000  27.83300000  27.83300000  27.83300000  27.83300000  27.83300000  27.83300000  27.83300000  27.83300000  27.83300000  27.83300000  25.69700000  25.97700000  27.00400000  27.13300000  27.00900000  27.08700000  27.12000000  27.15200000  27.26500000  27.20700000
 27.83300000  27.83300000  27.83300000  27.83300000  27.83300000  27.83300000  27.83300000  27.83300000  27.83300000  27.83300000  27.83300000  27.83300000  27.83300000  27.83300000  27.83300000  27.83300000  27.83300000  27.83300000  27.83300000  27.83300000  27.83300000  25.58000000  26.80600000  26.99300000  26.99900000  27.06700000  27.06800000  26.91500000  27.02600000  27.31800000
 27.83300000  27.83300000  27.83300000  27.83300000  27.83300000  27.83300000  27.83300000  27.83300000  27.83300000  27.83300000  27.83300000  27.83300000  27.83300000  27.83300000  27.83300000  27.83300000  27.83300000  27.83300000  27.83300000  27.83300000  27.83300000  25.58600000  26.45400000  26.86000000  26.95800000  26.92100000  26.89000000  26.82000000  26.81700000  26.94900000
 27.83300000  27.83300000  27.83300000  27.83300000  27.83300000  27.83300000  27.83300000  27.83300000  27.83300000  27.83300000  27.83300000  27.83300000  27.83300000  27.83300000  27.83300000  27.83300000  27.83300000  27.83300000  27.83300000  27.83300000  27.83300000  27.83300000  26.20300000  26.57600000  26.64400000  26.63800000  26.72800000  26.79900000  26.83800000  27.30800000
 27.83300000  27.83300000  27.83300000  27.83300000  27.83300000  27.83300000  27.83300000  27.83300000  27.83300000  27.83300000  27.83300000  27.83300000  27.83300000  27.83300000  27.83300000  27.83300000  27.83300000  27.83300000  27.83300000  27.83300000  27.83300000  27.83300000  27.83300000  26.55300000  26.73600000  26.75600000  27.03900000  26.94300000  27.26200000  27.37200000
 25.58300000  25.36500000  25.60700000  25.48800000  24.94500000  25.20300000  25.53600000  25.55800000  25.53100000  25.42700000  25.36200000  25.31600000  25.23300000  24.40300000  24.17900000  25.32200000  25.56000000  25.64300000  25.41600000  25.33800000  25.36300000  25.30500000  25.16700000  24.83200000  24.19200000  23.82800000  24.16500000  24.43900000  24.40100000  24.67500000
 25.33000000  25.24400000  25.41100000  25.05000000  24.92700000  25.42300000  25.45000000  25.40900000  25.39900000  25.33000000  25.25300000  25.14600000  24.26800000  24.21400000  24.72800000  25.30400000  25.64700000  25.29700000  25.34300000  25.33500000  25.26700000  25.10300000  24.91500000  24.41900000  23.71700000  24.40700000  24.51100000  24.75000000  25.18100000  25.06800000
 25.02000000  25.33500000  25.42500000  25.18200000  24.69900000  25.32100000  25.34400000  25.24500000  25.15300000  25.05800000  24.53900000  23.89700000  24.16800000  24.70600000  24.72800000  25.54900000  25.49500000  25.26200000  25.28600000  25.20200000  25.12400000  25.02600000  24.36400000  24.68500000  25.59400000  25.49400000  25.45900000  25.17100000  24.98700000  24.99500000
 24.67100000  25.24100000  25.34100000  25.51000000  24.75800000  24.77300000  24.96600000  24.36800000  24.02600000  24.26300000  24.59000000  24.82700000  24.89900000  24.89500000  25.07700000  25.64100000  25.48900000  25.15300000  25.16600000  24.94900000  24.74400000  25.11200000  25.80200000  25.87300000  25.86100000  25.46700000  25.39800000  25.30800000  25.27200000  25.33100000
 24.41700000  24.29600000  25.19300000  25.38300000  25.51300000  24.98800000  24.26600000  24.18600000  24.35200000  24.87300000  24.93200000  25.14900000  25.40000000  25.50100000  25.61900000  25.67300000  25.45300000  24.99100000  24.90900000  25.04000000  25.80500000  25.67300000  25.64900000  25.71000000  25.78800000  25.78300000  25.69200000  25.28200000  25.11500000  25.26500000
 24.01300000  23.93700000  24.87000000  25.40400000  25.41600000  25.45400000  25.58900000  25.51600000  25.52400000  25.57600000  25.51000000  25.52900000  25.69000000  25.81000000  25.88400000  25.69300000  25.55800000  25.09200000  25.38100000  25.74000000  25.58800000  25.50700000  25.23600000  25.22400000  25.41600000  25.77100000  25.99200000  25.93100000  25.17700000  25.12000000
 23.95000000  23.91700000  24.67000000  25.11600000  25.53400000  25.57000000  25.54400000  25.52700000  25.50700000  25.52200000  25.72600000  25.70000000  25.69200000  25.78100000  25.86100000  25.71400000  25.72000000  25.50500000  25.56600000  25.60100000  25.47200000  25.19200000  24.89200000  24.96100000  25.30900000  25.76500000  26.19900000  26.07600000  25.99300000  25.32800000
 23.44400000  23.51500000  24.82100000  24.45400000  24.96200000  25.59000000  25.92200000  25.60400000  25.68200000  25.76500000  25.86500000  25.81000000  25.79500000  25.86100000  25.90800000  25.73600000  25.79600000  25.76700000  25.62000000  25.55900000  25.46400000  25.35300000  25.28300000  25.36900000  25.66100000  26.23700000  26.64200000  26.40600000  25.87300000  26.01300000
 21.47400000  23.39700000  24.39200000  24.48600000  24.51700000  24.64700000  25.00400000  26.17300000  25.79700000  25.63600000  25.66100000  25.72700000  25.78100000  25.78000000  25.76700000  25.74100000  25.86300000  25.91700000  25.96100000  25.96500000  25.89900000  25.87700000  25.98400000  26.21900000  26.83100000  26.85200000  26.70000000  26.48500000  25.90500000  26.12900000
 20.29000000  20.53900000  23.49600000  24.14100000  24.02200000  24.28000000  24.10100000  24.68700000  26.12700000  26.40800000  26.37700000  25.94900000  25.65300000  25.67100000  25.74300000  25.76500000  25.72900000  25.80200000  25.87400000  26.77000000  26.50800000  26.50800000  26.54800000  26.52900000  26.33000000  26.36800000  26.61800000  26.20300000  25.95900000  26.14700000
 22.35400000  27.83300000  21.47600000  21.21500000  23.66300000  23.53800000  23.95700000  24.30900000  24.44100000  25.72100000  26.29200000  26.56900000  26.72100000  26.08000000  25.65900000  25.66700000  25.64900000  26.48400000  26.55000000  26.68000000  26.13300000  26.17900000  26.32600000  26.49200000  26.53700000  26.57300000  26.24500000  25.94800000  26.28500000  26.23300000
 27.83300000  27.83300000  27.83300000  27.83300000  21.38600000  21.13300000  23.09800000  23.37400000  23.55000000  24.14500000  25.24400000  25.75800000  25.75600000  26.05000000  26.15100000  26.07400000  26.03200000  25.43900000  26.50800000  26.68300000  26.07900000  26.36400000  26.33700000  26.27300000  26.42400000  26.32200000  26.39000000  26.14400000  26.38500000  26.31100000
 27.83300000  27.83300000  27.83300000  27.83300000  27.83300000  20.98700000  20.84900000  20.79200000  21.80000000  22.49600000  24.19900000  25.24600000  25.23700000  24.39500000  24.35800000  24.80800000  24.81700000  24.86000000  26.35800000  26.69900000  25.94500000  26.17400000  26.14700000  26.38500000  26.45100000  26.73200000  26.49700000  26.34600000  26.51100000  26.34200000
 27.83300000  27.83300000  27.83300000  27.83300000  27.83300000  27.83300000  27.83300000  23.35300000  20.88400000  20.77200000  21.40300000  23.71700000  24.07900000  23.85900000  22.96500000  23.47100000  24.43900000  24.71700000  26.14500000  26.77900000  26.46600000  26.03000000  26.19900000  26.19800000  26.31500000  26.80500000  26.95000000  26.56200000  26.30000000  26.29200000
 27.83300000  27.83300000  27.83300000  27.83300000  27.83300000  27.83300000  27.83300000  27.83300000  27.83300000  27.83300000  27.83300000  27.83300000  27.83300000  27.83300000  27.83300000  21.42900000  24.01500000  24.49200000  25.64200000  26.49800000  26.83700000  26.83300000  26.53600000  26.37000000  26.36400000  26.90400000  26.93300000  27.01800000  26.55100000  26.35100000
 27.83300000  27.83300000  27.83300000  27.83300000  27.83300000  27.83300000  27.83300000  27.83300000  27.83300000  27.83300000  27.83300000  27.83300000  27.83300000  27.83300000  27.83300000  27.83300000  22.93800000  23.71400000  25.07800000  25.16300000  26.76200000  26.79700000  26.82900000  26.90900000  26.51300000  26.99100000  26.97100000  26.97400000  27.04300000  26.93700000
 27.83300000  27.83300000  27.83300000  27.83300000  27.83300000  27.83300000  27.83300000  27.83300000  27.83300000  27.83300000  27.83300000  27.83300000  27.83300000  27.83300000  27.83300000  27.83300000  27.83300000  21.51700000  24.84800000  25.40500000  24.75400000  26.90200000  26.83400000  26.95100000  26.66200000  27.06300000  27.07700000  26.94000000  26.99100000  27.09900000
 27.83300000  27.83300000  27.83300000  27.83300000  27.83300000  27.83300000  27.83300000  27.83300000  27.83300000  27.83300000  27.83300000  27.83300000  27.83300000  27.83300000  27.83300000  27.83300000  27.83300000  27.83300000  27.83300000  24.95100000  25.61200000  26.51300000  26.82800000  26.93800000  26.82100000  27.11300000  27.17600000  27.11800000  27.01500000  27.06800000
 27.83300000  27.83300000  27.83300000  27.83300000  27.83300000  27.83300000  27.83300000  27.83300000  27.83300000  27.83300000  27.83300000  27.83300000  27.83300000  27.83300000  27.83300000  27.83300000  27.83300000  27.83300000  27.83300000  27.83300000  24.23800000  26.73600000  26.79300000  26.76500000  26.97400000  27.12400000  27.09200000  27.14900000  27.08800000  27.10800000
 27.83300000  27.83300000  27.83300000  27.83300000  27.83300000  27.83300000  27.83300000  27.83300000  27.83300000  27.83300000  27.83300000  27.83300000  27.83300000  27.83300000  27.83300000  27.83300000  27.83300000  27.83300000  27.83300000  27.83300000  23.27100000  26.96600000  26.75500000  26.78700000  27.12200000  27.25300000  27.25000000  27.08100000  27.15800000  27.21700000
 27.83300000  27.83300000  27.83300000  27.83300000  27.83300000  27.83300000  27.83300000  27.83300000  27.83300000  27.83300000  27.83300000  27.83300000  27.83300000  27.83300000  27.83300000  27.83300000  27.83300000  27.83300000  27.83300000  27.83300000  22.94700000  26.99500000  26.78800000  26.90500000  27.24900000  27.06300000  27.08000000  27.27200000  27.17300000  27.20400000
 27.83300000  27.83300000  27.83300000  27.83300000  27.83300000  27.83300000  27.83300000  27.83300000  27.83300000  27.83300000  27.83300000  27.83300000  27.83300000  27.83300000  27.83300000  27.83300000  27.83300000  27.83300000  27.83300000  27.83300000  23.46300000  26.69300000  27.01100000  27.09900000  27.16100000  27.01400000  27.16500000  27.22500000  27.27800000  27.32200000
 27.83300000  27.83300000  27.83300000  27.83300000  27.83300000  27.83300000  27.83300000  27.83300000  27.83300000  27.83300000  27.83300000  27.83300000  27.83300000  27.83300000  27.83300000  27.83300000  27.83300000  27.83300000  27.83300000  27.83300000  27.83300000  25.27400000  27.01600000  27.14500000  27.02200000  27.09900000  27.13000000  27.16300000  27.27400000  27.13500000
 27.83300000  27.83300000  27.83300000  27.83300000  27.83300000  27.83300000  27.83300000  27.83300000  27.83300000  27.83300000  27.83300000  27.83300000  27.83300000  27.83300000  27.83300000  27.83300000  27.83300000  27.83300000  27.83300000  27.83300000  27.83300000  24.49600000  26.81800000  27.00500000  27.01200000  27.07800000  27.07900000  26.92600000  27.03700000  27.33000000
 27.83300000  27.83300000  27.83300000  27.83300000  27.83300000  27.83300000  27.83300000  27.83300000  27.83300000  27.83300000  27.83300000  27.83300000  27.83300000  27.83300000  27.83300000  27.83300000  27.83300000  27.83300000  27.83300000  27.83300000  27.83300000  27.83300000  26.47000000  26.87000000  26.96700000  26.93300000  26.90300000  26.83100000  26.82700000  26.95900000
 27.83300000  27.83300000  27.83300000  27.83300000  27.83300000  27.83300000  27.83300000  27.83300000  27.83300000  27.83300000  27.83300000  27.83300000  27.83300000  27.83300000  27.83300000  27.83300000  27.83300000  27.83300000  27.83300000  27.83300000  27.83300000  27.83300000  26.17100000  26.58800000  26.65100000  26.64500000  26.73900000  26.80800000  26.85800000  27.32800000
 27.83300000  27.83300000  27.83300000  27.83300000  27.83300000  27.83300000  27.83300000  27.83300000  27.83300000  27.83300000  27.83300000  27.83300000  27.83300000  27.83300000  27.83300000  27.83300000  27.83300000  27.83300000  27.83300000  27.83300000  27.83300000  27.83300000  27.83300000  26.55700000  26.75100000  26.76100000  27.04900000  26.94900000  27.29100000  27.39100000
