 25.50900000  25.30000000  25.57800000  25.45100000  24.88400000  25.19000000  25.51900000  25.54000000  25.51500000  25.37800000  25.34400000  25.30100000  25.18800000  24.38800000  24.16200000  25.30900000  25.53100000  25.60800000  25.36500000  25.32300000  25.35100000  25.29200000  25.15700000  24.81700000  24.17100000  23.81900000  24.15400000  24.41700000  24.37500000  24.65900000
 25.31100000  25.24800000  25.39500000  25.02900000  24.93200000  25.41300000  25.43400000  25.39200000  25.38500000  25.31500000  25.24200000  25.13200000  24.25700000  24.20400000  24.71000000  25.29300000  25.62900000  25.28200000  25.32500000  25.31800000  25.25200000  25.08800000  24.89600000  24.40200000  23.70400000  24.39600000  24.50300000  24.74900000  25.17900000  25.05400000
 24.99700000  25.31800000  25.40800000  25.16200000  24.69800000  25.30900000  25.32800000  25.22800000  25.13900000  25.05000000  24.54000000  23.89100000  24.15600000  24.69500000  24.71700000  25.53800000  25.47800000  25.24800000  25.26900000  25.18600000  25.10800000  25.01000000  24.34800000  24.69200000  25.58300000  25.48000000  25.44200000  25.15100000  24.97000000  24.98200000
 24.63200000  25.21600000  25.32500000  25.49500000  24.72200000  24.78900000  24.95500000  24.35800000  24.01700000  24.25500000  24.57900000  24.81600000  24.88700000  24.88500000  25.07200000  25.62700000  25.47300000  25.14100000  25.15100000  24.93100000  24.73000000  25.12300000  25.78800000  25.85500000  25.84500000  25.44900000  25.38100000  25.29600000  25.25500000  25.32000000
 24.30000000  24.17400000  25.17300000  25.36700000  25.49700000  24.97800000  24.25100000  24.17400000  24.33900000  24.86100000  24.92000000  25.13400000  25.38900000  25.49200000  25.61000000  25.65800000  25.43400000  24.97700000  24.89300000  25.04400000  25.79200000  25.65000000  25.63900000  25.69500000  25.77700000  25.76600000  25.69500000  25.26100000  25.09500000  25.24600000
 23.98700000  23.82600000  24.85500000  25.38700000  25.40500000  25.44000000  25.57500000  25.51200000  25.51700000  25.55900000  25.49200000  25.51300000  25.67500000  25.79500000  25.86800000  25.67700000  25.54100000  25.07400000  25.38000000  25.72600000  25.57500000  25.49300000  25.21700000  25.20600000  25.39700000  25.75100000  25.97600000  25.91400000  25.16100000  25.10800000
 23.91200000  23.65900000  24.65200000  25.09600000  25.52400000  25.56500000  25.53500000  25.52000000  25.50100000  25.51200000  25.71500000  25.68400000  25.67700000  25.76400000  25.84400000  25.69800000  25.70500000  25.48500000  25.55500000  25.58700000  25.45900000  25.17600000  24.87900000  24.95200000  25.29300000  25.75100000  26.18600000  26.06000000  25.97500000  25.25100000
 23.76700000  23.69500000  24.44600000  24.44300000  24.94200000  25.57100000  25.92000000  25.59400000  25.67200000  25.75800000  25.85600000  25.79700000  25.78100000  25.84700000  25.89300000  25.72100000  25.78300000  25.75200000  25.60600000  25.54700000  25.45200000  25.34200000  25.27500000  25.36100000  25.65300000  26.23300000  26.63100000  26.39000000  25.85800000  25.98600000
 23.46600000  23.83400000  24.13300000  24.46500000  24.50600000  24.61700000  24.97900000  26.16500000  25.80100000  25.62400000  25.64300000  25.71000000  25.77000000  25.76800000  25.75400000  25.72700000  25.85000000  25.90200000  25.94600000  25.95100000  25.89100000  25.87700000  25.98000000  26.22600000  26.82700000  26.83000000  26.67900000  26.46700000  25.88800000  26.10900000
 23.24000000  22.86000000  23.65500000  24.11500000  24.00100000  24.24900000  24.06700000  24.67100000  26.09700000  26.39400000  26.37600000  25.94500000  25.63900000  25.65900000  25.73300000  25.75200000  25.71700000  25.78800000  25.86000000  26.74700000  26.48000000  26.48500000  26.52400000  26.50300000  26.30800000  26.35100000  26.60200000  26.18700000  25.94500000  26.12700000
 24.23300000  23.75700000  23.64200000  23.37500000  23.73800000  23.54200000  23.91700000  24.04500000  24.41000000  25.70800000  26.27300000  26.55400000  26.71000000  26.05800000  25.64700000  25.65800000  25.63400000  26.47300000  26.54000000  26.67100000  26.12300000  26.16300000  26.31400000  26.47900000  26.52300000  26.55900000  26.22900000  25.93300000  26.26700000  26.21600000
 27.83300000  27.83300000  27.83300000  24.18400000  23.66300000  23.39700000  23.51700000  23.49100000  23.50400000  24.11400000  25.24800000  25.72300000  25.72600000  26.03300000  26.13400000  26.06200000  26.03300000  25.46000000  26.49200000  26.66600000  26.06700000  26.34900000  26.31900000  26.26800000  26.42200000  26.30300000  26.37100000  26.12700000  26.36600000  26.29400000
 27.83300000  27.83300000  27.83300000  27.83300000  23.84200000  23.74600000  23.52500000  23.41900000  23.36400000  23.39900000  24.18200000  25.23000000  25.21900000  24.36700000  24.33500000  24.79600000  24.78500000  24.86900000  26.34500000  26.69200000  25.93400000  26.16100000  26.13700000  26.36900000  26.43600000  26.71900000  26.48700000  26.33300000  26.49500000  26.32900000
 27.83300000  27.83300000  27.83300000  27.83300000  27.83300000  27.83300000  24.60600000  24.17500000  23.60800000  23.43000000  23.52400000  23.75900000  24.03600000  23.79700000  23.11700000  23.54400000  24.43900000  24.75500000  26.12800000  26.76200000  26.46300000  26.02000000  26.18700000  26.18400000  26.30000000  26.79000000  26.93100000  26.54600000  26.28700000  26.28000000
 27.83300000  27.83300000  27.83300000  27.83300000  27.83300000  27.83300000  27.83300000  27.83300000  27.83300000  27.83300000  27.83300000  27.83300000  23.56200000  23.23600000  23.13900000  23.48300000  24.10000000  24.64700000  25.62000000  26.49200000  26.82300000  26.81700000  26.53600000  26.36000000  26.34500000  26.88800000  26.91500000  26.99900000  26.52800000  26.33800000
 27.83300000  27.83300000  27.83300000  27.83300000  27.83300000  27.83300000  27.83300000  27.83300000  27.83300000  27.83300000  27.83300000  27.83300000  27.83300000  27.83300000  27.83300000  23.59100000  23.97900000  24.82800000  25.08300000  25.17200000  26.75500000  26.77900000  26.81300000  26.89300000  26.50000000  26.97500000  26.95300000  26.95600000  27.02600000  26.90700000
 27.83300000  27.83300000  27.83300000  27.83300000  27.83300000  27.83300000  27.83300000  27.83300000  27.83300000  27.83300000  27.83300000  27.83300000  27.83300000  27.83300000  27.83300000  27.83300000  23.92900000  24.28800000  25.18400000  25.42800000  24.74600000  26.88500000  26.81600000  26.93200000  26.65000000  27.04700000  27.05900000  26.92300000  26.97100000  27.07900000
 27.83300000  27.83300000  27.83300000  27.83300000  27.83300000  27.83300000  27.83300000  27.83300000  27.83300000  27.83300000  27.83300000  27.83300000  27.83300000  27.83300000  27.83300000  27.83300000  27.83300000  27.83300000  23.89000000  25.18500000  25.60500000  26.50700000  26.80900000  26.91800000  26.81000000  27.09500000  27.15500000  27.09900000  26.99500000  27.03800000
 27.83300000  27.83300000  27.83300000  27.83300000  27.83300000  27.83300000  27.83300000  27.83300000  27.83300000  27.83300000  27.83300000  27.83300000  27.83300000  27.83300000  27.83300000  27.83300000  27.83300000  27.83300000  27.83300000  25.43200000  24.23700000  26.71100000  26.77900000  26.74400000  26.96200000  27.10400000  27.07000000  27.12700000  27.06700000  27.09400000
 27.83300000  27.83300000  27.83300000  27.83300000  27.83300000  27.83300000  27.83300000  27.83300000  27.83300000  27.83300000  27.83300000  27.83300000  27.83300000  27.83300000  27.83300000  27.83300000  27.83300000  27.83300000  27.83300000  25.73500000  25.25200000  26.94700000  26.73800000  26.77100000  27.10200000  27.23200000  27.22900000  27.06300000  27.13900000  27.20000000
 27.83300000  27.83300000  27.83300000  27.83300000  27.83300000  27.83300000  27.83300000  27.83300000  27.83300000  27.83300000  27.83300000  27.83300000  27.83300000  27.83300000  27.83300000  27.83300000  27.83300000  27.83300000  27.83300000  25.73500000  25.50100000  26.97700000  26.77000000  26.88700000  27.22800000  27.04000000  27.06500000  27.25200000  27.15500000  27.18700000
 27.83300000  27.83300000  27.83300000  27.83300000  27.83300000  27.83300000  27.83300000  27.83300000  27.83300000  27.83300000  27.83300000  27.83300000  27.83300000  27.83300000  27.83300000  27.83300000  27.83300000  27.83300000  27.83300000  25.30500000  24.61400000  26.67200000  26.99500000  27.08300000  27.13800000  26.99600000  27.14700000  27.21000000  27.26200000  27.30600000
 27.83300000  27.83300000  27.83300000  27.83300000  27.83300000  27.83300000  27.83300000  27.83300000  27.83300000  27.83300000  27.83300000  27.83300000  27.83300000  27.83300000  27.83300000  27.83300000  27.83300000  27.83300000  27.83300000  27.83300000  25.68200000  25.94100000  26.99700000  27.12400000  27.00400000  27.08500000  27.10900000  27.14100000  27.24800000  27.18100000
 27.83300000  27.83300000  27.83300000  27.83300000  27.83300000  27.83300000  27.83300000  27.83300000  27.83300000  27.83300000  27.83300000  27.83300000  27.83300000  27.83300000  27.83300000  27.83300000  27.83300000  27.83300000  27.83300000  27.83300000  27.83300000  25.56700000  26.79600000  26.98500000  26.99100000  27.06100000  27.05600000  26.90000000  27.01700000  27.31200000
 27.83300000  27.83300000  27.83300000  27.83300000  27.83300000  27.83300000  27.83300000  27.83300000  27.83300000  27.83300000  27.83300000  27.83300000  27.83300000  27.83300000  27.83300000  27.83300000  27.83300000  27.83300000  27.83300000  27.83300000  27.83300000  25.56400000  26.44900000  26.84900000  26.94900000  26.91300000  26.88600000  26.81100000  26.80800000  26.93700000
 27.83300000  27.83300000  27.83300000  27.83300000  27.83300000  27.83300000  27.83300000  27.83300000  27.83300000  27.83300000  27.83300000  27.83300000  27.83300000  27.83300000  27.83300000  27.83300000  27.83300000  27.83300000  27.83300000  27.83300000  27.83300000  27.83300000  26.18600000  26.57300000  26.62600000  26.62000000  26.72000000  26.78800000  26.84100000  27.29800000
 27.83300000  27.83300000  27.83300000  27.83300000  27.83300000  27.83300000  27.83300000  27.83300000  27.83300000  27.83300000  27.83300000  27.83300000  27.83300000  27.83300000  27.83300000  27.83300000  27.83300000  27.83300000  27.83300000  27.83300000  27.83300000  27.83300000  27.83300000  26.51000000  26.72600000  26.74900000  27.00700000  26.94600000  27.24800000  27.36400000
 25.57900000  25.36400000  25.60400000  25.47900000  24.92300000  25.21000000  25.53600000  25.55900000  25.53000000  25.42400000  25.36300000  25.31600000  25.23100000  24.39900000  24.17800000  25.31700000  25.55200000  25.63600000  25.41300000  25.33800000  25.36400000  25.30200000  25.16700000  24.83000000  24.19200000  23.82500000  24.16300000  24.42800000  24.39000000  24.67300000
 25.33000000  25.25700000  25.40800000  25.04400000  24.94200000  25.42500000  25.44600000  25.40400000  25.39600000  25.32700000  25.25200000  25.14400000  24.26900000  24.21500000  24.72100000  25.30600000  25.64400000  25.29500000  25.34000000  25.33100000  25.26700000  25.10100000  24.90600000  24.41500000  23.71500000  24.40900000  24.51700000  24.76500000  25.19200000  25.07000000
 25.01000000  25.33200000  25.42200000  25.17600000  24.70900000  25.32100000  25.34100000  25.24100000  25.15200000  25.06200000  24.55100000  23.89700000  24.16500000  24.70700000  24.72800000  25.55100000  25.49100000  25.25900000  25.28300000  25.19900000  25.12100000  25.02200000  24.35800000  24.70700000  25.59800000  25.49400000  25.45400000  25.16400000  24.98200000  24.99800000
 24.67400000  25.23100000  25.33900000  25.50900000  24.73600000  24.80000000  24.96600000  24.36700000  24.02600000  24.26300000  24.58800000  24.82700000  24.89700000  24.89700000  25.08100000  25.64000000  25.48500000  25.15200000  25.16300000  24.94200000  24.74200000  25.13600000  25.79900000  25.86700000  25.86100000  25.46400000  25.39500000  25.30800000  25.27000000  25.33100000
 24.39600000  24.26000000  25.18400000  25.38100000  25.51100000  24.98400000  24.26200000  24.18400000  24.34800000  24.87200000  24.93100000  25.14400000  25.40100000  25.50500000  25.62200000  25.67200000  25.44700000  24.98800000  24.90400000  25.05500000  25.80500000  25.66400000  25.65400000  25.71000000  25.79300000  25.78000000  25.71000000  25.27600000  25.11000000  25.26000000
 24.01400000  23.93000000  24.86900000  25.40200000  25.41800000  25.45100000  25.58700000  25.52100000  25.52800000  25.57300000  25.50600000  25.52600000  25.68800000  25.80700000  25.88100000  25.69100000  25.55400000  25.08400000  25.39000000  25.73700000  25.58700000  25.50400000  25.22800000  25.21900000  25.41000000  25.76700000  25.99500000  25.92700000  25.17400000  25.12100000
 23.95100000  23.93400000  24.66800000  25.10800000  25.53600000  25.57200000  25.54600000  25.53100000  25.51100000  25.52400000  25.72700000  25.69500000  25.69000000  25.77800000  25.85800000  25.71300000  25.71700000  25.49800000  25.56700000  25.59900000  25.47100000  25.18600000  24.88900000  24.96400000  25.30800000  25.76700000  26.20300000  26.07800000  25.99000000  25.33100000
 23.43300000  23.61100000  24.69500000  24.45400000  24.95100000  25.58300000  25.93100000  25.60500000  25.68200000  25.76900000  25.86700000  25.80900000  25.79400000  25.86000000  25.90600000  25.73400000  25.79500000  25.76500000  25.61900000  25.55900000  25.46300000  25.35400000  25.28500000  25.37400000  25.66700000  26.24900000  26.64800000  26.40800000  25.86900000  26.00700000
 21.47100000  23.71900000  24.33700000  24.48400000  24.51600000  24.63000000  24.98900000  26.17500000  25.81200000  25.63500000  25.65400000  25.72100000  25.77900000  25.77900000  25.76500000  25.73900000  25.86200000  25.91400000  25.95800000  25.96400000  25.90500000  25.89200000  25.99600000  26.24100000  26.84400000  26.84400000  26.69500000  26.48400000  25.90300000  26.12400000
 20.31000000  20.48800000  23.50200000  24.14100000  24.01700000  24.26100000  24.10000000  24.67800000  26.10900000  26.40800000  26.39200000  25.95900000  25.65200000  25.67100000  25.74300000  25.76400000  25.72800000  25.80000000  25.87200000  26.76000000  26.49100000  26.49800000  26.53700000  26.51600000  26.32100000  26.36300000  26.61600000  26.20100000  25.95900000  26.14300000
 22.36200000  27.83300000  21.56100000  21.36000000  23.67900000  23.53800000  23.94600000  24.31800000  24.42400000  25.71700000  26.28700000  26.56800000  26.72300000  26.06800000  25.65900000  25.66900000  25.64500000  26.48700000  26.55300000  26.68600000  26.13600000  26.17600000  26.32700000  26.49200000  26.53600000  26.57100000  26.24200000  25.94300000  26.28000000  26.23000000
 27.83300000  27.83300000  27.83300000  27.83300000  21.49200000  21.21900000  23.04000000  23.30400000  23.53100000  24.12900000  25.24900000  25.73900000  25.73700000  26.04300000  26.14400000  26.07100000  26.04300000  25.46900000  26.50400000  26.68000000  26.07900000  26.36100000  26.33100000  26.28000000  26.43600000  26.31200000  26.38500000  26.13900000  26.37900000  26.30700000
 27.83300000  27.83300000  27.83300000  27.83300000  27.83300000  21.09700000  20.85800000  20.77900000  21.74900000  22.42700000  24.19500000  25.24000000  25.23300000  24.38800000  24.34400000  24.80300000  24.80700000  24.87600000  26.35500000  26.70600000  25.94400000  26.17200000  26.14700000  26.38000000  26.44800000  26.73300000  26.50400000  26.34300000  26.50800000  26.34100000
 27.83300000  27.83300000  27.83300000  27.83300000  27.83300000  27.83300000  27.83300000  23.47800000  20.88800000  20.76200000  21.43200000  23.71300000  24.07500000  23.87300000  22.99500000  23.46900000  24.44200000  24.71100000  26.14000000  26.77500000  26.47800000  26.03000000  26.19800000  26.19600000  26.31300000  26.80500000  26.94700000  26.56400000  26.30000000  26.29000000
 27.83300000  27.83300000  27.83300000  27.83300000  27.83300000  27.83300000  27.83300000  27.83300000  27.83300000  27.83300000  27.83300000  27.83300000  27.83300000  27.83300000  27.83300000  21.39600000  24.03700000  24.49300000  25.63300000  26.50000000  26.83600000  26.82900000  26.55000000  26.37400000  26.35800000  26.90200000  26.93000000  27.01500000  26.54500000  26.35200000
 27.83300000  27.83300000  27.83300000  27.83300000  27.83300000  27.83300000  27.83300000  27.83300000  27.83300000  27.83300000  27.83300000  27.83300000  27.83300000  27.83300000  27.83300000  27.83300000  23.10700000  23.82600000  25.08800000  25.15600000  26.76200000  26.79400000  26.82600000  26.90800000  26.51000000  26.98900000  26.96800000  26.97100000  27.04000000  26.92800000
 27.83300000  27.83300000  27.83300000  27.83300000  27.83300000  27.83300000  27.83300000  27.83300000  27.83300000  27.83300000  27.83300000  27.83300000  27.83300000  27.83300000  27.83300000  27.83300000  27.83300000  21.51100000  24.90100000  25.42500000  24.76500000  26.90000000  26.83000000  26.94800000  26.66200000  27.06100000  27.07600000  26.93800000  26.98700000  27.09600000
 27.83300000  27.83300000  27.83300000  27.83300000  27.83300000  27.83300000  27.83300000  27.83300000  27.83300000  27.83300000  27.83300000  27.83300000  27.83300000  27.83300000  27.83300000  27.83300000  27.83300000  27.83300000  27.83300000  24.93800000  25.61600000  26.48100000  26.82500000  26.93300000  26.82300000  27.11000000  27.17100000  27.11500000  27.01100000  27.06700000
 27.83300000  27.83300000  27.83300000  27.83300000  27.83300000  27.83300000  27.83300000  27.83300000  27.83300000  27.83300000  27.83300000  27.83300000  27.83300000  27.83300000  27.83300000  27.83300000  27.83300000  27.83300000  27.83300000  27.83300000  24.26600000  26.72800000  26.79000000  26.75800000  26.97200000  27.12000000  27.08600000  27.14200000  27.08200000  27.10800000
 27.83300000  27.83300000  27.83300000  27.83300000  27.83300000  27.83300000  27.83300000  27.83300000  27.83300000  27.83300000  27.83300000  27.83300000  27.83300000  27.83300000  27.83300000  27.83300000  27.83300000  27.83300000  27.83300000  27.83300000  23.30100000  26.96500000  26.75300000  26.78500000  27.11900000  27.24600000  27.24500000  27.07700000  27.15400000  27.21300000
 27.83300000  27.83300000  27.83300000  27.83300000  27.83300000  27.83300000  27.83300000  27.83300000  27.83300000  27.83300000  27.83300000  27.83300000  27.83300000  27.83300000  27.83300000  27.83300000  27.83300000  27.83300000  27.83300000  27.83300000  22.98100000  26.99200000  26.78500000  26.90200000  27.24400000  27.05500000  27.08000000  27.26900000  27.17000000  27.20000000
 27.83300000  27.83300000  27.83300000  27.83300000  27.83300000  27.83300000  27.83300000  27.83300000  27.83300000  27.83300000  27.83300000  27.83300000  27.83300000  27.83300000  27.83300000  27.83300000  27.83300000  27.83300000  27.83300000  27.83300000  23.53100000  26.68500000  27.01000000  27.09900000  27.15400000  27.01000000  27.16000000  27.22500000  27.27700000  27.31900000
 27.83300000  27.83300000  27.83300000  27.83300000  27.83300000  27.83300000  27.83300000  27.83300000  27.83300000  27.83300000  27.83300000  27.83300000  27.83300000  27.83300000  27.83300000  27.83300000  27.83300000  27.83300000  27.83300000  27.83300000  27.83300000  25.15000000  27.01100000  27.13800000  27.02000000  27.09900000  27.12200000  27.15500000  27.26200000  27.13600000
 27.83300000  27.83300000  27.83300000  27.83300000  27.83300000  27.83300000  27.83300000  27.83300000  27.83300000  27.83300000  27.83300000  27.83300000  27.83300000  27.83300000  27.83300000  27.83300000  27.83300000  27.83300000  27.83300000  27.83300000  27.83300000  24.55700000  26.81100000  26.99800000  27.00600000  27.07400000  27.07000000  26.91500000  27.03100000  27.32600000
 27.83300000  27.83300000  27.83300000  27.83300000  27.83300000  27.83300000  27.83300000  27.83300000  27.83300000  27.83300000  27.83300000  27.83300000  27.83300000  27.83300000  27.83300000  27.83300000  27.83300000  27.83300000  27.83300000  27.83300000  27.83300000  27.83300000  26.46900000  26.86200000  26.96200000  26.92900000  26.90000000  26.82400000  26.82000000  26.94900000
 27.83300000  27.83300000  27.83300000  27.83300000  27.83300000  27.83300000  27.83300000  27.83300000  27.83300000  27.83300000  27.83300000  27.83300000  27.83300000  27.83300000  27.83300000  27.83300000  27.83300000  27.83300000  27.83300000  27.83300000  27.83300000  27.83300000  26.16700000  26.58700000  26.63500000  26.63200000  26.73300000  26.79800000  26.86300000  27.31900000
 27.83300000  27.83300000  27.83300000  27.83300000  27.83300000  27.83300000  27.83300000  27.83300000  27.83300000  27.83300000  27.83300000  27.83300000  27.83300000  27.83300000  27.83300000  27.83300000  27.83300000  27.83300000  27.83300000  27.83300000  27.83300000  27.83300000  27.83300000  26.52700000  26.74400000  26.75500000  27.01900000  26.95600000  27.27600000  27.38400000
