37.00100000 36.93000000 36.99200000 36.94200000 36.94100000 37.12100000 37.20600000 37.27400000 37.25800000 37.21900000 37.14900000 37.04000000 36.90000000 36.63900000 36.53000000 36.83900000 36.93100000 37.02500000 36.99100000 37.06300000 37.03700000 37.01900000 36.89800000 36.72700000 36.50300000 36.28700000 36.43600000 36.44200000 36.39100000 36.40400000
36.99200000 37.02300000 36.92700000 36.96100000 37.05300000 37.20700000 37.23500000 37.21100000 37.18600000 37.13100000 37.03400000 36.92200000 36.66200000 36.57100000 36.78800000 36.91900000 37.07600000 36.99000000 37.06200000 37.07000000 37.02600000 36.91500000 36.80800000 36.64500000 36.37400000 36.62700000 36.62500000 36.72600000 36.95800000 36.93700000
36.88600000 37.02700000 36.89600000 36.93200000 36.93900000 37.16200000 37.16500000 37.12200000 37.05700000 36.99600000 36.79100000 36.43900000 36.55300000 36.83000000 36.81400000 36.97300000 37.07800000 36.95900000 37.03400000 37.00800000 36.94300000 36.86900000 36.64500000 36.73600000 37.09300000 37.03700000 37.04500000 36.97200000 36.90400000 36.87000000
36.60400000 37.03600000 36.87000000 36.91600000 36.92500000 36.96000000 37.01200000 36.72500000 36.48900000 36.66300000 36.83200000 36.90400000 36.89100000 36.87600000 36.87500000 37.02400000 37.04900000 36.91200000 36.95800000 36.89300000 36.78500000 36.91500000 37.21300000 37.24600000 37.21700000 37.02500000 37.04300000 37.02300000 37.00300000 36.94400000
36.51800000 36.15600000 36.99300000 36.84000000 36.92000000 36.96400000 36.70100000 36.63600000 36.75300000 36.94600000 36.89400000 36.89400000 36.92100000 36.93300000 36.96000000 37.03200000 37.01800000 36.82200000 36.78900000 36.87000000 37.19800000 37.22300000 37.21100000 37.22200000 37.24000000 37.24800000 37.15500000 36.92200000 36.76000000 36.73800000
36.35500000 35.73400000 36.93100000 36.96600000 36.84600000 36.84100000 36.93400000 36.93900000 36.93700000 36.91400000 36.85300000 36.85300000 36.93600000 37.01100000 37.03800000 37.01400000 37.08400000 36.90100000 37.05900000 37.18400000 37.19300000 37.15200000 37.06000000 37.06400000 37.14400000 37.21500000 37.27700000 37.25300000 36.79200000 36.56200000
36.05700000 35.32100000 36.84800000 36.99700000 37.09700000 36.98300000 36.89000000 36.85700000 36.84400000 36.85300000 36.98500000 36.99000000 36.99400000 37.01500000 37.03800000 37.02200000 37.19400000 37.10600000 37.12600000 37.18700000 37.15000000 37.02500000 36.94700000 36.95700000 37.11100000 37.20500000 37.27900000 37.29200000 37.26500000 36.71000000
35.66500000 35.28900000 36.37500000 36.68900000 36.90200000 37.14200000 37.16600000 36.89800000 36.92500000 36.96500000 37.01700000 36.98300000 37.00300000 37.05300000 37.06900000 37.06700000 37.22400000 37.19600000 37.14000000 37.14700000 37.15000000 37.10100000 37.07300000 37.12700000 37.18100000 37.26800000 37.39700000 37.36400000 37.25900000 37.21400000
35.30300000 35.81100000 36.32800000 36.72900000 36.77000000 36.69700000 36.92100000 37.30700000 37.01600000 36.88300000 36.88800000 36.93300000 36.95500000 36.97100000 36.97200000 37.06200000 37.23000000 37.25000000 37.25800000 37.25500000 37.23100000 37.22500000 37.23000000 37.23100000 37.44500000 37.47000000 37.46500000 37.39500000 37.27700000 37.26200000
35.27900000 35.22100000 35.90100000 36.37300000 36.39800000 36.61800000 36.41800000 36.79000000 37.31300000 37.38600000 37.34300000 37.09200000 36.93800000 36.96300000 36.95500000 36.98300000 37.06900000 37.05700000 37.02300000 37.43800000 37.38400000 37.40600000 37.41000000 37.40500000 37.37500000 37.39500000 37.45100000 37.32300000 37.25400000 37.25500000
34.60900000 34.77300000 34.86100000 35.01100000 36.13700000 36.11300000 36.42700000 36.14600000 36.62400000 37.22100000 37.33200000 37.39300000 37.43200000 37.13200000 36.95300000 36.99100000 36.95300000 37.37300000 37.34100000 37.36200000 37.28400000 37.31700000 37.36600000 37.40700000 37.41400000 37.42500000 37.32600000 37.26300000 37.32400000 37.22500000
37.59700000 37.59700000 37.59700000 35.07000000 35.36000000 35.75500000 36.05600000 35.95500000 35.72900000 36.37700000 37.10000000 37.20300000 37.20100000 37.28000000 37.29000000 37.24000000 37.22700000 36.96600000 37.32700000 37.35100000 37.26100000 37.35800000 37.32600000 37.26700000 37.29800000 37.31300000 37.34100000 37.27000000 37.34900000 37.20500000
37.59700000 37.59700000 37.59700000 37.59700000 35.22200000 35.28900000 35.56600000 35.53700000 35.65600000 35.67000000 36.54700000 37.12300000 37.08600000 36.65200000 36.60100000 36.90300000 36.80900000 36.51000000 37.27500000 37.35500000 37.21700000 37.26500000 37.24200000 37.22000000 37.26800000 37.35600000 37.34500000 37.33200000 37.39300000 37.20500000
37.59700000 37.59700000 37.59700000 37.59700000 37.59700000 37.59700000 35.29400000 35.34900000 35.42500000 35.51300000 35.81400000 36.34200000 36.46800000 36.38800000 36.15200000 36.21900000 36.76800000 36.37100000 37.19900000 37.34900000 37.30200000 37.17800000 37.19900000 37.19000000 37.27000000 37.36500000 37.45600000 37.36600000 37.32400000 37.23900000
37.59700000 37.59700000 37.59700000 37.59700000 37.59700000 37.59700000 37.59700000 37.59700000 37.59700000 37.59700000 37.59700000 37.59700000 35.67400000 35.80200000 36.08400000 36.15400000 36.59400000 36.19000000 37.05200000 37.27900000 37.35000000 37.36800000 37.31100000 37.26100000 37.29700000 37.36600000 37.41100000 37.49100000 37.36300000 37.32900000
37.59700000 37.59700000 37.59700000 37.59700000 37.59700000 37.59700000 37.59700000 37.59700000 37.59700000 37.59700000 37.59700000 37.59700000 37.59700000 37.59700000 37.59700000 36.00400000 36.27200000 36.11800000 36.59200000 36.97300000 37.30800000 37.36500000 37.39300000 37.40000000 37.34100000 37.35200000 37.38500000 37.48100000 37.51700000 37.48100000
37.59700000 37.59700000 37.59700000 37.59700000 37.59700000 37.59700000 37.59700000 37.59700000 37.59700000 37.59700000 37.59700000 37.59700000 37.59700000 37.59700000 37.59700000 37.59700000 36.01400000 36.05300000 36.64200000 36.96600000 36.91100000 37.35000000 37.41500000 37.41400000 37.37800000 37.32100000 37.36500000 37.37800000 37.43400000 37.55200000
37.59700000 37.59700000 37.59700000 37.59700000 37.59700000 37.59700000 37.59700000 37.59700000 37.59700000 37.59700000 37.59700000 37.59700000 37.59700000 37.59700000 37.59700000 37.59700000 37.59700000 37.59700000 35.95600000 36.69000000 37.06800000 37.16300000 37.42500000 37.41900000 37.34000000 37.32200000 37.35300000 37.37700000 37.33700000 37.41900000
37.59700000 37.59700000 37.59700000 37.59700000 37.59700000 37.59700000 37.59700000 37.59700000 37.59700000 37.59700000 37.59700000 37.59700000 37.59700000 37.59700000 37.59700000 37.59700000 37.59700000 37.59700000 37.59700000 36.60900000 36.81000000 37.23900000 37.42700000 37.41800000 37.29100000 37.35000000 37.34400000 37.37200000 37.34200000 37.33300000
37.59700000 37.59700000 37.59700000 37.59700000 37.59700000 37.59700000 37.59700000 37.59700000 37.59700000 37.59700000 37.59700000 37.59700000 37.59700000 37.59700000 37.59700000 37.59700000 37.59700000 37.59700000 37.59700000 36.76200000 36.79300000 37.34400000 37.42400000 37.37600000 37.34400000 37.40900000 37.40300000 37.35200000 37.37100000 37.32800000
37.59700000 37.59700000 37.59700000 37.59700000 37.59700000 37.59700000 37.59700000 37.59700000 37.59700000 37.59700000 37.59700000 37.59700000 37.59700000 37.59700000 37.59700000 37.59700000 37.59700000 37.59700000 37.59700000 36.81300000 36.77500000 37.34700000 37.38200000 37.30300000 37.40200000 37.38000000 37.39200000 37.42900000 37.36600000 37.34200000
37.59700000 37.59700000 37.59700000 37.59700000 37.59700000 37.59700000 37.59700000 37.59700000 37.59700000 37.59700000 37.59700000 37.59700000 37.59700000 37.59700000 37.59700000 37.59700000 37.59700000 37.59700000 37.59700000 36.39300000 36.68000000 37.21800000 37.33000000 37.34300000 37.36600000 37.38700000 37.36600000 37.36700000 37.41300000 37.38200000
37.59700000 37.59700000 37.59700000 37.59700000 37.59700000 37.59700000 37.59700000 37.59700000 37.59700000 37.59700000 37.59700000 37.59700000 37.59700000 37.59700000 37.59700000 37.59700000 37.59700000 37.59700000 37.59700000 37.59700000 36.68100000 36.82500000 37.33400000 37.37200000 37.35100000 37.35100000 37.32200000 37.31800000 37.34400000 37.34400000
37.59700000 37.59700000 37.59700000 37.59700000 37.59700000 37.59700000 37.59700000 37.59700000 37.59700000 37.59700000 37.59700000 37.59700000 37.59700000 37.59700000 37.59700000 37.59700000 37.59700000 37.59700000 37.59700000 37.59700000 37.59700000 36.69900000 37.24800000 37.31300000 37.33800000 37.33500000 37.31700000 37.30500000 37.28600000 37.31500000
37.59700000 37.59700000 37.59700000 37.59700000 37.59700000 37.59700000 37.59700000 37.59700000 37.59700000 37.59700000 37.59700000 37.59700000 37.59700000 37.59700000 37.59700000 37.59700000 37.59700000 37.59700000 37.59700000 37.59700000 37.59700000 36.46500000 37.09600000 37.25500000 37.30200000 37.30300000 37.29000000 37.26900000 37.27300000 37.26600000
37.59700000 37.59700000 37.59700000 37.59700000 37.59700000 37.59700000 37.59700000 37.59700000 37.59700000 37.59700000 37.59700000 37.59700000 37.59700000 37.59700000 37.59700000 37.59700000 37.59700000 37.59700000 37.59700000 37.59700000 37.59700000 37.59700000 36.67800000 37.10900000 37.17600000 37.17300000 37.21200000 37.20500000 37.24000000 37.29400000
37.59700000 37.59700000 37.59700000 37.59700000 37.59700000 37.59700000 37.59700000 37.59700000 37.59700000 37.59700000 37.59700000 37.59700000 37.59700000 37.59700000 37.59700000 37.59700000 37.59700000 37.59700000 37.59700000 37.59700000 37.59700000 37.59700000 37.59700000 36.88500000 37.16600000 37.18000000 37.22500000 37.24800000 37.27500000 37.28700000
36.99600000 36.92900000 36.99100000 36.94200000 36.94000000 37.11900000 37.20800000 37.27300000 37.25800000 37.22000000 37.15100000 37.04000000 36.90100000 36.63900000 36.53000000 36.83800000 36.92900000 37.02500000 36.99000000 37.06200000 37.03600000 37.02000000 36.89700000 36.72400000 36.50500000 36.28800000 36.43500000 36.44100000 36.39000000 36.40400000
36.99100000 37.02200000 36.92600000 36.95900000 37.05200000 37.20600000 37.23400000 37.21000000 37.18500000 37.13000000 37.03300000 36.92100000 36.66300000 36.57000000 36.78700000 36.91800000 37.07500000 36.98900000 37.06100000 37.06900000 37.02500000 36.91400000 36.80800000 36.64500000 36.37300000 36.62600000 36.62400000 36.72600000 36.95800000 36.93700000
36.88500000 37.02700000 36.89500000 36.93100000 36.93800000 37.16100000 37.16400000 37.12100000 37.05600000 36.99500000 36.79000000 36.43800000 36.55100000 36.82900000 36.81300000 36.97200000 37.07700000 36.95800000 37.03300000 37.00700000 36.94200000 36.86800000 36.64400000 36.73400000 37.09200000 37.03600000 37.04500000 36.97100000 36.90200000 36.87000000
36.60300000 37.03500000 36.86900000 36.91400000 36.92400000 36.95900000 37.01100000 36.72400000 36.48800000 36.66200000 36.83100000 36.90200000 36.89100000 36.87500000 36.87400000 37.02200000 37.04900000 36.91100000 36.95700000 36.89200000 36.78400000 36.91500000 37.21200000 37.24500000 37.21700000 37.02400000 37.04200000 37.02200000 37.00200000 36.94300000
36.52300000 36.18500000 36.99200000 36.83900000 36.91900000 36.96300000 36.70100000 36.63500000 36.75200000 36.94500000 36.89300000 36.89200000 36.92000000 36.93200000 36.95900000 37.03000000 37.01700000 36.82100000 36.78800000 36.87000000 37.19700000 37.22200000 37.21000000 37.22100000 37.23800000 37.24700000 37.15500000 36.92100000 36.75900000 36.73700000
36.36000000 35.86200000 36.92900000 36.96400000 36.84500000 36.84000000 36.93300000 36.93800000 36.93600000 36.91300000 36.85300000 36.85200000 36.93500000 37.00900000 37.03700000 37.01200000 37.08300000 36.90100000 37.05800000 37.18300000 37.19200000 37.15100000 37.06000000 37.06400000 37.14300000 37.21400000 37.27500000 37.25200000 36.79200000 36.56100000
36.06300000 35.70600000 36.84800000 36.99600000 37.09600000 36.98200000 36.88900000 36.85600000 36.84300000 36.85200000 36.98400000 36.98900000 36.99300000 37.01400000 37.03700000 37.02000000 37.19300000 37.10500000 37.12500000 37.18600000 37.14900000 37.02400000 36.94600000 36.95600000 37.11000000 37.20400000 37.27800000 37.29100000 37.26400000 36.76400000
35.89000000 35.49500000 36.42700000 36.68800000 36.90000000 37.14000000 37.16500000 36.89700000 36.92400000 36.96400000 37.01500000 36.98200000 37.00200000 37.05200000 37.06800000 37.06500000 37.22300000 37.19500000 37.13900000 37.14600000 37.14900000 37.10000000 37.07200000 37.12600000 37.17900000 37.26600000 37.39600000 37.36300000 37.25900000 37.21700000
35.82500000 35.78900000 36.40300000 36.73100000 36.76900000 36.69800000 36.92000000 37.30600000 37.01500000 36.88200000 36.88700000 36.93100000 36.95500000 36.97000000 36.97100000 37.06100000 37.22800000 37.24900000 37.25700000 37.25400000 37.23000000 37.22400000 37.22900000 37.23000000 37.44400000 37.46900000 37.46400000 37.39400000 37.27600000 37.26200000
35.69300000 35.82900000 36.25400000 36.38100000 36.40000000 36.61700000 36.43600000 36.78800000 37.31100000 37.38400000 37.34300000 37.09100000 36.93700000 36.96200000 36.95400000 36.98200000 37.06800000 37.05600000 37.02200000 37.43600000 37.38300000 37.40500000 37.40900000 37.40400000 37.37400000 37.39400000 37.45000000 37.32200000 37.25200000 37.25400000
35.40500000 37.59700000 35.53500000 35.83000000 36.21700000 36.12500000 36.44700000 36.32700000 36.62400000 37.21700000 37.33100000 37.39200000 37.43100000 37.13100000 36.95200000 36.99000000 36.95200000 37.37200000 37.34000000 37.36000000 37.28300000 37.31500000 37.36500000 37.40600000 37.41300000 37.42400000 37.32500000 37.26200000 37.32300000 37.22400000
37.59700000 37.59700000 37.59700000 37.59700000 35.74300000 36.04400000 36.40300000 36.48700000 36.08200000 36.37700000 37.09500000 37.20100000 37.20000000 37.27900000 37.28900000 37.23900000 37.22500000 36.96600000 37.32600000 37.34900000 37.26000000 37.35700000 37.32500000 37.26600000 37.29700000 37.31200000 37.34000000 37.26900000 37.34900000 37.20400000
37.59700000 37.59700000 37.59700000 37.59700000 37.59700000 35.62800000 35.85400000 35.99000000 36.23500000 35.73600000 36.54800000 37.12000000 37.08500000 36.65600000 36.60000000 36.90200000 36.81400000 36.50700000 37.27300000 37.35400000 37.21600000 37.26400000 37.24100000 37.21900000 37.26700000 37.35500000 37.34400000 37.33100000 37.39200000 37.20400000
37.59700000 37.59700000 37.59700000 37.59700000 37.59700000 37.59700000 37.59700000 35.47800000 35.69000000 35.80500000 35.89900000 36.46700000 36.51500000 36.43400000 36.15600000 36.21400000 36.76600000 36.37400000 37.19800000 37.34700000 37.30100000 37.17700000 37.19800000 37.18900000 37.26900000 37.36400000 37.45500000 37.36500000 37.32300000 37.23900000
37.59700000 37.59700000 37.59700000 37.59700000 37.59700000 37.59700000 37.59700000 37.59700000 37.59700000 37.59700000 37.59700000 37.59700000 37.59700000 37.59700000 37.59700000 36.20800000 36.61000000 36.19000000 37.04900000 37.27700000 37.34900000 37.36700000 37.31000000 37.26100000 37.29600000 37.36500000 37.40900000 37.48900000 37.36200000 37.32800000
37.59700000 37.59700000 37.59700000 37.59700000 37.59700000 37.59700000 37.59700000 37.59700000 37.59700000 37.59700000 37.59700000 37.59700000 37.59700000 37.59700000 37.59700000 37.59700000 36.33900000 36.26600000 36.58900000 36.96900000 37.30600000 37.36300000 37.39200000 37.39900000 37.34000000 37.35100000 37.38400000 37.48000000 37.51600000 37.48000000
37.59700000 37.59700000 37.59700000 37.59700000 37.59700000 37.59700000 37.59700000 37.59700000 37.59700000 37.59700000 37.59700000 37.59700000 37.59700000 37.59700000 37.59700000 37.59700000 37.59700000 36.41100000 36.60300000 36.96300000 36.92100000 37.34900000 37.41300000 37.41300000 37.37700000 37.32000000 37.36400000 37.37700000 37.43300000 37.55100000
37.59700000 37.59700000 37.59700000 37.59700000 37.59700000 37.59700000 37.59700000 37.59700000 37.59700000 37.59700000 37.59700000 37.59700000 37.59700000 37.59700000 37.59700000 37.59700000 37.59700000 37.59700000 37.59700000 36.62100000 37.06500000 37.13600000 37.42400000 37.41800000 37.34100000 37.32100000 37.35200000 37.37600000 37.33600000 37.42100000
37.59700000 37.59700000 37.59700000 37.59700000 37.59700000 37.59700000 37.59700000 37.59700000 37.59700000 37.59700000 37.59700000 37.59700000 37.59700000 37.59700000 37.59700000 37.59700000 37.59700000 37.59700000 37.59700000 37.59700000 36.84100000 37.23700000 37.42600000 37.41700000 37.29000000 37.34900000 37.34300000 37.37100000 37.34100000 37.33200000
37.59700000 37.59700000 37.59700000 37.59700000 37.59700000 37.59700000 37.59700000 37.59700000 37.59700000 37.59700000 37.59700000 37.59700000 37.59700000 37.59700000 37.59700000 37.59700000 37.59700000 37.59700000 37.59700000 37.59700000 36.63500000 37.34300000 37.42300000 37.37600000 37.34300000 37.40800000 37.40200000 37.35100000 37.36900000 37.32700000
37.59700000 37.59700000 37.59700000 37.59700000 37.59700000 37.59700000 37.59700000 37.59700000 37.59700000 37.59700000 37.59700000 37.59700000 37.59700000 37.59700000 37.59700000 37.59700000 37.59700000 37.59700000 37.59700000 37.59700000 36.52800000 37.34600000 37.38000000 37.30200000 37.40100000 37.37900000 37.39100000 37.42800000 37.36500000 37.34100000
37.59700000 37.59700000 37.59700000 37.59700000 37.59700000 37.59700000 37.59700000 37.59700000 37.59700000 37.59700000 37.59700000 37.59700000 37.59700000 37.59700000 37.59700000 37.59700000 37.59700000 37.59700000 37.59700000 37.59700000 36.68000000 37.21600000 37.32900000 37.34100000 37.36500000 37.38600000 37.36500000 37.36600000 37.41100000 37.38100000
37.59700000 37.59700000 37.59700000 37.59700000 37.59700000 37.59700000 37.59700000 37.59700000 37.59700000 37.59700000 37.59700000 37.59700000 37.59700000 37.59700000 37.59700000 37.59700000 37.59700000 37.59700000 37.59700000 37.59700000 37.59700000 36.71700000 37.33300000 37.37100000 37.35000000 37.35000000 37.32100000 37.31700000 37.34300000 37.33600000
37.59700000 37.59700000 37.59700000 37.59700000 37.59700000 37.59700000 37.59700000 37.59700000 37.59700000 37.59700000 37.59700000 37.59700000 37.59700000 37.59700000 37.59700000 37.59700000 37.59700000 37.59700000 37.59700000 37.59700000 37.59700000 36.65200000 37.24600000 37.31200000 37.33700000 37.33300000 37.31500000 37.30400000 37.28400000 37.31300000
37.59700000 37.59700000 37.59700000 37.59700000 37.59700000 37.59700000 37.59700000 37.59700000 37.59700000 37.59700000 37.59700000 37.59700000 37.59700000 37.59700000 37.59700000 37.59700000 37.59700000 37.59700000 37.59700000 37.59700000 37.59700000 37.59700000 37.09400000 37.25400000 37.30100000 37.30200000 37.28900000 37.26800000 37.27200000 37.26400000
37.59700000 37.59700000 37.59700000 37.59700000 37.59700000 37.59700000 37.59700000 37.59700000 37.59700000 37.59700000 37.59700000 37.59700000 37.59700000 37.59700000 37.59700000 37.59700000 37.59700000 37.59700000 37.59700000 37.59700000 37.59700000 37.59700000 36.65800000 37.10800000 37.17400000 37.17200000 37.21100000 37.20300000 37.23700000 37.29300000
37.59700000 37.59700000 37.59700000 37.59700000 37.59700000 37.59700000 37.59700000 37.59700000 37.59700000 37.59700000 37.59700000 37.59700000 37.59700000 37.59700000 37.59700000 37.59700000 37.59700000 37.59700000 37.59700000 37.59700000 37.59700000 37.59700000 37.59700000 36.87600000 37.16500000 37.17800000 37.22300000 37.24600000 37.27300000 37.28500000
