36.99900000 36.93000000 36.98900000 36.94200000 36.94200000 37.12600000 37.20800000 37.27400000 37.25700000 37.21800000 37.14900000 37.03800000 36.90000000 36.63500000 36.53300000 36.83900000 36.93200000 37.02500000 36.99300000 37.06200000 37.03600000 37.01800000 36.89600000 36.72100000 36.50700000 36.28200000 36.44100000 36.43700000 36.38800000 36.40400000
36.99100000 37.03100000 36.92500000 36.96400000 37.06600000 37.20900000 37.23400000 37.20900000 37.18500000 37.12900000 37.03200000 36.91900000 36.65800000 36.57400000 36.78800000 36.92000000 37.07900000 36.99000000 37.06400000 37.06900000 37.02200000 36.91300000 36.80600000 36.64800000 36.37500000 36.62300000 36.63200000 36.72800000 36.96700000 36.94700000
36.90000000 37.02600000 36.89400000 36.93400000 36.95500000 37.16400000 37.16600000 37.12000000 37.05600000 36.99700000 36.79500000 36.43900000 36.55000000 36.83200000 36.81500000 36.97400000 37.07800000 36.96000000 37.03600000 37.00800000 36.94200000 36.86800000 36.64500000 36.74800000 37.09800000 37.03900000 37.04600000 36.97200000 36.90100000 36.86900000
36.60500000 37.03400000 36.87100000 36.91700000 36.90900000 36.98600000 37.01300000 36.72700000 36.49200000 36.66600000 36.83300000 36.90400000 36.89200000 36.87700000 36.87600000 37.02600000 37.04800000 36.91400000 36.96000000 36.89000000 36.78300000 36.93100000 37.21900000 37.24700000 37.22100000 37.02600000 37.04300000 37.02500000 37.00100000 36.94200000
36.52100000 36.12800000 36.99200000 36.84000000 36.92000000 36.96400000 36.69500000 36.63200000 36.75000000 36.94600000 36.89500000 36.89300000 36.92100000 36.93400000 36.96200000 37.03300000 37.01700000 36.82200000 36.79000000 36.87800000 37.20200000 37.22300000 37.21300000 37.22200000 37.23900000 37.24900000 37.17400000 36.92000000 36.75400000 36.73200000
36.35100000 35.72300000 36.93200000 36.97100000 36.85700000 36.83700000 36.93300000 36.93900000 36.93600000 36.91200000 36.85300000 36.85200000 36.93500000 37.01000000 37.03800000 37.01200000 37.08100000 36.89500000 37.06300000 37.18500000 37.19400000 37.15200000 37.06100000 37.06400000 37.14400000 37.21200000 37.27600000 37.25300000 36.79100000 36.56100000
36.05200000 35.32600000 36.84700000 36.99500000 37.10200000 36.99400000 36.89600000 36.86100000 36.85000000 36.85500000 36.98700000 36.99000000 36.99400000 37.01500000 37.03700000 37.02000000 37.19300000 37.10100000 37.12800000 37.18800000 37.15000000 37.02500000 36.94600000 36.96000000 37.11300000 37.20600000 37.28100000 37.29500000 37.26600000 36.70900000
35.63600000 35.30700000 36.30600000 36.68200000 36.89200000 37.13700000 37.17900000 36.90100000 36.92400000 36.96500000 37.01600000 36.98300000 37.00300000 37.05400000 37.07000000 37.06700000 37.22500000 37.19600000 37.14000000 37.14900000 37.15100000 37.10200000 37.07700000 37.13100000 37.18300000 37.27300000 37.40300000 37.36800000 37.26000000 37.20900000
35.29800000 35.80100000 36.31100000 36.73000000 36.76500000 36.68400000 36.91500000 37.31300000 37.04200000 36.88600000 36.88400000 36.93000000 36.95500000 36.97300000 36.97400000 37.06500000 37.23200000 37.25000000 37.25800000 37.25600000 37.23500000 37.23200000 37.22600000 37.24100000 37.45500000 37.47000000 37.46600000 37.39700000 37.27700000 37.26300000
35.28500000 35.21200000 35.88300000 36.37100000 36.39700000 36.59600000 36.42500000 36.77100000 37.30200000 37.38800000 37.36200000 37.11500000 36.94000000 36.96400000 36.95500000 36.98500000 37.07200000 37.06000000 37.02100000 37.43600000 37.37900000 37.40400000 37.40800000 37.40300000 37.37300000 37.39400000 37.45200000 37.32300000 37.25400000 37.25500000
34.60900000 34.74700000 34.84400000 34.98200000 36.14400000 36.10700000 36.42000000 36.13500000 36.58200000 37.20700000 37.33200000 37.39300000 37.43200000 37.12100000 36.95400000 36.99400000 36.95300000 37.37300000 37.34100000 37.36400000 37.28600000 37.31600000 37.36900000 37.40600000 37.41400000 37.42400000 37.32600000 37.26300000 37.32400000 37.22400000
37.59700000 37.59700000 37.59700000 35.06600000 35.35000000 35.76100000 36.04100000 35.96100000 35.70900000 36.36100000 37.08100000 37.19500000 37.19000000 37.27800000 37.28600000 37.23600000 37.23400000 36.98400000 37.32400000 37.35100000 37.26100000 37.35800000 37.32300000 37.26700000 37.30000000 37.31200000 37.34000000 37.26900000 37.34700000 37.20500000
37.59700000 37.59700000 37.59700000 37.59700000 35.21600000 35.29500000 35.56300000 35.53200000 35.65800000 35.63500000 36.53800000 37.11500000 37.08500000 36.64700000 36.57800000 36.89900000 36.78700000 36.53400000 37.26900000 37.35800000 37.21700000 37.26500000 37.24200000 37.21900000 37.26900000 37.35700000 37.34700000 37.33500000 37.39300000 37.20500000
37.59700000 37.59700000 37.59700000 37.59700000 37.59700000 37.59700000 35.28600000 35.34300000 35.42100000 35.50700000 35.79200000 36.34800000 36.45700000 36.39900000 36.15300000 36.21900000 36.76500000 36.37600000 37.19700000 37.34700000 37.30600000 37.17900000 37.20000000 37.19000000 37.27100000 37.36600000 37.45600000 37.36600000 37.32700000 37.23700000
37.59700000 37.59700000 37.59700000 37.59700000 37.59700000 37.59700000 37.59700000 37.59700000 37.59700000 37.59700000 37.59700000 37.59700000 35.67300000 35.80100000 36.09000000 36.15000000 36.58600000 36.19000000 37.04800000 37.27600000 37.35000000 37.36800000 37.31700000 37.26300000 37.29700000 37.36700000 37.41000000 37.49000000 37.36200000 37.33000000
37.59700000 37.59700000 37.59700000 37.59700000 37.59700000 37.59700000 37.59700000 37.59700000 37.59700000 37.59700000 37.59700000 37.59700000 37.59700000 37.59700000 37.59700000 35.99900000 36.26100000 36.11900000 36.59300000 36.96500000 37.30400000 37.36800000 37.39500000 37.40000000 37.34100000 37.35200000 37.38500000 37.48100000 37.51700000 37.47700000
37.59700000 37.59700000 37.59700000 37.59700000 37.59700000 37.59700000 37.59700000 37.59700000 37.59700000 37.59700000 37.59700000 37.59700000 37.59700000 37.59700000 37.59700000 37.59700000 36.00700000 36.04900000 36.63600000 36.95700000 36.92300000 37.34800000 37.41300000 37.41500000 37.37900000 37.32100000 37.36500000 37.37700000 37.43500000 37.55200000
37.59700000 37.59700000 37.59700000 37.59700000 37.59700000 37.59700000 37.59700000 37.59700000 37.59700000 37.59700000 37.59700000 37.59700000 37.59700000 37.59700000 37.59700000 37.59700000 37.59700000 37.59700000 35.95300000 36.67400000 37.06300000 37.12800000 37.42600000 37.42000000 37.33800000 37.32300000 37.35400000 37.37700000 37.33900000 37.42100000
37.59700000 37.59700000 37.59700000 37.59700000 37.59700000 37.59700000 37.59700000 37.59700000 37.59700000 37.59700000 37.59700000 37.59700000 37.59700000 37.59700000 37.59700000 37.59700000 37.59700000 37.59700000 37.59700000 36.58900000 36.82100000 37.23800000 37.42800000 37.41800000 37.29200000 37.35100000 37.34500000 37.37200000 37.34100000 37.33300000
37.59700000 37.59700000 37.59700000 37.59700000 37.59700000 37.59700000 37.59700000 37.59700000 37.59700000 37.59700000 37.59700000 37.59700000 37.59700000 37.59700000 37.59700000 37.59700000 37.59700000 37.59700000 37.59700000 36.75100000 36.77500000 37.34400000 37.42400000 37.37700000 37.34700000 37.40800000 37.40200000 37.35400000 37.37000000 37.32800000
37.59700000 37.59700000 37.59700000 37.59700000 37.59700000 37.59700000 37.59700000 37.59700000 37.59700000 37.59700000 37.59700000 37.59700000 37.59700000 37.59700000 37.59700000 37.59700000 37.59700000 37.59700000 37.59700000 36.78300000 36.76700000 37.34700000 37.37900000 37.30200000 37.40300000 37.38000000 37.39200000 37.42900000 37.36600000 37.34100000
37.59700000 37.59700000 37.59700000 37.59700000 37.59700000 37.59700000 37.59700000 37.59700000 37.59700000 37.59700000 37.59700000 37.59700000 37.59700000 37.59700000 37.59700000 37.59700000 37.59700000 37.59700000 37.59700000 36.38200000 36.67900000 37.21700000 37.33300000 37.34400000 37.36700000 37.38700000 37.36600000 37.36500000 37.41400000 37.38100000
37.59700000 37.59700000 37.59700000 37.59700000 37.59700000 37.59700000 37.59700000 37.59700000 37.59700000 37.59700000 37.59700000 37.59700000 37.59700000 37.59700000 37.59700000 37.59700000 37.59700000 37.59700000 37.59700000 37.59700000 36.67400000 36.81200000 37.33200000 37.37100000 37.35200000 37.35000000 37.32200000 37.31600000 37.33900000 37.33900000
37.59700000 37.59700000 37.59700000 37.59700000 37.59700000 37.59700000 37.59700000 37.59700000 37.59700000 37.59700000 37.59700000 37.59700000 37.59700000 37.59700000 37.59700000 37.59700000 37.59700000 37.59700000 37.59700000 37.59700000 37.59700000 36.70200000 37.24100000 37.31300000 37.33700000 37.33300000 37.31600000 37.30300000 37.28400000 37.31400000
37.59700000 37.59700000 37.59700000 37.59700000 37.59700000 37.59700000 37.59700000 37.59700000 37.59700000 37.59700000 37.59700000 37.59700000 37.59700000 37.59700000 37.59700000 37.59700000 37.59700000 37.59700000 37.59700000 37.59700000 37.59700000 36.47100000 37.09600000 37.25500000 37.30300000 37.30300000 37.29000000 37.26900000 37.27200000 37.26400000
37.59700000 37.59700000 37.59700000 37.59700000 37.59700000 37.59700000 37.59700000 37.59700000 37.59700000 37.59700000 37.59700000 37.59700000 37.59700000 37.59700000 37.59700000 37.59700000 37.59700000 37.59700000 37.59700000 37.59700000 37.59700000 37.59700000 36.68200000 37.11200000 37.17200000 37.16800000 37.21000000 37.20400000 37.24400000 37.29300000
37.59700000 37.59700000 37.59700000 37.59700000 37.59700000 37.59700000 37.59700000 37.59700000 37.59700000 37.59700000 37.59700000 37.59700000 37.59700000 37.59700000 37.59700000 37.59700000 37.59700000 37.59700000 37.59700000 37.59700000 37.59700000 37.59700000 37.59700000 36.85900000 37.17000000 37.18500000 37.22000000 37.24900000 37.27500000 37.28700000
36.99500000 36.92900000 36.98800000 36.94100000 36.94100000 37.12500000 37.20900000 37.27300000 37.25700000 37.21900000 37.15000000 37.03800000 36.90100000 36.63500000 36.53300000 36.83900000 36.93000000 37.02500000 36.99100000 37.06100000 37.03500000 37.01900000 36.89600000 36.71900000 36.50600000 36.28200000 36.44000000 36.43600000 36.38700000 36.40400000
36.99100000 37.03000000 36.92400000 36.96300000 37.06500000 37.20800000 37.23300000 37.20900000 37.18400000 37.12900000 37.03100000 36.91800000 36.65800000 36.57300000 36.78700000 36.91900000 37.07800000 36.98900000 37.06300000 37.06800000 37.02100000 36.91300000 36.80500000 36.64700000 36.37400000 36.62200000 36.63200000 36.72800000 36.96600000 36.94700000
36.89800000 37.02500000 36.89300000 36.93300000 36.95300000 37.16300000 37.16500000 37.11900000 37.05500000 36.99600000 36.79400000 36.43800000 36.54900000 36.83100000 36.81400000 36.97300000 37.07700000 36.95900000 37.03500000 37.00800000 36.94200000 36.86800000 36.64400000 36.74800000 37.09700000 37.03800000 37.04500000 36.97100000 36.90000000 36.86900000
36.60400000 37.03300000 36.87000000 36.91600000 36.90900000 36.98400000 37.01200000 36.72700000 36.49100000 36.66500000 36.83200000 36.90300000 36.89100000 36.87600000 36.87500000 37.02400000 37.04700000 36.91300000 36.95900000 36.88900000 36.78200000 36.93000000 37.21800000 37.24600000 37.22000000 37.02600000 37.04200000 37.02500000 37.00000000 36.94200000
36.52500000 36.14400000 36.99100000 36.83900000 36.91900000 36.96400000 36.69500000 36.63200000 36.75000000 36.94500000 36.89400000 36.89200000 36.91900000 36.93200000 36.96000000 37.03100000 37.01600000 36.82200000 36.78900000 36.87700000 37.20200000 37.22200000 37.21200000 37.22100000 37.23800000 37.24800000 37.17400000 36.91900000 36.75300000 36.73100000
36.35700000 35.84900000 36.93000000 36.97000000 36.85700000 36.83600000 36.93200000 36.93900000 36.93600000 36.91100000 36.85200000 36.85100000 36.93400000 37.00900000 37.03700000 37.01100000 37.08100000 36.89500000 37.06200000 37.18500000 37.19300000 37.15100000 37.06000000 37.06300000 37.14300000 37.21100000 37.27500000 37.25300000 36.79100000 36.56100000
36.05700000 35.93500000 36.84700000 36.99400000 37.10100000 36.99300000 36.89500000 36.86100000 36.84900000 36.85400000 36.98600000 36.98900000 36.99300000 37.01400000 37.03600000 37.01800000 37.19200000 37.10100000 37.12700000 37.18700000 37.15000000 37.02400000 36.94500000 36.95900000 37.11200000 37.20500000 37.28000000 37.29400000 37.26500000 36.76000000
35.88600000 35.50200000 36.34500000 36.68000000 36.89000000 37.13600000 37.17800000 36.90000000 36.92300000 36.96400000 37.01500000 36.98200000 37.00200000 37.05200000 37.06900000 37.06600000 37.22400000 37.19500000 37.13900000 37.14800000 37.15000000 37.10200000 37.07600000 37.13000000 37.18200000 37.27100000 37.40200000 37.36700000 37.25900000 37.21300000
35.82700000 35.78400000 36.36400000 36.73000000 36.76400000 36.68400000 36.91400000 37.31100000 37.04100000 36.88500000 36.88300000 36.92900000 36.95400000 36.97200000 36.97300000 37.06400000 37.23100000 37.24900000 37.25700000 37.25500000 37.23400000 37.23000000 37.22500000 37.24000000 37.45400000 37.46900000 37.46500000 37.39600000 37.27700000 37.26200000
35.69000000 35.81800000 36.27400000 36.37600000 36.39800000 36.59500000 36.43400000 36.76900000 37.30000000 37.38600000 37.36100000 37.11400000 36.93900000 36.96300000 36.95400000 36.98400000 37.07000000 37.05900000 37.02000000 37.43500000 37.37800000 37.40300000 37.40700000 37.40200000 37.37200000 37.39300000 37.45100000 37.32200000 37.25300000 37.25400000
35.40400000 37.59700000 35.51800000 35.74700000 36.22500000 36.12600000 36.43300000 36.33100000 36.58200000 37.20400000 37.33100000 37.39200000 37.43100000 37.12100000 36.95300000 36.99300000 36.95200000 37.37200000 37.34000000 37.36300000 37.28500000 37.31500000 37.36700000 37.40500000 37.41300000 37.42300000 37.32500000 37.26200000 37.32300000 37.22300000
37.59700000 37.59700000 37.59700000 37.59700000 35.72300000 36.04800000 36.40100000 36.51000000 36.11700000 36.36000000 37.07600000 37.19300000 37.18800000 37.27600000 37.28500000 37.23500000 37.23200000 36.98300000 37.32300000 37.35000000 37.26000000 37.35700000 37.32200000 37.26700000 37.29900000 37.31100000 37.33900000 37.26800000 37.34600000 37.20400000
37.59700000 37.59700000 37.59700000 37.59700000 37.59700000 35.60900000 35.84900000 35.98000000 36.25000000 35.75100000 36.54200000 37.11200000 37.08400000 36.64700000 36.57700000 36.89700000 36.78900000 36.53300000 37.26800000 37.35700000 37.21600000 37.26400000 37.24100000 37.21800000 37.26800000 37.35600000 37.34600000 37.33400000 37.39200000 37.20400000
37.59700000 37.59700000 37.59700000 37.59700000 37.59700000 37.59700000 37.59700000 35.45500000 35.68900000 35.79500000 35.87700000 36.46200000 36.50800000 36.43800000 36.15600000 36.21600000 36.76300000 36.38200000 37.19600000 37.34600000 37.30500000 37.17800000 37.19900000 37.18900000 37.27000000 37.36500000 37.45500000 37.36500000 37.32600000 37.23600000
37.59700000 37.59700000 37.59700000 37.59700000 37.59700000 37.59700000 37.59700000 37.59700000 37.59700000 37.59700000 37.59700000 37.59700000 37.59700000 37.59700000 37.59700000 36.19700000 36.60400000 36.21300000 37.04500000 37.27400000 37.34900000 37.36700000 37.31600000 37.26200000 37.29600000 37.36500000 37.40900000 37.48900000 37.36100000 37.32900000
37.59700000 37.59700000 37.59700000 37.59700000 37.59700000 37.59700000 37.59700000 37.59700000 37.59700000 37.59700000 37.59700000 37.59700000 37.59700000 37.59700000 37.59700000 37.59700000 36.30400000 36.25600000 36.59100000 36.96300000 37.30200000 37.36600000 37.39400000 37.39900000 37.34100000 37.35000000 37.38400000 37.48000000 37.51600000 37.47700000
37.59700000 37.59700000 37.59700000 37.59700000 37.59700000 37.59700000 37.59700000 37.59700000 37.59700000 37.59700000 37.59700000 37.59700000 37.59700000 37.59700000 37.59700000 37.59700000 37.59700000 36.41100000 36.60400000 36.95300000 36.92200000 37.34700000 37.41200000 37.41400000 37.37800000 37.32000000 37.36400000 37.37600000 37.43300000 37.55100000
37.59700000 37.59700000 37.59700000 37.59700000 37.59700000 37.59700000 37.59700000 37.59700000 37.59700000 37.59700000 37.59700000 37.59700000 37.59700000 37.59700000 37.59700000 37.59700000 37.59700000 37.59700000 37.59700000 36.62300000 37.06100000 37.09100000 37.42500000 37.41900000 37.33900000 37.32200000 37.35300000 37.37600000 37.33700000 37.42300000
37.59700000 37.59700000 37.59700000 37.59700000 37.59700000 37.59700000 37.59700000 37.59700000 37.59700000 37.59700000 37.59700000 37.59700000 37.59700000 37.59700000 37.59700000 37.59700000 37.59700000 37.59700000 37.59700000 37.59700000 36.85300000 37.23500000 37.42700000 37.41700000 37.29100000 37.35000000 37.34400000 37.37100000 37.34000000 37.33200000
37.59700000 37.59700000 37.59700000 37.59700000 37.59700000 37.59700000 37.59700000 37.59700000 37.59700000 37.59700000 37.59700000 37.59700000 37.59700000 37.59700000 37.59700000 37.59700000 37.59700000 37.59700000 37.59700000 37.59700000 36.65200000 37.34200000 37.42300000 37.37600000 37.34600000 37.40700000 37.40100000 37.35300000 37.36900000 37.32800000
37.59700000 37.59700000 37.59700000 37.59700000 37.59700000 37.59700000 37.59700000 37.59700000 37.59700000 37.59700000 37.59700000 37.59700000 37.59700000 37.59700000 37.59700000 37.59700000 37.59700000 37.59700000 37.59700000 37.59700000 36.53700000 37.34600000 37.37800000 37.30100000 37.40200000 37.37900000 37.39100000 37.42800000 37.36600000 37.34100000
37.59700000 37.59700000 37.59700000 37.59700000 37.59700000 37.59700000 37.59700000 37.59700000 37.59700000 37.59700000 37.59700000 37.59700000 37.59700000 37.59700000 37.59700000 37.59700000 37.59700000 37.59700000 37.59700000 37.59700000 36.71300000 37.21500000 37.33200000 37.34300000 37.36600000 37.38600000 37.36500000 37.36400000 37.41300000 37.38000000
37.59700000 37.59700000 37.59700000 37.59700000 37.59700000 37.59700000 37.59700000 37.59700000 37.59700000 37.59700000 37.59700000 37.59700000 37.59700000 37.59700000 37.59700000 37.59700000 37.59700000 37.59700000 37.59700000 37.59700000 37.59700000 36.70000000 37.33100000 37.37000000 37.35100000 37.34900000 37.32100000 37.31500000 37.33800000 37.33500000
37.59700000 37.59700000 37.59700000 37.59700000 37.59700000 37.59700000 37.59700000 37.59700000 37.59700000 37.59700000 37.59700000 37.59700000 37.59700000 37.59700000 37.59700000 37.59700000 37.59700000 37.59700000 37.59700000 37.59700000 37.59700000 36.66200000 37.23900000 37.31200000 37.33600000 37.33200000 37.31500000 37.30200000 37.28300000 37.31300000
37.59700000 37.59700000 37.59700000 37.59700000 37.59700000 37.59700000 37.59700000 37.59700000 37.59700000 37.59700000 37.59700000 37.59700000 37.59700000 37.59700000 37.59700000 37.59700000 37.59700000 37.59700000 37.59700000 37.59700000 37.59700000 37.59700000 37.09400000 37.25300000 37.30200000 37.30200000 37.28900000 37.26800000 37.27000000 37.26300000
37.59700000 37.59700000 37.59700000 37.59700000 37.59700000 37.59700000 37.59700000 37.59700000 37.59700000 37.59700000 37.59700000 37.59700000 37.59700000 37.59700000 37.59700000 37.59700000 37.59700000 37.59700000 37.59700000 37.59700000 37.59700000 37.59700000 36.66800000 37.11100000 37.17000000 37.16700000 37.20900000 37.20200000 37.23700000 37.29200000
37.59700000 37.59700000 37.59700000 37.59700000 37.59700000 37.59700000 37.59700000 37.59700000 37.59700000 37.59700000 37.59700000 37.59700000 37.59700000 37.59700000 37.59700000 37.59700000 37.59700000 37.59700000 37.59700000 37.59700000 37.59700000 37.59700000 37.59700000 36.85200000 37.17000000 37.18300000 37.21900000 37.24700000 37.27400000 37.28500000
