36.99900000 36.93000000 36.98700000 36.94100000 36.94300000 37.12900000 37.21000000 37.27400000 37.25700000 37.21800000 37.14800000 37.03600000 36.89900000 36.63400000 36.53300000 36.84000000 36.93200000 37.02500000 36.99300000 37.06200000 37.03500000 37.01800000 36.89600000 36.71800000 36.51000000 36.28000000 36.44300000 36.43700000 36.38500000 36.40400000
36.99100000 37.03400000 36.92400000 36.96600000 37.07300000 37.21000000 37.23300000 37.20900000 37.18400000 37.12900000 37.03200000 36.91800000 36.65500000 36.57700000 36.78800000 36.92100000 37.08000000 36.99000000 37.06600000 37.06900000 37.02000000 36.91300000 36.80500000 36.65100000 36.37400000 36.62200000 36.63500000 36.72500000 36.96900000 36.95200000
36.90600000 37.02400000 36.89300000 36.93500000 36.96500000 37.16400000 37.16600000 37.11900000 37.05500000 36.99700000 36.79800000 36.43900000 36.55100000 36.83300000 36.81600000 36.97400000 37.07800000 36.96000000 37.03700000 37.00900000 36.94300000 36.86800000 36.64600000 36.75000000 37.10000000 37.04000000 37.04600000 36.97300000 36.90100000 36.86900000
36.60400000 37.03200000 36.87100000 36.91800000 36.90100000 36.99800000 37.01400000 36.72900000 36.49300000 36.66800000 36.83300000 36.90400000 36.89200000 36.87700000 36.87700000 37.02700000 37.04800000 36.91600000 36.96200000 36.88900000 36.78200000 36.93400000 37.22100000 37.24700000 37.22200000 37.02700000 37.04300000 37.02600000 37.00100000 36.94200000
36.51900000 36.12200000 36.99100000 36.83900000 36.92000000 36.96400000 36.69200000 36.62900000 36.74800000 36.94600000 36.89600000 36.89300000 36.91900000 36.93300000 36.96200000 37.03300000 37.01600000 36.82300000 36.79200000 36.87700000 37.20400000 37.22300000 37.21400000 37.22100000 37.23900000 37.24900000 37.18100000 36.91900000 36.75200000 36.73000000
36.34900000 35.71900000 36.93300000 36.97400000 36.86300000 36.83600000 36.93200000 36.93900000 36.93600000 36.91200000 36.85300000 36.85200000 36.93300000 37.00900000 37.03800000 37.01100000 37.08000000 36.89200000 37.06300000 37.18700000 37.19500000 37.15300000 37.06300000 37.06400000 37.14400000 37.21100000 37.27600000 37.25300000 36.79100000 36.56100000
36.05000000 35.32900000 36.84600000 36.99400000 37.10500000 36.99900000 36.89900000 36.86300000 36.85200000 36.85600000 36.98700000 36.99000000 36.99400000 37.01500000 37.03600000 37.01900000 37.19200000 37.09900000 37.12800000 37.18800000 37.15100000 37.02400000 36.94500000 36.96200000 37.11400000 37.20700000 37.28200000 37.29700000 37.26600000 36.70900000
35.62000000 35.31600000 36.28400000 36.68000000 36.89100000 37.13500000 37.18500000 36.90300000 36.92400000 36.96600000 37.01600000 36.98300000 37.00300000 37.05400000 37.07000000 37.06700000 37.22500000 37.19600000 37.14000000 37.15100000 37.15100000 37.10300000 37.07800000 37.13300000 37.18400000 37.27400000 37.40600000 37.37000000 37.26000000 37.20600000
35.29800000 35.80000000 36.30200000 36.73000000 36.76500000 36.68100000 36.91400000 37.31400000 37.05500000 36.88800000 36.88300000 36.92900000 36.95500000 36.97400000 36.97500000 37.06700000 37.23300000 37.24900000 37.25800000 37.25600000 37.23600000 37.23300000 37.22400000 37.24500000 37.45800000 37.47000000 37.46600000 37.39800000 37.27800000 37.26300000
35.28900000 35.20900000 35.88400000 36.37300000 36.39500000 36.59200000 36.42700000 36.76100000 37.29600000 37.38700000 37.37100000 37.12700000 36.94100000 36.96500000 36.95500000 36.98500000 37.07300000 37.06200000 37.01900000 37.43500000 37.37700000 37.40300000 37.40700000 37.40200000 37.37200000 37.39400000 37.45200000 37.32300000 37.25400000 37.25500000
34.61000000 34.74500000 34.83700000 34.97600000 36.15000000 36.10700000 36.41700000 36.13000000 36.56600000 37.20000000 37.33200000 37.39400000 37.43200000 37.11500000 36.95500000 36.99600000 36.95400000 37.37400000 37.34100000 37.36500000 37.28800000 37.31600000 37.37000000 37.40500000 37.41400000 37.42300000 37.32500000 37.26300000 37.32300000 37.22400000
37.59700000 37.59700000 37.59700000 35.06500000 35.35200000 35.76500000 36.03700000 35.96600000 35.70300000 36.35600000 37.07200000 37.19100000 37.18500000 37.27700000 37.28300000 37.23400000 37.23600000 36.99600000 37.32300000 37.35100000 37.26200000 37.35800000 37.32100000 37.26800000 37.30100000 37.31200000 37.33900000 37.26900000 37.34600000 37.20400000
37.59700000 37.59700000 37.59700000 37.59700000 35.21400000 35.29800000 35.56200000 35.53000000 35.66100000 35.62300000 36.53400000 37.11100000 37.08500000 36.64300000 36.57100000 36.89600000 36.78000000 36.54500000 37.26600000 37.35900000 37.21700000 37.26600000 37.24300000 37.21900000 37.27000000 37.35800000 37.34600000 37.33700000 37.39300000 37.20500000
37.59700000 37.59700000 37.59700000 37.59700000 37.59700000 37.59700000 35.28200000 35.34000000 35.41900000 35.50400000 35.78300000 36.35000000 36.45300000 36.40500000 36.15400000 36.22000000 36.76400000 36.38100000 37.19600000 37.34700000 37.30800000 37.17900000 37.20100000 37.19000000 37.27100000 37.36700000 37.45600000 37.36500000 37.32900000 37.23600000
37.59700000 37.59700000 37.59700000 37.59700000 37.59700000 37.59700000 37.59700000 37.59700000 37.59700000 37.59700000 37.59700000 37.59700000 35.67300000 35.80100000 36.09000000 36.14900000 36.58300000 36.19100000 37.04800000 37.27400000 37.35100000 37.36900000 37.31800000 37.26300000 37.29700000 37.36700000 37.41000000 37.49000000 37.36100000 37.33100000
37.59700000 37.59700000 37.59700000 37.59700000 37.59700000 37.59700000 37.59700000 37.59700000 37.59700000 37.59700000 37.59700000 37.59700000 37.59700000 37.59700000 37.59700000 35.99900000 36.25700000 36.12000000 36.59800000 36.96200000 37.30300000 37.36900000 37.39500000 37.40100000 37.34200000 37.35200000 37.38600000 37.48100000 37.51700000 37.47600000
37.59700000 37.59700000 37.59700000 37.59700000 37.59700000 37.59700000 37.59700000 37.59700000 37.59700000 37.59700000 37.59700000 37.59700000 37.59700000 37.59700000 37.59700000 37.59700000 36.00600000 36.04900000 36.63300000 36.95500000 36.92900000 37.34600000 37.41300000 37.41500000 37.37900000 37.32100000 37.36600000 37.37700000 37.43500000 37.55100000
37.59700000 37.59700000 37.59700000 37.59700000 37.59700000 37.59700000 37.59700000 37.59700000 37.59700000 37.59700000 37.59700000 37.59700000 37.59700000 37.59700000 37.59700000 37.59700000 37.59700000 37.59700000 35.95500000 36.67200000 37.06100000 37.11500000 37.42700000 37.42000000 37.33800000 37.32400000 37.35500000 37.37800000 37.33900000 37.42300000
37.59700000 37.59700000 37.59700000 37.59700000 37.59700000 37.59700000 37.59700000 37.59700000 37.59700000 37.59700000 37.59700000 37.59700000 37.59700000 37.59700000 37.59700000 37.59700000 37.59700000 37.59700000 37.59700000 36.58000000 36.83000000 37.23700000 37.42800000 37.41800000 37.29200000 37.35200000 37.34600000 37.37200000 37.34100000 37.33300000
37.59700000 37.59700000 37.59700000 37.59700000 37.59700000 37.59700000 37.59700000 37.59700000 37.59700000 37.59700000 37.59700000 37.59700000 37.59700000 37.59700000 37.59700000 37.59700000 37.59700000 37.59700000 37.59700000 36.74900000 36.77000000 37.34300000 37.42400000 37.37700000 37.34900000 37.40800000 37.40200000 37.35500000 37.36900000 37.32900000
37.59700000 37.59700000 37.59700000 37.59700000 37.59700000 37.59700000 37.59700000 37.59700000 37.59700000 37.59700000 37.59700000 37.59700000 37.59700000 37.59700000 37.59700000 37.59700000 37.59700000 37.59700000 37.59700000 36.77300000 36.76600000 37.34700000 37.37800000 37.30100000 37.40400000 37.38100000 37.39300000 37.42900000 37.36600000 37.34100000
37.59700000 37.59700000 37.59700000 37.59700000 37.59700000 37.59700000 37.59700000 37.59700000 37.59700000 37.59700000 37.59700000 37.59700000 37.59700000 37.59700000 37.59700000 37.59700000 37.59700000 37.59700000 37.59700000 36.37900000 36.68000000 37.21900000 37.33500000 37.34500000 37.36700000 37.38700000 37.36600000 37.36500000 37.41500000 37.38000000
37.59700000 37.59700000 37.59700000 37.59700000 37.59700000 37.59700000 37.59700000 37.59700000 37.59700000 37.59700000 37.59700000 37.59700000 37.59700000 37.59700000 37.59700000 37.59700000 37.59700000 37.59700000 37.59700000 37.59700000 36.67400000 36.80900000 37.33100000 37.37100000 37.35300000 37.34900000 37.32200000 37.31600000 37.33800000 37.33800000
37.59700000 37.59700000 37.59700000 37.59700000 37.59700000 37.59700000 37.59700000 37.59700000 37.59700000 37.59700000 37.59700000 37.59700000 37.59700000 37.59700000 37.59700000 37.59700000 37.59700000 37.59700000 37.59700000 37.59700000 37.59700000 36.70400000 37.23900000 37.31300000 37.33700000 37.33300000 37.31600000 37.30200000 37.28400000 37.31400000
37.59700000 37.59700000 37.59700000 37.59700000 37.59700000 37.59700000 37.59700000 37.59700000 37.59700000 37.59700000 37.59700000 37.59700000 37.59700000 37.59700000 37.59700000 37.59700000 37.59700000 37.59700000 37.59700000 37.59700000 37.59700000 36.47500000 37.09600000 37.25400000 37.30400000 37.30400000 37.28900000 37.26900000 37.27000000 37.26300000
37.59700000 37.59700000 37.59700000 37.59700000 37.59700000 37.59700000 37.59700000 37.59700000 37.59700000 37.59700000 37.59700000 37.59700000 37.59700000 37.59700000 37.59700000 37.59700000 37.59700000 37.59700000 37.59700000 37.59700000 37.59700000 37.59700000 36.68700000 37.11300000 37.17000000 37.16700000 37.20800000 37.20400000 37.24600000 37.29300000
37.59700000 37.59700000 37.59700000 37.59700000 37.59700000 37.59700000 37.59700000 37.59700000 37.59700000 37.59700000 37.59700000 37.59700000 37.59700000 37.59700000 37.59700000 37.59700000 37.59700000 37.59700000 37.59700000 37.59700000 37.59700000 37.59700000 37.59700000 36.86200000 37.17200000 37.18700000 37.21800000 37.24800000 37.27500000 37.28600000
36.99500000 36.92900000 36.98700000 36.94100000 36.94200000 37.12800000 37.21100000 37.27300000 37.25700000 37.21900000 37.15000000 37.03700000 36.90000000 36.63300000 36.53300000 36.83900000 36.93100000 37.02500000 36.99200000 37.06100000 37.03400000 37.01900000 36.89500000 36.71600000 36.50900000 36.28000000 36.44200000 36.43600000 36.38400000 36.40500000
36.99000000 37.03300000 36.92300000 36.96500000 37.07200000 37.20900000 37.23200000 37.20800000 37.18300000 37.12800000 37.03100000 36.91700000 36.65400000 36.57600000 36.78700000 36.92000000 37.07900000 36.98900000 37.06400000 37.06800000 37.01900000 36.91200000 36.80400000 36.65000000 36.37400000 36.62100000 36.63400000 36.72400000 36.96800000 36.95200000
36.90500000 37.02300000 36.89200000 36.93500000 36.96400000 37.16300000 37.16500000 37.11800000 37.05400000 36.99600000 36.79700000 36.43800000 36.55000000 36.83300000 36.81500000 36.97300000 37.07700000 36.95900000 37.03600000 37.00800000 36.94200000 36.86700000 36.64500000 36.74900000 37.10000000 37.03900000 37.04500000 36.97200000 36.90000000 36.86800000
36.60400000 37.03100000 36.87000000 36.91700000 36.90100000 36.99700000 37.01400000 36.72900000 36.49200000 36.66700000 36.83200000 36.90300000 36.89100000 36.87600000 36.87600000 37.02500000 37.04700000 36.91500000 36.96100000 36.88800000 36.78100000 36.93300000 37.22000000 37.24600000 37.22100000 37.02600000 37.04200000 37.02500000 37.00000000 36.94100000
36.52400000 36.13200000 36.99000000 36.83900000 36.91900000 36.96400000 36.69100000 36.62900000 36.74700000 36.94500000 36.89500000 36.89200000 36.91800000 36.93200000 36.96100000 37.03100000 37.01500000 36.82200000 36.79100000 36.87600000 37.20300000 37.22300000 37.21300000 37.22000000 37.23800000 37.24800000 37.18200000 36.91800000 36.75100000 36.72900000
36.35400000 35.84300000 36.93100000 36.97200000 36.86300000 36.83500000 36.93100000 36.93900000 36.93600000 36.91100000 36.85300000 36.85100000 36.93100000 37.00800000 37.03700000 37.01000000 37.07900000 36.89100000 37.06200000 37.18600000 37.19400000 37.15200000 37.06200000 37.06300000 37.14300000 37.21000000 37.27500000 37.25300000 36.79100000 36.56000000
36.05500000 36.04000000 36.84500000 36.99300000 37.10300000 36.99800000 36.89800000 36.86200000 36.85100000 36.85500000 36.98600000 36.98900000 36.99300000 37.01400000 37.03500000 37.01700000 37.19100000 37.09800000 37.12800000 37.18700000 37.15000000 37.02300000 36.94400000 36.96100000 37.11300000 37.20600000 37.28100000 37.29600000 37.26500000 36.75700000
35.89200000 35.60200000 36.36000000 36.67800000 36.88900000 37.13400000 37.18400000 36.90200000 36.92300000 36.96500000 37.01500000 36.98200000 37.00200000 37.05300000 37.06900000 37.06500000 37.22400000 37.19500000 37.13900000 37.15000000 37.15000000 37.10200000 37.07700000 37.13200000 37.18200000 37.27300000 37.40500000 37.36900000 37.26000000 37.21300000
35.82900000 35.81500000 36.35700000 36.72900000 36.76300000 36.68000000 36.91300000 37.31300000 37.05400000 36.88700000 36.88200000 36.92800000 36.95400000 36.97300000 36.97400000 37.06500000 37.23200000 37.24800000 37.25700000 37.25600000 37.23600000 37.23200000 37.22300000 37.24300000 37.45700000 37.46900000 37.46500000 37.39700000 37.27700000 37.26200000
35.69000000 35.81200000 36.29900000 36.37600000 36.39600000 36.59100000 36.43300000 36.75900000 37.29400000 37.38500000 37.37000000 37.12600000 36.94000000 36.96400000 36.95400000 36.98400000 37.07200000 37.06100000 37.01800000 37.43400000 37.37600000 37.40200000 37.40500000 37.40100000 37.37100000 37.39300000 37.45100000 37.32200000 37.25300000 37.25400000
35.40500000 37.59700000 35.51800000 35.71500000 36.23400000 36.13200000 36.43000000 36.33600000 36.56600000 37.19700000 37.33100000 37.39300000 37.43100000 37.11400000 36.95400000 36.99500000 36.95300000 37.37200000 37.34000000 37.36400000 37.28700000 37.31500000 37.36800000 37.40400000 37.41300000 37.42200000 37.32400000 37.26200000 37.32200000 37.22300000
37.59700000 37.59700000 37.59700000 37.59700000 35.71600000 36.05000000 36.39500000 36.51800000 36.14300000 36.35500000 37.06800000 37.19000000 37.18300000 37.27500000 37.28200000 37.23300000 37.23400000 36.99500000 37.32200000 37.35000000 37.26100000 37.35600000 37.32000000 37.26700000 37.30000000 37.31100000 37.33800000 37.26800000 37.34500000 37.20400000
37.59700000 37.59700000 37.59700000 37.59700000 37.59700000 35.60300000 35.84600000 35.97600000 36.25700000 35.76000000 36.54000000 37.10800000 37.08400000 36.64300000 36.57000000 36.89500000 36.78100000 36.54400000 37.26500000 37.35800000 37.21600000 37.26500000 37.24200000 37.21800000 37.26900000 37.35700000 37.34500000 37.33600000 37.39200000 37.20400000
37.59700000 37.59700000 37.59700000 37.59700000 37.59700000 37.59700000 37.59700000 35.44900000 35.68900000 35.79100000 35.86700000 36.46200000 36.50500000 36.44100000 36.15600000 36.21800000 36.76200000 36.38500000 37.19500000 37.34500000 37.30700000 37.17800000 37.20000000 37.18900000 37.27000000 37.36600000 37.45500000 37.36500000 37.32800000 37.23500000
37.59700000 37.59700000 37.59700000 37.59700000 37.59700000 37.59700000 37.59700000 37.59700000 37.59700000 37.59700000 37.59700000 37.59700000 37.59700000 37.59700000 37.59700000 36.19200000 36.60100000 36.23000000 37.04400000 37.27300000 37.34900000 37.36700000 37.31700000 37.26200000 37.29600000 37.36500000 37.40800000 37.48900000 37.36000000 37.33100000
37.59700000 37.59700000 37.59700000 37.59700000 37.59700000 37.59700000 37.59700000 37.59700000 37.59700000 37.59700000 37.59700000 37.59700000 37.59700000 37.59700000 37.59700000 37.59700000 36.29300000 36.27000000 36.59600000 36.95900000 37.30100000 37.36800000 37.39400000 37.40000000 37.34100000 37.35000000 37.38400000 37.48000000 37.51600000 37.47600000
37.59700000 37.59700000 37.59700000 37.59700000 37.59700000 37.59700000 37.59700000 37.59700000 37.59700000 37.59700000 37.59700000 37.59700000 37.59700000 37.59700000 37.59700000 37.59700000 37.59700000 36.41000000 36.60600000 36.95100000 36.92000000 37.34500000 37.41200000 37.41400000 37.37800000 37.32000000 37.36500000 37.37600000 37.43300000 37.55100000
37.59700000 37.59700000 37.59700000 37.59700000 37.59700000 37.59700000 37.59700000 37.59700000 37.59700000 37.59700000 37.59700000 37.59700000 37.59700000 37.59700000 37.59700000 37.59700000 37.59700000 37.59700000 37.59700000 36.62800000 37.05900000 37.07700000 37.42600000 37.41900000 37.33800000 37.32300000 37.35300000 37.37700000 37.33800000 37.42400000
37.59700000 37.59700000 37.59700000 37.59700000 37.59700000 37.59700000 37.59700000 37.59700000 37.59700000 37.59700000 37.59700000 37.59700000 37.59700000 37.59700000 37.59700000 37.59700000 37.59700000 37.59700000 37.59700000 37.59700000 36.86000000 37.23500000 37.42600000 37.41700000 37.29100000 37.35200000 37.34500000 37.37100000 37.34000000 37.33300000
37.59700000 37.59700000 37.59700000 37.59700000 37.59700000 37.59700000 37.59700000 37.59700000 37.59700000 37.59700000 37.59700000 37.59700000 37.59700000 37.59700000 37.59700000 37.59700000 37.59700000 37.59700000 37.59700000 37.59700000 36.65700000 37.34100000 37.42300000 37.37600000 37.34800000 37.40700000 37.40100000 37.35400000 37.36700000 37.32800000
37.59700000 37.59700000 37.59700000 37.59700000 37.59700000 37.59700000 37.59700000 37.59700000 37.59700000 37.59700000 37.59700000 37.59700000 37.59700000 37.59700000 37.59700000 37.59700000 37.59700000 37.59700000 37.59700000 37.59700000 36.54200000 37.34600000 37.37700000 37.30000000 37.40300000 37.38000000 37.39200000 37.42800000 37.36600000 37.34000000
37.59700000 37.59700000 37.59700000 37.59700000 37.59700000 37.59700000 37.59700000 37.59700000 37.59700000 37.59700000 37.59700000 37.59700000 37.59700000 37.59700000 37.59700000 37.59700000 37.59700000 37.59700000 37.59700000 37.59700000 36.72400000 37.21600000 37.33400000 37.34400000 37.36600000 37.38600000 37.36500000 37.36300000 37.41400000 37.37900000
37.59700000 37.59700000 37.59700000 37.59700000 37.59700000 37.59700000 37.59700000 37.59700000 37.59700000 37.59700000 37.59700000 37.59700000 37.59700000 37.59700000 37.59700000 37.59700000 37.59700000 37.59700000 37.59700000 37.59700000 37.59700000 36.69500000 37.33000000 37.36900000 37.35200000 37.34800000 37.32100000 37.31400000 37.33700000 37.33500000
37.59700000 37.59700000 37.59700000 37.59700000 37.59700000 37.59700000 37.59700000 37.59700000 37.59700000 37.59700000 37.59700000 37.59700000 37.59700000 37.59700000 37.59700000 37.59700000 37.59700000 37.59700000 37.59700000 37.59700000 37.59700000 36.66700000 37.23600000 37.31200000 37.33500000 37.33200000 37.31400000 37.30100000 37.28200000 37.31200000
37.59700000 37.59700000 37.59700000 37.59700000 37.59700000 37.59700000 37.59700000 37.59700000 37.59700000 37.59700000 37.59700000 37.59700000 37.59700000 37.59700000 37.59700000 37.59700000 37.59700000 37.59700000 37.59700000 37.59700000 37.59700000 37.59700000 37.09400000 37.25300000 37.30300000 37.30300000 37.28800000 37.26800000 37.26900000 37.26200000
37.59700000 37.59700000 37.59700000 37.59700000 37.59700000 37.59700000 37.59700000 37.59700000 37.59700000 37.59700000 37.59700000 37.59700000 37.59700000 37.59700000 37.59700000 37.59700000 37.59700000 37.59700000 37.59700000 37.59700000 37.59700000 37.59700000 36.67600000 37.11300000 37.16900000 37.16600000 37.20700000 37.20200000 37.24000000 37.29100000
37.59700000 37.59700000 37.59700000 37.59700000 37.59700000 37.59700000 37.59700000 37.59700000 37.59700000 37.59700000 37.59700000 37.59700000 37.59700000 37.59700000 37.59700000 37.59700000 37.59700000 37.59700000 37.59700000 37.59700000 37.59700000 37.59700000 37.59700000 36.85700000 37.17100000 37.18600000 37.21700000 37.24600000 37.27400000 37.28500000
