25.48500000 25.30200000 25.56700000 25.41600000 24.81700000 25.20500000 25.51000000 25.53800000 25.49300000 25.36400000 25.34100000 25.29800000 25.17400000 24.34300000 24.16600000 25.28900000 25.53300000 25.58100000 25.35900000 25.32100000 25.35300000 25.24900000 25.14100000 24.80400000 24.15300000 23.80700000 24.13700000 24.35100000 24.31200000 24.65200000
25.29100000 25.28800000 25.37000000 24.98400000 24.98800000 25.40000000 25.39900000 25.35900000 25.34800000 25.28400000 25.22100000 25.09400000 24.21600000 24.19000000 24.66600000 25.27200000 25.59200000 25.25400000 25.29300000 25.28900000 25.21000000 25.05600000 24.85300000 24.38300000 23.67100000 24.35200000 24.49600000 24.73000000 25.17000000 25.04600000
25.00100000 25.29500000 25.38400000 25.11300000 24.75600000 25.29200000 25.29600000 25.19700000 25.11400000 25.04200000 24.53300000 23.85800000 24.11800000 24.67400000 24.70100000 25.51200000 25.43600000 25.21700000 25.23300000 25.16400000 25.07700000 24.97700000 24.31400000 24.70800000 25.57600000 25.46100000 25.40600000 25.12100000 24.93200000 24.97900000
24.65000000 25.17200000 25.30700000 25.47600000 24.60800000 24.88200000 24.94000000 24.34200000 24.00000000 24.23500000 24.55000000 24.78400000 24.86000000 24.86600000 25.06200000 25.59400000 25.43300000 25.11700000 25.11500000 24.88600000 24.69400000 25.14700000 25.78600000 25.81500000 25.82000000 25.41800000 25.34500000 25.27100000 25.22300000 25.30400000
24.30500000 24.08000000 25.10800000 25.34500000 25.46900000 24.95300000 24.22300000 24.14400000 24.29900000 24.83700000 24.89600000 25.09000000 25.35200000 25.47100000 25.59300000 25.62200000 25.38700000 24.94700000 24.85800000 25.04000000 25.77400000 25.61300000 25.63000000 25.66300000 25.75600000 25.74900000 25.73800000 25.22200000 25.06200000 25.20900000
23.93700000 23.77400000 24.82800000 25.36300000 25.39800000 25.40300000 25.53900000 25.49700000 25.50800000 25.52900000 25.46200000 25.47900000 25.63700000 25.76100000 25.83600000 25.64500000 25.49600000 25.01800000 25.37100000 25.69300000 25.54800000 25.46300000 25.17400000 25.16500000 25.35800000 25.71400000 25.97500000 25.88300000 25.13200000 25.08900000
23.89200000 23.61400000 24.61700000 25.03400000 25.50600000 25.56300000 25.52100000 25.50200000 25.49500000 25.49300000 25.69000000 25.66000000 25.64800000 25.73100000 25.80700000 25.66600000 25.66900000 25.42800000 25.53600000 25.55600000 25.43000000 25.12200000 24.83800000 24.93800000 25.27000000 25.74400000 26.18500000 26.06100000 25.95500000 25.24000000
23.74200000 23.67100000 24.34600000 24.39700000 24.86700000 25.51400000 25.93300000 25.58400000 25.64300000 25.74300000 25.83500000 25.76900000 25.74900000 25.81600000 25.86000000 25.68800000 25.75300000 25.71800000 25.57600000 25.52600000 25.42300000 25.31600000 25.26000000 25.35600000 25.65500000 26.25000000 26.64100000 26.38400000 25.82600000 25.94400000
23.45000000 23.76000000 24.02800000 24.43300000 24.46900000 24.54200000 24.92000000 26.14700000 25.84900000 25.60300000 25.59500000 25.66600000 25.73600000 25.73700000 25.72300000 25.69100000 25.82300000 25.86400000 25.91000000 25.92000000 25.88100000 25.88700000 25.97500000 26.27000000 26.83000000 26.78400000 26.64200000 26.44600000 25.86500000 26.08000000
23.23100000 22.88900000 23.60800000 24.07400000 23.96100000 24.15100000 24.03900000 24.58200000 25.97500000 26.37100000 26.41900000 25.99400000 25.61600000 25.63300000 25.70900000 25.71900000 25.69000000 25.75900000 25.81600000 26.68700000 26.40200000 26.42500000 26.46000000 26.44100000 26.25500000 26.30800000 26.57200000 26.15400000 25.92600000 26.10200000
24.20000000 23.79200000 23.64800000 23.40300000 23.70700000 23.49900000 23.85600000 23.98200000 24.30400000 25.58900000 26.24400000 26.53100000 26.68000000 25.98900000 25.61800000 25.63400000 25.59400000 26.44900000 26.51800000 26.66100000 26.12900000 26.12500000 26.29200000 26.45300000 26.50000000 26.52700000 26.18800000 25.90600000 26.23400000 26.19100000
27.83300000 27.83300000 27.83300000 24.06200000 23.53300000 23.32500000 23.44900000 23.42900000 23.41100000 24.03700000 25.11100000 25.62500000 25.61600000 25.98800000 26.08700000 26.02300000 26.03000000 25.55100000 26.44100000 26.62700000 26.03700000 26.31600000 26.27500000 26.27400000 26.42700000 26.25900000 26.32300000 26.09000000 26.32000000 26.26100000
27.83300000 27.83300000 27.83300000 27.83300000 23.72300000 23.63800000 23.41200000 23.31500000 23.30900000 23.30900000 24.12900000 25.14800000 25.17600000 24.31500000 24.22400000 24.73200000 24.68800000 24.89700000 26.28300000 26.68200000 25.90600000 26.13000000 26.11100000 26.32400000 26.39900000 26.69300000 26.46500000 26.32000000 26.46400000 26.30300000
27.83300000 27.83300000 27.83300000 27.83300000 27.83300000 27.83300000 24.49100000 24.09300000 23.54500000 23.30900000 23.41500000 23.73800000 23.95200000 23.79600000 23.07800000 23.47000000 24.38700000 24.71400000 26.06800000 26.72200000 26.46300000 25.99200000 26.15800000 26.15500000 26.26800000 26.76200000 26.89700000 26.51000000 26.27200000 26.25200000
27.83300000 27.83300000 27.83300000 27.83300000 27.83300000 27.83300000 27.83300000 27.83300000 27.83300000 27.83300000 27.83300000 27.83300000 23.41000000 23.19000000 23.09200000 23.40000000 24.03300000 24.58800000 25.55300000 26.46300000 26.78600000 26.77800000 26.54000000 26.33900000 26.30900000 26.85900000 26.88200000 26.97000000 26.48400000 26.31800000
27.83300000 27.83300000 27.83300000 27.83300000 27.83300000 27.83300000 27.83300000 27.83300000 27.83300000 27.83300000 27.83300000 27.83300000 27.83300000 27.83300000 27.83300000 23.52800000 23.91600000 24.75500000 25.03400000 25.12100000 26.71100000 26.74400000 26.78500000 26.87000000 26.47800000 26.94500000 26.92300000 26.93000000 26.99500000 26.84800000
27.83300000 27.83300000 27.83300000 27.83300000 27.83300000 27.83300000 27.83300000 27.83300000 27.83300000 27.83300000 27.83300000 27.83300000 27.83300000 27.83300000 27.83300000 27.83300000 23.86200000 24.19100000 25.10800000 25.35600000 24.75200000 26.84000000 26.78800000 26.90300000 26.62800000 27.01900000 27.03200000 26.89700000 26.94200000 27.05500000
27.83300000 27.83300000 27.83300000 27.83300000 27.83300000 27.83300000 27.83300000 27.83300000 27.83300000 27.83300000 27.83300000 27.83300000 27.83300000 27.83300000 27.83300000 27.83300000 27.83300000 27.83300000 23.86200000 25.05100000 25.54800000 26.33800000 26.77500000 26.88900000 26.78900000 27.06500000 27.12200000 27.07100000 26.96100000 27.02200000
27.83300000 27.83300000 27.83300000 27.83300000 27.83300000 27.83300000 27.83300000 27.83300000 27.83300000 27.83300000 27.83300000 27.83300000 27.83300000 27.83300000 27.83300000 27.83300000 27.83300000 27.83300000 27.83300000 25.34200000 24.23500000 26.67000000 26.74600000 26.71400000 26.93800000 27.07700000 27.03800000 27.09100000 27.03200000 27.08400000
27.83300000 27.83300000 27.83300000 27.83300000 27.83300000 27.83300000 27.83300000 27.83300000 27.83300000 27.83300000 27.83300000 27.83300000 27.83300000 27.83300000 27.83300000 27.83300000 27.83300000 27.83300000 27.83300000 25.67400000 24.81200000 26.90300000 26.71200000 26.74500000 27.08100000 27.19800000 27.19100000 27.03600000 27.10700000 27.17800000
27.83300000 27.83300000 27.83300000 27.83300000 27.83300000 27.83300000 27.83300000 27.83300000 27.83300000 27.83300000 27.83300000 27.83300000 27.83300000 27.83300000 27.83300000 27.83300000 27.83300000 27.83300000 27.83300000 25.64300000 25.22700000 26.94300000 26.75500000 26.86300000 27.20800000 27.00800000 27.04300000 27.22200000 27.13100000 27.16500000
27.83300000 27.83300000 27.83300000 27.83300000 27.83300000 27.83300000 27.83300000 27.83300000 27.83300000 27.83300000 27.83300000 27.83300000 27.83300000 27.83300000 27.83300000 27.83300000 27.83300000 27.83300000 27.83300000 25.19600000 24.33800000 26.63500000 26.98200000 27.06400000 27.10800000 26.96700000 27.11200000 27.18600000 27.23400000 27.28100000
27.83300000 27.83300000 27.83300000 27.83300000 27.83300000 27.83300000 27.83300000 27.83300000 27.83300000 27.83300000 27.83300000 27.83300000 27.83300000 27.83300000 27.83300000 27.83300000 27.83300000 27.83300000 27.83300000 27.83300000 25.59400000 25.72600000 26.94900000 27.08400000 26.98000000 27.06200000 27.06000000 27.08900000 27.19100000 27.12900000
27.83300000 27.83300000 27.83300000 27.83300000 27.83300000 27.83300000 27.83300000 27.83300000 27.83300000 27.83300000 27.83300000 27.83300000 27.83300000 27.83300000 27.83300000 27.83300000 27.83300000 27.83300000 27.83300000 27.83300000 27.83300000 25.43900000 26.72100000 26.94200000 26.95300000 27.02100000 27.00600000 26.84000000 26.95600000 27.27500000
27.83300000 27.83300000 27.83300000 27.83300000 27.83300000 27.83300000 27.83300000 27.83300000 27.83300000 27.83300000 27.83300000 27.83300000 27.83300000 27.83300000 27.83300000 27.83300000 27.83300000 27.83300000 27.83300000 27.83300000 27.83300000 25.45700000 26.41400000 26.79800000 26.91200000 26.88300000 26.84900000 26.77900000 26.75600000 26.89300000
27.83300000 27.83300000 27.83300000 27.83300000 27.83300000 27.83300000 27.83300000 27.83300000 27.83300000 27.83300000 27.83300000 27.83300000 27.83300000 27.83300000 27.83300000 27.83300000 27.83300000 27.83300000 27.83300000 27.83300000 27.83300000 27.83300000 26.09900000 26.55100000 26.56100000 26.55800000 26.67400000 26.72700000 26.81700000 27.27100000
27.83300000 27.83300000 27.83300000 27.83300000 27.83300000 27.83300000 27.83300000 27.83300000 27.83300000 27.83300000 27.83300000 27.83300000 27.83300000 27.83300000 27.83300000 27.83300000 27.83300000 27.83300000 27.83300000 27.83300000 27.83300000 27.83300000 27.83300000 26.42000000 26.73300000 26.75000000 26.87300000 26.91700000 27.22600000 27.32100000
25.56400000 25.35900000 25.59200000 25.44200000 24.84600000 25.23700000 25.53000000 25.55800000 25.51200000 25.40200000 25.36000000 25.31400000 25.21100000 24.36300000 24.18200000 25.29800000 25.55200000 25.60800000 25.40300000 25.33700000 25.36300000 25.26800000 25.15800000 24.82000000 24.17500000 23.81400000 24.14800000 24.36900000 24.33100000 24.66700000
25.31100000 25.29800000 25.38700000 25.01100000 25.00300000 25.41900000 25.41800000 25.37800000 25.36700000 25.30200000 25.23800000 25.11600000 24.23100000 24.20800000 24.68500000 25.29100000 25.61400000 25.27600000 25.31600000 25.31200000 25.23000000 25.07500000 24.87100000 24.40100000 23.68800000 24.36700000 24.51400000 24.74700000 25.18900000 25.06000000
25.01400000 25.31400000 25.40200000 25.12800000 24.77100000 25.31200000 25.31600000 25.21700000 25.13400000 25.06100000 24.55300000 23.87500000 24.13500000 24.69200000 24.71600000 25.53300000 25.45800000 25.23800000 25.25500000 25.18500000 25.09500000 24.99500000 24.33100000 24.72600000 25.59600000 25.48000000 25.42700000 25.14200000 24.95000000 24.99900000
24.68900000 25.19100000 25.32300000 25.49500000 24.62900000 24.89900000 24.95900000 24.35800000 24.01700000 24.25200000 24.56700000 24.80200000 24.87700000 24.88600000 25.07800000 25.61800000 25.45700000 25.13700000 25.13500000 24.90400000 24.71200000 25.16500000 25.80700000 25.83300000 25.83900000 25.43700000 25.36300000 25.29300000 25.24400000 25.32300000
24.38600000 24.12300000 25.12600000 25.36000000 25.48800000 24.95800000 24.24000000 24.16100000 24.31700000 24.85500000 24.91400000 25.10900000 25.36700000 25.49100000 25.61400000 25.64900000 25.41000000 24.96700000 24.87700000 25.05900000 25.79400000 25.63500000 25.64800000 25.68100000 25.77300000 25.76800000 25.75600000 25.24000000 25.07900000 25.22800000
23.96700000 23.90600000 24.85000000 25.38500000 25.41900000 25.42100000 25.55900000 25.51100000 25.52300000 25.54800000 25.48100000 25.49800000 25.65800000 25.78100000 25.85700000 25.67100000 25.51700000 25.03800000 25.39100000 25.71200000 25.56700000 25.48200000 25.19200000 25.18200000 25.37500000 25.73200000 25.99700000 25.90000000 25.14800000 25.10600000
23.93200000 24.22800000 24.63900000 25.05600000 25.52500000 25.57800000 25.54000000 25.52100000 25.51300000 25.51100000 25.70900000 25.68000000 25.66800000 25.75200000 25.82800000 25.69300000 25.69000000 25.44800000 25.55500000 25.57600000 25.45000000 25.13900000 24.85700000 24.95700000 25.29000000 25.76400000 26.20700000 26.08600000 25.97700000 25.32000000
23.37900000 23.57900000 24.53600000 24.41800000 24.88700000 25.52900000 25.94900000 25.60100000 25.66100000 25.76100000 25.85200000 25.79000000 25.77000000 25.83700000 25.88200000 25.71400000 25.77600000 25.73900000 25.59600000 25.54600000 25.44300000 25.33700000 25.28200000 25.37700000 25.67500000 26.27100000 26.66300000 26.40600000 25.84300000 25.98700000
21.46400000 23.05100000 24.15600000 24.45700000 24.48900000 24.56200000 24.93600000 26.16400000 25.86700000 25.62100000 25.61200000 25.68500000 25.75500000 25.75800000 25.74600000 25.71600000 25.84600000 25.88500000 25.93200000 25.94200000 25.90500000 25.91100000 25.99800000 26.29300000 26.85200000 26.80500000 26.66200000 26.46700000 25.88600000 26.09800000
20.39000000 20.40000000 23.40200000 24.10300000 23.98200000 24.16900000 24.06600000 24.59900000 25.99300000 26.38600000 26.44100000 26.01700000 25.63500000 25.65100000 25.73000000 25.74100000 25.71300000 25.78000000 25.83800000 26.70800000 26.42100000 26.44700000 26.48300000 26.46100000 26.27400000 26.32700000 26.59200000 26.17400000 25.94200000 26.12100000
22.38100000 27.83300000 21.78400000 21.97500000 23.68100000 23.50400000 23.89600000 24.28100000 24.32700000 25.60300000 26.26000000 26.54700000 26.70100000 26.00400000 25.63900000 25.65400000 25.61500000 26.46700000 26.54100000 26.68700000 26.15600000 26.14700000 26.31400000 26.47500000 26.52300000 26.54900000 26.20900000 25.92600000 26.25500000 26.20800000
27.83300000 27.83300000 27.83300000 27.83300000 21.99900000 21.40900000 22.98400000 23.08200000 23.35000000 24.05700000 25.12300000 25.64800000 25.63400000 26.00300000 26.10300000 26.04100000 26.05300000 25.57400000 26.46200000 26.65100000 26.05900000 26.33600000 26.29300000 26.29500000 26.45200000 26.27900000 26.34800000 26.10900000 26.34100000 26.28000000
27.83300000 27.83300000 27.83300000 27.83300000 27.83300000 21.47100000 21.08000000 20.51700000 21.54500000 22.19400000 24.14600000 25.16700000 25.20000000 24.33500000 24.24400000 24.75400000 24.71400000 24.91400000 26.30100000 26.70700000 25.92600000 26.15100000 26.13100000 26.34500000 26.41900000 26.71600000 26.49100000 26.33800000 26.48400000 26.32100000
27.83300000 27.83300000 27.83300000 27.83300000 27.83300000 27.83300000 27.83300000 23.80500000 20.98600000 20.84000000 21.42300000 23.71100000 24.00200000 23.87900000 23.08500000 23.47200000 24.40200000 24.71300000 26.08700000 26.74300000 26.49300000 26.01300000 26.17900000 26.17700000 26.28800000 26.78400000 26.91900000 26.53400000 26.29000000 26.27000000
27.83300000 27.83300000 27.83300000 27.83300000 27.83300000 27.83300000 27.83300000 27.83300000 27.83300000 27.83300000 27.83300000 27.83300000 27.83300000 27.83300000 27.83300000 21.72600000 24.06600000 24.39900000 25.57900000 26.47600000 26.80900000 26.80000000 26.56600000 26.36100000 26.32900000 26.88200000 26.90400000 26.99200000 26.50800000 26.33500000
27.83300000 27.83300000 27.83300000 27.83300000 27.83300000 27.83300000 27.83300000 27.83300000 27.83300000 27.83300000 27.83300000 27.83300000 27.83300000 27.83300000 27.83300000 27.83300000 23.64300000 23.98300000 25.06100000 25.13500000 26.72400000 26.76700000 26.80500000 26.89000000 26.49600000 26.96800000 26.94600000 26.95100000 27.01400000 26.87700000
27.83300000 27.83300000 27.83300000 27.83300000 27.83300000 27.83300000 27.83300000 27.83300000 27.83300000 27.83300000 27.83300000 27.83300000 27.83300000 27.83300000 27.83300000 27.83300000 27.83300000 21.59900000 24.75600000 25.37700000 24.72100000 26.85900000 26.80600000 26.92400000 26.64600000 27.04200000 27.05600000 26.91900000 26.96300000 27.07600000
27.83300000 27.83300000 27.83300000 27.83300000 27.83300000 27.83300000 27.83300000 27.83300000 27.83300000 27.83300000 27.83300000 27.83300000 27.83300000 27.83300000 27.83300000 27.83300000 27.83300000 27.83300000 27.83300000 24.91200000 25.57400000 26.27800000 26.79700000 26.90800000 26.80500000 27.08600000 27.14500000 27.09200000 26.98100000 27.05000000
27.83300000 27.83300000 27.83300000 27.83300000 27.83300000 27.83300000 27.83300000 27.83300000 27.83300000 27.83300000 27.83300000 27.83300000 27.83300000 27.83300000 27.83300000 27.83300000 27.83300000 27.83300000 27.83300000 27.83300000 24.40200000 26.70000000 26.76300000 26.73200000 26.95000000 27.09500000 27.05700000 27.11300000 27.05100000 27.09500000
27.83300000 27.83300000 27.83300000 27.83300000 27.83300000 27.83300000 27.83300000 27.83300000 27.83300000 27.83300000 27.83300000 27.83300000 27.83300000 27.83300000 27.83300000 27.83300000 27.83300000 27.83300000 27.83300000 27.83300000 23.44900000 26.92900000 26.73000000 26.76200000 27.10000000 27.21700000 27.20900000 27.05500000 27.12500000 27.19400000
27.83300000 27.83300000 27.83300000 27.83300000 27.83300000 27.83300000 27.83300000 27.83300000 27.83300000 27.83300000 27.83300000 27.83300000 27.83300000 27.83300000 27.83300000 27.83300000 27.83300000 27.83300000 27.83300000 27.83300000 23.01000000 26.95900000 26.77600000 26.88100000 27.22900000 27.02800000 27.06100000 27.24200000 27.14700000 27.17800000
27.83300000 27.83300000 27.83300000 27.83300000 27.83300000 27.83300000 27.83300000 27.83300000 27.83300000 27.83300000 27.83300000 27.83300000 27.83300000 27.83300000 27.83300000 27.83300000 27.83300000 27.83300000 27.83300000 27.83300000 23.90600000 26.65400000 27.00200000 27.08100000 27.12800000 26.98500000 27.13100000 27.20400000 27.25200000 27.29500000
27.83300000 27.83300000 27.83300000 27.83300000 27.83300000 27.83300000 27.83300000 27.83300000 27.83300000 27.83300000 27.83300000 27.83300000 27.83300000 27.83300000 27.83300000 27.83300000 27.83300000 27.83300000 27.83300000 27.83300000 27.83300000 24.57000000 26.97000000 27.10000000 27.00000000 27.08000000 27.08000000 27.10500000 27.20800000 27.14300000
27.83300000 27.83300000 27.83300000 27.83300000 27.83300000 27.83300000 27.83300000 27.83300000 27.83300000 27.83300000 27.83300000 27.83300000 27.83300000 27.83300000 27.83300000 27.83300000 27.83300000 27.83300000 27.83300000 27.83300000 27.83300000 24.76100000 26.74300000 26.95900000 26.97000000 27.03900000 27.02100000 26.85400000 26.97300000 27.29200000
27.83300000 27.83300000 27.83300000 27.83300000 27.83300000 27.83300000 27.83300000 27.83300000 27.83300000 27.83300000 27.83300000 27.83300000 27.83300000 27.83300000 27.83300000 27.83300000 27.83300000 27.83300000 27.83300000 27.83300000 27.83300000 27.83300000 26.44000000 26.81400000 26.93000000 26.90000000 26.86500000 26.79800000 26.77200000 26.90800000
27.83300000 27.83300000 27.83300000 27.83300000 27.83300000 27.83300000 27.83300000 27.83300000 27.83300000 27.83300000 27.83300000 27.83300000 27.83300000 27.83300000 27.83300000 27.83300000 27.83300000 27.83300000 27.83300000 27.83300000 27.83300000 27.83300000 26.10000000 26.56800000 26.57600000 26.57400000 26.68900000 26.74000000 26.83400000 27.29100000
27.83300000 27.83300000 27.83300000 27.83300000 27.83300000 27.83300000 27.83300000 27.83300000 27.83300000 27.83300000 27.83300000 27.83300000 27.83300000 27.83300000 27.83300000 27.83300000 27.83300000 27.83300000 27.83300000 27.83300000 27.83300000 27.83300000 27.83300000 26.45600000 26.75100000 26.76300000 26.88900000 26.92800000 27.27000000 27.34300000
