37.02500000 36.92700000 37.01400000 36.96700000 36.98000000 36.99300000 37.14900000 37.25300000 37.27500000 37.23800000 37.16300000 37.06100000 36.91200000 36.56000000 36.49200000 36.83600000 36.89400000 36.98700000 36.97400000 37.02900000 37.05900000 37.03700000 36.92100000 36.74800000 36.43600000 36.23100000 36.38800000 36.52100000 36.37600000 36.37500000
37.01400000 37.00700000 36.96000000 36.93000000 36.96200000 37.13500000 37.22500000 37.23100000 37.20700000 37.15700000 37.07200000 36.95900000 36.53100000 36.51500000 36.78200000 36.87500000 36.95500000 37.02600000 36.98800000 37.06100000 37.06400000 36.99900000 36.87300000 36.72400000 36.31000000 36.52400000 36.55300000 36.45100000 36.55600000 36.94200000
37.03100000 37.01900000 36.93500000 36.92600000 36.95000000 37.02500000 37.15100000 37.13900000 37.08000000 36.93100000 36.62800000 36.44000000 36.52000000 36.74900000 36.79700000 36.91800000 37.07600000 37.01900000 36.96800000 37.01700000 36.97500000 36.89500000 36.74400000 36.58800000 36.67000000 37.03200000 37.04800000 37.07000000 36.94400000 36.86200000
36.61300000 36.95600000 36.97800000 36.91300000 36.94000000 36.79900000 36.74900000 36.59700000 36.48300000 36.62000000 36.80900000 36.88300000 36.88200000 36.84800000 36.82300000 36.94500000 37.09700000 36.99400000 36.90900000 36.93900000 36.87300000 36.76500000 36.89400000 37.13500000 37.18600000 37.09200000 37.01900000 37.00600000 36.96900000 36.98500000
36.54000000 36.40900000 37.02300000 36.85400000 36.91000000 36.92400000 36.93700000 36.80000000 36.86800000 36.92600000 36.87000000 36.88300000 36.90000000 36.90400000 36.91700000 36.96800000 37.11500000 36.99100000 36.80200000 36.75500000 36.99400000 37.17600000 37.20600000 37.20400000 37.21400000 37.23600000 37.12900000 36.97500000 36.91900000 36.75500000
36.38100000 35.97700000 36.76100000 36.95700000 36.83100000 36.87700000 36.93500000 36.92300000 36.92100000 36.92600000 36.87800000 36.86900000 36.97100000 37.02400000 37.03400000 36.99800000 37.14200000 37.13100000 36.99400000 37.12300000 37.17800000 37.16400000 37.12900000 37.09900000 37.14600000 37.21600000 37.23700000 37.26100000 36.89700000 36.61300000
36.05400000 35.40500000 36.60600000 36.99000000 36.95900000 36.84500000 36.78400000 36.77500000 36.78700000 36.82300000 36.90900000 37.01200000 36.99100000 37.01100000 37.04800000 36.98900000 37.19900000 37.20600000 37.14600000 37.13500000 37.15300000 37.08400000 36.96500000 36.95300000 37.03600000 37.17900000 37.25300000 37.26400000 37.26000000 37.00000000
35.64300000 35.11800000 35.95200000 36.63200000 36.96700000 37.07500000 37.02800000 36.89600000 36.87600000 36.90300000 37.01900000 36.98100000 36.97400000 37.02800000 37.04900000 36.97700000 37.22700000 37.23500000 37.16600000 37.12900000 37.15500000 37.08300000 37.01000000 37.04100000 37.14000000 37.21300000 37.30700000 37.32500000 37.25800000 37.24100000
35.38100000 35.38100000 35.93200000 36.56400000 36.48700000 36.71900000 36.93800000 37.17000000 36.93300000 36.89800000 36.94900000 36.96300000 36.95800000 36.94800000 36.93000000 36.96400000 37.10900000 37.19500000 37.23700000 37.25100000 37.20100000 37.16100000 37.16700000 37.20800000 37.25300000 37.40700000 37.44000000 37.36000000 37.27800000 37.26300000
35.13200000 35.40900000 35.81000000 36.21800000 36.35300000 36.46100000 36.60100000 36.70800000 37.25400000 37.19800000 37.03200000 36.97400000 36.92500000 36.92400000 36.96500000 36.96500000 37.01500000 37.01000000 37.01000000 37.39800000 37.44700000 37.45000000 37.45200000 37.45100000 37.43700000 37.41200000 37.44500000 37.32000000 37.25100000 37.25500000
34.53900000 34.85700000 35.08400000 35.35500000 35.96400000 36.15200000 36.48000000 36.09300000 36.59500000 37.16700000 37.34700000 37.39900000 37.39900000 37.41300000 37.11300000 36.95700000 37.05900000 37.43500000 37.28000000 37.28000000 37.35500000 37.33900000 37.32000000 37.36500000 37.39900000 37.41900000 37.35400000 37.26600000 37.31900000 37.22800000
37.59700000 37.59700000 37.59700000 34.97800000 35.50000000 35.72500000 36.01200000 35.97700000 35.75100000 36.18400000 36.87600000 37.30000000 37.27100000 37.31700000 37.37300000 37.34300000 37.27600000 37.11400000 37.15000000 37.35300000 37.27000000 37.32400000 37.36800000 37.28000000 37.26000000 37.31200000 37.37000000 37.32000000 37.36300000 37.21600000
37.59700000 37.59700000 37.59700000 37.59700000 35.18200000 35.36400000 35.47100000 35.49200000 35.66400000 35.72100000 36.43300000 36.84700000 37.18900000 36.94600000 36.68700000 36.93900000 36.91800000 36.71800000 37.17500000 37.35600000 37.28300000 37.25800000 37.21800000 37.21100000 37.24200000 37.32100000 37.34100000 37.28200000 37.37200000 37.22800000
37.59700000 37.59700000 37.59700000 37.59700000 37.59700000 37.59700000 35.32000000 35.38800000 35.52900000 35.63000000 36.11900000 36.34400000 36.49100000 36.47300000 36.20000000 36.27400000 36.51100000 36.21200000 37.24500000 37.34700000 37.33200000 37.17000000 37.18100000 37.17900000 37.23400000 37.32700000 37.43700000 37.40500000 37.28500000 37.29900000
37.59700000 37.59700000 37.59700000 37.59700000 37.59700000 37.59700000 37.59700000 37.59700000 37.59700000 37.59700000 37.59700000 37.59700000 35.69900000 35.97600000 36.23100000 36.11600000 36.52200000 35.97400000 36.87600000 37.23000000 37.35800000 37.35900000 37.30400000 37.19200000 37.26200000 37.35600000 37.42500000 37.48700000 37.44900000 37.30100000
37.59700000 37.59700000 37.59700000 37.59700000 37.59700000 37.59700000 37.59700000 37.59700000 37.59700000 37.59700000 37.59700000 37.59700000 37.59700000 37.59700000 37.59700000 35.84300000 36.12800000 35.84200000 36.33300000 36.98000000 37.21100000 37.34100000 37.36500000 37.39400000 37.30200000 37.34800000 37.37600000 37.44500000 37.52000000 37.57900000
37.59700000 37.59700000 37.59700000 37.59700000 37.59700000 37.59700000 37.59700000 37.59700000 37.59700000 37.59700000 37.59700000 37.59700000 37.59700000 37.59700000 37.59700000 37.59700000 35.87900000 35.84700000 36.48900000 36.87200000 37.07800000 37.28300000 37.36300000 37.39600000 37.35400000 37.32100000 37.34200000 37.38600000 37.41500000 37.54800000
37.59700000 37.59700000 37.59700000 37.59700000 37.59700000 37.59700000 37.59700000 37.59700000 37.59700000 37.59700000 37.59700000 37.59700000 37.59700000 37.59700000 37.59700000 37.59700000 37.59700000 37.59700000 36.34800000 36.56400000 37.02900000 36.92500000 37.34500000 37.40200000 37.39000000 37.29200000 37.32800000 37.36500000 37.35300000 37.36500000
37.59700000 37.59700000 37.59700000 37.59700000 37.59700000 37.59700000 37.59700000 37.59700000 37.59700000 37.59700000 37.59700000 37.59700000 37.59700000 37.59700000 37.59700000 37.59700000 37.59700000 37.59700000 37.59700000 36.67300000 36.97900000 36.97600000 37.36100000 37.42700000 37.39400000 37.31700000 37.33600000 37.34500000 37.38200000 37.31800000
37.59700000 37.59700000 37.59700000 37.59700000 37.59700000 37.59700000 37.59700000 37.59700000 37.59700000 37.59700000 37.59700000 37.59700000 37.59700000 37.59700000 37.59700000 37.59700000 37.59700000 37.59700000 37.59700000 36.97700000 36.42900000 37.14500000 37.37900000 37.43500000 37.29800000 37.37600000 37.41300000 37.39700000 37.35200000 37.34500000
37.59700000 37.59700000 37.59700000 37.59700000 37.59700000 37.59700000 37.59700000 37.59700000 37.59700000 37.59700000 37.59700000 37.59700000 37.59700000 37.59700000 37.59700000 37.59700000 37.59700000 37.59700000 37.59700000 36.86600000 36.70800000 37.07300000 37.34400000 37.39000000 37.31600000 37.39600000 37.38600000 37.39900000 37.40800000 37.34500000
37.59700000 37.59700000 37.59700000 37.59700000 37.59700000 37.59700000 37.59700000 37.59700000 37.59700000 37.59700000 37.59700000 37.59700000 37.59700000 37.59700000 37.59700000 37.59700000 37.59700000 37.59700000 37.59700000 36.59900000 36.77800000 36.66600000 37.35000000 37.32100000 37.39700000 37.35800000 37.38400000 37.38400000 37.39200000 37.40700000
37.59700000 37.59700000 37.59700000 37.59700000 37.59700000 37.59700000 37.59700000 37.59700000 37.59700000 37.59700000 37.59700000 37.59700000 37.59700000 37.59700000 37.59700000 37.59700000 37.59700000 37.59700000 37.59700000 37.59700000 36.67400000 36.58400000 37.32800000 37.37600000 37.35200000 37.36100000 37.35000000 37.33200000 37.33700000 37.36800000
37.59700000 37.59700000 37.59700000 37.59700000 37.59700000 37.59700000 37.59700000 37.59700000 37.59700000 37.59700000 37.59700000 37.59700000 37.59700000 37.59700000 37.59700000 37.59700000 37.59700000 37.59700000 37.59700000 37.59700000 37.59700000 36.65800000 37.01500000 37.31200000 37.32300000 37.33000000 37.33900000 37.31500000 37.30200000 37.31600000
37.59700000 37.59700000 37.59700000 37.59700000 37.59700000 37.59700000 37.59700000 37.59700000 37.59700000 37.59700000 37.59700000 37.59700000 37.59700000 37.59700000 37.59700000 37.59700000 37.59700000 37.59700000 37.59700000 37.59700000 37.59700000 36.46400000 36.53900000 37.23800000 37.28600000 37.31600000 37.30100000 37.28100000 37.29100000 37.27600000
37.59700000 37.59700000 37.59700000 37.59700000 37.59700000 37.59700000 37.59700000 37.59700000 37.59700000 37.59700000 37.59700000 37.59700000 37.59700000 37.59700000 37.59700000 37.59700000 37.59700000 37.59700000 37.59700000 37.59700000 37.59700000 37.59700000 36.26200000 37.11800000 37.16300000 37.22100000 37.21900000 37.23600000 37.23400000 37.28500000
37.59700000 37.59700000 37.59700000 37.59700000 37.59700000 37.59700000 37.59700000 37.59700000 37.59700000 37.59700000 37.59700000 37.59700000 37.59700000 37.59700000 37.59700000 37.59700000 37.59700000 37.59700000 37.59700000 37.59700000 37.59700000 37.59700000 37.59700000 36.16200000 37.18400000 37.18000000 37.19700000 37.23800000 37.26600000 37.28700000
37.02400000 36.92600000 37.01400000 36.96900000 36.98100000 36.99300000 37.15000000 37.25200000 37.27400000 37.24200000 37.16400000 37.06100000 36.91200000 36.55800000 36.49500000 36.83600000 36.89200000 36.98900000 36.97300000 37.02900000 37.05800000 37.03800000 36.92100000 36.74900000 36.43900000 36.23100000 36.38800000 36.52800000 36.37700000 36.37700000
37.01400000 37.00500000 36.95900000 36.92900000 36.96100000 37.13300000 37.22400000 37.23000000 37.20500000 37.15600000 37.07100000 36.95800000 36.52800000 36.51500000 36.78200000 36.87500000 36.95500000 37.02500000 36.98800000 37.06200000 37.06600000 36.99900000 36.87300000 36.71700000 36.31200000 36.52500000 36.55300000 36.45200000 36.57800000 36.95700000
37.03000000 37.01700000 36.93400000 36.92500000 36.95000000 37.02400000 37.15000000 37.13800000 37.07800000 36.92900000 36.62600000 36.43900000 36.52000000 36.74900000 36.79600000 36.91700000 37.07600000 37.01900000 36.96900000 37.01700000 36.97500000 36.89400000 36.74000000 36.59100000 36.67800000 37.03600000 37.04700000 37.07000000 36.94300000 36.86200000
36.61200000 36.96000000 36.97800000 36.91200000 36.93800000 36.79800000 36.74800000 36.59500000 36.48300000 36.62000000 36.81000000 36.88200000 36.88100000 36.84800000 36.82200000 36.94400000 37.09600000 36.99400000 36.90900000 36.93800000 36.87200000 36.76300000 36.90300000 37.13600000 37.18600000 37.09200000 37.01900000 37.00600000 36.96900000 36.98500000
36.54100000 36.50500000 37.02200000 36.85300000 36.90900000 36.92200000 36.93700000 36.80100000 36.86900000 36.92600000 36.87100000 36.88300000 36.90000000 36.90300000 36.91600000 36.96700000 37.11400000 36.99100000 36.80100000 36.75700000 36.99800000 37.17600000 37.20500000 37.20300000 37.21300000 37.23600000 37.12900000 36.97400000 36.91800000 36.76000000
36.39500000 36.09300000 36.97500000 36.95600000 36.83000000 36.87600000 36.93400000 36.92200000 36.92200000 36.92600000 36.87800000 36.86900000 36.97200000 37.02300000 37.03300000 36.99700000 37.14200000 37.13100000 36.99500000 37.12300000 37.17700000 37.16400000 37.12800000 37.09900000 37.14600000 37.21600000 37.23600000 37.26100000 36.89600000 36.61200000
36.10300000 35.83400000 36.88600000 36.98800000 36.95900000 36.84600000 36.78500000 36.77500000 36.78800000 36.82500000 36.91000000 37.01100000 36.99100000 37.01100000 37.04800000 36.98900000 37.19900000 37.20500000 37.14600000 37.13500000 37.15300000 37.08300000 36.96300000 36.95200000 37.03600000 37.17800000 37.25200000 37.26300000 37.25900000 36.99800000
35.91400000 35.95600000 36.74700000 36.63400000 36.97000000 37.07800000 37.03300000 36.89900000 36.87800000 36.90400000 37.02000000 36.98200000 36.97400000 37.02700000 37.04800000 36.97700000 37.22700000 37.23500000 37.16500000 37.12900000 37.15500000 37.08300000 37.01100000 37.04200000 37.14100000 37.21400000 37.30700000 37.32500000 37.25800000 37.24200000
35.84000000 36.01200000 36.58100000 36.56800000 36.50200000 36.73500000 36.94700000 37.17500000 36.93700000 36.90000000 36.95000000 36.96300000 36.95800000 36.94700000 36.92900000 36.96400000 37.10800000 37.19400000 37.23600000 37.25100000 37.20000000 37.16100000 37.16700000 37.20800000 37.25400000 37.40800000 37.44000000 37.35900000 37.27700000 37.26200000
35.70900000 35.85400000 36.23000000 36.28600000 36.40000000 36.49100000 36.62000000 36.71900000 37.25800000 37.20400000 37.03300000 36.97500000 36.92500000 36.92400000 36.96400000 36.96400000 37.01500000 37.00900000 37.01200000 37.40100000 37.44700000 37.44900000 37.45100000 37.45000000 37.43500000 37.41200000 37.44500000 37.31900000 37.25100000 37.25400000
35.45100000 37.59700000 35.53800000 35.74700000 36.23100000 36.40900000 36.50000000 36.39700000 36.64800000 37.16400000 37.34700000 37.39800000 37.39800000 37.41300000 37.11800000 36.95900000 37.06600000 37.43300000 37.28000000 37.28000000 37.35600000 37.33900000 37.32100000 37.36500000 37.39800000 37.41900000 37.35400000 37.26600000 37.32000000 37.22800000
37.59700000 37.59700000 37.59700000 37.59700000 35.66700000 35.99900000 36.45500000 36.49800000 36.34700000 36.30600000 36.87300000 37.29900000 37.26900000 37.31300000 37.37000000 37.34000000 37.27500000 37.11300000 37.15200000 37.35200000 37.26800000 37.32400000 37.36800000 37.27900000 37.26100000 37.31400000 37.37000000 37.31900000 37.36300000 37.21600000
37.59700000 37.59700000 37.59700000 37.59700000 37.59700000 35.64100000 35.78700000 35.97600000 36.15800000 36.15600000 36.46500000 36.84500000 37.18700000 36.94500000 36.68500000 36.93800000 36.91600000 36.71800000 37.24800000 37.35700000 37.26500000 37.25800000 37.21800000 37.21100000 37.24300000 37.32100000 37.34000000 37.28300000 37.37300000 37.23000000
37.59700000 37.59700000 37.59700000 37.59700000 37.59700000 37.59700000 37.59700000 35.60900000 35.76900000 35.75200000 36.42700000 36.48600000 36.52400000 36.47300000 36.20200000 36.28200000 36.65100000 36.25800000 37.24400000 37.35100000 37.32300000 37.17000000 37.18200000 37.18000000 37.23500000 37.32800000 37.43800000 37.40300000 37.28700000 37.30100000
37.59700000 37.59700000 37.59700000 37.59700000 37.59700000 37.59700000 37.59700000 37.59700000 37.59700000 37.59700000 37.59700000 37.59700000 37.59700000 37.59700000 37.59700000 36.21600000 36.55800000 36.16900000 37.04900000 37.23000000 37.35900000 37.35800000 37.29000000 37.19200000 37.26300000 37.35600000 37.42600000 37.48800000 37.44600000 37.30300000
37.59700000 37.59700000 37.59700000 37.59700000 37.59700000 37.59700000 37.59700000 37.59700000 37.59700000 37.59700000 37.59700000 37.59700000 37.59700000 37.59700000 37.59700000 37.59700000 36.35900000 36.45900000 36.46500000 36.98500000 37.21400000 37.34400000 37.36700000 37.39500000 37.30200000 37.34900000 37.37600000 37.44600000 37.52100000 37.57900000
37.59700000 37.59700000 37.59700000 37.59700000 37.59700000 37.59700000 37.59700000 37.59700000 37.59700000 37.59700000 37.59700000 37.59700000 37.59700000 37.59700000 37.59700000 37.59700000 37.59700000 36.40100000 36.83800000 36.90700000 37.05300000 37.28400000 37.36500000 37.39700000 37.35500000 37.32200000 37.34200000 37.38800000 37.41700000 37.54800000
37.59700000 37.59700000 37.59700000 37.59700000 37.59700000 37.59700000 37.59700000 37.59700000 37.59700000 37.59700000 37.59700000 37.59700000 37.59700000 37.59700000 37.59700000 37.59700000 37.59700000 37.59700000 37.59700000 36.82500000 37.03000000 36.92800000 37.34600000 37.40400000 37.39100000 37.29300000 37.32900000 37.36700000 37.35300000 37.36500000
37.59700000 37.59700000 37.59700000 37.59700000 37.59700000 37.59700000 37.59700000 37.59700000 37.59700000 37.59700000 37.59700000 37.59700000 37.59700000 37.59700000 37.59700000 37.59700000 37.59700000 37.59700000 37.59700000 37.59700000 36.89000000 37.08100000 37.36200000 37.42800000 37.39400000 37.31700000 37.33700000 37.34600000 37.38100000 37.31800000
37.59700000 37.59700000 37.59700000 37.59700000 37.59700000 37.59700000 37.59700000 37.59700000 37.59700000 37.59700000 37.59700000 37.59700000 37.59700000 37.59700000 37.59700000 37.59700000 37.59700000 37.59700000 37.59700000 37.59700000 36.40200000 37.17200000 37.37900000 37.43500000 37.29800000 37.37600000 37.41300000 37.39600000 37.35100000 37.34400000
37.59700000 37.59700000 37.59700000 37.59700000 37.59700000 37.59700000 37.59700000 37.59700000 37.59700000 37.59700000 37.59700000 37.59700000 37.59700000 37.59700000 37.59700000 37.59700000 37.59700000 37.59700000 37.59700000 37.59700000 36.06800000 37.14700000 37.34600000 37.39000000 37.31600000 37.39600000 37.38600000 37.39900000 37.40600000 37.34500000
37.59700000 37.59700000 37.59700000 37.59700000 37.59700000 37.59700000 37.59700000 37.59700000 37.59700000 37.59700000 37.59700000 37.59700000 37.59700000 37.59700000 37.59700000 37.59700000 37.59700000 37.59700000 37.59700000 37.59700000 36.17900000 36.97700000 37.35100000 37.32200000 37.39700000 37.35700000 37.38400000 37.38400000 37.39100000 37.40600000
37.59700000 37.59700000 37.59700000 37.59700000 37.59700000 37.59700000 37.59700000 37.59700000 37.59700000 37.59700000 37.59700000 37.59700000 37.59700000 37.59700000 37.59700000 37.59700000 37.59700000 37.59700000 37.59700000 37.59700000 37.59700000 36.89400000 37.32900000 37.37700000 37.35200000 37.36000000 37.35000000 37.33200000 37.33600000 37.36800000
37.59700000 37.59700000 37.59700000 37.59700000 37.59700000 37.59700000 37.59700000 37.59700000 37.59700000 37.59700000 37.59700000 37.59700000 37.59700000 37.59700000 37.59700000 37.59700000 37.59700000 37.59700000 37.59700000 37.59700000 37.59700000 36.61900000 37.02900000 37.31300000 37.32300000 37.32900000 37.33900000 37.31500000 37.30200000 37.31500000
37.59700000 37.59700000 37.59700000 37.59700000 37.59700000 37.59700000 37.59700000 37.59700000 37.59700000 37.59700000 37.59700000 37.59700000 37.59700000 37.59700000 37.59700000 37.59700000 37.59700000 37.59700000 37.59700000 37.59700000 37.59700000 37.59700000 37.06700000 37.23800000 37.28600000 37.31500000 37.30000000 37.28000000 37.29100000 37.27600000
37.59700000 37.59700000 37.59700000 37.59700000 37.59700000 37.59700000 37.59700000 37.59700000 37.59700000 37.59700000 37.59700000 37.59700000 37.59700000 37.59700000 37.59700000 37.59700000 37.59700000 37.59700000 37.59700000 37.59700000 37.59700000 37.59700000 36.81000000 37.11600000 37.16500000 37.22200000 37.21800000 37.23500000 37.23400000 37.28400000
37.59700000 37.59700000 37.59700000 37.59700000 37.59700000 37.59700000 37.59700000 37.59700000 37.59700000 37.59700000 37.59700000 37.59700000 37.59700000 37.59700000 37.59700000 37.59700000 37.59700000 37.59700000 37.59700000 37.59700000 37.59700000 37.59700000 37.59700000 37.03600000 37.18200000 37.17900000 37.19700000 37.23700000 37.26600000 37.28600000
