25.72800000 25.38900000 25.55100000 25.73800000 25.10600000 24.93500000 25.37500000 25.62000000 25.56400000 25.53100000 25.43400000 25.29800000 25.21500000 24.24500000 24.28000000 25.49100000 25.75000000 25.81100000 25.45500000 25.41800000 25.49100000 25.47100000 25.35200000 25.02900000 24.17600000 23.90700000 24.32100000 24.79800000 24.71500000 24.66200000
25.48100000 25.45100000 25.53100000 25.45300000 24.77700000 25.20500000 25.53000000 25.55000000 25.48400000 25.40100000 25.25900000 25.09000000 24.07100000 24.19200000 24.93900000 25.31400000 25.72400000 25.54300000 25.45500000 25.40300000 25.44400000 25.35600000 25.22400000 24.79800000 23.79500000 24.31800000 24.58100000 24.54600000 24.77700000 25.30600000
25.61500000 25.43200000 25.56200000 25.50600000 24.79200000 24.97800000 25.35500000 25.36500000 25.24000000 24.88600000 24.19300000 23.99800000 24.21700000 24.65200000 24.88300000 25.48900000 25.75900000 25.47100000 25.41500000 25.33400000 25.25100000 25.18100000 24.75100000 24.33100000 24.79500000 25.63600000 25.64800000 25.63600000 25.24700000 25.15300000
24.74300000 25.34800000 25.56500000 25.58600000 25.18300000 24.47400000 24.43600000 24.18800000 24.08200000 24.27200000 24.63500000 24.86300000 24.92600000 24.87800000 24.88600000 25.63400000 25.73700000 25.46500000 25.28600000 25.29200000 25.05200000 24.90300000 25.26500000 25.83200000 25.97600000 25.81600000 25.59600000 25.43700000 25.32100000 25.50800000
24.83100000 24.58700000 25.41200000 25.50300000 25.60600000 25.23100000 24.85000000 24.51100000 24.69700000 24.96000000 25.00900000 25.24400000 25.43300000 25.45900000 25.52400000 25.75500000 25.84300000 25.45200000 25.08600000 24.98600000 25.47400000 25.92100000 25.86300000 25.77200000 25.80000000 25.96700000 25.84900000 25.47500000 25.41900000 25.32900000
24.43500000 24.12600000 24.89700000 25.49800000 25.52100000 25.60500000 25.69900000 25.53200000 25.53500000 25.68700000 25.69000000 25.71000000 25.89100000 25.97000000 25.99800000 25.89100000 25.80200000 25.72600000 25.34000000 25.67900000 25.85100000 25.64400000 25.59600000 25.54000000 25.64000000 25.87700000 25.95500000 26.10100000 25.44100000 25.17100000
24.01600000 23.82300000 24.66700000 25.18800000 25.57100000 25.58300000 25.54800000 25.54100000 25.55100000 25.60900000 25.76600000 25.90300000 25.87100000 25.94400000 26.01700000 25.88900000 25.88900000 25.91700000 25.76100000 25.72700000 25.63200000 25.45800000 25.17400000 25.05200000 25.32700000 25.72800000 26.13600000 26.12700000 26.14400000 25.65600000
23.91200000 23.64500000 24.34200000 24.57300000 25.19400000 25.63300000 25.80300000 25.73400000 25.71600000 25.77900000 25.96700000 25.94000000 25.92200000 25.97200000 26.01600000 25.86200000 25.98600000 26.01200000 25.84900000 25.72300000 25.66400000 25.48500000 25.30900000 25.37400000 25.58500000 26.03000000 26.48100000 26.44700000 25.98600000 26.17000000
23.67900000 24.05800000 24.16300000 24.46400000 24.35700000 24.69100000 25.23500000 25.92000000 25.83600000 25.78600000 25.91700000 25.94800000 25.92500000 25.92800000 25.90200000 25.90500000 25.91500000 26.06900000 26.14700000 26.18100000 26.01800000 25.85300000 25.84300000 26.01900000 26.39500000 26.89000000 26.80700000 26.54000000 26.01200000 26.23000000
23.45300000 23.85000000 23.89700000 24.13400000 24.16100000 24.25100000 24.46100000 24.85100000 26.17500000 26.27600000 26.05100000 25.94800000 25.82100000 25.76000000 25.78000000 25.87000000 25.85200000 25.93100000 26.03900000 26.95600000 27.07900000 27.04000000 27.02700000 26.97800000 26.75400000 26.56600000 26.71400000 26.27100000 26.07400000 26.23600000
24.36100000 23.49400000 23.48400000 23.95700000 23.71400000 23.79200000 24.19200000 24.14800000 24.61300000 25.79500000 26.40800000 26.67600000 26.74800000 26.83200000 26.17700000 25.83000000 26.09500000 26.94600000 26.40300000 26.34400000 26.44900000 26.41000000 26.35100000 26.41000000 26.51500000 26.61300000 26.46200000 26.04600000 26.39100000 26.31500000
27.83300000 27.83300000 27.83300000 24.23300000 23.60900000 23.54300000 23.67700000 23.71100000 23.85000000 24.22100000 24.81900000 26.26900000 26.18000000 26.38200000 26.63700000 26.52000000 26.27100000 25.89500000 26.00700000 26.83900000 26.23300000 26.33400000 26.49600000 26.27700000 26.22600000 26.39700000 26.59200000 26.40800000 26.54000000 26.40100000
27.83300000 27.83300000 27.83300000 27.83300000 24.08000000 23.87000000 23.61200000 23.70100000 23.56800000 23.72500000 24.36800000 24.74600000 25.78000000 25.09000000 24.62800000 25.03700000 25.11100000 24.90700000 26.18500000 26.88800000 26.34500000 26.21500000 26.15000000 26.35900000 26.57000000 26.74700000 26.64000000 26.26400000 26.51500000 26.41000000
27.83300000 27.83300000 27.83300000 27.83300000 27.83300000 27.83300000 24.74700000 24.14300000 23.52900000 23.55800000 23.79200000 24.02600000 24.26400000 24.20500000 23.56200000 23.88200000 24.39400000 24.53300000 26.34400000 26.86500000 26.72800000 26.04200000 26.19500000 26.30400000 26.34300000 26.74400000 26.98500000 26.81900000 26.27500000 26.42000000
27.83300000 27.83300000 27.83300000 27.83300000 27.83300000 27.83300000 27.83300000 27.83300000 27.83300000 27.83300000 27.83300000 27.83300000 23.49900000 23.46500000 22.45600000 23.34200000 24.15800000 24.35500000 25.47300000 26.40800000 26.96200000 26.93600000 26.62500000 26.25000000 26.34300000 26.87200000 27.01600000 27.09700000 26.93000000 26.38600000
27.83300000 27.83300000 27.83300000 27.83300000 27.83300000 27.83300000 27.83300000 27.83300000 27.83300000 27.83300000 27.83300000 27.83300000 27.83300000 27.83300000 27.83300000 23.99400000 24.15800000 24.42000000 25.25000000 25.69400000 26.41800000 26.97200000 26.89900000 27.02300000 26.45100000 26.95200000 27.05100000 27.01700000 27.10800000 27.20600000
27.83300000 27.83300000 27.83300000 27.83300000 27.83300000 27.83300000 27.83300000 27.83300000 27.83300000 27.83300000 27.83300000 27.83300000 27.83300000 27.83300000 27.83300000 27.83300000 24.16200000 24.25800000 25.48100000 25.58900000 25.78800000 26.79600000 26.91200000 27.01500000 26.63300000 26.98900000 27.15800000 27.01500000 27.00200000 27.20300000
27.83300000 27.83300000 27.83300000 27.83300000 27.83300000 27.83300000 27.83300000 27.83300000 27.83300000 27.83300000 27.83300000 27.83300000 27.83300000 27.83300000 27.83300000 27.83300000 27.83300000 27.83300000 23.27600000 25.60000000 25.84900000 25.19700000 26.93900000 26.97600000 26.75700000 27.07100000 27.23500000 27.20300000 27.07000000 27.07000000
27.83300000 27.83300000 27.83300000 27.83300000 27.83300000 27.83300000 27.83300000 27.83300000 27.83300000 27.83300000 27.83300000 27.83300000 27.83300000 27.83300000 27.83300000 27.83300000 27.83300000 27.83300000 27.83300000 25.93300000 25.40100000 26.24400000 26.90800000 26.98200000 26.79400000 27.13100000 27.20000000 27.19200000 27.20900000 27.14700000
27.83300000 27.83300000 27.83300000 27.83300000 27.83300000 27.83300000 27.83300000 27.83300000 27.83300000 27.83300000 27.83300000 27.83300000 27.83300000 27.83300000 27.83300000 27.83300000 27.83300000 27.83300000 27.83300000 26.02500000 21.85300000 26.65400000 26.89900000 26.83500000 26.98000000 27.26800000 27.36200000 27.22200000 27.18900000 27.23100000
27.83300000 27.83300000 27.83300000 27.83300000 27.83300000 27.83300000 27.83300000 27.83300000 27.83300000 27.83300000 27.83300000 27.83300000 27.83300000 27.83300000 27.83300000 27.83300000 27.83300000 27.83300000 27.83300000 25.96700000 24.65000000 26.62500000 26.96700000 26.85400000 27.14600000 27.34100000 27.11600000 27.26600000 27.25400000 27.22100000
27.83300000 27.83300000 27.83300000 27.83300000 27.83300000 27.83300000 27.83300000 27.83300000 27.83300000 27.83300000 27.83300000 27.83300000 27.83300000 27.83300000 27.83300000 27.83300000 27.83300000 27.83300000 27.83300000 25.72900000 24.23200000 26.32500000 27.17400000 27.04600000 27.32500000 27.12700000 27.07800000 27.29200000 27.29200000 27.33800000
27.83300000 27.83300000 27.83300000 27.83300000 27.83300000 27.83300000 27.83300000 27.83300000 27.83300000 27.83300000 27.83300000 27.83300000 27.83300000 27.83300000 27.83300000 27.83300000 27.83300000 27.83300000 27.83300000 27.83300000 25.93400000 25.89800000 27.07400000 27.25800000 27.17500000 27.08100000 27.27400000 27.25200000 27.37500000 27.40300000
27.83300000 27.83300000 27.83300000 27.83300000 27.83300000 27.83300000 27.83300000 27.83300000 27.83300000 27.83300000 27.83300000 27.83300000 27.83300000 27.83300000 27.83300000 27.83300000 27.83300000 27.83300000 27.83300000 27.83300000 27.83300000 24.45700000 26.44000000 27.09700000 27.10500000 27.06600000 27.21100000 27.10200000 27.14000000 27.34000000
27.83300000 27.83300000 27.83300000 27.83300000 27.83300000 27.83300000 27.83300000 27.83300000 27.83300000 27.83300000 27.83300000 27.83300000 27.83300000 27.83300000 27.83300000 27.83300000 27.83300000 27.83300000 27.83300000 27.83300000 27.83300000 25.99300000 26.30500000 26.87900000 27.01200000 27.03300000 26.96100000 26.91800000 26.94900000 27.06500000
27.83300000 27.83300000 27.83300000 27.83300000 27.83300000 27.83300000 27.83300000 27.83300000 27.83300000 27.83300000 27.83300000 27.83300000 27.83300000 27.83300000 27.83300000 27.83300000 27.83300000 27.83300000 27.83300000 27.83300000 27.83300000 27.83300000 26.36000000 26.80700000 26.69000000 26.79200000 26.76900000 26.86800000 26.88000000 27.18000000
27.83300000 27.83300000 27.83300000 27.83300000 27.83300000 27.83300000 27.83300000 27.83300000 27.83300000 27.83300000 27.83300000 27.83300000 27.83300000 27.83300000 27.83300000 27.83300000 27.83300000 27.83300000 27.83300000 27.83300000 27.83300000 27.83300000 27.83300000 26.28800000 26.95000000 26.83300000 26.89300000 27.11500000 27.10500000 27.30300000
25.77400000 25.34700000 25.58600000 25.75700000 25.20200000 24.98700000 25.38900000 25.66400000 25.60000000 25.58100000 25.49400000 25.35400000 25.26300000 24.26300000 24.28200000 25.49300000 25.75800000 25.84000000 25.47400000 25.47500000 25.48400000 25.45400000 25.31300000 24.99700000 24.16400000 23.89900000 24.33000000 24.78300000 24.69500000 24.67300000
25.51400000 25.47900000 25.56000000 25.47900000 24.80200000 25.23200000 25.55700000 25.57700000 25.51200000 25.42800000 25.28900000 25.11900000 24.10200000 24.22200000 24.96900000 25.33700000 25.75100000 25.56900000 25.48400000 25.43500000 25.47000000 25.38200000 25.23700000 24.78700000 23.80700000 24.33400000 24.59500000 24.56400000 24.83600000 25.37300000
25.64000000 25.46100000 25.59000000 25.53400000 24.81800000 25.00200000 25.38100000 25.39100000 25.26700000 24.91100000 24.22100000 24.02800000 24.24300000 24.67900000 24.90800000 25.51300000 25.78300000 25.49600000 25.44000000 25.35700000 25.27200000 25.19800000 24.75600000 24.35100000 24.82800000 25.66200000 25.66800000 25.65800000 25.26700000 25.16000000
24.78600000 25.38600000 25.57200000 25.61200000 25.20900000 24.49600000 24.45900000 24.21200000 24.10800000 24.29800000 24.66300000 24.89500000 24.95600000 24.90300000 24.90900000 25.65800000 25.76200000 25.48900000 25.30900000 25.30900000 25.06600000 24.91600000 25.29700000 25.85300000 25.99700000 25.83600000 25.61300000 25.46000000 25.34600000 25.52900000
24.66300000 24.78700000 25.42400000 25.52800000 25.63000000 25.26000000 24.87700000 24.53700000 24.72300000 24.98800000 25.04000000 25.27700000 25.46400000 25.48700000 25.55200000 25.78200000 25.86200000 25.47000000 25.10000000 24.99900000 25.49900000 25.94200000 25.87100000 25.78700000 25.81900000 25.98800000 25.87500000 25.49800000 25.43900000 25.34500000
24.14300000 24.32200000 25.37000000 25.52400000 25.54100000 25.63000000 25.72600000 25.56600000 25.57000000 25.71800000 25.71700000 25.73600000 25.91500000 25.99500000 26.02300000 25.91300000 25.82300000 25.74400000 25.35700000 25.70200000 25.86500000 25.66200000 25.60500000 25.55000000 25.66000000 25.90200000 25.98400000 26.12400000 25.45800000 25.18600000
24.05600000 24.22900000 25.15100000 25.21900000 25.59300000 25.60800000 25.57700000 25.57100000 25.58000000 25.63400000 25.79000000 25.92600000 25.89500000 25.96700000 26.03800000 25.90800000 25.90900000 25.93400000 25.77900000 25.74300000 25.64300000 25.46700000 25.17500000 25.06000000 25.34900000 25.76800000 26.16600000 26.13800000 26.15600000 25.67300000
23.73500000 23.32000000 25.18600000 24.60700000 25.23300000 25.66600000 25.83300000 25.76200000 25.74200000 25.80400000 25.99100000 25.96500000 25.94700000 25.99500000 26.04000000 25.88000000 26.00400000 26.03300000 25.86500000 25.73400000 25.67200000 25.49500000 25.32100000 25.38700000 25.62400000 26.06400000 26.50900000 26.46200000 26.00300000 26.18800000
21.11400000 21.56300000 24.65300000 24.50800000 24.41500000 24.73700000 25.26800000 25.94400000 25.86300000 25.81200000 25.94400000 25.97400000 25.95000000 25.95000000 25.92300000 25.92200000 25.93100000 26.08300000 26.15800000 26.19100000 26.02700000 25.86300000 25.85700000 26.05800000 26.43900000 26.92500000 26.82800000 26.55600000 26.01900000 26.24300000
20.14500000 20.44100000 22.91200000 24.13200000 24.22100000 24.30300000 24.50200000 24.88800000 26.20100000 26.30700000 26.05400000 25.97300000 25.84300000 25.77700000 25.79200000 25.88200000 25.86300000 25.94200000 26.05300000 26.97600000 27.09600000 27.07200000 27.07500000 27.02500000 26.79100000 26.59400000 26.73800000 26.28100000 26.08900000 26.24300000
22.09700000 27.83300000 21.77200000 22.13100000 22.24700000 23.28400000 24.20600000 24.50300000 24.71900000 25.79900000 26.43200000 26.70400000 26.77700000 26.86100000 26.21100000 25.85100000 26.12300000 26.95000000 26.41200000 26.35700000 26.49400000 26.45200000 26.38300000 26.45700000 26.54600000 26.64100000 26.47900000 26.05700000 26.40700000 26.32800000
27.83300000 27.83300000 27.83300000 27.83300000 21.48300000 21.04900000 22.24300000 22.82100000 23.56500000 24.37800000 24.82900000 26.29500000 26.20100000 26.38400000 26.64100000 26.52600000 26.27700000 25.90300000 26.03200000 26.88300000 26.24200000 26.37900000 26.54000000 26.31900000 26.25300000 26.42500000 26.61100000 26.41800000 26.55600000 26.42100000
27.83300000 27.83300000 27.83300000 27.83300000 27.83300000 21.30500000 19.91800000 20.68400000 21.24500000 22.83500000 24.40000000 24.75300000 25.80000000 25.10300000 24.62600000 25.04600000 25.11900000 24.92000000 26.38900000 26.92800000 26.30100000 26.25600000 26.19700000 26.39400000 26.59900000 26.76600000 26.64600000 26.28100000 26.53400000 26.42900000
27.83300000 27.83300000 27.83300000 27.83300000 27.83300000 27.83300000 27.83300000 22.44600000 21.15200000 21.36400000 22.62200000 23.59000000 24.01200000 23.67800000 23.11600000 23.84000000 24.55400000 24.62600000 26.35300000 26.90700000 26.71300000 26.07400000 26.23900000 26.33300000 26.36800000 26.76400000 27.00300000 26.82400000 26.29300000 26.43600000
27.83300000 27.83300000 27.83300000 27.83300000 27.83300000 27.83300000 27.83300000 27.83300000 27.83300000 27.83300000 27.83300000 27.83300000 27.83300000 27.83300000 27.83300000 19.96100000 24.19900000 24.51700000 25.79300000 26.44200000 27.00500000 26.97700000 26.60200000 26.26300000 26.36200000 26.89000000 27.03300000 27.11500000 26.93300000 26.40000000
27.83300000 27.83300000 27.83300000 27.83300000 27.83300000 27.83300000 27.83300000 27.83300000 27.83300000 27.83300000 27.83300000 27.83300000 27.83300000 27.83300000 27.83300000 27.83300000 23.17300000 23.62200000 25.26000000 25.71600000 26.50200000 27.04600000 26.92600000 27.04100000 26.46800000 26.97000000 27.06800000 27.03600000 27.12700000 27.22700000
27.83300000 27.83300000 27.83300000 27.83300000 27.83300000 27.83300000 27.83300000 27.83300000 27.83300000 27.83300000 27.83300000 27.83300000 27.83300000 27.83300000 27.83300000 27.83300000 27.83300000 21.21800000 24.30600000 25.60600000 25.69400000 26.80000000 26.92800000 27.03300000 26.64600000 27.00700000 27.17600000 27.03100000 27.02100000 27.22000000
27.83300000 27.83300000 27.83300000 27.83300000 27.83300000 27.83300000 27.83300000 27.83300000 27.83300000 27.83300000 27.83300000 27.83300000 27.83300000 27.83300000 27.83300000 27.83300000 27.83300000 27.83300000 27.83300000 25.65100000 25.86000000 25.20500000 26.94800000 26.99500000 26.77100000 27.08900000 27.25400000 27.22200000 27.08700000 27.08200000
27.83300000 27.83300000 27.83300000 27.83300000 27.83300000 27.83300000 27.83300000 27.83300000 27.83300000 27.83300000 27.83300000 27.83300000 27.83300000 27.83300000 27.83300000 27.83300000 27.83300000 27.83300000 27.83300000 27.83300000 24.78700000 26.40300000 26.93700000 27.00000000 26.80900000 27.15100000 27.22000000 27.21200000 27.22600000 27.16400000
27.83300000 27.83300000 27.83300000 27.83300000 27.83300000 27.83300000 27.83300000 27.83300000 27.83300000 27.83300000 27.83300000 27.83300000 27.83300000 27.83300000 27.83300000 27.83300000 27.83300000 27.83300000 27.83300000 27.83300000 21.44300000 26.71800000 26.91200000 26.85200000 26.99800000 27.28700000 27.38100000 27.23800000 27.20700000 27.24800000
27.83300000 27.83300000 27.83300000 27.83300000 27.83300000 27.83300000 27.83300000 27.83300000 27.83300000 27.83300000 27.83300000 27.83300000 27.83300000 27.83300000 27.83300000 27.83300000 27.83300000 27.83300000 27.83300000 27.83300000 18.86700000 26.77100000 26.98100000 26.87000000 27.16400000 27.35900000 27.13500000 27.28500000 27.27200000 27.23800000
27.83300000 27.83300000 27.83300000 27.83300000 27.83300000 27.83300000 27.83300000 27.83300000 27.83300000 27.83300000 27.83300000 27.83300000 27.83300000 27.83300000 27.83300000 27.83300000 27.83300000 27.83300000 27.83300000 27.83300000 19.75400000 26.63200000 27.18800000 27.06300000 27.34200000 27.14500000 27.09800000 27.31000000 27.31100000 27.35700000
27.83300000 27.83300000 27.83300000 27.83300000 27.83300000 27.83300000 27.83300000 27.83300000 27.83300000 27.83300000 27.83300000 27.83300000 27.83300000 27.83300000 27.83300000 27.83300000 27.83300000 27.83300000 27.83300000 27.83300000 27.83300000 25.73000000 27.09100000 27.27500000 27.19200000 27.09800000 27.29100000 27.26900000 27.39100000 27.41700000
27.83300000 27.83300000 27.83300000 27.83300000 27.83300000 27.83300000 27.83300000 27.83300000 27.83300000 27.83300000 27.83300000 27.83300000 27.83300000 27.83300000 27.83300000 27.83300000 27.83300000 27.83300000 27.83300000 27.83300000 27.83300000 22.79800000 26.48000000 27.11400000 27.12400000 27.08300000 27.22900000 27.11900000 27.15500000 27.37000000
27.83300000 27.83300000 27.83300000 27.83300000 27.83300000 27.83300000 27.83300000 27.83300000 27.83300000 27.83300000 27.83300000 27.83300000 27.83300000 27.83300000 27.83300000 27.83300000 27.83300000 27.83300000 27.83300000 27.83300000 27.83300000 27.83300000 26.35800000 26.89400000 27.02900000 27.05100000 26.97500000 26.93700000 26.95600000 27.09200000
27.83300000 27.83300000 27.83300000 27.83300000 27.83300000 27.83300000 27.83300000 27.83300000 27.83300000 27.83300000 27.83300000 27.83300000 27.83300000 27.83300000 27.83300000 27.83300000 27.83300000 27.83300000 27.83300000 27.83300000 27.83300000 27.83300000 24.42300000 26.80500000 26.70900000 26.81200000 26.78600000 26.88400000 26.90000000 27.20100000
27.83300000 27.83300000 27.83300000 27.83300000 27.83300000 27.83300000 27.83300000 27.83300000 27.83300000 27.83300000 27.83300000 27.83300000 27.83300000 27.83300000 27.83300000 27.83300000 27.83300000 27.83300000 27.83300000 27.83300000 27.83300000 27.83300000 27.83300000 26.94500000 26.96200000 26.84500000 26.90700000 27.13500000 27.13200000 27.33200000
