25.47900000 25.30300000 25.56300000 25.40600000 24.79900000 25.20700000 25.50900000 25.53700000 25.48600000 25.36000000 25.33900000 25.29700000 25.16900000 24.33500000 24.17100000 25.28400000 25.53300000 25.57400000 25.35800000 25.31600000 25.35000000 25.23900000 25.13800000 24.80200000 24.16000000 23.80400000 24.13300000 24.33900000 24.30100000 24.65000000
25.28400000 25.29400000 25.36400000 24.97200000 25.00600000 25.39700000 25.39200000 25.35500000 25.33900000 25.27700000 25.21800000 25.08800000 24.20400000 24.18900000 24.65700000 25.26500000 25.58200000 25.24700000 25.28700000 25.28400000 25.20000000 25.04900000 24.84300000 24.38300000 23.66100000 24.33500000 24.49000000 24.71400000 25.16200000 25.04000000
25.00500000 25.29000000 25.37800000 25.09900000 24.77900000 25.28900000 25.28900000 25.19100000 25.10900000 25.04000000 24.53600000 23.85200000 24.11300000 24.66800000 24.69700000 25.50400000 25.42600000 25.21200000 25.22400000 25.16000000 25.07000000 24.97100000 24.31100000 24.69000000 25.57200000 25.45500000 25.40100000 25.11700000 24.92500000 24.97800000
24.64400000 25.16400000 25.30500000 25.47100000 24.58200000 24.90300000 24.93900000 24.34000000 23.99500000 24.23100000 24.54200000 24.77600000 24.85400000 24.86200000 25.05800000 25.58700000 25.42500000 25.11300000 25.10700000 24.87800000 24.68400000 25.13800000 25.78400000 25.80800000 25.81100000 25.41000000 25.33500000 25.26400000 25.22000000 25.30000000
24.30800000 24.07300000 25.09900000 25.33800000 25.46100000 24.94000000 24.21400000 24.13500000 24.28600000 24.83000000 24.89000000 25.08000000 25.33800000 25.46300000 25.58800000 25.61500000 25.37600000 24.94300000 24.85500000 25.02400000 25.77000000 25.61000000 25.62400000 25.65300000 25.74700000 25.74600000 25.74200000 25.21300000 25.05400000 25.20300000
23.92100000 23.77000000 24.82700000 25.35900000 25.40000000 25.39400000 25.53000000 25.48900000 25.50100000 25.52200000 25.45600000 25.47100000 25.62600000 25.75100000 25.82900000 25.63900000 25.48400000 25.00500000 25.36500000 25.68800000 25.54100000 25.45700000 25.16800000 25.15800000 25.35100000 25.70400000 25.97300000 25.87400000 25.12400000 25.08500000
23.88400000 23.61100000 24.60200000 25.02100000 25.50500000 25.56100000 25.52000000 25.49700000 25.49300000 25.48800000 25.68200000 25.65500000 25.64000000 25.72300000 25.79800000 25.66000000 25.65900000 25.41200000 25.53300000 25.54900000 25.42200000 25.11200000 24.83000000 24.93600000 25.26600000 25.74000000 26.18400000 26.06400000 25.95000000 25.23800000
23.73600000 23.66500000 24.33300000 24.38800000 24.86800000 25.49900000 25.93400000 25.58100000 25.63600000 25.73700000 25.82900000 25.76300000 25.74000000 25.80700000 25.85400000 25.68300000 25.74700000 25.71100000 25.56800000 25.52300000 25.41800000 25.31000000 25.25700000 25.35400000 25.65300000 26.24900000 26.64300000 26.38100000 25.81900000 25.92500000
23.44500000 23.74700000 24.00700000 24.42300000 24.46500000 24.53400000 24.91000000 26.14200000 25.86100000 25.59900000 25.58500000 25.65700000 25.72800000 25.73100000 25.71800000 25.68500000 25.81800000 25.85700000 25.90300000 25.91200000 25.87300000 25.88000000 25.97200000 26.27100000 26.82500000 26.77400000 26.63500000 26.44100000 25.86100000 26.07300000
23.21200000 22.87900000 23.60000000 24.07000000 23.94600000 24.14500000 24.03000000 24.56000000 25.94500000 26.36400000 26.42800000 26.00700000 25.60900000 25.62700000 25.70500000 25.71200000 25.68500000 25.75400000 25.80300000 26.67900000 26.38900000 26.41200000 26.44500000 26.42700000 26.24400000 26.29900000 26.56500000 26.14900000 25.91800000 26.09600000
24.19200000 23.76100000 23.64600000 23.39500000 23.70000000 23.49200000 23.84200000 23.96800000 24.28600000 25.56200000 26.23400000 26.52400000 26.67000000 25.96900000 25.61100000 25.62800000 25.58600000 26.44200000 26.51200000 26.65900000 26.13500000 26.11600000 26.28600000 26.44800000 26.49700000 26.52200000 26.18100000 25.90200000 26.22800000 26.18500000
27.83300000 27.83300000 27.83300000 24.04500000 23.51800000 23.31000000 23.43700000 23.41500000 23.39300000 24.02500000 25.08300000 25.60400000 25.59500000 25.98100000 26.07900000 26.01500000 26.02800000 25.57400000 26.42900000 26.61700000 26.03100000 26.30900000 26.26600000 26.27600000 26.42600000 26.25600000 26.31300000 26.08300000 26.31100000 26.25400000
27.83300000 27.83300000 27.83300000 27.83300000 23.70700000 23.61900000 23.39700000 23.29700000 23.29800000 23.29400000 24.11700000 25.13100000 25.16500000 24.30200000 24.21200000 24.72100000 24.67600000 24.90000000 26.26700000 26.67900000 25.90100000 26.12500000 26.10500000 26.31600000 26.39000000 26.68700000 26.45200000 26.32400000 26.45700000 26.29800000
27.83300000 27.83300000 27.83300000 27.83300000 27.83300000 27.83300000 24.47500000 24.07900000 23.53400000 23.28900000 23.39800000 23.73000000 23.93700000 23.80200000 23.07600000 23.45900000 24.37400000 24.70800000 26.05500000 26.71300000 26.46400000 25.98500000 26.15100000 26.14800000 26.26000000 26.75600000 26.89000000 26.49700000 26.27100000 26.24900000
27.83300000 27.83300000 27.83300000 27.83300000 27.83300000 27.83300000 27.83300000 27.83300000 27.83300000 27.83300000 27.83300000 27.83300000 23.39600000 23.17900000 23.08000000 23.39100000 24.02100000 24.57500000 25.54800000 26.45400000 26.77700000 26.77000000 26.52900000 26.32900000 26.30300000 26.85300000 26.87500000 26.96300000 26.47100000 26.31300000
27.83300000 27.83300000 27.83300000 27.83300000 27.83300000 27.83300000 27.83300000 27.83300000 27.83300000 27.83300000 27.83300000 27.83300000 27.83300000 27.83300000 27.83300000 23.51600000 23.90700000 24.74400000 25.02500000 25.12900000 26.70100000 26.73600000 26.77900000 26.86300000 26.47200000 26.93800000 26.91700000 26.92400000 26.98700000 26.83300000
27.83300000 27.83300000 27.83300000 27.83300000 27.83300000 27.83300000 27.83300000 27.83300000 27.83300000 27.83300000 27.83300000 27.83300000 27.83300000 27.83300000 27.83300000 27.83300000 23.85200000 24.18300000 25.09300000 25.34600000 24.75400000 26.82800000 26.77900000 26.89500000 26.62200000 27.01400000 27.02600000 26.89100000 26.93700000 27.05100000
27.83300000 27.83300000 27.83300000 27.83300000 27.83300000 27.83300000 27.83300000 27.83300000 27.83300000 27.83300000 27.83300000 27.83300000 27.83300000 27.83300000 27.83300000 27.83300000 27.83300000 27.83300000 23.85100000 25.04000000 25.53600000 26.30600000 26.76600000 26.88200000 26.78200000 27.05800000 27.11700000 27.06400000 26.95300000 27.01800000
27.83300000 27.83300000 27.83300000 27.83300000 27.83300000 27.83300000 27.83300000 27.83300000 27.83300000 27.83300000 27.83300000 27.83300000 27.83300000 27.83300000 27.83300000 27.83300000 27.83300000 27.83300000 27.83300000 25.30900000 24.26000000 26.65700000 26.73900000 26.70800000 26.93200000 27.07000000 27.03000000 27.08800000 27.02500000 27.08100000
27.83300000 27.83300000 27.83300000 27.83300000 27.83300000 27.83300000 27.83300000 27.83300000 27.83300000 27.83300000 27.83300000 27.83300000 27.83300000 27.83300000 27.83300000 27.83300000 27.83300000 27.83300000 27.83300000 25.66300000 24.75800000 26.89100000 26.70200000 26.73900000 27.07600000 27.19200000 27.18100000 27.02900000 27.10100000 27.17400000
27.83300000 27.83300000 27.83300000 27.83300000 27.83300000 27.83300000 27.83300000 27.83300000 27.83300000 27.83300000 27.83300000 27.83300000 27.83300000 27.83300000 27.83300000 27.83300000 27.83300000 27.83300000 27.83300000 25.62800000 25.21100000 26.93400000 26.75500000 26.85700000 27.20300000 27.00200000 27.03700000 27.21500000 27.12600000 27.15800000
27.83300000 27.83300000 27.83300000 27.83300000 27.83300000 27.83300000 27.83300000 27.83300000 27.83300000 27.83300000 27.83300000 27.83300000 27.83300000 27.83300000 27.83300000 27.83300000 27.83300000 27.83300000 27.83300000 25.16500000 24.31200000 26.63400000 26.97800000 27.05600000 27.10200000 26.96000000 27.10300000 27.17800000 27.22600000 27.27700000
27.83300000 27.83300000 27.83300000 27.83300000 27.83300000 27.83300000 27.83300000 27.83300000 27.83300000 27.83300000 27.83300000 27.83300000 27.83300000 27.83300000 27.83300000 27.83300000 27.83300000 27.83300000 27.83300000 27.83300000 25.57400000 25.68700000 26.93700000 27.07700000 26.97300000 27.05500000 27.05000000 27.07800000 27.18400000 27.12600000
27.83300000 27.83300000 27.83300000 27.83300000 27.83300000 27.83300000 27.83300000 27.83300000 27.83300000 27.83300000 27.83300000 27.83300000 27.83300000 27.83300000 27.83300000 27.83300000 27.83300000 27.83300000 27.83300000 27.83300000 27.83300000 25.41400000 26.70700000 26.93100000 26.94300000 27.01000000 26.99400000 26.82600000 26.93700000 27.26400000
27.83300000 27.83300000 27.83300000 27.83300000 27.83300000 27.83300000 27.83300000 27.83300000 27.83300000 27.83300000 27.83300000 27.83300000 27.83300000 27.83300000 27.83300000 27.83300000 27.83300000 27.83300000 27.83300000 27.83300000 27.83300000 25.42500000 26.40400000 26.78600000 26.90400000 26.87400000 26.84100000 26.77200000 26.74100000 26.88800000
27.83300000 27.83300000 27.83300000 27.83300000 27.83300000 27.83300000 27.83300000 27.83300000 27.83300000 27.83300000 27.83300000 27.83300000 27.83300000 27.83300000 27.83300000 27.83300000 27.83300000 27.83300000 27.83300000 27.83300000 27.83300000 27.83300000 26.07900000 26.54200000 26.54200000 26.54300000 26.66300000 26.71000000 26.80300000 27.26500000
27.83300000 27.83300000 27.83300000 27.83300000 27.83300000 27.83300000 27.83300000 27.83300000 27.83300000 27.83300000 27.83300000 27.83300000 27.83300000 27.83300000 27.83300000 27.83300000 27.83300000 27.83300000 27.83300000 27.83300000 27.83300000 27.83300000 27.83300000 26.43000000 26.73200000 26.75900000 26.84800000 26.90000000 27.23200000 27.31100000
25.56100000 25.35700000 25.58800000 25.43300000 24.82600000 25.23900000 25.52800000 25.55700000 25.50600000 25.39700000 25.35900000 25.31300000 25.20600000 24.35700000 24.18600000 25.29400000 25.55200000 25.60100000 25.40000000 25.33300000 25.36000000 25.26300000 25.15400000 24.81800000 24.18100000 23.81200000 24.14400000 24.35700000 24.31900000 24.66500000
25.30500000 25.30300000 25.38100000 25.00000000 25.02200000 25.41600000 25.41200000 25.37400000 25.35800000 25.29700000 25.23400000 25.11000000 24.21900000 24.20800000 24.67500000 25.28400000 25.60500000 25.27000000 25.31000000 25.30700000 25.22000000 25.06900000 24.86200000 24.40200000 23.68000000 24.35100000 24.50900000 24.72700000 25.18200000 25.04800000
25.01900000 25.31000000 25.39600000 25.11300000 24.79500000 25.30900000 25.30900000 25.21100000 25.12800000 25.05900000 24.55500000 23.86900000 24.13100000 24.68700000 24.71200000 25.52500000 25.44700000 25.23300000 25.24700000 25.18200000 25.09000000 24.99000000 24.33000000 24.71000000 25.59300000 25.47400000 25.42200000 25.13600000 24.94200000 24.99900000
24.68500000 25.18300000 25.31900000 25.49100000 24.60300000 24.92100000 24.95800000 24.35800000 24.01200000 24.24800000 24.56000000 24.79500000 24.87000000 24.88100000 25.07500000 25.61100000 25.44800000 25.13400000 25.12700000 24.89700000 24.70100000 25.15800000 25.80500000 25.82700000 25.83000000 25.42900000 25.35400000 25.28500000 25.24200000 25.31800000
24.38600000 24.11200000 25.11800000 25.35400000 25.48100000 24.94600000 24.23100000 24.15200000 24.30400000 24.84700000 24.90900000 25.09900000 25.35500000 25.48300000 25.60900000 25.64200000 25.39900000 24.96200000 24.87300000 25.04200000 25.79000000 25.63100000 25.64100000 25.67000000 25.76400000 25.76700000 25.76200000 25.23200000 25.07000000 25.22100000
23.94800000 23.90800000 24.84800000 25.38100000 25.42200000 25.41300000 25.55100000 25.50500000 25.51700000 25.54100000 25.47600000 25.49300000 25.64700000 25.77100000 25.85000000 25.66600000 25.50600000 25.02500000 25.38400000 25.70700000 25.56100000 25.47500000 25.18700000 25.17600000 25.36800000 25.72300000 25.99600000 25.89200000 25.14000000 25.10100000
23.92300000 24.24700000 24.62500000 25.04300000 25.52400000 25.57800000 25.53900000 25.51600000 25.51100000 25.50500000 25.70100000 25.67500000 25.66000000 25.74300000 25.82000000 25.68800000 25.68200000 25.43200000 25.55200000 25.57000000 25.44100000 25.13800000 24.84800000 24.95500000 25.28500000 25.76000000 26.20600000 26.08800000 25.97300000 25.31200000
23.36200000 23.46800000 24.62900000 24.41000000 24.88800000 25.51500000 25.95100000 25.60100000 25.65400000 25.75500000 25.84600000 25.78300000 25.76100000 25.82800000 25.87700000 25.70800000 25.76900000 25.73100000 25.58800000 25.54300000 25.43900000 25.33200000 25.27700000 25.37400000 25.67200000 26.27000000 26.66700000 26.40500000 25.83700000 25.99200000
21.46000000 22.36600000 24.13900000 24.44700000 24.48500000 24.55500000 24.92800000 26.15500000 25.87900000 25.61700000 25.60300000 25.67700000 25.74700000 25.75300000 25.74000000 25.71000000 25.84100000 25.87900000 25.92600000 25.93500000 25.89700000 25.90400000 25.99300000 26.29400000 26.84600000 26.79600000 26.65700000 26.46300000 25.88300000 26.09200000
20.37400000 20.42300000 23.35000000 24.09900000 23.96900000 24.16300000 24.05500000 24.57700000 25.96300000 26.37900000 26.45100000 26.02900000 25.62900000 25.64700000 25.72500000 25.73400000 25.70800000 25.77500000 25.82600000 26.70100000 26.40800000 26.43500000 26.46900000 26.44800000 26.26300000 26.31800000 26.58500000 26.16900000 25.93500000 26.11400000
22.38000000 27.83300000 21.72100000 21.98300000 23.66300000 23.48300000 23.88200000 24.27500000 24.31000000 25.57700000 26.25100000 26.54000000 26.69200000 25.98400000 25.63200000 25.64700000 25.60700000 26.46100000 26.53500000 26.68500000 26.16300000 26.13900000 26.30900000 26.47000000 26.52000000 26.54300000 26.20200000 25.92200000 26.24800000 26.20200000
27.83300000 27.83300000 27.83300000 27.83300000 22.02000000 21.29700000 22.99900000 23.04800000 23.29800000 24.04500000 25.09600000 25.62800000 25.61400000 25.99600000 26.09100000 26.03300000 26.05100000 25.59700000 26.45000000 26.64100000 26.05600000 26.32900000 26.28500000 26.29800000 26.45100000 26.27500000 26.33700000 26.10200000 26.33200000 26.27300000
27.83300000 27.83300000 27.83300000 27.83300000 27.83300000 21.49900000 21.15000000 20.41300000 21.48500000 22.14500000 24.13400000 25.15000000 25.18900000 24.32200000 24.23300000 24.74100000 24.70200000 24.91400000 26.28600000 26.70400000 25.92200000 26.14600000 26.12600000 26.33800000 26.41100000 26.71000000 26.47800000 26.34200000 26.47700000 26.31500000
27.83300000 27.83300000 27.83300000 27.83300000 27.83300000 27.83300000 27.83300000 23.80100000 20.97200000 20.82800000 21.34600000 23.70200000 23.98800000 23.88000000 23.09500000 23.45900000 24.39300000 24.71700000 26.07400000 26.73500000 26.49400000 26.00700000 26.17200000 26.17200000 26.28100000 26.77700000 26.91200000 26.52200000 26.28800000 26.26900000
27.83300000 27.83300000 27.83300000 27.83300000 27.83300000 27.83300000 27.83300000 27.83300000 27.83300000 27.83300000 27.83300000 27.83300000 27.83300000 27.83300000 27.83300000 21.89700000 24.07000000 24.36300000 25.57300000 26.46900000 26.80000000 26.79200000 26.55600000 26.35300000 26.32500000 26.87500000 26.89800000 26.98600000 26.49500000 26.33000000
27.83300000 27.83300000 27.83300000 27.83300000 27.83300000 27.83300000 27.83300000 27.83300000 27.83300000 27.83300000 27.83300000 27.83300000 27.83300000 27.83300000 27.83300000 27.83300000 23.67600000 23.91900000 25.05400000 25.14200000 26.71500000 26.76000000 26.79900000 26.88500000 26.49300000 26.96100000 26.94000000 26.94500000 27.00700000 26.86100000
27.83300000 27.83300000 27.83300000 27.83300000 27.83300000 27.83300000 27.83300000 27.83300000 27.83300000 27.83300000 27.83300000 27.83300000 27.83300000 27.83300000 27.83300000 27.83300000 27.83300000 21.61500000 24.55000000 25.36700000 24.68600000 26.84700000 26.80000000 26.91700000 26.64100000 27.03700000 27.05000000 26.91300000 26.95900000 27.07000000
27.83300000 27.83300000 27.83300000 27.83300000 27.83300000 27.83300000 27.83300000 27.83300000 27.83300000 27.83300000 27.83300000 27.83300000 27.83300000 27.83300000 27.83300000 27.83300000 27.83300000 27.83300000 27.83300000 24.92000000 25.56300000 26.25900000 26.78800000 26.90300000 26.79800000 27.07900000 27.13800000 27.08600000 26.97400000 27.04400000
27.83300000 27.83300000 27.83300000 27.83300000 27.83300000 27.83300000 27.83300000 27.83300000 27.83300000 27.83300000 27.83300000 27.83300000 27.83300000 27.83300000 27.83300000 27.83300000 27.83300000 27.83300000 27.83300000 27.83300000 24.43100000 26.68800000 26.75500000 26.72700000 26.94500000 27.08800000 27.04800000 27.10900000 27.04400000 27.09200000
27.83300000 27.83300000 27.83300000 27.83300000 27.83300000 27.83300000 27.83300000 27.83300000 27.83300000 27.83300000 27.83300000 27.83300000 27.83300000 27.83300000 27.83300000 27.83300000 27.83300000 27.83300000 27.83300000 27.83300000 23.45800000 26.91700000 26.72100000 26.75700000 27.09600000 27.21300000 27.20100000 27.04800000 27.11700000 27.19000000
27.83300000 27.83300000 27.83300000 27.83300000 27.83300000 27.83300000 27.83300000 27.83300000 27.83300000 27.83300000 27.83300000 27.83300000 27.83300000 27.83300000 27.83300000 27.83300000 27.83300000 27.83300000 27.83300000 27.83300000 23.03500000 26.95000000 26.77700000 26.87500000 27.22500000 27.02200000 27.05600000 27.23700000 27.14200000 27.17300000
27.83300000 27.83300000 27.83300000 27.83300000 27.83300000 27.83300000 27.83300000 27.83300000 27.83300000 27.83300000 27.83300000 27.83300000 27.83300000 27.83300000 27.83300000 27.83300000 27.83300000 27.83300000 27.83300000 27.83300000 23.94500000 26.65300000 26.99700000 27.07400000 27.12100000 26.97900000 27.12400000 27.19700000 27.24400000 27.29100000
27.83300000 27.83300000 27.83300000 27.83300000 27.83300000 27.83300000 27.83300000 27.83300000 27.83300000 27.83300000 27.83300000 27.83300000 27.83300000 27.83300000 27.83300000 27.83300000 27.83300000 27.83300000 27.83300000 27.83300000 27.83300000 24.58400000 26.95800000 27.09300000 26.99400000 27.07200000 27.06900000 27.09400000 27.20300000 27.13900000
27.83300000 27.83300000 27.83300000 27.83300000 27.83300000 27.83300000 27.83300000 27.83300000 27.83300000 27.83300000 27.83300000 27.83300000 27.83300000 27.83300000 27.83300000 27.83300000 27.83300000 27.83300000 27.83300000 27.83300000 27.83300000 24.79700000 26.72800000 26.94800000 26.96200000 27.02800000 27.01000000 26.84400000 26.95400000 27.28200000
27.83300000 27.83300000 27.83300000 27.83300000 27.83300000 27.83300000 27.83300000 27.83300000 27.83300000 27.83300000 27.83300000 27.83300000 27.83300000 27.83300000 27.83300000 27.83300000 27.83300000 27.83300000 27.83300000 27.83300000 27.83300000 27.83300000 26.43100000 26.80200000 26.92200000 26.89100000 26.85600000 26.79000000 26.75800000 26.90300000
27.83300000 27.83300000 27.83300000 27.83300000 27.83300000 27.83300000 27.83300000 27.83300000 27.83300000 27.83300000 27.83300000 27.83300000 27.83300000 27.83300000 27.83300000 27.83300000 27.83300000 27.83300000 27.83300000 27.83300000 27.83300000 27.83300000 26.08900000 26.56200000 26.55700000 26.56000000 26.67800000 26.72200000 26.83200000 27.28600000
27.83300000 27.83300000 27.83300000 27.83300000 27.83300000 27.83300000 27.83300000 27.83300000 27.83300000 27.83300000 27.83300000 27.83300000 27.83300000 27.83300000 27.83300000 27.83300000 27.83300000 27.83300000 27.83300000 27.83300000 27.83300000 27.83300000 27.83300000 26.46800000 26.75100000 26.77300000 26.86500000 26.91200000 27.26800000 27.33300000
