36.99900000 36.93000000 36.98400000 36.94100000 36.94600000 37.13400000 37.21700000 37.27400000 37.25700000 37.21700000 37.14700000 37.03200000 36.89800000 36.63600000 36.53500000 36.84000000 36.93300000 37.02500000 36.99400000 37.06100000 37.03300000 37.01700000 36.89400000 36.71200000 36.51500000 36.27500000 36.44700000 36.44100000 36.38000000 36.41300000
36.99100000 37.03700000 36.92200000 36.97100000 37.09000000 37.21200000 37.23100000 37.20900000 37.18200000 37.12900000 37.03100000 36.91600000 36.65100000 36.58400000 36.78800000 36.92200000 37.08200000 36.98900000 37.06900000 37.06700000 37.01700000 36.91300000 36.80100000 36.65600000 36.37000000 36.61800000 36.63700000 36.71200000 36.96700000 36.96300000
36.91800000 37.01900000 36.89100000 36.94000000 36.99000000 37.16500000 37.16600000 37.11700000 37.05400000 36.99700000 36.80900000 36.43900000 36.55300000 36.83600000 36.81600000 36.97400000 37.07700000 36.96100000 37.03900000 37.01200000 36.94400000 36.86700000 36.65000000 36.74200000 37.10500000 37.04200000 37.04600000 36.97500000 36.90100000 36.86900000
36.59400000 37.02900000 36.87200000 36.91900000 36.88500000 37.02100000 37.01700000 36.73400000 36.49500000 36.67000000 36.83200000 36.90300000 36.89200000 36.87800000 36.87700000 37.02800000 37.04700000 36.92000000 36.96500000 36.88900000 36.78000000 36.93100000 37.22400000 37.24800000 37.22200000 37.02700000 37.04300000 37.02700000 37.00100000 36.94100000
36.51100000 36.12600000 36.99200000 36.83900000 36.92100000 36.96400000 36.68400000 36.62100000 36.73800000 36.94600000 36.89800000 36.89200000 36.91700000 36.93300000 36.96200000 37.03300000 37.01400000 36.82600000 36.80000000 36.86400000 37.20600000 37.22500000 37.21500000 37.22100000 37.23800000 37.25000000 37.19200000 36.91900000 36.75000000 36.72700000
36.34500000 35.71200000 36.93700000 36.97800000 36.87300000 36.83300000 36.93100000 36.93900000 36.93700000 36.91200000 36.85500000 36.85100000 36.92500000 37.00600000 37.03800000 37.00900000 37.07500000 36.88300000 37.06000000 37.18900000 37.19600000 37.15500000 37.06600000 37.06600000 37.14500000 37.21000000 37.27500000 37.25200000 36.79000000 36.56100000
36.04700000 35.33400000 36.84000000 36.99100000 37.11000000 37.00900000 36.90500000 36.86600000 36.85500000 36.85700000 36.98600000 36.99000000 36.99300000 37.01500000 37.03500000 37.01600000 37.18900000 37.09100000 37.13000000 37.18800000 37.15100000 37.02500000 36.94400000 36.96400000 37.11600000 37.20700000 37.28200000 37.29900000 37.26800000 36.70700000
35.59000000 35.33900000 36.29000000 36.68100000 36.90000000 37.13000000 37.19400000 36.90700000 36.92400000 36.96600000 37.01500000 36.98400000 37.00300000 37.05400000 37.06900000 37.06300000 37.22400000 37.19500000 37.13900000 37.15400000 37.15100000 37.10200000 37.07800000 37.13500000 37.18400000 37.27500000 37.41100000 37.37300000 37.26100000 37.19800000
35.29800000 35.81200000 36.29700000 36.72300000 36.77300000 36.68000000 36.91500000 37.31500000 37.07800000 36.89300000 36.88100000 36.92700000 36.95500000 36.97700000 36.97800000 37.06900000 37.23600000 37.24800000 37.25800000 37.25600000 37.23600000 37.23400000 37.22200000 37.24900000 37.46000000 37.46900000 37.46700000 37.40100000 37.27800000 37.26400000
35.29600000 35.20800000 35.91100000 36.38600000 36.38900000 36.60300000 36.42500000 36.74400000 37.28600000 37.38600000 37.38600000 37.14500000 36.94300000 36.96600000 36.95500000 36.98600000 37.07700000 37.06600000 37.01400000 37.43600000 37.37400000 37.40200000 37.40400000 37.39900000 37.37100000 37.39400000 37.45200000 37.32400000 37.25400000 37.25600000
34.61100000 34.76900000 34.83300000 34.97900000 36.16400000 36.11500000 36.40900000 36.12500000 36.55200000 37.19300000 37.33100000 37.39500000 37.43000000 37.10100000 36.95700000 37.00000000 36.95700000 37.37500000 37.34200000 37.36700000 37.29300000 37.31600000 37.37100000 37.40400000 37.41400000 37.42300000 37.32500000 37.26400000 37.32300000 37.22400000
37.59700000 37.59700000 37.59700000 35.06300000 35.37300000 35.77400000 36.03600000 35.97600000 35.69900000 36.35500000 37.06300000 37.18500000 37.17900000 37.27600000 37.27600000 37.23300000 37.24100000 37.02100000 37.32100000 37.35100000 37.26200000 37.35600000 37.32000000 37.26800000 37.30300000 37.31400000 37.33700000 37.26700000 37.34300000 37.20400000
37.59700000 37.59700000 37.59700000 37.59700000 35.21900000 35.30700000 35.56600000 35.53100000 35.66700000 35.61200000 36.53000000 37.10500000 37.08400000 36.63600000 36.57400000 36.89200000 36.77900000 36.56100000 37.26100000 37.36200000 37.21700000 37.26800000 37.24300000 37.22000000 37.27100000 37.36000000 37.34400000 37.34300000 37.39300000 37.20500000
37.59700000 37.59700000 37.59700000 37.59700000 37.59700000 37.59700000 35.28100000 35.33800000 35.42000000 35.50300000 35.77300000 36.35300000 36.44900000 36.42300000 36.15700000 36.22300000 36.76600000 36.39900000 37.19600000 37.34600000 37.31100000 37.18000000 37.20200000 37.19100000 37.27300000 37.36800000 37.45700000 37.36300000 37.33400000 37.23600000
37.59700000 37.59700000 37.59700000 37.59700000 37.59700000 37.59700000 37.59700000 37.59700000 37.59700000 37.59700000 37.59700000 37.59700000 35.67500000 35.80200000 36.09200000 36.15100000 36.57900000 36.19900000 37.05400000 37.27200000 37.35100000 37.36900000 37.31500000 37.26300000 37.29700000 37.36700000 37.41000000 37.49000000 37.35600000 37.33400000
37.59700000 37.59700000 37.59700000 37.59700000 37.59700000 37.59700000 37.59700000 37.59700000 37.59700000 37.59700000 37.59700000 37.59700000 37.59700000 37.59700000 37.59700000 36.00500000 36.25400000 36.12600000 36.61600000 36.95500000 37.30400000 37.37200000 37.39500000 37.40100000 37.34300000 37.35200000 37.38700000 37.48100000 37.51600000 37.47100000
37.59700000 37.59700000 37.59700000 37.59700000 37.59700000 37.59700000 37.59700000 37.59700000 37.59700000 37.59700000 37.59700000 37.59700000 37.59700000 37.59700000 37.59700000 37.59700000 36.00800000 36.05600000 36.63000000 36.96000000 36.93800000 37.34400000 37.41400000 37.41600000 37.38000000 37.32200000 37.36700000 37.37700000 37.43500000 37.55100000
37.59700000 37.59700000 37.59700000 37.59700000 37.59700000 37.59700000 37.59700000 37.59700000 37.59700000 37.59700000 37.59700000 37.59700000 37.59700000 37.59700000 37.59700000 37.59700000 37.59700000 37.59700000 35.96800000 36.68300000 37.05700000 37.10300000 37.42800000 37.42000000 37.33800000 37.32500000 37.35600000 37.37800000 37.34100000 37.42300000
37.59700000 37.59700000 37.59700000 37.59700000 37.59700000 37.59700000 37.59700000 37.59700000 37.59700000 37.59700000 37.59700000 37.59700000 37.59700000 37.59700000 37.59700000 37.59700000 37.59700000 37.59700000 37.59700000 36.56800000 36.84700000 37.23200000 37.42700000 37.41900000 37.29300000 37.35500000 37.34700000 37.37300000 37.34000000 37.33400000
37.59700000 37.59700000 37.59700000 37.59700000 37.59700000 37.59700000 37.59700000 37.59700000 37.59700000 37.59700000 37.59700000 37.59700000 37.59700000 37.59700000 37.59700000 37.59700000 37.59700000 37.59700000 37.59700000 36.75800000 36.76600000 37.34200000 37.42400000 37.37500000 37.35300000 37.40800000 37.40200000 37.35600000 37.36700000 37.32900000
37.59700000 37.59700000 37.59700000 37.59700000 37.59700000 37.59700000 37.59700000 37.59700000 37.59700000 37.59700000 37.59700000 37.59700000 37.59700000 37.59700000 37.59700000 37.59700000 37.59700000 37.59700000 37.59700000 36.76800000 36.77100000 37.34700000 37.37700000 37.30000000 37.40500000 37.38100000 37.39300000 37.42900000 37.36500000 37.34100000
37.59700000 37.59700000 37.59700000 37.59700000 37.59700000 37.59700000 37.59700000 37.59700000 37.59700000 37.59700000 37.59700000 37.59700000 37.59700000 37.59700000 37.59700000 37.59700000 37.59700000 37.59700000 37.59700000 36.37200000 36.67900000 37.22600000 37.33800000 37.34700000 37.36800000 37.38600000 37.36700000 37.36400000 37.41700000 37.37900000
37.59700000 37.59700000 37.59700000 37.59700000 37.59700000 37.59700000 37.59700000 37.59700000 37.59700000 37.59700000 37.59700000 37.59700000 37.59700000 37.59700000 37.59700000 37.59700000 37.59700000 37.59700000 37.59700000 37.59700000 36.67600000 36.81100000 37.33000000 37.37000000 37.35300000 37.34900000 37.32300000 37.31500000 37.33800000 37.33800000
37.59700000 37.59700000 37.59700000 37.59700000 37.59700000 37.59700000 37.59700000 37.59700000 37.59700000 37.59700000 37.59700000 37.59700000 37.59700000 37.59700000 37.59700000 37.59700000 37.59700000 37.59700000 37.59700000 37.59700000 37.59700000 36.70800000 37.23700000 37.31400000 37.33600000 37.33400000 37.31600000 37.30000000 37.28100000 37.31200000
37.59700000 37.59700000 37.59700000 37.59700000 37.59700000 37.59700000 37.59700000 37.59700000 37.59700000 37.59700000 37.59700000 37.59700000 37.59700000 37.59700000 37.59700000 37.59700000 37.59700000 37.59700000 37.59700000 37.59700000 37.59700000 36.48300000 37.09700000 37.25400000 37.30500000 37.30500000 37.28900000 37.26900000 37.26700000 37.26200000
37.59700000 37.59700000 37.59700000 37.59700000 37.59700000 37.59700000 37.59700000 37.59700000 37.59700000 37.59700000 37.59700000 37.59700000 37.59700000 37.59700000 37.59700000 37.59700000 37.59700000 37.59700000 37.59700000 37.59700000 37.59700000 37.59700000 36.70300000 37.11600000 37.16300000 37.16500000 37.20500000 37.20100000 37.24800000 37.29300000
37.59700000 37.59700000 37.59700000 37.59700000 37.59700000 37.59700000 37.59700000 37.59700000 37.59700000 37.59700000 37.59700000 37.59700000 37.59700000 37.59700000 37.59700000 37.59700000 37.59700000 37.59700000 37.59700000 37.59700000 37.59700000 37.59700000 37.59700000 36.89300000 37.17500000 37.19200000 37.21600000 37.24600000 37.27700000 37.28600000
36.99400000 36.92900000 36.98300000 36.94000000 36.94500000 37.13300000 37.21900000 37.27300000 37.25700000 37.21800000 37.14800000 37.03300000 36.90000000 36.63600000 36.53500000 36.83900000 36.93200000 37.02400000 36.99300000 37.06100000 37.03300000 37.01800000 36.89400000 36.71000000 36.51400000 36.27500000 36.44600000 36.44000000 36.37900000 36.41300000
36.99000000 37.03600000 36.92100000 36.97000000 37.08800000 37.21100000 37.23100000 37.20800000 37.18100000 37.12800000 37.03100000 36.91500000 36.65100000 36.58300000 36.78700000 36.92100000 37.08100000 36.98800000 37.06700000 37.06600000 37.01600000 36.91200000 36.80100000 36.65500000 36.37000000 36.61700000 36.63600000 36.71100000 36.96700000 36.96200000
36.91700000 37.01800000 36.89000000 36.93900000 36.98800000 37.16400000 37.16600000 37.11600000 37.05300000 36.99600000 36.80800000 36.43900000 36.55100000 36.83500000 36.81600000 36.97300000 37.07600000 36.96000000 37.03800000 37.01100000 36.94300000 36.86600000 36.64900000 36.74100000 37.10400000 37.04100000 37.04500000 36.97400000 36.90000000 36.86800000
36.59400000 37.02800000 36.87100000 36.91800000 36.88500000 37.02000000 37.01600000 36.73400000 36.49400000 36.66900000 36.83100000 36.90300000 36.89200000 36.87700000 36.87600000 37.02600000 37.04600000 36.91800000 36.96400000 36.88800000 36.78000000 36.93000000 37.22300000 37.24700000 37.22100000 37.02600000 37.04200000 37.02600000 37.00100000 36.94000000
36.51500000 36.13500000 36.99100000 36.83800000 36.91900000 36.96400000 36.68300000 36.62000000 36.73800000 36.94600000 36.89700000 36.89100000 36.91600000 36.93200000 36.96000000 37.03100000 37.01300000 36.82500000 36.79900000 36.86200000 37.20500000 37.22500000 37.21400000 37.22000000 37.23700000 37.24900000 37.19200000 36.91800000 36.75000000 36.72600000
36.34900000 35.83600000 36.93500000 36.97700000 36.87300000 36.83200000 36.93000000 36.93900000 36.93600000 36.91100000 36.85400000 36.85000000 36.92400000 37.00500000 37.03700000 37.00800000 37.07400000 36.88300000 37.06000000 37.18800000 37.19500000 37.15400000 37.06500000 37.06600000 37.14400000 37.20900000 37.27400000 37.25100000 36.79000000 36.56000000
36.05100000 36.12200000 36.83900000 36.99000000 37.10800000 37.00900000 36.90400000 36.86500000 36.85500000 36.85600000 36.98400000 36.98900000 36.99200000 37.01300000 37.03400000 37.01500000 37.18800000 37.09000000 37.13000000 37.18700000 37.15100000 37.02500000 36.94400000 36.96400000 37.11500000 37.20600000 37.28100000 37.29800000 37.26700000 36.74700000
35.89600000 35.83700000 36.48800000 36.67900000 36.89800000 37.12900000 37.19300000 36.90600000 36.92300000 36.96500000 37.01500000 36.98300000 37.00200000 37.05300000 37.06800000 37.06200000 37.22400000 37.19400000 37.13900000 37.15300000 37.15100000 37.10200000 37.07800000 37.13400000 37.18300000 37.27400000 37.41000000 37.37200000 37.26100000 37.21500000
35.83000000 35.93800000 36.35500000 36.72300000 36.77100000 36.68000000 36.91300000 37.31300000 37.07700000 36.89200000 36.88000000 36.92600000 36.95400000 36.97600000 36.97700000 37.06700000 37.23500000 37.24700000 37.25700000 37.25500000 37.23500000 37.23300000 37.22100000 37.24800000 37.45800000 37.46800000 37.46600000 37.40000000 37.27700000 37.26300000
35.69300000 35.80400000 36.33300000 36.38700000 36.39000000 36.60200000 36.42700000 36.74300000 37.28500000 37.38400000 37.38500000 37.14500000 36.94200000 36.96500000 36.95400000 36.98400000 37.07500000 37.06600000 37.01300000 37.43500000 37.37300000 37.40000000 37.40300000 37.39800000 37.37000000 37.39300000 37.45100000 37.32300000 37.25300000 37.25500000
35.40500000 37.59700000 35.55000000 35.70300000 36.25600000 36.15700000 36.42500000 36.35400000 36.55300000 37.19000000 37.33000000 37.39400000 37.42800000 37.10000000 36.95600000 36.99800000 36.95600000 37.37400000 37.34100000 37.36600000 37.29200000 37.31400000 37.37000000 37.40300000 37.41300000 37.42200000 37.32400000 37.26300000 37.32200000 37.22300000
37.59700000 37.59700000 37.59700000 37.59700000 35.72000000 36.05200000 36.39400000 36.53100000 36.18700000 36.35400000 37.05900000 37.18400000 37.17700000 37.27500000 37.27600000 37.23200000 37.23800000 37.02000000 37.32000000 37.35000000 37.26100000 37.35500000 37.31900000 37.26700000 37.30200000 37.31300000 37.33600000 37.26700000 37.34200000 37.20300000
37.59700000 37.59700000 37.59700000 37.59700000 37.59700000 35.60200000 35.84300000 35.97200000 36.26800000 35.78000000 36.53500000 37.10300000 37.08300000 36.63600000 36.57300000 36.89100000 36.78000000 36.56100000 37.26000000 37.36100000 37.21600000 37.26700000 37.24300000 37.21900000 37.27000000 37.35800000 37.34300000 37.34200000 37.39200000 37.20400000
37.59700000 37.59700000 37.59700000 37.59700000 37.59700000 37.59700000 37.59700000 35.45400000 35.69400000 35.78900000 35.85500000 36.46700000 36.49900000 36.44800000 36.15700000 36.22200000 36.76400000 36.39700000 37.19500000 37.34500000 37.31000000 37.17900000 37.20100000 37.19000000 37.27100000 37.36600000 37.45600000 37.36200000 37.33300000 37.23600000
37.59700000 37.59700000 37.59700000 37.59700000 37.59700000 37.59700000 37.59700000 37.59700000 37.59700000 37.59700000 37.59700000 37.59700000 37.59700000 37.59700000 37.59700000 36.18600000 36.59500000 36.26100000 37.05200000 37.27100000 37.35000000 37.36800000 37.31400000 37.26200000 37.29600000 37.36500000 37.40800000 37.48800000 37.35500000 37.33300000
37.59700000 37.59700000 37.59700000 37.59700000 37.59700000 37.59700000 37.59700000 37.59700000 37.59700000 37.59700000 37.59700000 37.59700000 37.59700000 37.59700000 37.59700000 37.59700000 36.28700000 36.32700000 36.61300000 36.95100000 37.30200000 37.37100000 37.39400000 37.40000000 37.34200000 37.35100000 37.38500000 37.48000000 37.51600000 37.47100000
37.59700000 37.59700000 37.59700000 37.59700000 37.59700000 37.59700000 37.59700000 37.59700000 37.59700000 37.59700000 37.59700000 37.59700000 37.59700000 37.59700000 37.59700000 37.59700000 37.59700000 36.40900000 36.61900000 36.95600000 36.91700000 37.34300000 37.41300000 37.41400000 37.37900000 37.32100000 37.36600000 37.37600000 37.43400000 37.55100000
37.59700000 37.59700000 37.59700000 37.59700000 37.59700000 37.59700000 37.59700000 37.59700000 37.59700000 37.59700000 37.59700000 37.59700000 37.59700000 37.59700000 37.59700000 37.59700000 37.59700000 37.59700000 37.59700000 36.65200000 37.05500000 37.07700000 37.42600000 37.41900000 37.33800000 37.32400000 37.35500000 37.37700000 37.34000000 37.42300000
37.59700000 37.59700000 37.59700000 37.59700000 37.59700000 37.59700000 37.59700000 37.59700000 37.59700000 37.59700000 37.59700000 37.59700000 37.59700000 37.59700000 37.59700000 37.59700000 37.59700000 37.59700000 37.59700000 37.59700000 36.86800000 37.23000000 37.42600000 37.41800000 37.29200000 37.35400000 37.34600000 37.37200000 37.33900000 37.33300000
37.59700000 37.59700000 37.59700000 37.59700000 37.59700000 37.59700000 37.59700000 37.59700000 37.59700000 37.59700000 37.59700000 37.59700000 37.59700000 37.59700000 37.59700000 37.59700000 37.59700000 37.59700000 37.59700000 37.59700000 36.65500000 37.34100000 37.42300000 37.37500000 37.35200000 37.40700000 37.40100000 37.35500000 37.36700000 37.32800000
37.59700000 37.59700000 37.59700000 37.59700000 37.59700000 37.59700000 37.59700000 37.59700000 37.59700000 37.59700000 37.59700000 37.59700000 37.59700000 37.59700000 37.59700000 37.59700000 37.59700000 37.59700000 37.59700000 37.59700000 36.54800000 37.34600000 37.37600000 37.29900000 37.40400000 37.38000000 37.39300000 37.42900000 37.36500000 37.34000000
37.59700000 37.59700000 37.59700000 37.59700000 37.59700000 37.59700000 37.59700000 37.59700000 37.59700000 37.59700000 37.59700000 37.59700000 37.59700000 37.59700000 37.59700000 37.59700000 37.59700000 37.59700000 37.59700000 37.59700000 36.73000000 37.22400000 37.33700000 37.34600000 37.36700000 37.38500000 37.36600000 37.36300000 37.41600000 37.37800000
37.59700000 37.59700000 37.59700000 37.59700000 37.59700000 37.59700000 37.59700000 37.59700000 37.59700000 37.59700000 37.59700000 37.59700000 37.59700000 37.59700000 37.59700000 37.59700000 37.59700000 37.59700000 37.59700000 37.59700000 37.59700000 36.70100000 37.32900000 37.36900000 37.35200000 37.34800000 37.32100000 37.31400000 37.33700000 37.33400000
37.59700000 37.59700000 37.59700000 37.59700000 37.59700000 37.59700000 37.59700000 37.59700000 37.59700000 37.59700000 37.59700000 37.59700000 37.59700000 37.59700000 37.59700000 37.59700000 37.59700000 37.59700000 37.59700000 37.59700000 37.59700000 36.67500000 37.23500000 37.31200000 37.33500000 37.33300000 37.31400000 37.29900000 37.28000000 37.31100000
37.59700000 37.59700000 37.59700000 37.59700000 37.59700000 37.59700000 37.59700000 37.59700000 37.59700000 37.59700000 37.59700000 37.59700000 37.59700000 37.59700000 37.59700000 37.59700000 37.59700000 37.59700000 37.59700000 37.59700000 37.59700000 37.59700000 37.09500000 37.25300000 37.30400000 37.30400000 37.28800000 37.26800000 37.26600000 37.26100000
37.59700000 37.59700000 37.59700000 37.59700000 37.59700000 37.59700000 37.59700000 37.59700000 37.59700000 37.59700000 37.59700000 37.59700000 37.59700000 37.59700000 37.59700000 37.59700000 37.59700000 37.59700000 37.59700000 37.59700000 37.59700000 37.59700000 36.69700000 37.11500000 37.16100000 37.16300000 37.20400000 37.20000000 37.24500000 37.29100000
37.59700000 37.59700000 37.59700000 37.59700000 37.59700000 37.59700000 37.59700000 37.59700000 37.59700000 37.59700000 37.59700000 37.59700000 37.59700000 37.59700000 37.59700000 37.59700000 37.59700000 37.59700000 37.59700000 37.59700000 37.59700000 37.59700000 37.59700000 36.88400000 37.17400000 37.19100000 37.21500000 37.24400000 37.27600000 37.28500000
