36.99900000 36.93000000 36.98300000 36.94100000 36.94800000 37.13700000 37.22200000 37.27400000 37.25700000 37.21700000 37.14600000 37.03200000 36.89700000 36.64000000 36.53600000 36.84000000 36.93300000 37.02400000 36.99500000 37.06100000 37.03300000 37.01600000 36.89300000 36.71200000 36.51700000 36.27300000 36.44800000 36.44200000 36.37800000 36.41800000
36.99100000 37.03800000 36.92100000 36.97400000 37.09900000 37.21300000 37.23100000 37.20900000 37.18100000 37.12800000 37.03100000 36.91500000 36.65100000 36.58900000 36.78800000 36.92300000 37.08300000 36.98900000 37.07000000 37.06700000 37.01600000 36.91300000 36.79900000 36.65800000 36.36800000 36.61600000 36.63700000 36.70500000 36.96500000 36.96700000
36.92400000 37.01600000 36.89000000 36.94200000 37.00300000 37.16600000 37.16700000 37.11600000 37.05300000 36.99600000 36.81600000 36.44000000 36.55400000 36.83700000 36.81700000 36.97500000 37.07700000 36.96200000 37.04000000 37.01300000 36.94400000 36.86700000 36.65300000 36.73600000 37.10700000 37.04300000 37.04600000 36.97600000 36.90200000 36.86900000
36.58600000 37.02800000 36.87200000 36.92000000 36.87700000 37.03100000 37.01700000 36.73600000 36.49500000 36.67000000 36.83000000 36.90300000 36.89300000 36.87800000 36.87700000 37.02900000 37.04600000 36.92200000 36.96700000 36.88900000 36.77900000 36.92600000 37.22500000 37.24900000 37.22100000 37.02600000 37.04400000 37.02600000 37.00200000 36.94000000
36.50600000 36.13400000 36.99400000 36.83900000 36.92100000 36.96400000 36.68000000 36.61600000 36.73200000 36.94600000 36.89900000 36.89200000 36.91600000 36.93200000 36.96100000 37.03300000 37.01200000 36.82800000 36.80600000 36.85500000 37.20600000 37.22700000 37.21500000 37.22100000 37.23800000 37.25000000 37.19500000 36.91900000 36.75000000 36.72600000
36.34200000 35.70900000 36.93900000 36.98100000 36.87700000 36.83200000 36.93100000 36.93900000 36.93700000 36.91300000 36.85600000 36.85000000 36.92100000 37.00400000 37.03800000 37.00900000 37.07200000 36.87800000 37.05800000 37.19100000 37.19600000 37.15500000 37.06600000 37.06700000 37.14500000 37.20900000 37.27500000 37.25200000 36.78900000 36.56100000
36.04700000 35.33600000 36.83600000 36.98800000 37.11200000 37.01400000 36.90700000 36.86700000 36.85700000 36.85700000 36.98400000 36.99100000 36.99300000 37.01400000 37.03400000 37.01500000 37.18700000 37.08600000 37.13200000 37.18900000 37.15100000 37.02500000 36.94300000 36.96500000 37.11600000 37.20600000 37.28200000 37.30000000 37.26800000 36.70500000
35.57500000 35.35500000 36.31700000 36.68500000 36.90800000 37.12800000 37.19800000 36.90900000 36.92400000 36.96600000 37.01500000 36.98400000 37.00300000 37.05300000 37.06900000 37.06000000 37.22400000 37.19400000 37.13800000 37.15600000 37.15200000 37.10100000 37.07800000 37.13500000 37.18400000 37.27400000 37.41400000 37.37400000 37.26200000 37.19300000
35.30100000 35.82400000 36.30200000 36.71600000 36.77900000 36.68200000 36.91600000 37.31600000 37.08800000 36.89700000 36.88000000 36.92700000 36.95500000 36.97900000 36.98000000 37.07000000 37.23600000 37.24700000 37.25700000 37.25500000 37.23400000 37.23300000 37.22300000 37.25000000 37.46000000 37.46900000 37.46700000 37.40300000 37.27900000 37.26400000
35.30000000 35.21000000 35.93300000 36.39600000 36.38300000 36.61500000 36.42100000 36.73900000 37.28300000 37.38500000 37.39200000 37.15200000 36.94300000 36.96700000 36.95500000 36.98600000 37.07900000 37.06900000 37.01200000 37.43700000 37.37300000 37.40100000 37.40200000 37.39800000 37.37100000 37.39300000 37.45200000 37.32400000 37.25400000 37.25600000
34.61200000 34.79500000 34.83600000 34.98500000 36.17000000 36.12200000 36.40300000 36.12500000 36.55400000 37.19300000 37.33100000 37.39600000 37.42800000 37.09400000 36.95900000 37.00100000 36.95800000 37.37700000 37.34200000 37.36800000 37.29500000 37.31500000 37.37100000 37.40400000 37.41400000 37.42300000 37.32500000 37.26500000 37.32300000 37.22400000
37.59700000 37.59700000 37.59700000 35.06100000 35.38800000 35.77800000 36.03700000 35.98100000 35.69900000 36.35900000 37.06400000 37.18300000 37.17800000 37.27600000 37.27300000 37.23200000 37.24300000 37.03500000 37.32100000 37.35100000 37.26200000 37.35600000 37.31900000 37.26900000 37.30400000 37.31500000 37.33600000 37.26700000 37.34100000 37.20400000
37.59700000 37.59700000 37.59700000 37.59700000 35.22300000 35.31200000 35.56900000 35.53300000 35.67000000 35.61100000 36.53000000 37.10500000 37.08300000 36.63200000 36.58200000 36.89000000 36.78400000 36.56600000 37.25900000 37.36300000 37.21700000 37.26900000 37.24400000 37.22000000 37.27200000 37.36000000 37.34200000 37.34500000 37.39200000 37.20400000
37.59700000 37.59700000 37.59700000 37.59700000 37.59700000 37.59700000 35.28100000 35.33900000 35.42300000 35.50300000 35.77000000 36.35500000 36.44900000 36.43300000 36.15800000 36.22500000 36.76800000 36.41000000 37.19600000 37.34600000 37.31300000 37.18100000 37.20300000 37.19100000 37.27300000 37.36800000 37.45700000 37.36100000 37.33700000 37.23500000
37.59700000 37.59700000 37.59700000 37.59700000 37.59700000 37.59700000 37.59700000 37.59700000 37.59700000 37.59700000 37.59700000 37.59700000 35.67500000 35.80200000 36.09300000 36.15300000 36.57800000 36.20500000 37.06100000 37.27200000 37.35100000 37.37000000 37.31200000 37.26200000 37.29800000 37.36600000 37.41000000 37.49000000 37.35300000 37.33600000
37.59700000 37.59700000 37.59700000 37.59700000 37.59700000 37.59700000 37.59700000 37.59700000 37.59700000 37.59700000 37.59700000 37.59700000 37.59700000 37.59700000 37.59700000 36.00900000 36.25400000 36.13100000 36.62600000 36.95200000 37.30700000 37.37400000 37.39600000 37.40100000 37.34300000 37.35300000 37.38700000 37.48100000 37.51600000 37.46900000
37.59700000 37.59700000 37.59700000 37.59700000 37.59700000 37.59700000 37.59700000 37.59700000 37.59700000 37.59700000 37.59700000 37.59700000 37.59700000 37.59700000 37.59700000 37.59700000 36.01100000 36.06100000 36.62900000 36.96900000 36.94000000 37.34400000 37.41500000 37.41600000 37.38000000 37.32300000 37.36800000 37.37700000 37.43600000 37.55100000
37.59700000 37.59700000 37.59700000 37.59700000 37.59700000 37.59700000 37.59700000 37.59700000 37.59700000 37.59700000 37.59700000 37.59700000 37.59700000 37.59700000 37.59700000 37.59700000 37.59700000 37.59700000 35.97900000 36.69400000 37.05600000 37.10400000 37.42800000 37.42100000 37.33900000 37.32500000 37.35700000 37.37800000 37.34200000 37.42200000
37.59700000 37.59700000 37.59700000 37.59700000 37.59700000 37.59700000 37.59700000 37.59700000 37.59700000 37.59700000 37.59700000 37.59700000 37.59700000 37.59700000 37.59700000 37.59700000 37.59700000 37.59700000 37.59700000 36.56500000 36.85500000 37.22900000 37.42700000 37.41900000 37.29300000 37.35500000 37.34700000 37.37300000 37.33900000 37.33500000
37.59700000 37.59700000 37.59700000 37.59700000 37.59700000 37.59700000 37.59700000 37.59700000 37.59700000 37.59700000 37.59700000 37.59700000 37.59700000 37.59700000 37.59700000 37.59700000 37.59700000 37.59700000 37.59700000 36.76600000 36.76700000 37.34300000 37.42400000 37.37400000 37.35500000 37.40900000 37.40300000 37.35600000 37.36700000 37.32900000
37.59700000 37.59700000 37.59700000 37.59700000 37.59700000 37.59700000 37.59700000 37.59700000 37.59700000 37.59700000 37.59700000 37.59700000 37.59700000 37.59700000 37.59700000 37.59700000 37.59700000 37.59700000 37.59700000 36.77200000 36.77600000 37.34700000 37.37800000 37.29900000 37.40500000 37.38200000 37.39400000 37.43000000 37.36400000 37.34000000
37.59700000 37.59700000 37.59700000 37.59700000 37.59700000 37.59700000 37.59700000 37.59700000 37.59700000 37.59700000 37.59700000 37.59700000 37.59700000 37.59700000 37.59700000 37.59700000 37.59700000 37.59700000 37.59700000 36.36800000 36.67800000 37.23000000 37.33800000 37.34700000 37.36900000 37.38600000 37.36800000 37.36400000 37.41800000 37.37900000
37.59700000 37.59700000 37.59700000 37.59700000 37.59700000 37.59700000 37.59700000 37.59700000 37.59700000 37.59700000 37.59700000 37.59700000 37.59700000 37.59700000 37.59700000 37.59700000 37.59700000 37.59700000 37.59700000 37.59700000 36.67900000 36.81700000 37.33000000 37.37100000 37.35400000 37.34900000 37.32200000 37.31400000 37.33800000 37.33800000
37.59700000 37.59700000 37.59700000 37.59700000 37.59700000 37.59700000 37.59700000 37.59700000 37.59700000 37.59700000 37.59700000 37.59700000 37.59700000 37.59700000 37.59700000 37.59700000 37.59700000 37.59700000 37.59700000 37.59700000 37.59700000 36.70900000 37.23900000 37.31400000 37.33700000 37.33500000 37.31600000 37.30000000 37.28100000 37.31100000
37.59700000 37.59700000 37.59700000 37.59700000 37.59700000 37.59700000 37.59700000 37.59700000 37.59700000 37.59700000 37.59700000 37.59700000 37.59700000 37.59700000 37.59700000 37.59700000 37.59700000 37.59700000 37.59700000 37.59700000 37.59700000 36.48700000 37.09700000 37.25400000 37.30500000 37.30600000 37.28900000 37.26900000 37.26500000 37.26200000
37.59700000 37.59700000 37.59700000 37.59700000 37.59700000 37.59700000 37.59700000 37.59700000 37.59700000 37.59700000 37.59700000 37.59700000 37.59700000 37.59700000 37.59700000 37.59700000 37.59700000 37.59700000 37.59700000 37.59700000 37.59700000 37.59700000 36.71300000 37.11600000 37.15700000 37.16400000 37.20400000 37.20200000 37.24800000 37.29200000
37.59700000 37.59700000 37.59700000 37.59700000 37.59700000 37.59700000 37.59700000 37.59700000 37.59700000 37.59700000 37.59700000 37.59700000 37.59700000 37.59700000 37.59700000 37.59700000 37.59700000 37.59700000 37.59700000 37.59700000 37.59700000 37.59700000 37.59700000 36.91000000 37.17500000 37.19400000 37.21700000 37.24500000 37.27800000 37.28600000
36.99300000 36.92900000 36.98200000 36.94000000 36.94700000 37.13600000 37.22400000 37.27300000 37.25700000 37.21800000 37.14800000 37.03300000 36.89900000 36.64000000 36.53600000 36.83900000 36.93200000 37.02400000 36.99400000 37.06100000 37.03200000 37.01700000 36.89300000 36.71000000 36.51700000 36.27300000 36.44800000 36.44100000 36.37700000 36.41800000
36.99000000 37.03700000 36.92000000 36.97300000 37.09700000 37.21200000 37.23000000 37.20900000 37.18000000 37.12700000 37.03000000 36.91500000 36.65100000 36.58800000 36.78700000 36.92200000 37.08200000 36.98800000 37.06900000 37.06600000 37.01500000 36.91200000 36.79900000 36.65700000 36.36700000 36.61600000 36.63600000 36.70400000 36.96500000 36.96600000
36.92300000 37.01500000 36.88900000 36.94100000 37.00100000 37.16500000 37.16600000 37.11500000 37.05200000 36.99600000 36.81600000 36.43900000 36.55300000 36.83600000 36.81600000 36.97400000 37.07600000 36.96100000 37.03900000 37.01200000 36.94400000 36.86600000 36.65200000 36.73500000 37.10600000 37.04200000 37.04500000 36.97500000 36.90100000 36.86800000
36.58600000 37.02700000 36.87100000 36.91900000 36.87600000 37.03000000 37.01700000 36.73600000 36.49400000 36.66900000 36.83000000 36.90200000 36.89200000 36.87700000 36.87600000 37.02800000 37.04500000 36.92100000 36.96600000 36.88800000 36.77800000 36.92600000 37.22400000 37.24800000 37.22000000 37.02600000 37.04300000 37.02500000 37.00200000 36.94000000
36.51000000 36.15100000 36.99300000 36.83800000 36.92000000 36.96300000 36.68000000 36.61600000 36.73200000 36.94500000 36.89900000 36.89100000 36.91500000 36.93100000 36.96000000 37.03100000 37.01100000 36.82700000 36.80500000 36.85300000 37.20500000 37.22600000 37.21400000 37.22000000 37.23700000 37.24900000 37.19500000 36.91900000 36.74900000 36.72500000
36.34500000 35.83300000 36.93700000 36.98000000 36.87600000 36.83100000 36.93000000 36.93800000 36.93600000 36.91200000 36.85500000 36.84900000 36.92000000 37.00300000 37.03700000 37.00700000 37.07200000 36.87800000 37.05800000 37.19000000 37.19600000 37.15500000 37.06600000 37.06700000 37.14500000 37.20800000 37.27400000 37.25100000 36.78900000 36.56000000
36.05200000 36.04200000 36.83500000 36.98700000 37.11100000 37.01400000 36.90700000 36.86700000 36.85600000 36.85600000 36.98300000 36.99000000 36.99200000 37.01300000 37.03300000 37.01400000 37.18700000 37.08600000 37.13100000 37.18800000 37.15100000 37.02500000 36.94300000 36.96500000 37.11600000 37.20600000 37.28100000 37.29900000 37.26700000 36.74100000
35.88700000 35.89800000 36.53900000 36.68400000 36.90600000 37.12700000 37.19700000 36.90800000 36.92300000 36.96500000 37.01400000 36.98300000 37.00100000 37.05200000 37.06800000 37.05900000 37.22400000 37.19400000 37.13800000 37.15500000 37.15100000 37.10100000 37.07700000 37.13400000 37.18300000 37.27400000 37.41300000 37.37300000 37.26100000 37.21800000
35.83000000 35.96400000 36.35600000 36.71600000 36.77800000 36.68200000 36.91400000 37.31400000 37.08800000 36.89600000 36.87900000 36.92600000 36.95400000 36.97800000 36.97900000 37.06800000 37.23600000 37.24700000 37.25700000 37.25400000 37.23400000 37.23200000 37.22200000 37.24800000 37.45900000 37.46800000 37.46600000 37.40300000 37.27800000 37.26300000
35.69400000 35.80000000 36.32800000 36.39700000 36.38400000 36.61400000 36.42300000 36.73800000 37.28100000 37.38400000 37.39000000 37.15100000 36.94200000 36.96600000 36.95400000 36.98500000 37.07700000 37.06800000 37.01000000 37.43600000 37.37100000 37.40000000 37.40100000 37.39700000 37.37000000 37.39200000 37.45100000 37.32300000 37.25300000 37.25500000
35.40700000 37.59700000 35.57900000 35.71800000 36.26300000 36.17000000 36.42200000 36.34700000 36.55400000 37.19000000 37.33000000 37.39400000 37.42700000 37.09300000 36.95800000 37.00000000 36.95700000 37.37600000 37.34100000 37.36600000 37.29400000 37.31400000 37.37000000 37.40300000 37.41300000 37.42200000 37.32400000 37.26400000 37.32200000 37.22300000
37.59700000 37.59700000 37.59700000 37.59700000 35.72900000 36.05000000 36.41000000 36.53100000 36.19800000 36.35800000 37.06000000 37.18100000 37.17700000 37.27500000 37.27300000 37.23100000 37.24000000 37.03400000 37.32000000 37.35000000 37.26100000 37.35500000 37.31900000 37.26800000 37.30300000 37.31400000 37.33500000 37.26600000 37.34000000 37.20300000
37.59700000 37.59700000 37.59700000 37.59700000 37.59700000 35.60600000 35.84300000 35.97200000 36.27100000 35.79000000 36.53400000 37.10200000 37.08100000 36.63300000 36.58200000 36.88900000 36.78500000 36.56700000 37.25800000 37.36200000 37.21600000 37.26800000 37.24300000 37.21900000 37.27100000 37.35900000 37.34100000 37.34400000 37.39200000 37.20400000
37.59700000 37.59700000 37.59700000 37.59700000 37.59700000 37.59700000 37.59700000 35.46400000 35.69800000 35.79000000 35.85300000 36.47200000 36.49500000 36.45300000 36.15800000 36.22400000 36.76600000 36.40700000 37.19500000 37.34500000 37.31200000 37.18000000 37.20200000 37.19000000 37.27200000 37.36700000 37.45600000 37.36100000 37.33500000 37.23500000
37.59700000 37.59700000 37.59700000 37.59700000 37.59700000 37.59700000 37.59700000 37.59700000 37.59700000 37.59700000 37.59700000 37.59700000 37.59700000 37.59700000 37.59700000 36.18600000 36.59200000 36.26700000 37.05900000 37.27000000 37.35000000 37.36800000 37.31100000 37.26100000 37.29600000 37.36500000 37.40900000 37.48900000 37.35200000 37.33500000
37.59700000 37.59700000 37.59700000 37.59700000 37.59700000 37.59700000 37.59700000 37.59700000 37.59700000 37.59700000 37.59700000 37.59700000 37.59700000 37.59700000 37.59700000 37.59700000 36.29200000 36.36000000 36.62300000 36.94700000 37.30600000 37.37300000 37.39500000 37.40000000 37.34200000 37.35100000 37.38600000 37.48000000 37.51500000 37.46900000
37.59700000 37.59700000 37.59700000 37.59700000 37.59700000 37.59700000 37.59700000 37.59700000 37.59700000 37.59700000 37.59700000 37.59700000 37.59700000 37.59700000 37.59700000 37.59700000 37.59700000 36.40900000 36.62800000 36.96400000 36.92300000 37.34300000 37.41300000 37.41500000 37.37900000 37.32200000 37.36600000 37.37600000 37.43400000 37.55100000
37.59700000 37.59700000 37.59700000 37.59700000 37.59700000 37.59700000 37.59700000 37.59700000 37.59700000 37.59700000 37.59700000 37.59700000 37.59700000 37.59700000 37.59700000 37.59700000 37.59700000 37.59700000 37.59700000 36.66900000 37.05300000 37.08800000 37.42700000 37.42000000 37.33900000 37.32400000 37.35600000 37.37700000 37.34100000 37.42300000
37.59700000 37.59700000 37.59700000 37.59700000 37.59700000 37.59700000 37.59700000 37.59700000 37.59700000 37.59700000 37.59700000 37.59700000 37.59700000 37.59700000 37.59700000 37.59700000 37.59700000 37.59700000 37.59700000 37.59700000 36.87000000 37.22700000 37.42600000 37.41800000 37.29200000 37.35400000 37.34600000 37.37200000 37.33900000 37.33400000
37.59700000 37.59700000 37.59700000 37.59700000 37.59700000 37.59700000 37.59700000 37.59700000 37.59700000 37.59700000 37.59700000 37.59700000 37.59700000 37.59700000 37.59700000 37.59700000 37.59700000 37.59700000 37.59700000 37.59700000 36.64900000 37.34100000 37.42300000 37.37400000 37.35300000 37.40700000 37.40200000 37.35500000 37.36700000 37.32800000
37.59700000 37.59700000 37.59700000 37.59700000 37.59700000 37.59700000 37.59700000 37.59700000 37.59700000 37.59700000 37.59700000 37.59700000 37.59700000 37.59700000 37.59700000 37.59700000 37.59700000 37.59700000 37.59700000 37.59700000 36.55000000 37.34600000 37.37700000 37.29800000 37.40400000 37.38100000 37.39300000 37.43000000 37.36400000 37.34000000
37.59700000 37.59700000 37.59700000 37.59700000 37.59700000 37.59700000 37.59700000 37.59700000 37.59700000 37.59700000 37.59700000 37.59700000 37.59700000 37.59700000 37.59700000 37.59700000 37.59700000 37.59700000 37.59700000 37.59700000 36.72700000 37.22800000 37.33700000 37.34600000 37.36800000 37.38500000 37.36600000 37.36200000 37.41600000 37.37800000
37.59700000 37.59700000 37.59700000 37.59700000 37.59700000 37.59700000 37.59700000 37.59700000 37.59700000 37.59700000 37.59700000 37.59700000 37.59700000 37.59700000 37.59700000 37.59700000 37.59700000 37.59700000 37.59700000 37.59700000 37.59700000 36.71100000 37.32900000 37.37000000 37.35300000 37.34800000 37.32100000 37.31300000 37.33700000 37.33400000
37.59700000 37.59700000 37.59700000 37.59700000 37.59700000 37.59700000 37.59700000 37.59700000 37.59700000 37.59700000 37.59700000 37.59700000 37.59700000 37.59700000 37.59700000 37.59700000 37.59700000 37.59700000 37.59700000 37.59700000 37.59700000 36.67800000 37.23700000 37.31200000 37.33600000 37.33400000 37.31500000 37.29900000 37.28000000 37.31000000
37.59700000 37.59700000 37.59700000 37.59700000 37.59700000 37.59700000 37.59700000 37.59700000 37.59700000 37.59700000 37.59700000 37.59700000 37.59700000 37.59700000 37.59700000 37.59700000 37.59700000 37.59700000 37.59700000 37.59700000 37.59700000 37.59700000 37.09600000 37.25300000 37.30400000 37.30500000 37.28800000 37.26800000 37.26400000 37.26100000
37.59700000 37.59700000 37.59700000 37.59700000 37.59700000 37.59700000 37.59700000 37.59700000 37.59700000 37.59700000 37.59700000 37.59700000 37.59700000 37.59700000 37.59700000 37.59700000 37.59700000 37.59700000 37.59700000 37.59700000 37.59700000 37.59700000 36.70800000 37.11500000 37.15600000 37.16200000 37.20300000 37.20100000 37.24600000 37.29100000
37.59700000 37.59700000 37.59700000 37.59700000 37.59700000 37.59700000 37.59700000 37.59700000 37.59700000 37.59700000 37.59700000 37.59700000 37.59700000 37.59700000 37.59700000 37.59700000 37.59700000 37.59700000 37.59700000 37.59700000 37.59700000 37.59700000 37.59700000 36.89400000 37.17400000 37.19300000 37.21500000 37.24300000 37.27700000 37.28500000
