36.99900000 36.93000000 36.98100000 36.94100000 36.95100000 37.14000000 37.22800000 37.27400000 37.25700000 37.21600000 37.14400000 37.03200000 36.89700000 36.64400000 36.53800000 36.84100000 36.93400000 37.02400000 36.99600000 37.06100000 37.03200000 37.01500000 36.89300000 36.71200000 36.51900000 36.27200000 36.45000000 36.44400000 36.37600000 36.42200000
36.99100000 37.03800000 36.92000000 36.97600000 37.10800000 37.21400000 37.23000000 37.21000000 37.17900000 37.12800000 37.03000000 36.91500000 36.65100000 36.59500000 36.78800000 36.92500000 37.08400000 36.98900000 37.07200000 37.06600000 37.01500000 36.91300000 36.79700000 36.65900000 36.36500000 36.61500000 36.63600000 36.70000000 36.96200000 36.97000000
36.93000000 37.01200000 36.88900000 36.94500000 37.01500000 37.16600000 37.16600000 37.11500000 37.05200000 36.99600000 36.82300000 36.44000000 36.55500000 36.83800000 36.81800000 36.97600000 37.07700000 36.96300000 37.04100000 37.01400000 36.94500000 36.86600000 36.65500000 36.73000000 37.10800000 37.04400000 37.04600000 36.97700000 36.90200000 36.86900000
36.57900000 37.02600000 36.87200000 36.92000000 36.86800000 37.03900000 37.01700000 36.73800000 36.49500000 36.67100000 36.82900000 36.90300000 36.89300000 36.87900000 36.87800000 37.03100000 37.04500000 36.92400000 36.96900000 36.88900000 36.77800000 36.92100000 37.22600000 37.25000000 37.22000000 37.02600000 37.04400000 37.02600000 37.00300000 36.94000000
36.50100000 36.14200000 36.99600000 36.83800000 36.92100000 36.96300000 36.67600000 36.61200000 36.72600000 36.94600000 36.90000000 36.89200000 36.91500000 36.93200000 36.96100000 37.03300000 37.01100000 36.83100000 36.81200000 36.84600000 37.20600000 37.22700000 37.21600000 37.22100000 37.23900000 37.25100000 37.19700000 36.91900000 36.75000000 36.72400000
36.33900000 35.70500000 36.94200000 36.98400000 36.88000000 36.83100000 36.93100000 36.93900000 36.93700000 36.91400000 36.85700000 36.85000000 36.91700000 37.00100000 37.03800000 37.00800000 37.07000000 36.87400000 37.05700000 37.19300000 37.19700000 37.15600000 37.06700000 37.06800000 37.14600000 37.20900000 37.27500000 37.25200000 36.78800000 36.56200000
36.04800000 35.33700000 36.83100000 36.98500000 37.11500000 37.01900000 36.91000000 36.86900000 36.85800000 36.85700000 36.98200000 36.99200000 36.99300000 37.01400000 37.03300000 37.01400000 37.18600000 37.08100000 37.13300000 37.19000000 37.15200000 37.02500000 36.94300000 36.96600000 37.11700000 37.20600000 37.28200000 37.30100000 37.26900000 36.70200000
35.56200000 35.37400000 36.35400000 36.69000000 36.91500000 37.12700000 37.20100000 36.91000000 36.92400000 36.96600000 37.01500000 36.98400000 37.00200000 37.05300000 37.06800000 37.05700000 37.22400000 37.19300000 37.13800000 37.15800000 37.15200000 37.10000000 37.07700000 37.13500000 37.18400000 37.27400000 37.41700000 37.37600000 37.26200000 37.18800000
35.30400000 35.83700000 36.31100000 36.70600000 36.78500000 36.68400000 36.91600000 37.31700000 37.09800000 36.90000000 36.88000000 36.92700000 36.95600000 36.98100000 36.98200000 37.07000000 37.23700000 37.24600000 37.25700000 37.25400000 37.23200000 37.23200000 37.22400000 37.25000000 37.46200000 37.46900000 37.46800000 37.40600000 37.27900000 37.26400000
35.30400000 35.21100000 35.95600000 36.40600000 36.37600000 36.62700000 36.41600000 36.73600000 37.28000000 37.38600000 37.39600000 37.15600000 36.94300000 36.96700000 36.95500000 36.98600000 37.08100000 37.07200000 37.01000000 37.43800000 37.37200000 37.40000000 37.40100000 37.39600000 37.37000000 37.39300000 37.45300000 37.32500000 37.25400000 37.25600000
34.61400000 34.82300000 34.83800000 34.98900000 36.17400000 36.13000000 36.39700000 36.12600000 36.55800000 37.19600000 37.33100000 37.39700000 37.42600000 37.08700000 36.96000000 37.00300000 36.96000000 37.38000000 37.34300000 37.36800000 37.29800000 37.31500000 37.37200000 37.40400000 37.41400000 37.42300000 37.32500000 37.26600000 37.32300000 37.22400000
37.59700000 37.59700000 37.59700000 35.05900000 35.40300000 35.78000000 36.03700000 35.98600000 35.70100000 36.36400000 37.06800000 37.18000000 37.17800000 37.27600000 37.27000000 37.23300000 37.24400000 37.05100000 37.32000000 37.35100000 37.26300000 37.35600000 37.31900000 37.26900000 37.30500000 37.31600000 37.33400000 37.26600000 37.33900000 37.20400000
37.59700000 37.59700000 37.59700000 37.59700000 35.22800000 35.31400000 35.57100000 35.53500000 35.67200000 35.61300000 36.53100000 37.10500000 37.08100000 36.62900000 36.59200000 36.88800000 36.78900000 36.57100000 37.25700000 37.36400000 37.21700000 37.27100000 37.24400000 37.22100000 37.27300000 37.36100000 37.34100000 37.34800000 37.39200000 37.20400000
37.59700000 37.59700000 37.59700000 37.59700000 37.59700000 37.59700000 35.28100000 35.34000000 35.42400000 35.50400000 35.76600000 36.35600000 36.45000000 36.44200000 36.15900000 36.22700000 36.77000000 36.42200000 37.19600000 37.34700000 37.31500000 37.18100000 37.20400000 37.19200000 37.27400000 37.36800000 37.45700000 37.35900000 37.33900000 37.23400000
37.59700000 37.59700000 37.59700000 37.59700000 37.59700000 37.59700000 37.59700000 37.59700000 37.59700000 37.59700000 37.59700000 37.59700000 35.67600000 35.80400000 36.09400000 36.15500000 36.57500000 36.21200000 37.06900000 37.27200000 37.35200000 37.37000000 37.30900000 37.26100000 37.29800000 37.36600000 37.41000000 37.49000000 37.34900000 37.33800000
37.59700000 37.59700000 37.59700000 37.59700000 37.59700000 37.59700000 37.59700000 37.59700000 37.59700000 37.59700000 37.59700000 37.59700000 37.59700000 37.59700000 37.59700000 36.01400000 36.25400000 36.13700000 36.63600000 36.94900000 37.31200000 37.37700000 37.39600000 37.40200000 37.34300000 37.35300000 37.38800000 37.48100000 37.51600000 37.46600000
37.59700000 37.59700000 37.59700000 37.59700000 37.59700000 37.59700000 37.59700000 37.59700000 37.59700000 37.59700000 37.59700000 37.59700000 37.59700000 37.59700000 37.59700000 37.59700000 36.01300000 36.06800000 36.62700000 36.98100000 36.94200000 37.34400000 37.41500000 37.41600000 37.38100000 37.32300000 37.36900000 37.37700000 37.43600000 37.55100000
37.59700000 37.59700000 37.59700000 37.59700000 37.59700000 37.59700000 37.59700000 37.59700000 37.59700000 37.59700000 37.59700000 37.59700000 37.59700000 37.59700000 37.59700000 37.59700000 37.59700000 37.59700000 35.99000000 36.70500000 37.05400000 37.11100000 37.42800000 37.42100000 37.33900000 37.32600000 37.35800000 37.37800000 37.34300000 37.42300000
37.59700000 37.59700000 37.59700000 37.59700000 37.59700000 37.59700000 37.59700000 37.59700000 37.59700000 37.59700000 37.59700000 37.59700000 37.59700000 37.59700000 37.59700000 37.59700000 37.59700000 37.59700000 37.59700000 36.56300000 36.86200000 37.22700000 37.42700000 37.41900000 37.29300000 37.35600000 37.34700000 37.37300000 37.33900000 37.33500000
37.59700000 37.59700000 37.59700000 37.59700000 37.59700000 37.59700000 37.59700000 37.59700000 37.59700000 37.59700000 37.59700000 37.59700000 37.59700000 37.59700000 37.59700000 37.59700000 37.59700000 37.59700000 37.59700000 36.77600000 36.76800000 37.34400000 37.42500000 37.37300000 37.35500000 37.40900000 37.40400000 37.35600000 37.36700000 37.32900000
37.59700000 37.59700000 37.59700000 37.59700000 37.59700000 37.59700000 37.59700000 37.59700000 37.59700000 37.59700000 37.59700000 37.59700000 37.59700000 37.59700000 37.59700000 37.59700000 37.59700000 37.59700000 37.59700000 36.77700000 36.78100000 37.34700000 37.37900000 37.29900000 37.40500000 37.38200000 37.39400000 37.43100000 37.36400000 37.34000000
37.59700000 37.59700000 37.59700000 37.59700000 37.59700000 37.59700000 37.59700000 37.59700000 37.59700000 37.59700000 37.59700000 37.59700000 37.59700000 37.59700000 37.59700000 37.59700000 37.59700000 37.59700000 37.59700000 36.36300000 36.67900000 37.23400000 37.33800000 37.34800000 37.36900000 37.38700000 37.36800000 37.36300000 37.41800000 37.37900000
37.59700000 37.59700000 37.59700000 37.59700000 37.59700000 37.59700000 37.59700000 37.59700000 37.59700000 37.59700000 37.59700000 37.59700000 37.59700000 37.59700000 37.59700000 37.59700000 37.59700000 37.59700000 37.59700000 37.59700000 36.68200000 36.82300000 37.33000000 37.37100000 37.35400000 37.34900000 37.32200000 37.31400000 37.33800000 37.33800000
37.59700000 37.59700000 37.59700000 37.59700000 37.59700000 37.59700000 37.59700000 37.59700000 37.59700000 37.59700000 37.59700000 37.59700000 37.59700000 37.59700000 37.59700000 37.59700000 37.59700000 37.59700000 37.59700000 37.59700000 37.59700000 36.71000000 37.24200000 37.31400000 37.33700000 37.33600000 37.31600000 37.30000000 37.28100000 37.31100000
37.59700000 37.59700000 37.59700000 37.59700000 37.59700000 37.59700000 37.59700000 37.59700000 37.59700000 37.59700000 37.59700000 37.59700000 37.59700000 37.59700000 37.59700000 37.59700000 37.59700000 37.59700000 37.59700000 37.59700000 37.59700000 36.49000000 37.09900000 37.25500000 37.30500000 37.30600000 37.28900000 37.26900000 37.26300000 37.26200000
37.59700000 37.59700000 37.59700000 37.59700000 37.59700000 37.59700000 37.59700000 37.59700000 37.59700000 37.59700000 37.59700000 37.59700000 37.59700000 37.59700000 37.59700000 37.59700000 37.59700000 37.59700000 37.59700000 37.59700000 37.59700000 37.59700000 36.72400000 37.11700000 37.15200000 37.16200000 37.20400000 37.20300000 37.24900000 37.29200000
37.59700000 37.59700000 37.59700000 37.59700000 37.59700000 37.59700000 37.59700000 37.59700000 37.59700000 37.59700000 37.59700000 37.59700000 37.59700000 37.59700000 37.59700000 37.59700000 37.59700000 37.59700000 37.59700000 37.59700000 37.59700000 37.59700000 37.59700000 36.92300000 37.17600000 37.19600000 37.21700000 37.24500000 37.28000000 37.28700000
36.99300000 36.92900000 36.98000000 36.94000000 36.95000000 37.13900000 37.22900000 37.27300000 37.25600000 37.21700000 37.14700000 37.03300000 36.89900000 36.64400000 36.53800000 36.84000000 36.93400000 37.02400000 36.99400000 37.06100000 37.03100000 37.01500000 36.89200000 36.71000000 36.51900000 36.27200000 36.44900000 36.44300000 36.37500000 36.42200000
36.99000000 37.03800000 36.91900000 36.97500000 37.10700000 37.21300000 37.22900000 37.20900000 37.17800000 37.12700000 37.03000000 36.91400000 36.65100000 36.59400000 36.78700000 36.92300000 37.08200000 36.98800000 37.07100000 37.06500000 37.01400000 36.91200000 36.79700000 36.65800000 36.36400000 36.61400000 36.63500000 36.70000000 36.96200000 36.96900000
36.92900000 37.01100000 36.88800000 36.94400000 37.01400000 37.16500000 37.16600000 37.11400000 37.05100000 36.99500000 36.82400000 36.43900000 36.55400000 36.83700000 36.81700000 36.97500000 37.07600000 36.96200000 37.04000000 37.01300000 36.94400000 36.86500000 36.65400000 36.72900000 37.10700000 37.04300000 37.04500000 36.97600000 36.90100000 36.86800000
36.57800000 37.02500000 36.87100000 36.91900000 36.86800000 37.03900000 37.01700000 36.73800000 36.49500000 36.67000000 36.82900000 36.90200000 36.89200000 36.87800000 36.87700000 37.02900000 37.04400000 36.92300000 36.96800000 36.88800000 36.77800000 36.92000000 37.22500000 37.24900000 37.21900000 37.02500000 37.04300000 37.02500000 37.00200000 36.93900000
36.50500000 36.17500000 36.99500000 36.83700000 36.92000000 36.96300000 36.67600000 36.61100000 36.72600000 36.94500000 36.90000000 36.89100000 36.91400000 36.93100000 36.96000000 37.03100000 37.01000000 36.83000000 36.81100000 36.84500000 37.20500000 37.22700000 37.21500000 37.22000000 37.23800000 37.25000000 37.19700000 36.91900000 36.75000000 36.72400000
36.34200000 35.82800000 36.94000000 36.98200000 36.87900000 36.83000000 36.93000000 36.93800000 36.93600000 36.91300000 36.85600000 36.84900000 36.91600000 37.00000000 37.03700000 37.00700000 37.06900000 36.87300000 37.05600000 37.19100000 37.19600000 37.15500000 37.06700000 37.06800000 37.14600000 37.20800000 37.27400000 37.25100000 36.78800000 36.56100000
36.05200000 35.82300000 36.83000000 36.98500000 37.11400000 37.01800000 36.90900000 36.86800000 36.85700000 36.85600000 36.98100000 36.99100000 36.99200000 37.01300000 37.03300000 37.01300000 37.18500000 37.08100000 37.13200000 37.18900000 37.15200000 37.02500000 36.94300000 36.96600000 37.11700000 37.20500000 37.28100000 37.30000000 37.26800000 36.73600000
35.86800000 35.90700000 36.56700000 36.68900000 36.91300000 37.12600000 37.20000000 36.90900000 36.92300000 36.96500000 37.01400000 36.98300000 37.00100000 37.05200000 37.06700000 37.05700000 37.22300000 37.19300000 37.13800000 37.15700000 37.15200000 37.09900000 37.07600000 37.13500000 37.18300000 37.27300000 37.41600000 37.37500000 37.26200000 37.22300000
35.83000000 35.97600000 36.35500000 36.70700000 36.78400000 36.68400000 36.91500000 37.31500000 37.09700000 36.89900000 36.87900000 36.92500000 36.95500000 36.98000000 36.98100000 37.06900000 37.23600000 37.24600000 37.25600000 37.25300000 37.23200000 37.23100000 37.22300000 37.24800000 37.46100000 37.46800000 37.46600000 37.40500000 37.27800000 37.26400000
35.69500000 35.80000000 36.30300000 36.40700000 36.37800000 36.62600000 36.41700000 36.73500000 37.27900000 37.38500000 37.39500000 37.15600000 36.94200000 36.96600000 36.95400000 36.98500000 37.08000000 37.07100000 37.00900000 37.43600000 37.37000000 37.39900000 37.40000000 37.39500000 37.36900000 37.39200000 37.45200000 37.32400000 37.25300000 37.25500000
35.40900000 37.59700000 35.60800000 35.73900000 36.26600000 36.17900000 36.41800000 36.31800000 36.55800000 37.19300000 37.33000000 37.39600000 37.42500000 37.08600000 36.95900000 37.00200000 36.95900000 37.37900000 37.34100000 37.36700000 37.29600000 37.31400000 37.37000000 37.40300000 37.41300000 37.42200000 37.32500000 37.26500000 37.32200000 37.22300000
37.59700000 37.59700000 37.59700000 37.59700000 35.73900000 36.04700000 36.43900000 36.52300000 36.20000000 36.36300000 37.06400000 37.17900000 37.17700000 37.27500000 37.26900000 37.23200000 37.24100000 37.04900000 37.31900000 37.35000000 37.26200000 37.35500000 37.31900000 37.26800000 37.30400000 37.31500000 37.33400000 37.26500000 37.33900000 37.20300000
37.59700000 37.59700000 37.59700000 37.59700000 37.59700000 35.61200000 35.84400000 35.97400000 36.27400000 35.79900000 36.53400000 37.10200000 37.08000000 36.62900000 36.59200000 36.88700000 36.79000000 36.57100000 37.25500000 37.36300000 37.21600000 37.27000000 37.24300000 37.22000000 37.27100000 37.36000000 37.34000000 37.34700000 37.39100000 37.20400000
37.59700000 37.59700000 37.59700000 37.59700000 37.59700000 37.59700000 37.59700000 35.47600000 35.70300000 35.79200000 35.85000000 36.47800000 36.49100000 36.45700000 36.15900000 36.22600000 36.76800000 36.42000000 37.19500000 37.34500000 37.31400000 37.18000000 37.20300000 37.19000000 37.27300000 37.36700000 37.45600000 37.35900000 37.33800000 37.23300000
37.59700000 37.59700000 37.59700000 37.59700000 37.59700000 37.59700000 37.59700000 37.59700000 37.59700000 37.59700000 37.59700000 37.59700000 37.59700000 37.59700000 37.59700000 36.18800000 36.58800000 36.26600000 37.06600000 37.27000000 37.35000000 37.36900000 37.30800000 37.25900000 37.29600000 37.36500000 37.40900000 37.48900000 37.34800000 37.33700000
37.59700000 37.59700000 37.59700000 37.59700000 37.59700000 37.59700000 37.59700000 37.59700000 37.59700000 37.59700000 37.59700000 37.59700000 37.59700000 37.59700000 37.59700000 37.59700000 36.30200000 36.38700000 36.63300000 36.94300000 37.31000000 37.37500000 37.39500000 37.40000000 37.34200000 37.35200000 37.38700000 37.48000000 37.51500000 37.46600000
37.59700000 37.59700000 37.59700000 37.59700000 37.59700000 37.59700000 37.59700000 37.59700000 37.59700000 37.59700000 37.59700000 37.59700000 37.59700000 37.59700000 37.59700000 37.59700000 37.59700000 36.40800000 36.63400000 36.97700000 36.93200000 37.34300000 37.41400000 37.41500000 37.38000000 37.32200000 37.36700000 37.37600000 37.43500000 37.55100000
37.59700000 37.59700000 37.59700000 37.59700000 37.59700000 37.59700000 37.59700000 37.59700000 37.59700000 37.59700000 37.59700000 37.59700000 37.59700000 37.59700000 37.59700000 37.59700000 37.59700000 37.59700000 37.59700000 36.68400000 37.05200000 37.10100000 37.42700000 37.42000000 37.33800000 37.32400000 37.35700000 37.37700000 37.34300000 37.42300000
37.59700000 37.59700000 37.59700000 37.59700000 37.59700000 37.59700000 37.59700000 37.59700000 37.59700000 37.59700000 37.59700000 37.59700000 37.59700000 37.59700000 37.59700000 37.59700000 37.59700000 37.59700000 37.59700000 37.59700000 36.87300000 37.22400000 37.42600000 37.41800000 37.29300000 37.35500000 37.34600000 37.37300000 37.33800000 37.33500000
37.59700000 37.59700000 37.59700000 37.59700000 37.59700000 37.59700000 37.59700000 37.59700000 37.59700000 37.59700000 37.59700000 37.59700000 37.59700000 37.59700000 37.59700000 37.59700000 37.59700000 37.59700000 37.59700000 37.59700000 36.64400000 37.34300000 37.42400000 37.37200000 37.35400000 37.40800000 37.40300000 37.35500000 37.36600000 37.32800000
37.59700000 37.59700000 37.59700000 37.59700000 37.59700000 37.59700000 37.59700000 37.59700000 37.59700000 37.59700000 37.59700000 37.59700000 37.59700000 37.59700000 37.59700000 37.59700000 37.59700000 37.59700000 37.59700000 37.59700000 36.55100000 37.34600000 37.37700000 37.29800000 37.40400000 37.38100000 37.39300000 37.43100000 37.36300000 37.34000000
37.59700000 37.59700000 37.59700000 37.59700000 37.59700000 37.59700000 37.59700000 37.59700000 37.59700000 37.59700000 37.59700000 37.59700000 37.59700000 37.59700000 37.59700000 37.59700000 37.59700000 37.59700000 37.59700000 37.59700000 36.72300000 37.23200000 37.33700000 37.34600000 37.36800000 37.38600000 37.36700000 37.36100000 37.41700000 37.37800000
37.59700000 37.59700000 37.59700000 37.59700000 37.59700000 37.59700000 37.59700000 37.59700000 37.59700000 37.59700000 37.59700000 37.59700000 37.59700000 37.59700000 37.59700000 37.59700000 37.59700000 37.59700000 37.59700000 37.59700000 37.59700000 36.72100000 37.32900000 37.37000000 37.35300000 37.34800000 37.32100000 37.31300000 37.33700000 37.33400000
37.59700000 37.59700000 37.59700000 37.59700000 37.59700000 37.59700000 37.59700000 37.59700000 37.59700000 37.59700000 37.59700000 37.59700000 37.59700000 37.59700000 37.59700000 37.59700000 37.59700000 37.59700000 37.59700000 37.59700000 37.59700000 36.68100000 37.24000000 37.31300000 37.33600000 37.33500000 37.31500000 37.29900000 37.28000000 37.31000000
37.59700000 37.59700000 37.59700000 37.59700000 37.59700000 37.59700000 37.59700000 37.59700000 37.59700000 37.59700000 37.59700000 37.59700000 37.59700000 37.59700000 37.59700000 37.59700000 37.59700000 37.59700000 37.59700000 37.59700000 37.59700000 37.59700000 37.09700000 37.25300000 37.30400000 37.30500000 37.28700000 37.26800000 37.26200000 37.26100000
37.59700000 37.59700000 37.59700000 37.59700000 37.59700000 37.59700000 37.59700000 37.59700000 37.59700000 37.59700000 37.59700000 37.59700000 37.59700000 37.59700000 37.59700000 37.59700000 37.59700000 37.59700000 37.59700000 37.59700000 37.59700000 37.59700000 36.72000000 37.11600000 37.15000000 37.16100000 37.20300000 37.20200000 37.24700000 37.29100000
37.59700000 37.59700000 37.59700000 37.59700000 37.59700000 37.59700000 37.59700000 37.59700000 37.59700000 37.59700000 37.59700000 37.59700000 37.59700000 37.59700000 37.59700000 37.59700000 37.59700000 37.59700000 37.59700000 37.59700000 37.59700000 37.59700000 37.59700000 36.90200000 37.17500000 37.19400000 37.21600000 37.24300000 37.27900000 37.28500000
