 25.46100000  25.30300000  25.55400000  25.37800000  24.76000000  25.22400000  25.50400000  25.53000000  25.46600000  25.34800000  25.33600000  25.29100000  25.15600000  24.32100000  24.18300000  25.26800000  25.53300000  25.55300000  25.35200000  25.28900000  25.33900000  25.22700000  25.13200000  24.79500000  24.17700000  23.79400000  24.12000000  24.31500000  24.27800000  24.64400000
 25.25900000  25.29800000  25.34500000  24.92000000  25.06500000  25.38700000  25.37400000  25.34400000  25.31300000  25.25900000  25.20600000  25.06600000  24.17800000  24.19200000  24.62800000  25.25000000  25.54900000  25.22400000  25.26500000  25.26400000  25.17100000  25.03500000  24.81100000  24.37300000  23.63200000  24.28600000  24.46300000  24.65600000  25.13200000  25.00700000
 25.02100000  25.27400000  25.35900000  25.05400000  24.85600000  25.28000000  25.27100000  25.17200000  25.09300000  25.02800000  24.56200000  23.83100000  24.10200000  24.65700000  24.67800000  25.48200000  25.39800000  25.19600000  25.20100000  25.15000000  25.06500000  24.95300000  24.31100000  24.62200000  25.55900000  25.43100000  25.38100000  25.09700000  24.90500000  24.96900000
 24.60300000  25.13900000  25.29100000  25.45200000  24.50100000  24.95300000  24.93100000  24.33800000  23.97800000  24.22000000  24.51700000  24.75000000  24.83200000  24.84700000  25.04400000  25.56300000  25.39000000  25.10700000  25.08600000  24.86200000  24.64700000  25.09100000  25.76700000  25.79100000  25.78000000  25.38000000  25.31400000  25.23900000  25.21400000  25.28000000
 24.31400000  24.07900000  25.10500000  25.31600000  25.44000000  24.89100000  24.18200000  24.10300000  24.24100000  24.80100000  24.87100000  25.04900000  25.29800000  25.43200000  25.56600000  25.59400000  25.33800000  24.93500000  24.85900000  24.94800000  25.75200000  25.59700000  25.59900000  25.62400000  25.72200000  25.74300000  25.73500000  25.19300000  25.02800000  25.18800000
 23.86700000  23.76900000  24.82700000  25.34200000  25.39200000  25.36900000  25.51000000  25.46700000  25.47500000  25.50100000  25.43800000  25.44900000  25.58500000  25.71400000  25.80600000  25.61900000  25.44500000  24.96200000  25.34000000  25.67600000  25.51800000  25.42900000  25.15300000  25.14700000  25.33400000  25.68100000  25.96100000  25.84400000  25.09600000  25.07100000
 23.84200000  23.61300000  24.55100000  24.98400000  25.50000000  25.55800000  25.51000000  25.48300000  25.48100000  25.47000000  25.65300000  25.63500000  25.61300000  25.69500000  25.77300000  25.64500000  25.63200000  25.35700000  25.52400000  25.52600000  25.40100000  25.09100000  24.80900000  24.93100000  25.25600000  25.72700000  26.18100000  26.07200000  25.93000000  25.21700000
 23.71500000  23.66600000  24.34100000  24.37500000  24.89800000  25.46500000  25.93100000  25.57400000  25.61500000  25.71700000  25.80400000  25.73900000  25.71300000  25.77700000  25.83600000  25.66000000  25.72700000  25.68600000  25.54100000  25.51200000  25.40800000  25.29300000  25.23500000  25.33900000  25.63700000  26.23500000  26.65000000  26.37600000  25.79900000  25.87300000
 23.42900000  23.71000000  23.98200000  24.38400000  24.46500000  24.53300000  24.88900000  26.12300000  25.89200000  25.59000000  25.55700000  25.63100000  25.71000000  25.71600000  25.70100000  25.66500000  25.80100000  25.83700000  25.88000000  25.88300000  25.83400000  25.84200000  25.94300000  26.25500000  26.81400000  26.74200000  26.62000000  26.43000000  25.84900000  26.05500000
 23.20600000  22.81500000  23.57900000  24.07600000  23.88400000  24.16900000  23.99700000  24.51000000  25.87500000  26.34500000  26.44800000  26.02000000  25.59000000  25.61400000  25.69100000  25.69100000  25.66800000  25.73900000  25.76400000  26.66300000  26.35600000  26.37500000  26.40000000  26.38200000  26.21800000  26.27700000  26.54400000  26.14000000  25.88600000  26.07400000
 24.16700000  23.55400000  23.61900000  23.35500000  23.66800000  23.47800000  23.79100000  23.93300000  24.26000000  25.54000000  26.20700000  26.50200000  26.63900000  25.90500000  25.58800000  25.60600000  25.56400000  26.43800000  26.49100000  26.64400000  26.15100000  26.09000000  26.27000000  26.43000000  26.48300000  26.50200000  26.16100000  25.89000000  26.20600000  26.16700000
 27.83300000  27.83300000  27.83300000  23.98700000  23.49200000  23.25300000  23.40300000  23.37500000  23.35300000  24.00500000  25.06000000  25.55000000  25.56800000  25.96300000  26.03600000  25.99600000  26.01700000  25.63600000  26.39200000  26.59300000  26.01800000  26.28700000  26.24200000  26.27900000  26.42300000  26.24800000  26.27900000  26.06200000  26.28100000  26.23300000
 27.83300000  27.83300000  27.83300000  27.83300000  23.66200000  23.56300000  23.35100000  23.22900000  23.25600000  23.25800000  24.08200000  25.09600000  25.12600000  24.26300000  24.22300000  24.68800000  24.67900000  24.88200000  26.22200000  26.66800000  25.88500000  26.11300000  26.09200000  26.29800000  26.37000000  26.67000000  26.40800000  26.33300000  26.43500000  26.28000000
 27.83300000  27.83300000  27.83300000  27.83300000  27.83300000  27.83300000  24.42100000  24.02200000  23.48300000  23.23100000  23.34900000  23.69900000  23.90300000  23.82800000  23.07800000  23.43100000  24.34600000  24.70600000  26.02700000  26.68400000  26.46900000  25.96500000  26.12800000  26.12800000  26.23800000  26.73900000  26.87400000  26.45500000  26.27000000  26.23900000
 27.83300000  27.83300000  27.83300000  27.83300000  27.83300000  27.83300000  27.83300000  27.83300000  27.83300000  27.83300000  27.83300000  27.83300000  23.35500000  23.14500000  23.04100000  23.38200000  23.99300000  24.54400000  25.56200000  26.43100000  26.74600000  26.74800000  26.47400000  26.29800000  26.28600000  26.83100000  26.85400000  26.94500000  26.41400000  26.30000000
 27.83300000  27.83300000  27.83300000  27.83300000  27.83300000  27.83300000  27.83300000  27.83300000  27.83300000  27.83300000  27.83300000  27.83300000  27.83300000  27.83300000  27.83300000  23.48400000  23.87700000  24.71900000  25.00000000  25.16200000  26.68700000  26.71200000  26.75900000  26.84400000  26.45100000  26.91700000  26.89600000  26.90500000  26.96700000  26.78100000
 27.83300000  27.83300000  27.83300000  27.83300000  27.83300000  27.83300000  27.83300000  27.83300000  27.83300000  27.83300000  27.83300000  27.83300000  27.83300000  27.83300000  27.83300000  27.83300000  23.81100000  24.18200000  25.05100000  25.34900000  24.73400000  26.79700000  26.75300000  26.86700000  26.60600000  27.00000000  27.00200000  26.87200000  26.92400000  27.03100000
 27.83300000  27.83300000  27.83300000  27.83300000  27.83300000  27.83300000  27.83300000  27.83300000  27.83300000  27.83300000  27.83300000  27.83300000  27.83300000  27.83300000  27.83300000  27.83300000  27.83300000  27.83300000  23.80400000  25.04900000  25.50100000  26.27800000  26.74000000  26.85800000  26.76200000  27.04300000  27.09700000  27.04600000  26.93600000  26.99900000
 27.83300000  27.83300000  27.83300000  27.83300000  27.83300000  27.83300000  27.83300000  27.83300000  27.83300000  27.83300000  27.83300000  27.83300000  27.83300000  27.83300000  27.83300000  27.83300000  27.83300000  27.83300000  27.83300000  25.18500000  24.33800000  26.60900000  26.71600000  26.68500000  26.91900000  27.05100000  27.00700000  27.07500000  27.00200000  27.06800000
 27.83300000  27.83300000  27.83300000  27.83300000  27.83300000  27.83300000  27.83300000  27.83300000  27.83300000  27.83300000  27.83300000  27.83300000  27.83300000  27.83300000  27.83300000  27.83300000  27.83300000  27.83300000  27.83300000  25.64000000  24.73300000  26.86800000  26.67400000  26.72100000  27.06100000  27.17600000  27.15900000  27.00300000  27.07400000  27.15900000
 27.83300000  27.83300000  27.83300000  27.83300000  27.83300000  27.83300000  27.83300000  27.83300000  27.83300000  27.83300000  27.83300000  27.83300000  27.83300000  27.83300000  27.83300000  27.83300000  27.83300000  27.83300000  27.83300000  25.60400000  25.27500000  26.90800000  26.73700000  26.83800000  27.18200000  26.98300000  27.02200000  27.21700000  27.10800000  27.14000000
 27.83300000  27.83300000  27.83300000  27.83300000  27.83300000  27.83300000  27.83300000  27.83300000  27.83300000  27.83300000  27.83300000  27.83300000  27.83300000  27.83300000  27.83300000  27.83300000  27.83300000  27.83300000  27.83300000  25.08400000  24.34700000  26.64000000  26.95200000  27.03000000  27.07900000  26.94000000  27.08100000  27.15100000  27.20000000  27.26300000
 27.83300000  27.83300000  27.83300000  27.83300000  27.83300000  27.83300000  27.83300000  27.83300000  27.83300000  27.83300000  27.83300000  27.83300000  27.83300000  27.83300000  27.83300000  27.83300000  27.83300000  27.83300000  27.83300000  27.83300000  25.53200000  25.67800000  26.90900000  27.05300000  26.95000000  27.03100000  27.02500000  27.04000000  27.15900000  27.11200000
 27.83300000  27.83300000  27.83300000  27.83300000  27.83300000  27.83300000  27.83300000  27.83300000  27.83300000  27.83300000  27.83300000  27.83300000  27.83300000  27.83300000  27.83300000  27.83300000  27.83300000  27.83300000  27.83300000  27.83300000  27.83300000  25.36100000  26.69400000  26.89900000  26.91600000  26.98400000  26.96200000  26.80300000  26.89800000  27.24200000
 27.83300000  27.83300000  27.83300000  27.83300000  27.83300000  27.83300000  27.83300000  27.83300000  27.83300000  27.83300000  27.83300000  27.83300000  27.83300000  27.83300000  27.83300000  27.83300000  27.83300000  27.83300000  27.83300000  27.83300000  27.83300000  25.31900000  26.37500000  26.75100000  26.87500000  26.84300000  26.80700000  26.74400000  26.69600000  26.88200000
 27.83300000  27.83300000  27.83300000  27.83300000  27.83300000  27.83300000  27.83300000  27.83300000  27.83300000  27.83300000  27.83300000  27.83300000  27.83300000  27.83300000  27.83300000  27.83300000  27.83300000  27.83300000  27.83300000  27.83300000  27.83300000  27.83300000  26.03200000  26.51900000  26.46400000  26.50000000  26.64000000  26.67700000  26.76700000  27.23500000
 27.83300000  27.83300000  27.83300000  27.83300000  27.83300000  27.83300000  27.83300000  27.83300000  27.83300000  27.83300000  27.83300000  27.83300000  27.83300000  27.83300000  27.83300000  27.83300000  27.83300000  27.83300000  27.83300000  27.83300000  27.83300000  27.83300000  27.83300000  26.44000000  26.70100000  26.75900000  26.79500000  26.84700000  27.24700000  27.28600000
 25.55000000  25.35300000  25.57800000  25.40400000  24.78400000  25.25400000  25.52300000  25.55100000  25.48500000  25.38200000  25.35700000  25.31000000  25.19500000  24.35100000  24.19900000  25.27900000  25.55200000  25.57900000  25.39200000  25.31200000  25.35100000  25.25000000  25.14400000  24.81400000  24.19800000  23.80300000  24.13200000  24.32900000  24.29700000  24.65900000
 25.28100000  25.31000000  25.36300000  24.95100000  25.08100000  25.40600000  25.39300000  25.36500000  25.33400000  25.28100000  25.22500000  25.09000000  24.19800000  24.21300000  24.64800000  25.27200000  25.57700000  25.24900000  25.29100000  25.28900000  25.19400000  25.05700000  24.82900000  24.39400000  23.64800000  24.30600000  24.48300000  24.66700000  25.15400000  25.01500000
 25.03500000  25.29500000  25.37800000  25.07000000  24.87200000  25.29900000  25.29100000  25.19200000  25.11300000  25.04800000  24.59200000  23.84900000  24.12100000  24.67800000  24.69600000  25.50500000  25.42500000  25.21900000  25.22600000  25.17400000  25.08700000  24.97500000  24.33200000  24.64400000  25.58400000  25.45100000  25.40300000  25.11600000  24.92500000  24.98400000
 24.64000000  25.16000000  25.30700000  25.47200000  24.52300000  24.97400000  24.95200000  24.35700000  23.99500000  24.23600000  24.53500000  24.76800000  24.85200000  24.86800000  25.06200000  25.59000000  25.41300000  25.12800000  25.10700000  24.88200000  24.67100000  25.11300000  25.78700000  25.81100000  25.80200000  25.40000000  25.33500000  25.25800000  25.23500000  25.29700000
 24.38500000  24.17700000  25.12400000  25.33400000  25.46200000  24.89900000  24.20000000  24.12000000  24.25900000  24.81900000  24.89000000  25.06900000  25.31700000  25.45400000  25.58700000  25.62500000  25.36200000  24.95300000  24.87800000  24.96700000  25.77400000  25.61800000  25.61700000  25.64200000  25.74200000  25.76600000  25.75600000  25.21400000  25.04300000  25.20500000
 23.89100000  23.92400000  24.85000000  25.36600000  25.41200000  25.39000000  25.53100000  25.48100000  25.49200000  25.52300000  25.46100000  25.47200000  25.60900000  25.73700000  25.83000000  25.64900000  25.46900000  24.98100000  25.35700000  25.69700000  25.53900000  25.44700000  25.17200000  25.16700000  25.35300000  25.70000000  25.98100000  25.86400000  25.11700000  25.08900000
 23.87600000  24.08100000  24.57500000  25.00700000  25.52200000  25.57900000  25.53000000  25.50200000  25.50000000  25.49000000  25.67400000  25.65700000  25.63600000  25.71800000  25.79500000  25.67100000  25.65400000  25.37800000  25.54200000  25.54600000  25.42400000  25.11200000  24.83100000  24.94900000  25.27600000  25.74500000  26.20300000  26.09600000  25.95000000  25.28200000
 23.29900000  23.18500000  24.76000000  24.39700000  24.92000000  25.48100000  25.94900000  25.59400000  25.63400000  25.73600000  25.82300000  25.76200000  25.73600000  25.80100000  25.85800000  25.68500000  25.74800000  25.70800000  25.56000000  25.53300000  25.42700000  25.31300000  25.25600000  25.36000000  25.65600000  26.25500000  26.67300000  26.40100000  25.81800000  26.02300000
 21.45500000  21.38400000  24.08700000  24.41000000  24.48600000  24.55600000  24.90800000  26.13700000  25.90700000  25.60900000  25.57700000  25.65100000  25.73400000  25.74000000  25.72500000  25.69100000  25.82500000  25.85600000  25.90400000  25.90600000  25.85500000  25.86400000  25.96300000  26.27800000  26.83500000  26.76600000  26.64500000  26.45400000  25.87200000  26.07600000
 20.43100000  20.58500000  23.33800000  24.10300000  23.90800000  24.18900000  24.01700000  24.52900000  25.89200000  26.36300000  26.47200000  26.04300000  25.61200000  25.63500000  25.71300000  25.71600000  25.69200000  25.76200000  25.78900000  26.69000000  26.37700000  26.39900000  26.42400000  26.40500000  26.24100000  26.30000000  26.56700000  26.16200000  25.90400000  26.09400000
 22.35100000  27.83300000  21.18900000  21.61300000  23.60200000  23.42700000  23.83500000  24.20900000  24.28500000  25.55600000  26.22300000  26.52100000  26.66000000  25.91700000  25.61100000  25.63100000  25.58800000  26.46100000  26.51700000  26.67400000  26.18700000  26.11600000  26.29500000  26.45400000  26.50700000  26.52400000  26.18200000  25.91000000  26.22700000  26.18600000
 27.83300000  27.83300000  27.83300000  27.83300000  21.79200000  20.92800000  22.87600000  23.04500000  23.21500000  24.02700000  25.07500000  25.57500000  25.58500000  25.97900000  26.05200000  26.01500000  26.04000000  25.66000000  26.41700000  26.62400000  26.04600000  26.30900000  26.26500000  26.30100000  26.44700000  26.26600000  26.30400000  26.08200000  26.30100000  26.25300000
 27.83300000  27.83300000  27.83300000  27.83300000  27.83300000  21.43400000  21.20900000  20.16900000  21.36000000  21.94200000  24.10200000  25.11700000  25.14700000  24.28400000  24.24400000  24.70200000  24.70300000  24.89600000  26.24600000  26.69600000  25.90700000  26.13400000  26.11000000  26.32000000  26.39000000  26.69100000  26.43500000  26.35100000  26.45600000  26.29800000
 27.83300000  27.83300000  27.83300000  27.83300000  27.83300000  27.83300000  27.83300000  23.53000000  20.79000000  20.68400000  21.09700000  23.62800000  23.96700000  23.88000000  23.09800000  23.42200000  24.37000000  24.72300000  26.04400000  26.70700000  26.49800000  25.98700000  26.15000000  26.14900000  26.25700000  26.76100000  26.89700000  26.48000000  26.28800000  26.25100000
 27.83300000  27.83300000  27.83300000  27.83300000  27.83300000  27.83300000  27.83300000  27.83300000  27.83300000  27.83300000  27.83300000  27.83300000  27.83300000  27.83300000  27.83300000  22.24900000  24.05700000  24.35700000  25.59200000  26.45200000  26.77200000  26.77200000  26.50400000  26.32400000  26.30800000  26.85400000  26.87700000  26.96700000  26.43900000  26.31700000
 27.83300000  27.83300000  27.83300000  27.83300000  27.83300000  27.83300000  27.83300000  27.83300000  27.83300000  27.83300000  27.83300000  27.83300000  27.83300000  27.83300000  27.83300000  27.83300000  23.53300000  23.67500000  25.03800000  25.16500000  26.70700000  26.73600000  26.78200000  26.87000000  26.47300000  26.94100000  26.92000000  26.92600000  26.99000000  26.80900000
 27.83300000  27.83300000  27.83300000  27.83300000  27.83300000  27.83300000  27.83300000  27.83300000  27.83300000  27.83300000  27.83300000  27.83300000  27.83300000  27.83300000  27.83300000  27.83300000  27.83300000  21.60900000  23.97200000  25.37700000  24.72400000  26.81800000  26.77900000  26.89200000  26.62900000  27.02300000  27.02800000  26.89500000  26.94700000  27.04900000
 27.83300000  27.83300000  27.83300000  27.83300000  27.83300000  27.83300000  27.83300000  27.83300000  27.83300000  27.83300000  27.83300000  27.83300000  27.83300000  27.83300000  27.83300000  27.83300000  27.83300000  27.83300000  27.83300000  24.96900000  25.53100000  26.28700000  26.76300000  26.88100000  26.78100000  27.06600000  27.11900000  27.06700000  26.95900000  27.02800000
 27.83300000  27.83300000  27.83300000  27.83300000  27.83300000  27.83300000  27.83300000  27.83300000  27.83300000  27.83300000  27.83300000  27.83300000  27.83300000  27.83300000  27.83300000  27.83300000  27.83300000  27.83300000  27.83300000  27.83300000  24.45000000  26.64300000  26.73200000  26.70800000  26.93100000  27.07400000  27.02800000  27.09400000  27.02100000  27.08100000
 27.83300000  27.83300000  27.83300000  27.83300000  27.83300000  27.83300000  27.83300000  27.83300000  27.83300000  27.83300000  27.83300000  27.83300000  27.83300000  27.83300000  27.83300000  27.83300000  27.83300000  27.83300000  27.83300000  27.83300000  23.40500000  26.89600000  26.69800000  26.74000000  27.08500000  27.19800000  27.18000000  27.02200000  27.09300000  27.17900000
 27.83300000  27.83300000  27.83300000  27.83300000  27.83300000  27.83300000  27.83300000  27.83300000  27.83300000  27.83300000  27.83300000  27.83300000  27.83300000  27.83300000  27.83300000  27.83300000  27.83300000  27.83300000  27.83300000  27.83300000  23.17300000  26.92600000  26.76000000  26.85800000  27.20500000  27.00300000  27.04200000  27.24100000  27.12200000  27.15900000
 27.83300000  27.83300000  27.83300000  27.83300000  27.83300000  27.83300000  27.83300000  27.83300000  27.83300000  27.83300000  27.83300000  27.83300000  27.83300000  27.83300000  27.83300000  27.83300000  27.83300000  27.83300000  27.83300000  27.83300000  23.90400000  26.65800000  26.97300000  27.05100000  27.09900000  26.95800000  27.10300000  27.17000000  27.22000000  27.27900000
 27.83300000  27.83300000  27.83300000  27.83300000  27.83300000  27.83300000  27.83300000  27.83300000  27.83300000  27.83300000  27.83300000  27.83300000  27.83300000  27.83300000  27.83300000  27.83300000  27.83300000  27.83300000  27.83300000  27.83300000  27.83300000  24.95400000  26.93000000  27.07200000  26.97000000  27.04900000  27.04000000  27.05800000  27.18000000  27.11900000
 27.83300000  27.83300000  27.83300000  27.83300000  27.83300000  27.83300000  27.83300000  27.83300000  27.83300000  27.83300000  27.83300000  27.83300000  27.83300000  27.83300000  27.83300000  27.83300000  27.83300000  27.83300000  27.83300000  27.83300000  27.83300000  24.86800000  26.71800000  26.91700000  26.93600000  27.00400000  26.98100000  26.82200000  26.91200000  27.26000000
 27.83300000  27.83300000  27.83300000  27.83300000  27.83300000  27.83300000  27.83300000  27.83300000  27.83300000  27.83300000  27.83300000  27.83300000  27.83300000  27.83300000  27.83300000  27.83300000  27.83300000  27.83300000  27.83300000  27.83300000  27.83300000  27.83300000  26.40400000  26.76900000  26.89300000  26.86300000  26.82600000  26.76300000  26.71400000  26.89700000
 27.83300000  27.83300000  27.83300000  27.83300000  27.83300000  27.83300000  27.83300000  27.83300000  27.83300000  27.83300000  27.83300000  27.83300000  27.83300000  27.83300000  27.83300000  27.83300000  27.83300000  27.83300000  27.83300000  27.83300000  27.83300000  27.83300000  26.06100000  26.53800000  26.48000000  26.51600000  26.65800000  26.69700000  26.79700000  27.25600000
 27.83300000  27.83300000  27.83300000  27.83300000  27.83300000  27.83300000  27.83300000  27.83300000  27.83300000  27.83300000  27.83300000  27.83300000  27.83300000  27.83300000  27.83300000  27.83300000  27.83300000  27.83300000  27.83300000  27.83300000  27.83300000  27.83300000  27.83300000  26.43500000  26.72200000  26.77400000  26.81400000  26.86000000  27.28200000  27.31000000
