 25.42600000  25.30200000  25.54600000  25.35900000  24.75300000  25.24700000  25.50000000  25.52400000  25.45500000  25.34100000  25.33400000  25.29000000  25.15000000  24.30500000  24.19000000  25.25800000  25.53200000  25.53900000  25.34700000  25.27200000  25.30800000  25.21800000  25.12900000  24.79100000  24.18600000  23.78800000  24.11200000  24.29500000  24.26500000  24.64000000
 25.24000000  25.29600000  25.33400000  24.88100000  25.10100000  25.38000000  25.36100000  25.33500000  25.29900000  25.24600000  25.19700000  25.04900000  24.15800000  24.19900000  24.61100000  25.25300000  25.52900000  25.21000000  25.25200000  25.24900000  25.15100000  25.02400000  24.78700000  24.35600000  23.61100000  24.27200000  24.44400000  24.63300000  25.11700000  24.99900000
 25.03500000  25.26100000  25.34700000  25.02500000  24.90900000  25.27100000  25.25800000  25.15900000  25.08300000  25.01800000  24.57900000  23.81700000  24.09600000  24.65300000  24.67100000  25.47600000  25.37800000  25.18700000  25.19000000  25.14200000  25.05800000  24.94000000  24.30300000  24.60200000  25.55700000  25.41400000  25.36400000  25.08300000  24.89100000  24.95100000
 24.60100000  25.11900000  25.28100000  25.44000000  24.45200000  24.97600000  24.91900000  24.32700000  23.96800000  24.21200000  24.50200000  24.73500000  24.81900000  24.83900000  25.04200000  25.55200000  25.36000000  25.10500000  25.07200000  24.85200000  24.63400000  25.06500000  25.74600000  25.78000000  25.76800000  25.35600000  25.30200000  25.22200000  25.20500000  25.26900000
 24.31600000  24.06400000  25.11300000  25.30300000  25.43100000  24.85900000  24.16400000  24.08200000  24.21800000  24.78400000  24.85900000  25.03100000  25.27900000  25.41500000  25.55100000  25.58500000  25.31000000  24.93100000  24.85800000  24.91500000  25.74100000  25.58600000  25.59100000  25.61300000  25.71300000  25.73600000  25.72700000  25.18200000  25.01500000  25.17800000
 23.84800000  23.76300000  24.82600000  25.32500000  25.38400000  25.35500000  25.49400000  25.45400000  25.45800000  25.49000000  25.42700000  25.43400000  25.55900000  25.69200000  25.79000000  25.60200000  25.41900000  24.93100000  25.33200000  25.66700000  25.50100000  25.40400000  25.13700000  25.13800000  25.32600000  25.67200000  25.95200000  25.83100000  25.08400000  25.06600000
 23.80900000  23.61800000  24.51900000  24.95700000  25.49100000  25.56000000  25.50300000  25.47400000  25.47000000  25.46000000  25.63300000  25.62100000  25.59600000  25.68200000  25.75700000  25.63500000  25.61600000  25.32100000  25.52000000  25.50600000  25.39700000  25.06900000  24.80700000  24.92400000  25.25100000  25.71700000  26.17900000  26.07200000  25.91400000  25.20500000
 23.70100000  23.68400000  24.36300000  24.37000000  24.89800000  25.45200000  25.92700000  25.56600000  25.60300000  25.70300000  25.78900000  25.72600000  25.69800000  25.76300000  25.82100000  25.64700000  25.71400000  25.67300000  25.52200000  25.50400000  25.40100000  25.27700000  25.22100000  25.32900000  25.63200000  26.23000000  26.65100000  26.37600000  25.78200000  25.86300000
 23.41800000  23.67600000  23.97400000  24.35900000  24.45400000  24.52400000  24.86900000  26.10800000  25.90800000  25.58600000  25.54000000  25.61200000  25.70300000  25.70700000  25.69300000  25.65200000  25.78800000  25.82100000  25.86300000  25.86100000  25.80500000  25.82100000  25.92900000  26.25300000  26.80200000  26.71800000  26.61000000  26.42600000  25.84100000  26.04100000
 23.20800000  22.79200000  23.56500000  24.06900000  23.83700000  24.16600000  23.97600000  24.48700000  25.84200000  26.33400000  26.44900000  26.01900000  25.57800000  25.60600000  25.68200000  25.68000000  25.65700000  25.72900000  25.74300000  26.65000000  26.33500000  26.35300000  26.37300000  26.35300000  26.20300000  26.26500000  26.53100000  26.13800000  25.86700000  26.06000000
 24.15000000  23.44900000  23.63000000  23.35900000  23.63500000  23.46700000  23.75500000  23.91500000  24.24900000  25.55900000  26.19000000  26.49400000  26.61400000  25.86600000  25.57600000  25.60000000  25.55400000  26.44700000  26.47900000  26.63500000  26.16500000  26.07800000  26.26400000  26.42000000  26.47100000  26.48800000  26.14700000  25.88000000  26.19000000  26.15900000
 27.83300000  27.83300000  27.83300000  23.94200000  23.46900000  23.21200000  23.37500000  23.35000000  23.32900000  23.99600000  25.07900000  25.51800000  25.56000000  25.94600000  26.00200000  25.98600000  26.01200000  25.69200000  26.37800000  26.58000000  26.00700000  26.27100000  26.22600000  26.28300000  26.42600000  26.23700000  26.25500000  26.04700000  26.25800000  26.22000000
 27.83300000  27.83300000  27.83300000  27.83300000  23.63800000  23.52900000  23.32300000  23.17000000  23.22600000  23.23500000  24.06300000  25.08100000  25.09500000  24.23600000  24.21700000  24.65900000  24.66900000  24.86300000  26.19700000  26.66300000  25.87200000  26.10700000  26.08400000  26.28700000  26.36000000  26.65900000  26.38800000  26.32900000  26.41800000  26.26600000
 27.83300000  27.83300000  27.83300000  27.83300000  27.83300000  27.83300000  24.38700000  24.01000000  23.44900000  23.19200000  23.31500000  23.68000000  23.88400000  23.83100000  23.07200000  23.41200000  24.32800000  24.70400000  26.00900000  26.66500000  26.46700000  25.95100000  26.11400000  26.11200000  26.22400000  26.73100000  26.86300000  26.42800000  26.27200000  26.22200000
 27.83300000  27.83300000  27.83300000  27.83300000  27.83300000  27.83300000  27.83300000  27.83300000  27.83300000  27.83300000  27.83300000  27.83300000  23.32800000  23.12300000  23.00900000  23.37400000  23.97400000  24.52800000  25.57700000  26.43600000  26.72600000  26.73300000  26.44300000  26.28200000  26.27400000  26.82000000  26.84400000  26.93400000  26.37100000  26.28900000
 27.83300000  27.83300000  27.83300000  27.83300000  27.83300000  27.83300000  27.83300000  27.83300000  27.83300000  27.83300000  27.83300000  27.83300000  27.83300000  27.83300000  27.83300000  23.46900000  23.85800000  24.70400000  24.98100000  25.16100000  26.69400000  26.69300000  26.74600000  26.83200000  26.44300000  26.90600000  26.88200000  26.89400000  26.95700000  26.74700000
 27.83300000  27.83300000  27.83300000  27.83300000  27.83300000  27.83300000  27.83300000  27.83300000  27.83300000  27.83300000  27.83300000  27.83300000  27.83300000  27.83300000  27.83300000  27.83300000  23.78900000  24.18000000  25.02500000  25.36900000  24.71000000  26.77800000  26.73800000  26.84800000  26.60800000  26.99100000  26.98600000  26.86000000  26.91400000  27.01500000
 27.83300000  27.83300000  27.83300000  27.83300000  27.83300000  27.83300000  27.83300000  27.83300000  27.83300000  27.83300000  27.83300000  27.83300000  27.83300000  27.83300000  27.83300000  27.83300000  27.83300000  27.83300000  23.77600000  25.04500000  25.47200000  26.29900000  26.72800000  26.83900000  26.75400000  27.03000000  27.08400000  27.03100000  26.92600000  26.99000000
 27.83300000  27.83300000  27.83300000  27.83300000  27.83300000  27.83300000  27.83300000  27.83300000  27.83300000  27.83300000  27.83300000  27.83300000  27.83300000  27.83300000  27.83300000  27.83300000  27.83300000  27.83300000  27.83300000  25.12100000  24.36200000  26.58700000  26.69500000  26.66700000  26.91200000  27.03900000  26.99500000  27.06400000  26.98600000  27.05700000
 27.83300000  27.83300000  27.83300000  27.83300000  27.83300000  27.83300000  27.83300000  27.83300000  27.83300000  27.83300000  27.83300000  27.83300000  27.83300000  27.83300000  27.83300000  27.83300000  27.83300000  27.83300000  27.83300000  25.61900000  24.70600000  26.86000000  26.66300000  26.71000000  27.04800000  27.16200000  27.14900000  26.98400000  27.05900000  27.15100000
 27.83300000  27.83300000  27.83300000  27.83300000  27.83300000  27.83300000  27.83300000  27.83300000  27.83300000  27.83300000  27.83300000  27.83300000  27.83300000  27.83300000  27.83300000  27.83300000  27.83300000  27.83300000  27.83300000  25.58000000  25.26800000  26.88700000  26.71600000  26.82600000  27.16800000  26.96700000  27.01400000  27.21500000  27.09500000  27.13000000
 27.83300000  27.83300000  27.83300000  27.83300000  27.83300000  27.83300000  27.83300000  27.83300000  27.83300000  27.83300000  27.83300000  27.83300000  27.83300000  27.83300000  27.83300000  27.83300000  27.83300000  27.83300000  27.83300000  25.03700000  24.37200000  26.64300000  26.92800000  27.01400000  27.06100000  26.92800000  27.06800000  27.14000000  27.18600000  27.25700000
 27.83300000  27.83300000  27.83300000  27.83300000  27.83300000  27.83300000  27.83300000  27.83300000  27.83300000  27.83300000  27.83300000  27.83300000  27.83300000  27.83300000  27.83300000  27.83300000  27.83300000  27.83300000  27.83300000  27.83300000  25.50400000  25.67400000  26.89700000  27.03400000  26.93200000  27.01200000  27.00200000  27.01400000  27.13700000  27.10500000
 27.83300000  27.83300000  27.83300000  27.83300000  27.83300000  27.83300000  27.83300000  27.83300000  27.83300000  27.83300000  27.83300000  27.83300000  27.83300000  27.83300000  27.83300000  27.83300000  27.83300000  27.83300000  27.83300000  27.83300000  27.83300000  25.32500000  26.69900000  26.87800000  26.89800000  26.96700000  26.94200000  26.78500000  26.87600000  27.23300000
 27.83300000  27.83300000  27.83300000  27.83300000  27.83300000  27.83300000  27.83300000  27.83300000  27.83300000  27.83300000  27.83300000  27.83300000  27.83300000  27.83300000  27.83300000  27.83300000  27.83300000  27.83300000  27.83300000  27.83300000  27.83300000  25.26400000  26.35900000  26.72800000  26.85200000  26.82100000  26.78800000  26.72300000  26.67000000  26.88100000
 27.83300000  27.83300000  27.83300000  27.83300000  27.83300000  27.83300000  27.83300000  27.83300000  27.83300000  27.83300000  27.83300000  27.83300000  27.83300000  27.83300000  27.83300000  27.83300000  27.83300000  27.83300000  27.83300000  27.83300000  27.83300000  27.83300000  26.01900000  26.50200000  26.41300000  26.47500000  26.62500000  26.65700000  26.76500000  27.20800000
 27.83300000  27.83300000  27.83300000  27.83300000  27.83300000  27.83300000  27.83300000  27.83300000  27.83300000  27.83300000  27.83300000  27.83300000  27.83300000  27.83300000  27.83300000  27.83300000  27.83300000  27.83300000  27.83300000  27.83300000  27.83300000  27.83300000  27.83300000  26.40400000  26.67200000  26.73600000  26.76100000  26.81500000  27.25100000  27.27400000
 25.55000000  25.35000000  25.57000000  25.38400000  24.77400000  25.27500000  25.51900000  25.54500000  25.47300000  25.37300000  25.35500000  25.30800000  25.19000000  24.35100000  24.20400000  25.26900000  25.55200000  25.56400000  25.38600000  25.29700000  25.33400000  25.24100000  25.13600000  24.81000000  24.20600000  23.79700000  24.12400000  24.31000000  24.28100000  24.65500000
 25.26300000  25.31000000  25.35200000  24.92600000  25.11800000  25.39900000  25.38200000  25.35700000  25.32000000  25.26900000  25.21700000  25.07500000  24.18100000  24.22200000  24.63300000  25.27700000  25.55900000  25.23600000  25.27900000  25.27500000  25.17500000  25.04700000  24.80300000  24.38000000  23.63000000  24.29200000  24.46400000  24.64800000  25.13900000  25.01600000
 25.04800000  25.28300000  25.36600000  25.04200000  24.92600000  25.28900000  25.27900000  25.17900000  25.10300000  25.03800000  24.60700000  23.83600000  24.11600000  24.67500000  24.69100000  25.50100000  25.40600000  25.21200000  25.21600000  25.16700000  25.08000000  24.96300000  24.32100000  24.62400000  25.57500000  25.43600000  25.38600000  25.10800000  24.91200000  24.96700000
 24.63600000  25.14000000  25.29800000  25.46100000  24.47200000  24.99700000  24.94000000  24.34600000  23.98500000  24.23000000  24.52100000  24.75400000  24.84100000  24.86100000  25.06000000  25.58100000  25.38300000  25.12700000  25.09500000  24.87200000  24.65700000  25.08700000  25.76600000  25.80100000  25.79100000  25.37800000  25.32400000  25.24400000  25.22600000  25.28700000
 24.38200000  24.24300000  25.13300000  25.31900000  25.45200000  24.86800000  24.18100000  24.09900000  24.23600000  24.80300000  24.87900000  25.05000000  25.29800000  25.43800000  25.57300000  25.61700000  25.33600000  24.95100000  24.87800000  24.93500000  25.76300000  25.60800000  25.61400000  25.63400000  25.73400000  25.75900000  25.74700000  25.20000000  25.03400000  25.19600000
 23.86800000  23.91100000  24.84800000  25.35000000  25.40400000  25.37400000  25.51600000  25.46900000  25.47600000  25.51200000  25.45000000  25.45700000  25.58400000  25.71700000  25.81500000  25.63300000  25.44300000  24.94900000  25.35000000  25.68900000  25.52300000  25.42200000  25.15500000  25.15800000  25.34400000  25.69100000  25.97400000  25.84900000  25.10200000  25.08400000
 23.83400000  23.76100000  24.54400000  24.98000000  25.51200000  25.58000000  25.52000000  25.49300000  25.49000000  25.48000000  25.65600000  25.64300000  25.61900000  25.70700000  25.78000000  25.65900000  25.63700000  25.34100000  25.53900000  25.52600000  25.41800000  25.09000000  24.82800000  24.94100000  25.27200000  25.73700000  26.20000000  26.09700000  25.93400000  25.26500000
 23.29000000  23.36700000  24.68600000  24.39200000  24.92000000  25.46700000  25.94400000  25.58400000  25.62200000  25.72400000  25.81100000  25.75000000  25.72100000  25.78700000  25.84300000  25.67300000  25.73500000  25.69400000  25.54200000  25.52400000  25.42000000  25.29700000  25.24100000  25.34800000  25.65000000  26.24900000  26.67400000  26.40100000  25.80100000  26.01900000
 21.45100000  22.04100000  24.04200000  24.38400000  24.47400000  24.54600000  24.88600000  26.12300000  25.92200000  25.60600000  25.56100000  25.63300000  25.71500000  25.73100000  25.71800000  25.67900000  25.81200000  25.84100000  25.88600000  25.88400000  25.82700000  25.84400000  25.95000000  26.27300000  26.82300000  26.74100000  26.63500000  26.45100000  25.86500000  26.06100000
 20.40800000  20.53600000  23.40100000  24.10200000  23.86100000  24.18600000  23.99500000  24.50600000  25.86000000  26.35300000  26.47100000  26.04100000  25.60100000  25.62800000  25.70500000  25.70600000  25.68100000  25.75300000  25.76700000  26.67700000  26.35700000  26.37700000  26.39700000  26.37600000  26.22700000  26.29000000  26.55500000  26.16100000  25.88700000  26.08100000
 22.33600000  27.83300000  20.92800000  21.27300000  23.60100000  23.42400000  23.79800000  24.09200000  24.27300000  25.57500000  26.20600000  26.51200000  26.63800000  25.87700000  25.60200000  25.62800000  25.57900000  26.47000000  26.50600000  26.66500000  26.20300000  26.10500000  26.28700000  26.44400000  26.49600000  26.51200000  26.17000000  25.90000000  26.21100000  26.17800000
 27.83300000  27.83300000  27.83300000  27.83300000  21.68200000  20.88700000  22.60300000  23.10400000  23.21500000  24.01700000  25.09400000  25.54000000  25.57700000  25.96500000  26.02100000  26.00700000  26.03600000  25.71600000  26.40400000  26.61100000  26.03500000  26.29500000  26.25100000  26.30500000  26.45100000  26.25700000  26.28100000  26.06700000  26.27900000  26.24000000
 27.83300000  27.83300000  27.83300000  27.83300000  27.83300000  21.34100000  21.09500000  20.13000000  21.40100000  21.82900000  24.08200000  25.10100000  25.11800000  24.25600000  24.24100000  24.67400000  24.69300000  24.88400000  26.22100000  26.69200000  25.89500000  26.13100000  26.10200000  26.31000000  26.38000000  26.68200000  26.41600000  26.34800000  26.44000000  26.28600000
 27.83300000  27.83300000  27.83300000  27.83300000  27.83300000  27.83300000  27.83300000  23.29200000  20.67400000  20.59700000  21.05700000  23.59200000  23.94000000  23.87600000  23.09000000  23.41200000  24.34700000  24.71900000  26.02500000  26.68900000  26.49700000  25.97400000  26.13600000  26.13600000  26.24300000  26.75300000  26.88600000  26.45300000  26.29200000  26.23500000
 27.83300000  27.83300000  27.83300000  27.83300000  27.83300000  27.83300000  27.83300000  27.83300000  27.83300000  27.83300000  27.83300000  27.83300000  27.83300000  27.83300000  27.83300000  22.22000000  24.02300000  24.42700000  25.59700000  26.45400000  26.75200000  26.75800000  26.47300000  26.30700000  26.29600000  26.84300000  26.86600000  26.95700000  26.39600000  26.30700000
 27.83300000  27.83300000  27.83300000  27.83300000  27.83300000  27.83300000  27.83300000  27.83300000  27.83300000  27.83300000  27.83300000  27.83300000  27.83300000  27.83300000  27.83300000  27.83300000  23.27200000  23.64700000  25.02100000  25.16400000  26.71400000  26.72100000  26.76900000  26.85800000  26.46300000  26.93000000  26.90600000  26.91600000  26.97900000  26.77700000
 27.83300000  27.83300000  27.83300000  27.83300000  27.83300000  27.83300000  27.83300000  27.83300000  27.83300000  27.83300000  27.83300000  27.83300000  27.83300000  27.83300000  27.83300000  27.83300000  27.83300000  21.64500000  24.31300000  25.40100000  24.73600000  26.80100000  26.76500000  26.87500000  26.62900000  27.01500000  27.01300000  26.88400000  26.93700000  27.03500000
 27.83300000  27.83300000  27.83300000  27.83300000  27.83300000  27.83300000  27.83300000  27.83300000  27.83300000  27.83300000  27.83300000  27.83300000  27.83300000  27.83300000  27.83300000  27.83300000  27.83300000  27.83300000  27.83300000  25.00100000  25.50300000  26.31600000  26.75300000  26.86400000  26.77400000  27.05400000  27.10600000  27.05300000  26.94800000  27.02000000
 27.83300000  27.83300000  27.83300000  27.83300000  27.83300000  27.83300000  27.83300000  27.83300000  27.83300000  27.83300000  27.83300000  27.83300000  27.83300000  27.83300000  27.83300000  27.83300000  27.83300000  27.83300000  27.83300000  27.83300000  24.44800000  26.62000000  26.71600000  26.69100000  26.92700000  27.06200000  27.01700000  27.08400000  27.00700000  27.07200000
 27.83300000  27.83300000  27.83300000  27.83300000  27.83300000  27.83300000  27.83300000  27.83300000  27.83300000  27.83300000  27.83300000  27.83300000  27.83300000  27.83300000  27.83300000  27.83300000  27.83300000  27.83300000  27.83300000  27.83300000  23.41000000  26.89000000  26.68800000  26.73100000  27.07200000  27.18400000  27.17000000  27.00200000  27.07900000  27.17100000
 27.83300000  27.83300000  27.83300000  27.83300000  27.83300000  27.83300000  27.83300000  27.83300000  27.83300000  27.83300000  27.83300000  27.83300000  27.83300000  27.83300000  27.83300000  27.83300000  27.83300000  27.83300000  27.83300000  27.83300000  23.22500000  26.90900000  26.73900000  26.84900000  27.19000000  26.98700000  27.03400000  27.23700000  27.10900000  27.15000000
 27.83300000  27.83300000  27.83300000  27.83300000  27.83300000  27.83300000  27.83300000  27.83300000  27.83300000  27.83300000  27.83300000  27.83300000  27.83300000  27.83300000  27.83300000  27.83300000  27.83300000  27.83300000  27.83300000  27.83300000  23.91200000  26.66300000  26.95100000  27.03700000  27.08300000  26.94600000  27.09000000  27.15400000  27.20700000  27.27300000
 27.83300000  27.83300000  27.83300000  27.83300000  27.83300000  27.83300000  27.83300000  27.83300000  27.83300000  27.83300000  27.83300000  27.83300000  27.83300000  27.83300000  27.83300000  27.83300000  27.83300000  27.83300000  27.83300000  27.83300000  27.83300000  25.00000000  26.91700000  27.05700000  26.95300000  27.03200000  27.02300000  27.03300000  27.15600000  27.11500000
 27.83300000  27.83300000  27.83300000  27.83300000  27.83300000  27.83300000  27.83300000  27.83300000  27.83300000  27.83300000  27.83300000  27.83300000  27.83300000  27.83300000  27.83300000  27.83300000  27.83300000  27.83300000  27.83300000  27.83300000  27.83300000  24.91000000  26.72300000  26.89800000  26.91900000  26.98800000  26.96400000  26.80700000  26.88900000  27.24700000
 27.83300000  27.83300000  27.83300000  27.83300000  27.83300000  27.83300000  27.83300000  27.83300000  27.83300000  27.83300000  27.83300000  27.83300000  27.83300000  27.83300000  27.83300000  27.83300000  27.83300000  27.83300000  27.83300000  27.83300000  27.83300000  27.83300000  26.38900000  26.74700000  26.87400000  26.84200000  26.81000000  26.74100000  26.68500000  26.89500000
 27.83300000  27.83300000  27.83300000  27.83300000  27.83300000  27.83300000  27.83300000  27.83300000  27.83300000  27.83300000  27.83300000  27.83300000  27.83300000  27.83300000  27.83300000  27.83300000  27.83300000  27.83300000  27.83300000  27.83300000  27.83300000  27.83300000  26.05200000  26.52100000  26.42900000  26.49100000  26.64400000  26.67800000  26.79400000  27.22900000
 27.83300000  27.83300000  27.83300000  27.83300000  27.83300000  27.83300000  27.83300000  27.83300000  27.83300000  27.83300000  27.83300000  27.83300000  27.83300000  27.83300000  27.83300000  27.83300000  27.83300000  27.83300000  27.83300000  27.83300000  27.83300000  27.83300000  27.83300000  26.42200000  26.69300000  26.75000000  26.78200000  26.83200000  27.28400000  27.30000000
