 25.40200000  25.30200000  25.54300000  25.34900000  24.75400000  25.26100000  25.49800000  25.51900000  25.44800000  25.33900000  25.33200000  25.28900000  25.14700000  24.29200000  24.18900000  25.25300000  25.53200000  25.53200000  25.34500000  25.26300000  25.30500000  25.21200000  25.12800000  24.78700000  24.18900000  23.78500000  24.10800000  24.28300000  24.25500000  24.63800000
 25.23000000  25.29100000  25.32800000  24.88200000  25.11700000  25.37600000  25.35500000  25.32800000  25.29200000  25.24000000  25.19200000  25.04000000  24.14100000  24.20300000  24.60400000  25.25800000  25.51900000  25.20400000  25.24500000  25.24000000  25.14100000  25.01700000  24.77200000  24.34700000  23.60500000  24.27200000  24.43600000  24.62900000  25.11300000  25.00300000
 25.04100000  25.25400000  25.34000000  25.01100000  24.93200000  25.26500000  25.25000000  25.15200000  25.07700000  25.01200000  24.57300000  23.81100000  24.09400000  24.65200000  24.67100000  25.47500000  25.36800000  25.18500000  25.18500000  25.13600000  25.05200000  24.92900000  24.29200000  24.60800000  25.55300000  25.40600000  25.35500000  25.07900000  24.88400000  24.94300000
 24.60800000  25.10700000  25.27700000  25.43400000  24.43000000  24.98200000  24.91100000  24.31500000  23.96500000  24.20900000  24.49700000  24.72900000  24.81400000  24.83600000  25.04400000  25.54700000  25.34400000  25.10500000  25.06400000  24.84400000  24.62500000  25.06200000  25.73500000  25.77400000  25.76000000  25.34500000  25.29400000  25.21700000  25.20000000  25.26700000
 24.31700000  24.04300000  25.11200000  25.29600000  25.42500000  24.84400000  24.15700000  24.07400000  24.21000000  24.77900000  24.85300000  25.02300000  25.27200000  25.40800000  25.54500000  25.58100000  25.29800000  24.93100000  24.85300000  24.91100000  25.73600000  25.58000000  25.59100000  25.61000000  25.71000000  25.73100000  25.72100000  25.17300000  25.01000000  25.17200000
 23.83900000  23.75500000  24.82200000  25.31600000  25.38100000  25.34500000  25.48500000  25.44800000  25.45200000  25.48300000  25.42000000  25.42700000  25.54800000  25.68200000  25.78300000  25.59400000  25.40600000  24.91300000  25.33400000  25.66200000  25.49600000  25.38900000  25.12600000  25.13100000  25.32100000  25.67000000  25.95000000  25.82400000  25.07500000  25.06600000
 23.79300000  23.61500000  24.50800000  24.94100000  25.48400000  25.56100000  25.49700000  25.46900000  25.46500000  25.45400000  25.62400000  25.61300000  25.58700000  25.67800000  25.75000000  25.62800000  25.60700000  25.30300000  25.51900000  25.49500000  25.38900000  25.05800000  24.80400000  24.92100000  25.25000000  25.71500000  26.17900000  26.07000000  25.90500000  25.20000000
 23.69400000  23.69200000  24.36400000  24.36300000  24.88600000  25.44600000  25.92600000  25.56000000  25.59700000  25.69700000  25.78400000  25.72100000  25.69100000  25.75700000  25.81400000  25.64300000  25.70900000  25.66400000  25.51400000  25.50000000  25.39600000  25.26900000  25.21600000  25.32500000  25.63300000  26.23100000  26.65100000  26.37700000  25.77300000  25.87500000
 23.41200000  23.65600000  23.96400000  24.34700000  24.44300000  24.51200000  24.85300000  26.10000000  25.91600000  25.58400000  25.53200000  25.60200000  25.69400000  25.70200000  25.69100000  25.64600000  25.78100000  25.81400000  25.85500000  25.85100000  25.79500000  25.81700000  25.92600000  26.25900000  26.79400000  26.70600000  26.60400000  26.42500000  25.83800000  26.03300000
 23.20700000  22.79500000  23.55000000  24.05800000  23.81500000  24.14900000  23.96500000  24.47700000  25.83000000  26.32800000  26.44600000  26.01600000  25.57200000  25.60200000  25.67800000  25.67400000  25.65100000  25.72400000  25.73500000  26.64100000  26.32300000  26.34200000  26.35900000  26.33900000  26.19600000  26.26000000  26.52600000  26.13600000  25.86100000  26.05400000
 24.14100000  23.45000000  23.65000000  23.37700000  23.61600000  23.46000000  23.73600000  23.90700000  24.24100000  25.57000000  26.18200000  26.49000000  26.60100000  25.84700000  25.57300000  25.59700000  25.55000000  26.44700000  26.47500000  26.63200000  26.17400000  26.07300000  26.26000000  26.41400000  26.46500000  26.48100000  26.13900000  25.87300000  26.18100000  26.15400000
 27.83300000  27.83300000  27.83300000  23.92000000  23.45200000  23.19200000  23.35800000  23.33700000  23.31500000  23.99000000  25.09600000  25.50000000  25.55600000  25.93400000  25.98400000  25.97900000  26.01000000  25.73000000  26.37200000  26.57300000  26.00100000  26.26500000  26.21700000  26.28600000  26.42900000  26.22900000  26.24500000  26.04000000  26.24500000  26.21400000
 27.83300000  27.83300000  27.83300000  27.83300000  23.62600000  23.51200000  23.31200000  23.13600000  23.21200000  23.22300000  24.05200000  25.07600000  25.08000000  24.22100000  24.19800000  24.64100000  24.64800000  24.85900000  26.18600000  26.66000000  25.86500000  26.10400000  26.08100000  26.28000000  26.35400000  26.65500000  26.38300000  26.32500000  26.40900000  26.25900000
 27.83300000  27.83300000  27.83300000  27.83300000  27.83300000  27.83300000  24.37000000  24.01500000  23.43500000  23.17200000  23.29500000  23.67000000  23.87200000  23.82500000  23.06600000  23.40400000  24.31200000  24.70100000  25.99700000  26.65700000  26.46300000  25.94500000  26.10800000  26.10700000  26.21800000  26.72700000  26.85800000  26.41400000  26.27300000  26.21300000
 27.83300000  27.83300000  27.83300000  27.83300000  27.83300000  27.83300000  27.83300000  27.83300000  27.83300000  27.83300000  27.83300000  27.83300000  23.31500000  23.11100000  22.99000000  23.36700000  23.96100000  24.52600000  25.57500000  26.44500000  26.71700000  26.72500000  26.43300000  26.27600000  26.26800000  26.81600000  26.83900000  26.92900000  26.35100000  26.28200000
 27.83300000  27.83300000  27.83300000  27.83300000  27.83300000  27.83300000  27.83300000  27.83300000  27.83300000  27.83300000  27.83300000  27.83300000  27.83300000  27.83300000  27.83300000  23.46200000  23.84800000  24.69600000  24.97200000  25.15600000  26.69700000  26.68700000  26.74000000  26.82600000  26.44200000  26.90200000  26.87500000  26.88900000  26.95100000  26.73500000
 27.83300000  27.83300000  27.83300000  27.83300000  27.83300000  27.83300000  27.83300000  27.83300000  27.83300000  27.83300000  27.83300000  27.83300000  27.83300000  27.83300000  27.83300000  27.83300000  23.77800000  24.17700000  25.01300000  25.37700000  24.70400000  26.76900000  26.73100000  26.84000000  26.61200000  26.98800000  26.97900000  26.85500000  26.91000000  27.00900000
 27.83300000  27.83300000  27.83300000  27.83300000  27.83300000  27.83300000  27.83300000  27.83300000  27.83300000  27.83300000  27.83300000  27.83300000  27.83300000  27.83300000  27.83300000  27.83300000  27.83300000  27.83300000  23.76600000  25.03200000  25.45600000  26.30600000  26.72500000  26.83000000  26.75200000  27.02400000  27.07800000  27.02400000  26.91900000  26.98700000
 27.83300000  27.83300000  27.83300000  27.83300000  27.83300000  27.83300000  27.83300000  27.83300000  27.83300000  27.83300000  27.83300000  27.83300000  27.83300000  27.83300000  27.83300000  27.83300000  27.83300000  27.83300000  27.83300000  25.10600000  24.36200000  26.58500000  26.68600000  26.65800000  26.90900000  27.03100000  26.98900000  27.05900000  26.97900000  27.05000000
 27.83300000  27.83300000  27.83300000  27.83300000  27.83300000  27.83300000  27.83300000  27.83300000  27.83300000  27.83300000  27.83300000  27.83300000  27.83300000  27.83300000  27.83300000  27.83300000  27.83300000  27.83300000  27.83300000  25.60500000  24.67400000  26.85800000  26.65600000  26.70300000  27.04100000  27.15600000  27.14500000  26.97600000  27.05300000  27.14800000
 27.83300000  27.83300000  27.83300000  27.83300000  27.83300000  27.83300000  27.83300000  27.83300000  27.83300000  27.83300000  27.83300000  27.83300000  27.83300000  27.83300000  27.83300000  27.83300000  27.83300000  27.83300000  27.83300000  25.56100000  25.23300000  26.87800000  26.70400000  26.82100000  27.15900000  26.95800000  27.01100000  27.21200000  27.08800000  27.12600000
 27.83300000  27.83300000  27.83300000  27.83300000  27.83300000  27.83300000  27.83300000  27.83300000  27.83300000  27.83300000  27.83300000  27.83300000  27.83300000  27.83300000  27.83300000  27.83300000  27.83300000  27.83300000  27.83300000  25.01300000  24.35300000  26.64300000  26.91900000  27.00800000  27.05300000  26.92200000  27.06100000  27.13200000  27.18100000  27.25500000
 27.83300000  27.83300000  27.83300000  27.83300000  27.83300000  27.83300000  27.83300000  27.83300000  27.83300000  27.83300000  27.83300000  27.83300000  27.83300000  27.83300000  27.83300000  27.83300000  27.83300000  27.83300000  27.83300000  27.83300000  25.48600000  25.65000000  26.89000000  27.02900000  26.92400000  27.00400000  26.99400000  27.00300000  27.12200000  27.10600000
 27.83300000  27.83300000  27.83300000  27.83300000  27.83300000  27.83300000  27.83300000  27.83300000  27.83300000  27.83300000  27.83300000  27.83300000  27.83300000  27.83300000  27.83300000  27.83300000  27.83300000  27.83300000  27.83300000  27.83300000  27.83300000  25.30100000  26.69700000  26.86700000  26.88900000  26.96100000  26.93400000  26.77800000  26.86900000  27.22800000
 27.83300000  27.83300000  27.83300000  27.83300000  27.83300000  27.83300000  27.83300000  27.83300000  27.83300000  27.83300000  27.83300000  27.83300000  27.83300000  27.83300000  27.83300000  27.83300000  27.83300000  27.83300000  27.83300000  27.83300000  27.83300000  25.24200000  26.35000000  26.71700000  26.84600000  26.81300000  26.78100000  26.71200000  26.65800000  26.88700000
 27.83300000  27.83300000  27.83300000  27.83300000  27.83300000  27.83300000  27.83300000  27.83300000  27.83300000  27.83300000  27.83300000  27.83300000  27.83300000  27.83300000  27.83300000  27.83300000  27.83300000  27.83300000  27.83300000  27.83300000  27.83300000  27.83300000  26.00800000  26.49200000  26.39300000  26.46100000  26.61700000  26.64800000  26.78100000  27.19700000
 27.83300000  27.83300000  27.83300000  27.83300000  27.83300000  27.83300000  27.83300000  27.83300000  27.83300000  27.83300000  27.83300000  27.83300000  27.83300000  27.83300000  27.83300000  27.83300000  27.83300000  27.83300000  27.83300000  27.83300000  27.83300000  27.83300000  27.83300000  26.37100000  26.65700000  26.72100000  26.74300000  26.80400000  27.24500000  27.27000000
 25.54600000  25.34800000  25.56600000  25.37400000  24.77500000  25.28900000  25.51700000  25.54100000  25.46700000  25.37000000  25.35300000  25.30700000  25.18700000  24.34800000  24.20400000  25.26400000  25.55100000  25.55700000  25.38200000  25.29100000  25.32800000  25.23600000  25.13300000  24.80700000  24.21000000  23.79400000  24.12000000  24.30000000  24.26900000  24.65300000
 25.25400000  25.30700000  25.34700000  24.92200000  25.13400000  25.39600000  25.37600000  25.35100000  25.31400000  25.26300000  25.21400000  25.06700000  24.16500000  24.22700000  24.62600000  25.28300000  25.54900000  25.23000000  25.27200000  25.26700000  25.16800000  25.04200000  24.78800000  24.36900000  23.62300000  24.29200000  24.45700000  24.64600000  25.13400000  25.02200000
 25.05500000  25.27700000  25.36000000  25.02900000  24.94900000  25.28400000  25.27100000  25.17300000  25.09800000  25.03200000  24.60000000  23.83000000  24.11500000  24.67400000  24.69200000  25.50200000  25.39600000  25.20900000  25.21200000  25.16300000  25.07600000  24.95400000  24.30800000  24.63100000  25.56400000  25.42900000  25.37600000  25.10300000  24.90500000  24.96000000
 24.64100000  25.12800000  25.29300000  25.45600000  24.44900000  25.00300000  24.93200000  24.33400000  23.98200000  24.22700000  24.51700000  24.74900000  24.83500000  24.85900000  25.06400000  25.57900000  25.36900000  25.12700000  25.08800000  24.86500000  24.64800000  25.08500000  25.75600000  25.79600000  25.78200000  25.36900000  25.31800000  25.24100000  25.22100000  25.28600000
 24.38100000  24.22700000  25.13200000  25.31100000  25.44700000  24.85400000  24.17500000  24.09100000  24.22800000  24.79800000  24.87400000  25.04300000  25.29100000  25.43200000  25.56900000  25.61400000  25.32600000  24.95200000  24.87400000  24.93200000  25.75900000  25.60200000  25.61500000  25.63200000  25.73200000  25.75400000  25.74100000  25.19200000  25.03000000  25.19100000
 23.85700000  23.89600000  24.84400000  25.34100000  25.40100000  25.36600000  25.50800000  25.46400000  25.47000000  25.50600000  25.44400000  25.45000000  25.57300000  25.70900000  25.80800000  25.62500000  25.42900000  24.93200000  25.35300000  25.68500000  25.52000000  25.40900000  25.14400000  25.15000000  25.33900000  25.68800000  25.97200000  25.84300000  25.09400000  25.08300000
 23.81500000  23.73000000  24.53100000  24.96400000  25.50400000  25.58000000  25.51500000  25.48800000  25.48700000  25.47500000  25.64800000  25.63500000  25.61000000  25.70400000  25.77300000  25.65100000  25.62800000  25.32400000  25.53900000  25.51600000  25.41100000  25.07800000  24.82400000  24.93900000  25.27000000  25.73500000  26.20000000  26.09500000  25.92600000  25.26000000
 23.28800000  23.49800000  24.63000000  24.38400000  24.90800000  25.46100000  25.94100000  25.57800000  25.61600000  25.71900000  25.80600000  25.74700000  25.71400000  25.78000000  25.83500000  25.66800000  25.72900000  25.68500000  25.53400000  25.51900000  25.41600000  25.28900000  25.23600000  25.34400000  25.65100000  26.25100000  26.67300000  26.40100000  25.79100000  26.01600000
 21.44900000  22.81000000  24.02000000  24.37100000  24.46500000  24.53500000  24.87000000  26.11600000  25.92800000  25.60400000  25.55300000  25.62300000  25.70700000  25.72600000  25.71600000  25.67200000  25.80600000  25.83300000  25.87700000  25.87300000  25.81800000  25.84000000  25.94700000  26.27900000  26.81600000  26.72900000  26.62800000  26.45000000  25.86100000  26.05200000
 20.35800000  20.48500000  23.41800000  24.09300000  23.83900000  24.17100000  23.98400000  24.49600000  25.84700000  26.34800000  26.46800000  26.03900000  25.59400000  25.62400000  25.70200000  25.70100000  25.67700000  25.74700000  25.75800000  26.66800000  26.34500000  26.36600000  26.38400000  26.36200000  26.22000000  26.28300000  26.54900000  26.15900000  25.88100000  26.07500000
 22.33400000  27.83300000  20.86900000  21.18400000  23.61300000  23.42400000  23.78000000  24.05500000  24.26400000  25.58600000  26.19800000  26.50600000  26.62600000  25.86000000  25.60100000  25.62500000  25.57600000  26.47200000  26.50100000  26.66100000  26.21200000  26.09900000  26.28400000  26.43900000  26.49100000  26.50600000  26.16500000  25.89400000  26.20200000  26.17400000
 27.83300000  27.83300000  27.83300000  27.83300000  21.67400000  20.92000000  22.46800000  23.12200000  23.22200000  24.01100000  25.11200000  25.52200000  25.57300000  25.95500000  26.00500000  26.00200000  26.03200000  25.76500000  26.39900000  26.60400000  26.02800000  26.28900000  26.24200000  26.30900000  26.45600000  26.24900000  26.27300000  26.06000000  26.26700000  26.23400000
 27.83300000  27.83300000  27.83300000  27.83300000  27.83300000  21.27900000  21.01600000  20.15200000  21.46600000  21.82800000  24.07300000  25.09400000  25.10400000  24.24200000  24.22300000  24.65900000  24.67200000  24.88500000  26.21000000  26.69000000  25.88900000  26.12800000  26.09900000  26.30300000  26.37500000  26.67900000  26.41200000  26.34400000  26.43100000  26.27900000
 27.83300000  27.83300000  27.83300000  27.83300000  27.83300000  27.83300000  27.83300000  23.16300000  20.63400000  20.56500000  21.07200000  23.59700000  23.92500000  23.87000000  23.08400000  23.41000000  24.33200000  24.71000000  26.01500000  26.68100000  26.49400000  25.96800000  26.13000000  26.13100000  26.23900000  26.74900000  26.88100000  26.44100000  26.29300000  26.22600000
 27.83300000  27.83300000  27.83300000  27.83300000  27.83300000  27.83300000  27.83300000  27.83300000  27.83300000  27.83300000  27.83300000  27.83300000  27.83300000  27.83300000  27.83300000  22.16000000  24.00900000  24.44000000  25.59100000  26.46000000  26.74300000  26.75000000  26.46200000  26.30000000  26.29100000  26.83800000  26.86200000  26.95200000  26.37600000  26.30000000
 27.83300000  27.83300000  27.83300000  27.83300000  27.83300000  27.83300000  27.83300000  27.83300000  27.83300000  27.83300000  27.83300000  27.83300000  27.83300000  27.83300000  27.83300000  27.83300000  23.15400000  23.69600000  25.00900000  25.16200000  26.71700000  26.71400000  26.76200000  26.85200000  26.46000000  26.92600000  26.90000000  26.91100000  26.97300000  26.76300000
 27.83300000  27.83300000  27.83300000  27.83300000  27.83300000  27.83300000  27.83300000  27.83300000  27.83300000  27.83300000  27.83300000  27.83300000  27.83300000  27.83300000  27.83300000  27.83300000  27.83300000  21.70100000  24.56500000  25.40900000  24.72600000  26.79100000  26.75700000  26.86600000  26.63200000  27.01200000  27.00600000  26.87900000  26.93300000  27.02800000
 27.83300000  27.83300000  27.83300000  27.83300000  27.83300000  27.83300000  27.83300000  27.83300000  27.83300000  27.83300000  27.83300000  27.83300000  27.83300000  27.83300000  27.83300000  27.83300000  27.83300000  27.83300000  27.83300000  25.00600000  25.48700000  26.32500000  26.74700000  26.85600000  26.77200000  27.04800000  27.10000000  27.04700000  26.94300000  27.01700000
 27.83300000  27.83300000  27.83300000  27.83300000  27.83300000  27.83300000  27.83300000  27.83300000  27.83300000  27.83300000  27.83300000  27.83300000  27.83300000  27.83300000  27.83300000  27.83300000  27.83300000  27.83300000  27.83300000  27.83300000  24.44000000  26.61600000  26.70700000  26.68200000  26.92600000  27.05500000  27.01100000  27.07900000  27.00000000  27.06600000
 27.83300000  27.83300000  27.83300000  27.83300000  27.83300000  27.83300000  27.83300000  27.83300000  27.83300000  27.83300000  27.83300000  27.83300000  27.83300000  27.83300000  27.83300000  27.83300000  27.83300000  27.83300000  27.83300000  27.83300000  23.43500000  26.88800000  26.68100000  26.72600000  27.06500000  27.18100000  27.16600000  26.99500000  27.07200000  27.16800000
 27.83300000  27.83300000  27.83300000  27.83300000  27.83300000  27.83300000  27.83300000  27.83300000  27.83300000  27.83300000  27.83300000  27.83300000  27.83300000  27.83300000  27.83300000  27.83300000  27.83300000  27.83300000  27.83300000  27.83300000  23.24000000  26.90000000  26.72900000  26.84400000  27.18100000  26.97900000  27.03000000  27.23300000  27.10300000  27.14600000
 27.83300000  27.83300000  27.83300000  27.83300000  27.83300000  27.83300000  27.83300000  27.83300000  27.83300000  27.83300000  27.83300000  27.83300000  27.83300000  27.83300000  27.83300000  27.83300000  27.83300000  27.83300000  27.83300000  27.83300000  23.95900000  26.66400000  26.94000000  27.03100000  27.07600000  26.94000000  27.08200000  27.14800000  27.20100000  27.27100000
 27.83300000  27.83300000  27.83300000  27.83300000  27.83300000  27.83300000  27.83300000  27.83300000  27.83300000  27.83300000  27.83300000  27.83300000  27.83300000  27.83300000  27.83300000  27.83300000  27.83300000  27.83300000  27.83300000  27.83300000  27.83300000  24.93700000  26.91100000  27.05200000  26.94500000  27.02400000  27.01500000  27.02200000  27.14200000  27.12100000
 27.83300000  27.83300000  27.83300000  27.83300000  27.83300000  27.83300000  27.83300000  27.83300000  27.83300000  27.83300000  27.83300000  27.83300000  27.83300000  27.83300000  27.83300000  27.83300000  27.83300000  27.83300000  27.83300000  27.83300000  27.83300000  24.93700000  26.72200000  26.88800000  26.91000000  26.98300000  26.95600000  26.79800000  26.88200000  27.24100000
 27.83300000  27.83300000  27.83300000  27.83300000  27.83300000  27.83300000  27.83300000  27.83300000  27.83300000  27.83300000  27.83300000  27.83300000  27.83300000  27.83300000  27.83300000  27.83300000  27.83300000  27.83300000  27.83300000  27.83300000  27.83300000  27.83300000  26.38100000  26.73600000  26.86800000  26.83400000  26.80300000  26.73200000  26.67200000  26.89600000
 27.83300000  27.83300000  27.83300000  27.83300000  27.83300000  27.83300000  27.83300000  27.83300000  27.83300000  27.83300000  27.83300000  27.83300000  27.83300000  27.83300000  27.83300000  27.83300000  27.83300000  27.83300000  27.83300000  27.83300000  27.83300000  27.83300000  26.04300000  26.51100000  26.41000000  26.47900000  26.63800000  26.66900000  26.81000000  27.21800000
 27.83300000  27.83300000  27.83300000  27.83300000  27.83300000  27.83300000  27.83300000  27.83300000  27.83300000  27.83300000  27.83300000  27.83300000  27.83300000  27.83300000  27.83300000  27.83300000  27.83300000  27.83300000  27.83300000  27.83300000  27.83300000  27.83300000  27.83300000  26.40000000  26.67900000  26.73600000  26.76500000  26.82100000  27.27700000  27.29600000
