37.00500000 36.93200000 36.97500000 36.94200000 36.96300000 37.15000000 37.25100000 37.27200000 37.25500000 37.21500000 37.14300000 37.03000000 36.89700000 36.65700000 36.55400000 36.84400000 36.94300000 37.02300000 36.99800000 37.06000000 37.02900000 37.01500000 36.89100000 36.71100000 36.52700000 36.27000000 36.45600000 36.43600000 36.37400000 36.43800000
36.99000000 37.03300000 36.91700000 36.98300000 37.14000000 37.21800000 37.22700000 37.20900000 37.17600000 37.12400000 37.02300000 36.90800000 36.63900000 36.61700000 36.79100000 36.93500000 37.08700000 36.98900000 37.07800000 37.06300000 37.00700000 36.91000000 36.78800000 36.65200000 36.36100000 36.61900000 36.63700000 36.70500000 36.96400000 36.98500000
36.95600000 36.99500000 36.88600000 36.95400000 37.06100000 37.16700000 37.16300000 37.11000000 37.04700000 36.99100000 36.82900000 36.43900000 36.56700000 36.84600000 36.82400000 36.99100000 37.07300000 36.96900000 37.04400000 37.01400000 36.94200000 36.86200000 36.64800000 36.74100000 37.10700000 37.04500000 37.04600000 36.97900000 36.90100000 36.87000000
36.57900000 37.01900000 36.87300000 36.92200000 36.83600000 37.05900000 37.01100000 36.72900000 36.49900000 36.67700000 36.83100000 36.90500000 36.89400000 36.88000000 36.88200000 37.05100000 37.03500000 36.93600000 36.97300000 36.88500000 36.77000000 36.92500000 37.22900000 37.25200000 37.21400000 37.02200000 37.04600000 37.02500000 37.00300000 36.93800000
36.50000000 36.10400000 37.00100000 36.83700000 36.92100000 36.95900000 36.66700000 36.60200000 36.71500000 36.94600000 36.90300000 36.89300000 36.91500000 36.93200000 36.96200000 37.04700000 37.00300000 36.84300000 36.82700000 36.84600000 37.21100000 37.22900000 37.22100000 37.22400000 37.24100000 37.25400000 37.19500000 36.91400000 36.74800000 36.71200000
36.32400000 35.67600000 36.94800000 36.99700000 36.89300000 36.82600000 36.92800000 36.94000000 36.93700000 36.91400000 36.85700000 36.84900000 36.90600000 36.99300000 37.03800000 37.01400000 37.05900000 36.85800000 37.06600000 37.19900000 37.19800000 37.15500000 37.06800000 37.07000000 37.15100000 37.21100000 37.27400000 37.25300000 36.77600000 36.56300000
36.04700000 35.32500000 36.81300000 36.97300000 37.12300000 37.03800000 36.91700000 36.87300000 36.86300000 36.85900000 36.97800000 36.99500000 36.99300000 37.01400000 37.03200000 37.01500000 37.18100000 37.06400000 37.14100000 37.19200000 37.15100000 37.02200000 36.94200000 36.97300000 37.12400000 37.20800000 37.28600000 37.30600000 37.27000000 36.69000000
35.51200000 35.47500000 36.45000000 36.69600000 36.91500000 37.12600000 37.20900000 36.91200000 36.92500000 36.96800000 37.01600000 36.98500000 37.00200000 37.05000000 37.06400000 37.05200000 37.22500000 37.18900000 37.13600000 37.16600000 37.15300000 37.09300000 37.07700000 37.13900000 37.18800000 37.27900000 37.42800000 37.38500000 37.26400000 37.18500000
35.32100000 35.87000000 36.33700000 36.67700000 36.78800000 36.67200000 36.90700000 37.32000000 37.13300000 36.91400000 36.88000000 36.92500000 36.95200000 36.98800000 36.99000000 37.07500000 37.23700000 37.24500000 37.25500000 37.25000000 37.22800000 37.23300000 37.22000000 37.25800000 37.46800000 37.46600000 37.46800000 37.41400000 37.28100000 37.26600000
35.31300000 35.19200000 35.97800000 36.42500000 36.35000000 36.62900000 36.40200000 36.73600000 37.27600000 37.38700000 37.40600000 37.16600000 36.94400000 36.96800000 36.95400000 36.98700000 37.08700000 37.08000000 37.00800000 37.43700000 37.36500000 37.39500000 37.39500000 37.38900000 37.36900000 37.39300000 37.45400000 37.32800000 37.25600000 37.25700000
34.62700000 34.83000000 34.81600000 34.96200000 36.16200000 36.14800000 36.37200000 36.12800000 36.56100000 37.21500000 37.33100000 37.40000000 37.41800000 37.06600000 36.96700000 37.00800000 36.96800000 37.38900000 37.34400000 37.37100000 37.30800000 37.31400000 37.37400000 37.40000000 37.41400000 37.42300000 37.32500000 37.26800000 37.32200000 37.22300000
37.59700000 37.59700000 37.59700000 35.05500000 35.43200000 35.77600000 36.01100000 36.00400000 35.69800000 36.38200000 37.09800000 37.16900000 37.18000000 37.27300000 37.25600000 37.23400000 37.24700000 37.12900000 37.32100000 37.35200000 37.26300000 37.35700000 37.31600000 37.27100000 37.31000000 37.31600000 37.33000000 37.26600000 37.33000000 37.20200000
37.59700000 37.59700000 37.59700000 37.59700000 35.23000000 35.30600000 35.55900000 35.52800000 35.67600000 35.62600000 36.53700000 37.11000000 37.07500000 36.60800000 36.58400000 36.87700000 36.75600000 36.60200000 37.25100000 37.36900000 37.21800000 37.27400000 37.24500000 37.22200000 37.27700000 37.36400000 37.34300000 37.35300000 37.39000000 37.20300000
37.59700000 37.59700000 37.59700000 37.59700000 37.59700000 37.59700000 35.28200000 35.33600000 35.42900000 35.50100000 35.73100000 36.36400000 36.45000000 36.45500000 36.16100000 36.24400000 36.76900000 36.46700000 37.19700000 37.34800000 37.32100000 37.18400000 37.20600000 37.19200000 37.27600000 37.37000000 37.45800000 37.35300000 37.34800000 37.22600000
37.59700000 37.59700000 37.59700000 37.59700000 37.59700000 37.59700000 37.59700000 37.59700000 37.59700000 37.59700000 37.59700000 37.59700000 35.67800000 35.81200000 36.10300000 36.15200000 36.54400000 36.24200000 37.08400000 37.28000000 37.35100000 37.37100000 37.30400000 37.25800000 37.29900000 37.36900000 37.41200000 37.49300000 37.33400000 37.34300000
37.59700000 37.59700000 37.59700000 37.59700000 37.59700000 37.59700000 37.59700000 37.59700000 37.59700000 37.59700000 37.59700000 37.59700000 37.59700000 37.59700000 37.59700000 36.02200000 36.24400000 36.15700000 36.66100000 36.93500000 37.33200000 37.38700000 37.39800000 37.40200000 37.34600000 37.35700000 37.39100000 37.48400000 37.51500000 37.45700000
37.59700000 37.59700000 37.59700000 37.59700000 37.59700000 37.59700000 37.59700000 37.59700000 37.59700000 37.59700000 37.59700000 37.59700000 37.59700000 37.59700000 37.59700000 37.59700000 36.01000000 36.08900000 36.62700000 37.02800000 36.94900000 37.34400000 37.41600000 37.41700000 37.38300000 37.32500000 37.37200000 37.37500000 37.44200000 37.55200000
37.59700000 37.59700000 37.59700000 37.59700000 37.59700000 37.59700000 37.59700000 37.59700000 37.59700000 37.59700000 37.59700000 37.59700000 37.59700000 37.59700000 37.59700000 37.59700000 37.59700000 37.59700000 35.99900000 36.72200000 37.04600000 37.13600000 37.42900000 37.42200000 37.33500000 37.32800000 37.36100000 37.37800000 37.35200000 37.42900000
37.59700000 37.59700000 37.59700000 37.59700000 37.59700000 37.59700000 37.59700000 37.59700000 37.59700000 37.59700000 37.59700000 37.59700000 37.59700000 37.59700000 37.59700000 37.59700000 37.59700000 37.59700000 37.59700000 36.56400000 36.87500000 37.23400000 37.42900000 37.41800000 37.29800000 37.35600000 37.34400000 37.37600000 37.33500000 37.34000000
37.59700000 37.59700000 37.59700000 37.59700000 37.59700000 37.59700000 37.59700000 37.59700000 37.59700000 37.59700000 37.59700000 37.59700000 37.59700000 37.59700000 37.59700000 37.59700000 37.59700000 37.59700000 37.59700000 36.78900000 36.76500000 37.35000000 37.42600000 37.36800000 37.35600000 37.41100000 37.40900000 37.35300000 37.36500000 37.33000000
37.59700000 37.59700000 37.59700000 37.59700000 37.59700000 37.59700000 37.59700000 37.59700000 37.59700000 37.59700000 37.59700000 37.59700000 37.59700000 37.59700000 37.59700000 37.59700000 37.59700000 37.59700000 37.59700000 36.75100000 36.78100000 37.34700000 37.38400000 37.30000000 37.40700000 37.38300000 37.39500000 37.43400000 37.36200000 37.34000000
37.59700000 37.59700000 37.59700000 37.59700000 37.59700000 37.59700000 37.59700000 37.59700000 37.59700000 37.59700000 37.59700000 37.59700000 37.59700000 37.59700000 37.59700000 37.59700000 37.59700000 37.59700000 37.59700000 36.33600000 36.68300000 37.25400000 37.33300000 37.34900000 37.37000000 37.38700000 37.37000000 37.36100000 37.41800000 37.37900000
37.59700000 37.59700000 37.59700000 37.59700000 37.59700000 37.59700000 37.59700000 37.59700000 37.59700000 37.59700000 37.59700000 37.59700000 37.59700000 37.59700000 37.59700000 37.59700000 37.59700000 37.59700000 37.59700000 37.59700000 36.67700000 36.82400000 37.33600000 37.37400000 37.35700000 37.35100000 37.32300000 37.31200000 37.33600000 37.33600000
37.59700000 37.59700000 37.59700000 37.59700000 37.59700000 37.59700000 37.59700000 37.59700000 37.59700000 37.59700000 37.59700000 37.59700000 37.59700000 37.59700000 37.59700000 37.59700000 37.59700000 37.59700000 37.59700000 37.59700000 37.59700000 36.71300000 37.25400000 37.31600000 37.34000000 37.33900000 37.31700000 37.30200000 37.28000000 37.30700000
37.59700000 37.59700000 37.59700000 37.59700000 37.59700000 37.59700000 37.59700000 37.59700000 37.59700000 37.59700000 37.59700000 37.59700000 37.59700000 37.59700000 37.59700000 37.59700000 37.59700000 37.59700000 37.59700000 37.59700000 37.59700000 36.49900000 37.10600000 37.25500000 37.30700000 37.30600000 37.28800000 37.26900000 37.25700000 37.26200000
37.59700000 37.59700000 37.59700000 37.59700000 37.59700000 37.59700000 37.59700000 37.59700000 37.59700000 37.59700000 37.59700000 37.59700000 37.59700000 37.59700000 37.59700000 37.59700000 37.59700000 37.59700000 37.59700000 37.59700000 37.59700000 37.59700000 36.75400000 37.11900000 37.13800000 37.16000000 37.20200000 37.20500000 37.26200000 37.28900000
37.59700000 37.59700000 37.59700000 37.59700000 37.59700000 37.59700000 37.59700000 37.59700000 37.59700000 37.59700000 37.59700000 37.59700000 37.59700000 37.59700000 37.59700000 37.59700000 37.59700000 37.59700000 37.59700000 37.59700000 37.59700000 37.59700000 37.59700000 36.89500000 37.17800000 37.19800000 37.21800000 37.24500000 37.28500000 37.28900000
36.99400000 36.93100000 36.97400000 36.94100000 36.96200000 37.14900000 37.25100000 37.27100000 37.25500000 37.21500000 37.14600000 37.03100000 36.89800000 36.65700000 36.55400000 36.84200000 36.94400000 37.02200000 36.99700000 37.06000000 37.02800000 37.01100000 36.89000000 36.70900000 36.52700000 36.27000000 36.45500000 36.43500000 36.37300000 36.43800000
36.98900000 37.03300000 36.91600000 36.98200000 37.13900000 37.21700000 37.22600000 37.20800000 37.17500000 37.12300000 37.02300000 36.90700000 36.63900000 36.61500000 36.79000000 36.93400000 37.08500000 36.98800000 37.07700000 37.06200000 37.00600000 36.90900000 36.78800000 36.65100000 36.36000000 36.61800000 36.63600000 36.70500000 36.96300000 36.98500000
36.95500000 36.99400000 36.88500000 36.95300000 37.06000000 37.16600000 37.16200000 37.11000000 37.04600000 36.99000000 36.82900000 36.43800000 36.56500000 36.84500000 36.82200000 36.98900000 37.07200000 36.96800000 37.04200000 37.01300000 36.94100000 36.86100000 36.64800000 36.73900000 37.10600000 37.04500000 37.04500000 36.97800000 36.90000000 36.86900000
36.57900000 37.01800000 36.87200000 36.92100000 36.83600000 37.05900000 37.01000000 36.72900000 36.49800000 36.67600000 36.83000000 36.90400000 36.89300000 36.87900000 36.88100000 37.04900000 37.03500000 36.93500000 36.97200000 36.88400000 36.77000000 36.92500000 37.22800000 37.25100000 37.21400000 37.02100000 37.04500000 37.02400000 37.00200000 36.93700000
36.50300000 36.16900000 37.00100000 36.83600000 36.92000000 36.95900000 36.66600000 36.60200000 36.71400000 36.94500000 36.90200000 36.89200000 36.91400000 36.93100000 36.96100000 37.04500000 37.00200000 36.84200000 36.82600000 36.84500000 37.21000000 37.22800000 37.22000000 37.22300000 37.24000000 37.25300000 37.19600000 36.91400000 36.74800000 36.71200000
36.32500000 35.77100000 36.94700000 36.99500000 36.89300000 36.82500000 36.92700000 36.93900000 36.93600000 36.91300000 36.85600000 36.84800000 36.90500000 36.99200000 37.03700000 37.01200000 37.05800000 36.85700000 37.06500000 37.19800000 37.19800000 37.15400000 37.06700000 37.06800000 37.15000000 37.21000000 37.27300000 37.25200000 36.77700000 36.56200000
36.04800000 35.39800000 36.81300000 36.97200000 37.12100000 37.03700000 36.91600000 36.87200000 36.86200000 36.85700000 36.97600000 36.99400000 36.99200000 37.01300000 37.03100000 37.01400000 37.18000000 37.06400000 37.14000000 37.19100000 37.15100000 37.02200000 36.94200000 36.97200000 37.12300000 37.20700000 37.28500000 37.30500000 37.26900000 36.72000000
35.77500000 35.57000000 36.51500000 36.69500000 36.91300000 37.12500000 37.20700000 36.91200000 36.92500000 36.96700000 37.01500000 36.98400000 37.00200000 37.04900000 37.06400000 37.05100000 37.22500000 37.18900000 37.13600000 37.16500000 37.15300000 37.09300000 37.07700000 37.13800000 37.18700000 37.27800000 37.42700000 37.38500000 37.26400000 37.23200000
35.84600000 35.87600000 36.35000000 36.67800000 36.78800000 36.67200000 36.90600000 37.31900000 37.13200000 36.91300000 36.87900000 36.92400000 36.95200000 36.98800000 36.99000000 37.07500000 37.23600000 37.24400000 37.25400000 37.25000000 37.22800000 37.23300000 37.22000000 37.25700000 37.46700000 37.46500000 37.46700000 37.41300000 37.28000000 37.26500000
35.69300000 35.80600000 36.15900000 36.43800000 36.35200000 36.62900000 36.40200000 36.73500000 37.27400000 37.38500000 37.40400000 37.16600000 36.94300000 36.96700000 36.95300000 36.98700000 37.08700000 37.08000000 37.00700000 37.43600000 37.36400000 37.39400000 37.39400000 37.38900000 37.36800000 37.39200000 37.45200000 37.32700000 37.25500000 37.25600000
35.41500000 37.59700000 35.65900000 35.78600000 36.20400000 36.18300000 36.39600000 36.19500000 36.56200000 37.21200000 37.33000000 37.39800000 37.41600000 37.06500000 36.96600000 37.00700000 36.96700000 37.38800000 37.34200000 37.37000000 37.30700000 37.31300000 37.37300000 37.39900000 37.41300000 37.42200000 37.32400000 37.26700000 37.32100000 37.22200000
37.59700000 37.59700000 37.59700000 37.59700000 35.75300000 36.04700000 36.52100000 36.47000000 36.11700000 36.38200000 37.09500000 37.16800000 37.17800000 37.27200000 37.25500000 37.23300000 37.24400000 37.12800000 37.31900000 37.35100000 37.26200000 37.35500000 37.31500000 37.26900000 37.30900000 37.31400000 37.32900000 37.26500000 37.33000000 37.20100000
37.59700000 37.59700000 37.59700000 37.59700000 37.59700000 35.63600000 35.84100000 35.98700000 36.26700000 35.79900000 36.53900000 37.10700000 37.07300000 36.60800000 36.58500000 36.87600000 36.75700000 36.59900000 37.25000000 37.36800000 37.21600000 37.27300000 37.24400000 37.22000000 37.27600000 37.36300000 37.34200000 37.35200000 37.39000000 37.20300000
37.59700000 37.59700000 37.59700000 37.59700000 37.59700000 37.59700000 37.59700000 35.52400000 35.71400000 35.79000000 35.83400000 36.45400000 36.47600000 36.46600000 36.16300000 36.24300000 36.76800000 36.48100000 37.19600000 37.34700000 37.32000000 37.18300000 37.20500000 37.19100000 37.27500000 37.36900000 37.45700000 37.35200000 37.34700000 37.22500000
37.59700000 37.59700000 37.59700000 37.59700000 37.59700000 37.59700000 37.59700000 37.59700000 37.59700000 37.59700000 37.59700000 37.59700000 37.59700000 37.59700000 37.59700000 36.19700000 36.55700000 36.27100000 37.08200000 37.27900000 37.35000000 37.37000000 37.30200000 37.25700000 37.29800000 37.36800000 37.41100000 37.49200000 37.33300000 37.34200000
37.59700000 37.59700000 37.59700000 37.59700000 37.59700000 37.59700000 37.59700000 37.59700000 37.59700000 37.59700000 37.59700000 37.59700000 37.59700000 37.59700000 37.59700000 37.59700000 36.34700000 36.39400000 36.65800000 36.93100000 37.33000000 37.38600000 37.39700000 37.40100000 37.34500000 37.35600000 37.39000000 37.48200000 37.51400000 37.45700000
37.59700000 37.59700000 37.59700000 37.59700000 37.59700000 37.59700000 37.59700000 37.59700000 37.59700000 37.59700000 37.59700000 37.59700000 37.59700000 37.59700000 37.59700000 37.59700000 37.59700000 36.40000000 36.61500000 37.02500000 36.94800000 37.34300000 37.41500000 37.41600000 37.38200000 37.32400000 37.37000000 37.37400000 37.44100000 37.55100000
37.59700000 37.59700000 37.59700000 37.59700000 37.59700000 37.59700000 37.59700000 37.59700000 37.59700000 37.59700000 37.59700000 37.59700000 37.59700000 37.59700000 37.59700000 37.59700000 37.59700000 37.59700000 37.59700000 36.71300000 37.04400000 37.13200000 37.42800000 37.42100000 37.33500000 37.32700000 37.36000000 37.37800000 37.35100000 37.42900000
37.59700000 37.59700000 37.59700000 37.59700000 37.59700000 37.59700000 37.59700000 37.59700000 37.59700000 37.59700000 37.59700000 37.59700000 37.59700000 37.59700000 37.59700000 37.59700000 37.59700000 37.59700000 37.59700000 37.59700000 36.87800000 37.23200000 37.42800000 37.41600000 37.29700000 37.35500000 37.34300000 37.37500000 37.33400000 37.34000000
37.59700000 37.59700000 37.59700000 37.59700000 37.59700000 37.59700000 37.59700000 37.59700000 37.59700000 37.59700000 37.59700000 37.59700000 37.59700000 37.59700000 37.59700000 37.59700000 37.59700000 37.59700000 37.59700000 37.59700000 36.65400000 37.34900000 37.42500000 37.36700000 37.35400000 37.41000000 37.40800000 37.35300000 37.36500000 37.32900000
37.59700000 37.59700000 37.59700000 37.59700000 37.59700000 37.59700000 37.59700000 37.59700000 37.59700000 37.59700000 37.59700000 37.59700000 37.59700000 37.59700000 37.59700000 37.59700000 37.59700000 37.59700000 37.59700000 37.59700000 36.56300000 37.34600000 37.38200000 37.29900000 37.40600000 37.38200000 37.39400000 37.43300000 37.36200000 37.34000000
37.59700000 37.59700000 37.59700000 37.59700000 37.59700000 37.59700000 37.59700000 37.59700000 37.59700000 37.59700000 37.59700000 37.59700000 37.59700000 37.59700000 37.59700000 37.59700000 37.59700000 37.59700000 37.59700000 37.59700000 36.74000000 37.25200000 37.33200000 37.34800000 37.36900000 37.38600000 37.37000000 37.36100000 37.41700000 37.37800000
37.59700000 37.59700000 37.59700000 37.59700000 37.59700000 37.59700000 37.59700000 37.59700000 37.59700000 37.59700000 37.59700000 37.59700000 37.59700000 37.59700000 37.59700000 37.59700000 37.59700000 37.59700000 37.59700000 37.59700000 37.59700000 36.71600000 37.33500000 37.37300000 37.35600000 37.35000000 37.32200000 37.31200000 37.33500000 37.33400000
37.59700000 37.59700000 37.59700000 37.59700000 37.59700000 37.59700000 37.59700000 37.59700000 37.59700000 37.59700000 37.59700000 37.59700000 37.59700000 37.59700000 37.59700000 37.59700000 37.59700000 37.59700000 37.59700000 37.59700000 37.59700000 36.69400000 37.25300000 37.31500000 37.33900000 37.33800000 37.31600000 37.30100000 37.28000000 37.30600000
37.59700000 37.59700000 37.59700000 37.59700000 37.59700000 37.59700000 37.59700000 37.59700000 37.59700000 37.59700000 37.59700000 37.59700000 37.59700000 37.59700000 37.59700000 37.59700000 37.59700000 37.59700000 37.59700000 37.59700000 37.59700000 37.59700000 37.10500000 37.25400000 37.30600000 37.30500000 37.28700000 37.26900000 37.25600000 37.26100000
37.59700000 37.59700000 37.59700000 37.59700000 37.59700000 37.59700000 37.59700000 37.59700000 37.59700000 37.59700000 37.59700000 37.59700000 37.59700000 37.59700000 37.59700000 37.59700000 37.59700000 37.59700000 37.59700000 37.59700000 37.59700000 37.59700000 36.74900000 37.11900000 37.13600000 37.15900000 37.20100000 37.20400000 37.26000000 37.28800000
37.59700000 37.59700000 37.59700000 37.59700000 37.59700000 37.59700000 37.59700000 37.59700000 37.59700000 37.59700000 37.59700000 37.59700000 37.59700000 37.59700000 37.59700000 37.59700000 37.59700000 37.59700000 37.59700000 37.59700000 37.59700000 37.59700000 37.59700000 36.88700000 37.17700000 37.19500000 37.21600000 37.24300000 37.28200000 37.28800000
