25.42300000 25.30100000 25.53900000 25.34000000 24.75700000 25.27900000 25.49500000 25.51400000 25.44200000 25.33600000 25.33000000 25.28800000 25.14500000 24.27400000 24.18800000 25.24800000 25.53100000 25.52400000 25.34300000 25.25600000 25.30100000 25.20800000 25.12700000 24.78300000 24.18800000 23.78100000 24.10300000 24.27200000 24.24500000 24.63600000
25.22000000 25.28300000 25.32400000 24.87300000 25.13000000 25.37100000 25.34800000 25.31900000 25.28500000 25.23400000 25.18800000 25.03100000 24.11800000 24.20800000 24.59700000 25.26400000 25.50900000 25.19900000 25.23800000 25.23100000 25.13400000 25.01000000 24.75500000 24.33300000 23.60000000 24.27700000 24.43100000 24.63000000 25.11200000 25.00800000
25.04500000 25.25000000 25.33400000 24.99600000 24.95400000 25.26100000 25.24100000 25.14600000 25.07100000 25.00400000 24.55800000 23.80500000 24.09500000 24.65000000 24.67400000 25.47500000 25.35600000 25.18300000 25.18000000 25.12900000 25.04500000 24.91700000 24.27700000 24.62700000 25.54400000 25.39800000 25.34600000 25.07100000 24.87700000 24.93800000
24.61400000 25.09500000 25.27300000 25.42800000 24.40800000 24.98700000 24.90200000 24.29900000 23.96300000 24.20500000 24.49300000 24.72600000 24.80900000 24.83300000 25.04900000 25.54500000 25.32900000 25.10400000 25.05500000 24.83400000 24.61600000 25.07100000 25.73200000 25.76700000 25.75000000 25.33700000 25.28700000 25.21300000 25.19400000 25.26700000
24.30600000 24.01700000 25.10600000 25.28800000 25.41900000 24.82900000 24.15100000 24.06700000 24.20500000 24.77500000 24.84800000 25.01600000 25.26600000 25.40300000 25.54100000 25.57900000 25.28600000 24.93200000 24.84400000 24.91800000 25.73100000 25.57200000 25.59200000 25.60600000 25.70600000 25.72600000 25.71400000 25.16300000 25.00600000 25.16700000
23.82800000 23.74500000 24.81500000 25.30600000 25.37900000 25.33500000 25.47600000 25.44300000 25.44700000 25.47700000 25.41300000 25.42000000 25.53700000 25.67300000 25.77600000 25.58600000 25.39100000 24.89700000 25.33900000 25.65500000 25.49400000 25.37700000 25.11400000 25.12100000 25.31500000 25.66800000 25.94800000 25.81800000 25.06500000 25.06600000
23.77900000 23.60900000 24.49700000 24.92400000 25.47600000 25.56100000 25.49100000 25.46200000 25.46200000 25.44800000 25.61600000 25.60500000 25.57900000 25.67400000 25.74400000 25.62000000 25.59800000 25.28700000 25.51900000 25.48500000 25.38200000 25.04600000 24.79900000 24.92000000 25.24900000 25.71600000 26.17900000 26.06800000 25.89700000 25.19700000
23.68700000 23.69600000 24.36400000 24.35000000 24.86800000 25.44100000 25.92300000 25.55300000 25.59100000 25.69100000 25.77800000 25.71800000 25.68400000 25.75100000 25.80700000 25.63900000 25.70300000 25.65500000 25.50600000 25.49500000 25.39200000 25.26200000 25.21200000 25.32200000 25.63600000 26.23600000 26.65000000 26.37800000 25.76500000 25.87900000
23.40500000 23.63300000 23.94800000 24.33500000 24.43100000 24.49700000 24.83600000 26.09300000 25.92200000 25.58200000 25.52400000 25.59300000 25.68600000 25.69800000 25.69000000 25.64000000 25.77500000 25.80600000 25.84700000 25.84200000 25.78900000 25.81700000 25.92400000 26.27100000 26.78600000 26.69400000 26.59700000 26.42400000 25.83400000 26.02400000
23.19100000 22.80500000 23.53100000 24.04300000 23.79500000 24.12700000 23.95400000 24.46800000 25.82000000 26.32100000 26.44200000 26.01400000 25.56400000 25.59800000 25.67400000 25.66800000 25.64700000 25.71900000 25.72700000 26.63100000 26.31000000 26.33100000 26.34600000 26.32400000 26.18800000 26.25300000 26.52000000 26.13200000 25.85600000 26.04800000
24.13300000 23.48300000 23.67500000 23.40400000 23.59600000 23.44900000 23.71700000 23.89700000 24.23000000 25.58100000 26.17600000 26.48700000 26.58800000 25.82900000 25.57100000 25.59300000 25.54600000 26.44300000 26.47100000 26.62900000 26.18400000 26.06900000 26.25700000 26.40800000 26.46100000 26.47500000 26.13200000 25.86600000 26.17100000 26.14900000
27.83300000 27.83300000 27.83300000 23.89700000 23.43000000 23.17200000 23.33900000 23.32300000 23.29900000 23.98400000 25.12000000 25.48100000 25.55200000 25.92100000 25.96700000 25.97100000 26.00700000 25.77500000 26.36600000 26.56500000 25.99500000 26.26100000 26.20700000 26.29100000 26.43300000 26.21900000 26.23600000 26.03300000 26.23200000 26.20800000
27.83300000 27.83300000 27.83300000 27.83300000 23.61500000 23.49500000 23.30100000 23.10100000 23.19900000 23.21100000 24.04100000 25.07400000 25.06600000 24.20500000 24.16700000 24.62200000 24.61600000 24.86100000 26.17600000 26.65600000 25.85800000 26.10000000 26.07900000 26.27100000 26.34900000 26.65100000 26.37900000 26.31900000 26.40000000 26.25100000
27.83300000 27.83300000 27.83300000 27.83300000 27.83300000 27.83300000 24.35300000 24.02200000 23.42100000 23.15200000 23.27400000 23.66100000 23.85700000 23.81500000 23.05700000 23.39600000 24.29300000 24.69800000 25.98200000 26.65000000 26.45600000 25.93800000 26.10200000 26.10300000 26.21400000 26.72200000 26.85100000 26.40000000 26.27300000 26.20500000
27.83300000 27.83300000 27.83300000 27.83300000 27.83300000 27.83300000 27.83300000 27.83300000 27.83300000 27.83300000 27.83300000 27.83300000 23.30100000 23.09900000 22.97000000 23.35700000 23.94700000 24.52400000 25.56800000 26.45700000 26.70900000 26.71800000 26.42500000 26.27100000 26.26400000 26.81100000 26.83300000 26.92400000 26.33200000 26.27500000
27.83300000 27.83300000 27.83300000 27.83300000 27.83300000 27.83300000 27.83300000 27.83300000 27.83300000 27.83300000 27.83300000 27.83300000 27.83300000 27.83300000 27.83300000 23.45600000 23.83700000 24.68800000 24.96400000 25.15200000 26.69900000 26.68100000 26.73400000 26.82000000 26.44100000 26.89800000 26.87000000 26.88500000 26.94600000 26.72600000
27.83300000 27.83300000 27.83300000 27.83300000 27.83300000 27.83300000 27.83300000 27.83300000 27.83300000 27.83300000 27.83300000 27.83300000 27.83300000 27.83300000 27.83300000 27.83300000 23.76900000 24.16700000 25.00500000 25.37800000 24.70600000 26.76000000 26.72300000 26.83100000 26.61700000 26.98600000 26.97300000 26.85000000 26.90600000 27.00500000
27.83300000 27.83300000 27.83300000 27.83300000 27.83300000 27.83300000 27.83300000 27.83300000 27.83300000 27.83300000 27.83300000 27.83300000 27.83300000 27.83300000 27.83300000 27.83300000 27.83300000 27.83300000 23.75700000 25.01300000 25.43900000 26.30500000 26.72200000 26.82100000 26.75200000 27.01800000 27.07200000 27.01700000 26.91300000 26.98400000
27.83300000 27.83300000 27.83300000 27.83300000 27.83300000 27.83300000 27.83300000 27.83300000 27.83300000 27.83300000 27.83300000 27.83300000 27.83300000 27.83300000 27.83300000 27.83300000 27.83300000 27.83300000 27.83300000 25.10000000 24.35300000 26.58900000 26.67800000 26.64800000 26.90500000 27.02500000 26.98300000 27.05200000 26.97100000 27.04400000
27.83300000 27.83300000 27.83300000 27.83300000 27.83300000 27.83300000 27.83300000 27.83300000 27.83300000 27.83300000 27.83300000 27.83300000 27.83300000 27.83300000 27.83300000 27.83300000 27.83300000 27.83300000 27.83300000 25.58800000 24.63300000 26.85600000 26.64900000 26.69600000 27.03300000 27.15200000 27.14300000 26.97000000 27.04700000 27.14400000
27.83300000 27.83300000 27.83300000 27.83300000 27.83300000 27.83300000 27.83300000 27.83300000 27.83300000 27.83300000 27.83300000 27.83300000 27.83300000 27.83300000 27.83300000 27.83300000 27.83300000 27.83300000 27.83300000 25.53700000 25.18100000 26.86900000 26.69500000 26.81600000 27.15000000 26.94900000 27.00900000 27.20700000 27.08100000 27.12300000
27.83300000 27.83300000 27.83300000 27.83300000 27.83300000 27.83300000 27.83300000 27.83300000 27.83300000 27.83300000 27.83300000 27.83300000 27.83300000 27.83300000 27.83300000 27.83300000 27.83300000 27.83300000 27.83300000 24.99000000 24.31100000 26.64400000 26.90800000 27.00200000 27.04500000 26.91800000 27.05400000 27.12400000 27.17600000 27.25200000
27.83300000 27.83300000 27.83300000 27.83300000 27.83300000 27.83300000 27.83300000 27.83300000 27.83300000 27.83300000 27.83300000 27.83300000 27.83300000 27.83300000 27.83300000 27.83300000 27.83300000 27.83300000 27.83300000 27.83300000 25.46300000 25.61100000 26.88500000 27.02700000 26.91700000 26.99700000 26.98800000 26.99400000 27.11100000 27.11300000
27.83300000 27.83300000 27.83300000 27.83300000 27.83300000 27.83300000 27.83300000 27.83300000 27.83300000 27.83300000 27.83300000 27.83300000 27.83300000 27.83300000 27.83300000 27.83300000 27.83300000 27.83300000 27.83300000 27.83300000 27.83300000 25.27500000 26.69200000 26.85800000 26.88100000 26.96000000 26.92800000 26.77000000 26.86000000 27.22200000
27.83300000 27.83300000 27.83300000 27.83300000 27.83300000 27.83300000 27.83300000 27.83300000 27.83300000 27.83300000 27.83300000 27.83300000 27.83300000 27.83300000 27.83300000 27.83300000 27.83300000 27.83300000 27.83300000 27.83300000 27.83300000 25.22300000 26.34100000 26.70700000 26.84200000 26.80500000 26.77500000 26.70300000 26.64400000 26.89500000
27.83300000 27.83300000 27.83300000 27.83300000 27.83300000 27.83300000 27.83300000 27.83300000 27.83300000 27.83300000 27.83300000 27.83300000 27.83300000 27.83300000 27.83300000 27.83300000 27.83300000 27.83300000 27.83300000 27.83300000 27.83300000 27.83300000 25.99300000 26.48000000 26.38000000 26.44800000 26.61000000 26.63900000 26.80900000 27.19200000
27.83300000 27.83300000 27.83300000 27.83300000 27.83300000 27.83300000 27.83300000 27.83300000 27.83300000 27.83300000 27.83300000 27.83300000 27.83300000 27.83300000 27.83300000 27.83300000 27.83300000 27.83300000 27.83300000 27.83300000 27.83300000 27.83300000 27.83300000 26.32900000 26.64200000 26.70600000 26.72500000 26.79500000 27.22600000 27.26500000
25.53700000 25.34600000 25.56200000 25.36400000 24.77700000 25.30500000 25.51400000 25.53600000 25.46200000 25.36600000 25.35200000 25.30700000 25.18500000 24.33900000 24.20300000 25.26000000 25.55100000 25.54900000 25.37900000 25.28400000 25.32300000 25.23100000 25.13000000 24.80300000 24.21000000 23.79100000 24.11600000 24.28800000 24.25900000 24.65100000
25.24600000 25.30000000 25.34300000 24.90300000 25.14800000 25.39200000 25.36900000 25.34300000 25.30800000 25.25700000 25.21100000 25.05700000 24.14400000 24.23200000 24.62000000 25.28900000 25.53800000 25.22600000 25.26600000 25.25800000 25.16200000 25.03600000 24.77300000 24.35500000 23.61800000 24.29800000 24.45200000 24.64800000 25.13300000 25.02800000
25.06100000 25.27200000 25.35300000 25.01500000 24.97100000 25.28100000 25.26300000 25.16700000 25.09200000 25.02500000 24.58400000 23.82500000 24.11600000 24.67300000 24.69500000 25.50300000 25.38400000 25.20800000 25.20700000 25.15700000 25.07000000 24.94300000 24.29100000 24.65000000 25.55400000 25.42300000 25.36700000 25.09500000 24.89800000 24.95500000
24.64700000 25.11600000 25.28800000 25.45100000 24.42700000 25.00700000 24.92300000 24.31800000 23.98100000 24.22400000 24.51500000 24.74600000 24.83100000 24.85600000 25.06900000 25.57700000 25.35500000 25.12700000 25.08000000 24.85500000 24.63800000 25.09400000 25.75900000 25.79000000 25.77200000 25.36200000 25.31100000 25.23900000 25.21500000 25.28700000
24.37300000 24.17500000 25.12600000 25.30400000 25.44000000 24.84000000 24.17000000 24.08300000 24.22200000 24.79500000 24.86900000 25.03700000 25.28500000 25.42800000 25.56500000 25.61100000 25.31500000 24.95300000 24.86700000 24.93900000 25.75400000 25.59500000 25.61600000 25.62900000 25.72800000 25.75000000 25.73400000 25.18200000 25.02700000 25.18600000
23.84700000 23.87900000 24.83800000 25.33000000 25.39900000 25.35600000 25.49900000 25.45900000 25.46600000 25.50000000 25.43800000 25.44300000 25.56300000 25.70200000 25.80100000 25.61700000 25.41500000 24.91700000 25.36000000 25.67800000 25.51900000 25.39900000 25.13000000 25.13900000 25.33300000 25.68600000 25.97000000 25.83800000 25.08400000 25.08300000
23.79800000 23.72500000 24.51800000 24.94700000 25.49500000 25.58100000 25.51000000 25.48300000 25.48500000 25.47000000 25.64100000 25.62800000 25.60300000 25.70000000 25.76600000 25.64400000 25.62000000 25.30900000 25.53900000 25.50500000 25.40300000 25.06600000 24.81900000 24.94100000 25.26900000 25.73400000 26.20000000 26.09400000 25.91900000 25.25600000
23.28600000 23.59400000 24.53400000 24.37200000 24.89000000 25.45600000 25.93700000 25.57200000 25.61100000 25.71400000 25.80200000 25.74300000 25.70800000 25.77300000 25.82800000 25.66200000 25.72400000 25.67600000 25.52700000 25.51400000 25.41100000 25.28200000 25.23300000 25.34200000 25.65600000 26.25500000 26.67300000 26.40100000 25.78400000 26.01300000
21.44800000 23.42300000 23.99900000 24.36000000 24.45100000 24.52100000 24.85400000 26.11000000 25.93500000 25.60300000 25.54500000 25.61400000 25.70000000 25.72200000 25.71500000 25.66600000 25.80000000 25.82600000 25.86800000 25.86300000 25.81200000 25.84000000 25.94600000 26.29100000 26.80800000 26.71600000 26.61900000 26.44800000 25.85700000 26.04200000
20.33500000 20.44300000 23.43400000 24.07900000 23.81800000 24.14900000 23.97300000 24.48800000 25.83600000 26.34300000 26.46500000 26.03800000 25.58800000 25.62100000 25.70100000 25.69500000 25.67300000 25.74200000 25.74900000 26.65600000 26.33100000 26.35500000 26.37100000 26.34700000 26.21100000 26.27700000 26.54300000 26.15500000 25.87600000 26.07000000
22.33300000 27.83300000 20.83500000 21.14500000 23.61800000 23.41900000 23.76100000 24.03700000 24.25300000 25.59700000 26.19100000 26.50100000 26.61400000 25.84400000 25.60000000 25.62000000 25.57200000 26.47000000 26.49700000 26.65700000 26.22100000 26.09300000 26.28200000 26.43400000 26.48800000 26.50100000 26.15800000 25.88700000 26.19300000 26.16900000
27.83300000 27.83300000 27.83300000 27.83300000 21.68100000 20.98200000 22.36600000 23.13100000 23.22900000 24.00500000 25.13500000 25.50300000 25.57000000 25.94400000 25.99100000 25.99600000 26.02100000 25.81100000 26.39300000 26.59600000 26.02000000 26.28400000 26.23100000 26.31400000 26.46100000 26.24000000 26.26500000 26.05400000 26.25500000 26.22900000
27.83300000 27.83300000 27.83300000 27.83300000 27.83300000 21.20100000 20.93200000 20.19400000 21.55700000 21.87400000 24.06500000 25.09100000 25.09000000 24.22600000 24.19400000 24.64300000 24.64100000 24.89200000 26.20100000 26.68700000 25.88300000 26.12400000 26.09700000 26.29500000 26.37100000 26.67600000 26.40900000 26.33900000 26.42200000 26.27200000
27.83300000 27.83300000 27.83300000 27.83300000 27.83300000 27.83300000 27.83300000 23.01900000 20.60000000 20.53600000 21.09100000 23.61400000 23.91300000 23.86000000 23.07500000 23.40900000 24.31400000 24.69400000 26.00300000 26.67500000 26.48900000 25.96200000 26.12600000 26.12700000 26.23600000 26.74500000 26.87400000 26.42800000 26.29300000 26.21800000
27.83300000 27.83300000 27.83300000 27.83300000 27.83300000 27.83300000 27.83300000 27.83300000 27.83300000 27.83300000 27.83300000 27.83300000 27.83300000 27.83300000 27.83300000 22.09300000 23.99500000 24.44400000 25.58400000 26.47400000 26.73500000 26.74300000 26.45400000 26.29600000 26.28600000 26.83500000 26.85600000 26.94700000 26.35800000 26.29400000
27.83300000 27.83300000 27.83300000 27.83300000 27.83300000 27.83300000 27.83300000 27.83300000 27.83300000 27.83300000 27.83300000 27.83300000 27.83300000 27.83300000 27.83300000 27.83300000 23.07700000 23.77700000 24.99600000 25.16200000 26.71800000 26.70800000 26.75600000 26.84500000 26.45900000 26.92300000 26.89500000 26.90700000 26.96800000 26.75200000
27.83300000 27.83300000 27.83300000 27.83300000 27.83300000 27.83300000 27.83300000 27.83300000 27.83300000 27.83300000 27.83300000 27.83300000 27.83300000 27.83300000 27.83300000 27.83300000 27.83300000 21.78200000 24.75100000 25.41100000 24.73000000 26.78200000 26.75000000 26.85700000 26.63600000 27.00900000 26.99900000 26.87400000 26.93000000 27.02400000
27.83300000 27.83300000 27.83300000 27.83300000 27.83300000 27.83300000 27.83300000 27.83300000 27.83300000 27.83300000 27.83300000 27.83300000 27.83300000 27.83300000 27.83300000 27.83300000 27.83300000 27.83300000 27.83300000 24.99800000 25.47100000 26.32500000 26.74200000 26.84700000 26.77100000 27.04300000 27.09400000 27.04000000 26.93700000 27.01400000
27.83300000 27.83300000 27.83300000 27.83300000 27.83300000 27.83300000 27.83300000 27.83300000 27.83300000 27.83300000 27.83300000 27.83300000 27.83300000 27.83300000 27.83300000 27.83300000 27.83300000 27.83300000 27.83300000 27.83300000 24.42200000 26.61900000 26.70000000 26.67300000 26.92400000 27.04900000 27.00400000 27.07300000 26.99200000 27.06100000
27.83300000 27.83300000 27.83300000 27.83300000 27.83300000 27.83300000 27.83300000 27.83300000 27.83300000 27.83300000 27.83300000 27.83300000 27.83300000 27.83300000 27.83300000 27.83300000 27.83300000 27.83300000 27.83300000 27.83300000 23.47000000 26.88300000 26.67300000 26.72100000 27.05900000 27.17500000 27.16400000 26.99100000 27.06700000 27.16300000
27.83300000 27.83300000 27.83300000 27.83300000 27.83300000 27.83300000 27.83300000 27.83300000 27.83300000 27.83300000 27.83300000 27.83300000 27.83300000 27.83300000 27.83300000 27.83300000 27.83300000 27.83300000 27.83300000 27.83300000 23.25700000 26.89100000 26.72100000 26.83900000 27.17200000 26.97000000 27.02800000 27.22800000 27.09600000 27.14300000
27.83300000 27.83300000 27.83300000 27.83300000 27.83300000 27.83300000 27.83300000 27.83300000 27.83300000 27.83300000 27.83300000 27.83300000 27.83300000 27.83300000 27.83300000 27.83300000 27.83300000 27.83300000 27.83300000 27.83300000 24.02700000 26.66600000 26.92600000 27.02500000 27.06900000 26.93500000 27.07400000 27.14200000 27.19700000 27.26900000
27.83300000 27.83300000 27.83300000 27.83300000 27.83300000 27.83300000 27.83300000 27.83300000 27.83300000 27.83300000 27.83300000 27.83300000 27.83300000 27.83300000 27.83300000 27.83300000 27.83300000 27.83300000 27.83300000 27.83300000 27.83300000 24.84200000 26.90600000 27.04800000 26.93800000 27.01700000 27.00900000 27.01300000 27.13300000 27.13300000
27.83300000 27.83300000 27.83300000 27.83300000 27.83300000 27.83300000 27.83300000 27.83300000 27.83300000 27.83300000 27.83300000 27.83300000 27.83300000 27.83300000 27.83300000 27.83300000 27.83300000 27.83300000 27.83300000 27.83300000 27.83300000 24.96500000 26.71700000 26.87900000 26.90200000 26.98000000 26.94900000 26.79100000 26.87300000 27.23700000
27.83300000 27.83300000 27.83300000 27.83300000 27.83300000 27.83300000 27.83300000 27.83300000 27.83300000 27.83300000 27.83300000 27.83300000 27.83300000 27.83300000 27.83300000 27.83300000 27.83300000 27.83300000 27.83300000 27.83300000 27.83300000 27.83300000 26.37200000 26.72500000 26.86300000 26.82600000 26.79600000 26.72400000 26.66000000 26.90300000
27.83300000 27.83300000 27.83300000 27.83300000 27.83300000 27.83300000 27.83300000 27.83300000 27.83300000 27.83300000 27.83300000 27.83300000 27.83300000 27.83300000 27.83300000 27.83300000 27.83300000 27.83300000 27.83300000 27.83300000 27.83300000 27.83300000 26.02800000 26.50100000 26.39800000 26.46700000 26.63100000 26.65900000 26.83700000 27.21100000
27.83300000 27.83300000 27.83300000 27.83300000 27.83300000 27.83300000 27.83300000 27.83300000 27.83300000 27.83300000 27.83300000 27.83300000 27.83300000 27.83300000 27.83300000 27.83300000 27.83300000 27.83300000 27.83300000 27.83300000 27.83300000 27.83300000 27.83300000 26.36000000 26.66700000 26.72300000 26.74700000 26.81200000 27.24900000 27.29100000
