25.44500000 25.30100000 25.53500000 25.33000000 24.76200000 25.29900000 25.49300000 25.50700000 25.43700000 25.33200000 25.32800000 25.28700000 25.14200000 24.24800000 24.18700000 25.24300000 25.53000000 25.51700000 25.34000000 25.25000000 25.29600000 25.20300000 25.12500000 24.77900000 24.18500000 23.77700000 24.09900000 24.26300000 24.24200000 24.63400000
25.21000000 25.27400000 25.31900000 24.85500000 25.14100000 25.36600000 25.34100000 25.30900000 25.28000000 25.22800000 25.18500000 25.02000000 24.09100000 24.21200000 24.59100000 25.27000000 25.49700000 25.19600000 25.23200000 25.22000000 25.12900000 25.00300000 24.73800000 24.31900000 23.59800000 24.28500000 24.42900000 24.63600000 25.11300000 25.01200000
25.04800000 25.24400000 25.32700000 24.98200000 24.97600000 25.25800000 25.23100000 25.13900000 25.06500000 24.99500000 24.53600000 23.80000000 24.09700000 24.64800000 24.68000000 25.47500000 25.34500000 25.18200000 25.17500000 25.12100000 25.03700000 24.90500000 24.25700000 24.66000000 25.53600000 25.39200000 25.33800000 25.06000000 24.86900000 24.93600000
24.62000000 25.08300000 25.26900000 25.42200000 24.38900000 24.98900000 24.89200000 24.28100000 23.96200000 24.20100000 24.49100000 24.72300000 24.80500000 24.83100000 25.05600000 25.54400000 25.31400000 25.10400000 25.04500000 24.82200000 24.60600000 25.09000000 25.73500000 25.76200000 25.73900000 25.32900000 25.27900000 25.21000000 25.18600000 25.26800000
24.29400000 23.98900000 25.09500000 25.28000000 25.41100000 24.81400000 24.14500000 24.06100000 24.20100000 24.77300000 24.84200000 25.01000000 25.26000000 25.40000000 25.53900000 25.58000000 25.27200000 24.93200000 24.83300000 24.93400000 25.72700000 25.56400000 25.59100000 25.60000000 25.70100000 25.72100000 25.70500000 25.15300000 25.00100000 25.16200000
23.81800000 23.73400000 24.80900000 25.29700000 25.37700000 25.32500000 25.46600000 25.43700000 25.44300000 25.47000000 25.40600000 25.41300000 25.52700000 25.66700000 25.76900000 25.58100000 25.37600000 24.88200000 25.34800000 25.64700000 25.49200000 25.36700000 25.10000000 25.11000000 25.30900000 25.66600000 25.94700000 25.81300000 25.05500000 25.06600000
23.76600000 23.60000000 24.48400000 24.90700000 25.46700000 25.56200000 25.48500000 25.45600000 25.46000000 25.44200000 25.61000000 25.59800000 25.57100000 25.67000000 25.73800000 25.61200000 25.58900000 25.27200000 25.51900000 25.47400000 25.37400000 25.03400000 24.79300000 24.92300000 25.24900000 25.71800000 26.17900000 26.06500000 25.89000000 25.19500000
23.67900000 23.69700000 24.35500000 24.33500000 24.84700000 25.43600000 25.92000000 25.54500000 25.58500000 25.68700000 25.77400000 25.71500000 25.67700000 25.74400000 25.80000000 25.63300000 25.69900000 25.64500000 25.49900000 25.48900000 25.38600000 25.25500000 25.20900000 25.32000000 25.64400000 26.24200000 26.64900000 26.37600000 25.76400000 25.88600000
23.39900000 23.61100000 23.92700000 24.32500000 24.41500000 24.48200000 24.82000000 26.08700000 25.92800000 25.58000000 25.51600000 25.58500000 25.67900000 25.69500000 25.69000000 25.63400000 25.77000000 25.79900000 25.83900000 25.83300000 25.78700000 25.82100000 25.92400000 26.28700000 26.77800000 26.68100000 26.58800000 26.42100000 25.83000000 26.01500000
23.17200000 22.81600000 23.51000000 24.02600000 23.77500000 24.10300000 23.94200000 24.46100000 25.81200000 26.31500000 26.43800000 26.01200000 25.55700000 25.59500000 25.67300000 25.66100000 25.64300000 25.71300000 25.71900000 26.61900000 26.29700000 26.32100000 26.33400000 26.31000000 26.18100000 26.24700000 26.51400000 26.12600000 25.85200000 26.04300000
24.12400000 23.53200000 23.70000000 23.43600000 23.57600000 23.43600000 23.69900000 23.88600000 24.21900000 25.59200000 26.17000000 26.48400000 26.57400000 25.81000000 25.56900000 25.58800000 25.54300000 26.43600000 26.46700000 26.62700000 26.19500000 26.06500000 26.25500000 26.40300000 26.45800000 26.47000000 26.12500000 25.85900000 26.16200000 26.14400000
27.83300000 27.83300000 27.83300000 23.87400000 23.40400000 23.15100000 23.31900000 23.31000000 23.28300000 23.97900000 25.14900000 25.46100000 25.54800000 25.90800000 25.95400000 25.96100000 26.00100000 25.82000000 26.36000000 26.55700000 25.98600000 26.25800000 26.19500000 26.29600000 26.43600000 26.20900000 26.22800000 26.02700000 26.22000000 26.20200000
27.83300000 27.83300000 27.83300000 27.83300000 23.60400000 23.47600000 23.29100000 23.06400000 23.18700000 23.19800000 24.03100000 25.07600000 25.05000000 24.18700000 24.12900000 24.60200000 24.57700000 24.86900000 26.16600000 26.65200000 25.85200000 26.09500000 26.07700000 26.26200000 26.34400000 26.64700000 26.37600000 26.31400000 26.39100000 26.24400000
27.83300000 27.83300000 27.83300000 27.83300000 27.83300000 27.83300000 24.33600000 24.03100000 23.40700000 23.13200000 23.25300000 23.65200000 23.84000000 23.80300000 23.04600000 23.38900000 24.27200000 24.69200000 25.96600000 26.64400000 26.44600000 25.93300000 26.09800000 26.09800000 26.21100000 26.71800000 26.84300000 26.38600000 26.27200000 26.19700000
27.83300000 27.83300000 27.83300000 27.83300000 27.83300000 27.83300000 27.83300000 27.83300000 27.83300000 27.83300000 27.83300000 27.83300000 23.28600000 23.08700000 22.94800000 23.34600000 23.93000000 24.52000000 25.56100000 26.47100000 26.69900000 26.71100000 26.41900000 26.27000000 26.26000000 26.80800000 26.82700000 26.91900000 26.31600000 26.26800000
27.83300000 27.83300000 27.83300000 27.83300000 27.83300000 27.83300000 27.83300000 27.83300000 27.83300000 27.83300000 27.83300000 27.83300000 27.83300000 27.83300000 27.83300000 23.45000000 23.82500000 24.67900000 24.95600000 25.15400000 26.69900000 26.67600000 26.72800000 26.81400000 26.44400000 26.89700000 26.86400000 26.88000000 26.94000000 26.71700000
27.83300000 27.83300000 27.83300000 27.83300000 27.83300000 27.83300000 27.83300000 27.83300000 27.83300000 27.83300000 27.83300000 27.83300000 27.83300000 27.83300000 27.83300000 27.83300000 23.76100000 24.15500000 24.99300000 25.37500000 24.71700000 26.75100000 26.71600000 26.82200000 26.62200000 26.98300000 26.96600000 26.84600000 26.90300000 27.00100000
27.83300000 27.83300000 27.83300000 27.83300000 27.83300000 27.83300000 27.83300000 27.83300000 27.83300000 27.83300000 27.83300000 27.83300000 27.83300000 27.83300000 27.83300000 27.83300000 27.83300000 27.83300000 23.74700000 24.98800000 25.42200000 26.29600000 26.71800000 26.81200000 26.75200000 27.01400000 27.06600000 27.01100000 26.90800000 26.98200000
27.83300000 27.83300000 27.83300000 27.83300000 27.83300000 27.83300000 27.83300000 27.83300000 27.83300000 27.83300000 27.83300000 27.83300000 27.83300000 27.83300000 27.83300000 27.83300000 27.83300000 27.83300000 27.83300000 25.10000000 24.33500000 26.59800000 26.67000000 26.63800000 26.90100000 27.01900000 26.97500000 27.04500000 26.96400000 27.03900000
27.83300000 27.83300000 27.83300000 27.83300000 27.83300000 27.83300000 27.83300000 27.83300000 27.83300000 27.83300000 27.83300000 27.83300000 27.83300000 27.83300000 27.83300000 27.83300000 27.83300000 27.83300000 27.83300000 25.57100000 24.58900000 26.85000000 26.64100000 26.68900000 27.02700000 27.14500000 27.14000000 26.96500000 27.04200000 27.14200000
27.83300000 27.83300000 27.83300000 27.83300000 27.83300000 27.83300000 27.83300000 27.83300000 27.83300000 27.83300000 27.83300000 27.83300000 27.83300000 27.83300000 27.83300000 27.83300000 27.83300000 27.83300000 27.83300000 25.51200000 25.12100000 26.86000000 26.68600000 26.81100000 27.14100000 26.94000000 27.00600000 27.20100000 27.07300000 27.12200000
27.83300000 27.83300000 27.83300000 27.83300000 27.83300000 27.83300000 27.83300000 27.83300000 27.83300000 27.83300000 27.83300000 27.83300000 27.83300000 27.83300000 27.83300000 27.83300000 27.83300000 27.83300000 27.83300000 24.96400000 24.25900000 26.64500000 26.89400000 26.99700000 27.03800000 26.91200000 27.04600000 27.11600000 27.17100000 27.24900000
27.83300000 27.83300000 27.83300000 27.83300000 27.83300000 27.83300000 27.83300000 27.83300000 27.83300000 27.83300000 27.83300000 27.83300000 27.83300000 27.83300000 27.83300000 27.83300000 27.83300000 27.83300000 27.83300000 27.83300000 25.43700000 25.56200000 26.88000000 27.02400000 26.91100000 26.99100000 26.98300000 26.98700000 27.10600000 27.13000000
27.83300000 27.83300000 27.83300000 27.83300000 27.83300000 27.83300000 27.83300000 27.83300000 27.83300000 27.83300000 27.83300000 27.83300000 27.83300000 27.83300000 27.83300000 27.83300000 27.83300000 27.83300000 27.83300000 27.83300000 27.83300000 25.24700000 26.68300000 26.84900000 26.87300000 26.95300000 26.92300000 26.76800000 26.84600000 27.21600000
27.83300000 27.83300000 27.83300000 27.83300000 27.83300000 27.83300000 27.83300000 27.83300000 27.83300000 27.83300000 27.83300000 27.83300000 27.83300000 27.83300000 27.83300000 27.83300000 27.83300000 27.83300000 27.83300000 27.83300000 27.83300000 25.20600000 26.33100000 26.69600000 26.83700000 26.79700000 26.76900000 26.69800000 26.62900000 26.90200000
27.83300000 27.83300000 27.83300000 27.83300000 27.83300000 27.83300000 27.83300000 27.83300000 27.83300000 27.83300000 27.83300000 27.83300000 27.83300000 27.83300000 27.83300000 27.83300000 27.83300000 27.83300000 27.83300000 27.83300000 27.83300000 27.83300000 25.97500000 26.46800000 26.37300000 26.43800000 26.60100000 26.63000000 26.83400000 27.19500000
27.83300000 27.83300000 27.83300000 27.83300000 27.83300000 27.83300000 27.83300000 27.83300000 27.83300000 27.83300000 27.83300000 27.83300000 27.83300000 27.83300000 27.83300000 27.83300000 27.83300000 27.83300000 27.83300000 27.83300000 27.83300000 27.83300000 27.83300000 26.28200000 26.63100000 26.69200000 26.70700000 26.79500000 27.19600000 27.26000000
25.53200000 25.34500000 25.55800000 25.35400000 24.78200000 25.32200000 25.51200000 25.53000000 25.45600000 25.36200000 25.35000000 25.30600000 25.18200000 24.32500000 24.20200000 25.25500000 25.55000000 25.54200000 25.37600000 25.27700000 25.31800000 25.22600000 25.12700000 24.79900000 24.20700000 23.78800000 24.11200000 24.27700000 24.24800000 24.64900000
25.23800000 25.29200000 25.33900000 24.88300000 25.15900000 25.38700000 25.36300000 25.33400000 25.30300000 25.25200000 25.20700000 25.04700000 24.11800000 24.23700000 24.61500000 25.29500000 25.52600000 25.22300000 25.26000000 25.24700000 25.15400000 25.02900000 24.75800000 24.34100000 23.61700000 24.30400000 24.45000000 24.65500000 25.13500000 25.03200000
25.06600000 25.26700000 25.34700000 25.00100000 24.99400000 25.27900000 25.25300000 25.16100000 25.08600000 25.01700000 24.56200000 23.82100000 24.11800000 24.67100000 24.69900000 25.50400000 25.37300000 25.20700000 25.20200000 25.14900000 25.06400000 24.93100000 24.27100000 24.68200000 25.54700000 25.41700000 25.36000000 25.08500000 24.89000000 24.95400000
24.65200000 25.10400000 25.28200000 25.44500000 24.40800000 25.00900000 24.91300000 24.30100000 23.98100000 24.22200000 24.51300000 24.74400000 24.82700000 24.85500000 25.07600000 25.57700000 25.34100000 25.12800000 25.07000000 24.84400000 24.62900000 25.11400000 25.76300000 25.78400000 25.76100000 25.35500000 25.30300000 25.23600000 25.20800000 25.28900000
24.36300000 24.11300000 25.11600000 25.29700000 25.43300000 24.82700000 24.16400000 24.07800000 24.21900000 24.79300000 24.86400000 25.03200000 25.28000000 25.42500000 25.56300000 25.61000000 25.29900000 24.95300000 24.85700000 24.95600000 25.74900000 25.58800000 25.61600000 25.62400000 25.72400000 25.74600000 25.72500000 25.17300000 25.02300000 25.18100000
23.83600000 23.86300000 24.83100000 25.32100000 25.39800000 25.34700000 25.48900000 25.45500000 25.46200000 25.49300000 25.43100000 25.43600000 25.55400000 25.69500000 25.79500000 25.61100000 25.40100000 24.90400000 25.37000000 25.67100000 25.51500000 25.39000000 25.11800000 25.12700000 25.32600000 25.68500000 25.97000000 25.83300000 25.07400000 25.08200000
23.78400000 23.75100000 24.50600000 24.93000000 25.48600000 25.58100000 25.50400000 25.47700000 25.48300000 25.46500000 25.63500000 25.62200000 25.59600000 25.69600000 25.76000000 25.63700000 25.61100000 25.29500000 25.54000000 25.49400000 25.39500000 25.05400000 24.81300000 24.94500000 25.26900000 25.73600000 26.20200000 26.09100000 25.91200000 25.25300000
23.28400000 23.63900000 24.46500000 24.35800000 24.87000000 25.45100000 25.93500000 25.56500000 25.60600000 25.71000000 25.79700000 25.73700000 25.70000000 25.76600000 25.82000000 25.65500000 25.71900000 25.66600000 25.51900000 25.50800000 25.40600000 25.27600000 25.23100000 25.34200000 25.66400000 26.26100000 26.67200000 26.40000000 25.78900000 26.00600000
21.44700000 23.58800000 23.97500000 24.35000000 24.43900000 24.50500000 24.83900000 26.10500000 25.94000000 25.60100000 25.53700000 25.60700000 25.69300000 25.71800000 25.71400000 25.65900000 25.79400000 25.81800000 25.86100000 25.85400000 25.80900000 25.84300000 25.94500000 26.30800000 26.80000000 26.70300000 26.61000000 26.44500000 25.85300000 26.03300000
20.35900000 20.41500000 23.44700000 24.06100000 23.79800000 24.12500000 23.96100000 24.48200000 25.82900000 26.33800000 26.46200000 26.03000000 25.58100000 25.61700000 25.70000000 25.68800000 25.66900000 25.73600000 25.74100000 26.64300000 26.31600000 26.34500000 26.35800000 26.33200000 26.20200000 26.26900000 26.53700000 26.15000000 25.87200000 26.06500000
22.33000000 27.83300000 20.80800000 21.12900000 23.60800000 23.41100000 23.74200000 24.02600000 24.24200000 25.60800000 26.18600000 26.49800000 26.60100000 25.82900000 25.59800000 25.61600000 25.56900000 26.46400000 26.49400000 26.65500000 26.23100000 26.08800000 26.28000000 26.42800000 26.48600000 26.49600000 26.15100000 25.88000000 26.18400000 26.16400000
27.83300000 27.83300000 27.83300000 27.83300000 21.68000000 21.07600000 22.30800000 23.13600000 23.23700000 23.99900000 25.16300000 25.48200000 25.56600000 25.93200000 25.97700000 25.98800000 26.01400000 25.85400000 26.38800000 26.58800000 26.01100000 26.28100000 26.22000000 26.31900000 26.46500000 26.23100000 26.25800000 26.04700000 26.24200000 26.22300000
27.83300000 27.83300000 27.83300000 27.83300000 27.83300000 21.10900000 20.84400000 20.24700000 21.66400000 21.96600000 24.05600000 25.09400000 25.07500000 24.20900000 24.15800000 24.62500000 24.60500000 24.90500000 26.19100000 26.68400000 25.87700000 26.11900000 26.09500000 26.28600000 26.36600000 26.67300000 26.40700000 26.33500000 26.41300000 26.26500000
27.83300000 27.83300000 27.83300000 27.83300000 27.83300000 27.83300000 27.83300000 22.86000000 20.57000000 20.50700000 21.10000000 23.63200000 23.90200000 23.84800000 23.06600000 23.41000000 24.29400000 24.67600000 25.98900000 26.67000000 26.48200000 25.95800000 26.12200000 26.12300000 26.23400000 26.74100000 26.86800000 26.41400000 26.29300000 26.21000000
27.83300000 27.83300000 27.83300000 27.83300000 27.83300000 27.83300000 27.83300000 27.83300000 27.83300000 27.83300000 27.83300000 27.83300000 27.83300000 27.83300000 27.83300000 22.03400000 23.98100000 24.44200000 25.58100000 26.49100000 26.72600000 26.73500000 26.44800000 26.29400000 26.28200000 26.83100000 26.85100000 26.94200000 26.34300000 26.28800000
27.83300000 27.83300000 27.83300000 27.83300000 27.83300000 27.83300000 27.83300000 27.83300000 27.83300000 27.83300000 27.83300000 27.83300000 27.83300000 27.83300000 27.83300000 27.83300000 23.05300000 23.87400000 24.98800000 25.16500000 26.71800000 26.70300000 26.75100000 26.83700000 26.46200000 26.92200000 26.88900000 26.90300000 26.96200000 26.74200000
27.83300000 27.83300000 27.83300000 27.83300000 27.83300000 27.83300000 27.83300000 27.83300000 27.83300000 27.83300000 27.83300000 27.83300000 27.83300000 27.83300000 27.83300000 27.83300000 27.83300000 21.88100000 24.84500000 25.40800000 24.73800000 26.77500000 26.74300000 26.84800000 26.64000000 27.00600000 26.99200000 26.87000000 26.92700000 27.02100000
27.83300000 27.83300000 27.83300000 27.83300000 27.83300000 27.83300000 27.83300000 27.83300000 27.83300000 27.83300000 27.83300000 27.83300000 27.83300000 27.83300000 27.83300000 27.83300000 27.83300000 27.83300000 27.83300000 24.98000000 25.45400000 26.31700000 26.73800000 26.83700000 26.77300000 27.03900000 27.08900000 27.03400000 26.93100000 27.01100000
27.83300000 27.83300000 27.83300000 27.83300000 27.83300000 27.83300000 27.83300000 27.83300000 27.83300000 27.83300000 27.83300000 27.83300000 27.83300000 27.83300000 27.83300000 27.83300000 27.83300000 27.83300000 27.83300000 27.83300000 24.39500000 26.63100000 26.69300000 26.66300000 26.92300000 27.04200000 26.99700000 27.06600000 26.98400000 27.05700000
27.83300000 27.83300000 27.83300000 27.83300000 27.83300000 27.83300000 27.83300000 27.83300000 27.83300000 27.83300000 27.83300000 27.83300000 27.83300000 27.83300000 27.83300000 27.83300000 27.83300000 27.83300000 27.83300000 27.83300000 23.50900000 26.87600000 26.66600000 26.71600000 27.05300000 27.16600000 27.16100000 26.98500000 27.06100000 27.15800000
27.83300000 27.83300000 27.83300000 27.83300000 27.83300000 27.83300000 27.83300000 27.83300000 27.83300000 27.83300000 27.83300000 27.83300000 27.83300000 27.83300000 27.83300000 27.83300000 27.83300000 27.83300000 27.83300000 27.83300000 23.29000000 26.88300000 26.71200000 26.83500000 27.16300000 26.96200000 27.02600000 27.22300000 27.09000000 27.14200000
27.83300000 27.83300000 27.83300000 27.83300000 27.83300000 27.83300000 27.83300000 27.83300000 27.83300000 27.83300000 27.83300000 27.83300000 27.83300000 27.83300000 27.83300000 27.83300000 27.83300000 27.83300000 27.83300000 27.83300000 24.09800000 26.66700000 26.91400000 27.02100000 27.06200000 26.93000000 27.06700000 27.13600000 27.19200000 27.26700000
27.83300000 27.83300000 27.83300000 27.83300000 27.83300000 27.83300000 27.83300000 27.83300000 27.83300000 27.83300000 27.83300000 27.83300000 27.83300000 27.83300000 27.83300000 27.83300000 27.83300000 27.83300000 27.83300000 27.83300000 27.83300000 24.72600000 26.90100000 27.04300000 26.93200000 27.01000000 27.00300000 27.00600000 27.12800000 27.15400000
27.83300000 27.83300000 27.83300000 27.83300000 27.83300000 27.83300000 27.83300000 27.83300000 27.83300000 27.83300000 27.83300000 27.83300000 27.83300000 27.83300000 27.83300000 27.83300000 27.83300000 27.83300000 27.83300000 27.83300000 27.83300000 24.99200000 26.70600000 26.87000000 26.89400000 26.97000000 26.94200000 26.78800000 26.86100000 27.23400000
27.83300000 27.83300000 27.83300000 27.83300000 27.83300000 27.83300000 27.83300000 27.83300000 27.83300000 27.83300000 27.83300000 27.83300000 27.83300000 27.83300000 27.83300000 27.83300000 27.83300000 27.83300000 27.83300000 27.83300000 27.83300000 27.83300000 26.36100000 26.71500000 26.85800000 26.81800000 26.78900000 26.72000000 26.64900000 26.91000000
27.83300000 27.83300000 27.83300000 27.83300000 27.83300000 27.83300000 27.83300000 27.83300000 27.83300000 27.83300000 27.83300000 27.83300000 27.83300000 27.83300000 27.83300000 27.83300000 27.83300000 27.83300000 27.83300000 27.83300000 27.83300000 27.83300000 26.01000000 26.48900000 26.39100000 26.45900000 26.62300000 26.65000000 26.85900000 27.21000000
27.83300000 27.83300000 27.83300000 27.83300000 27.83300000 27.83300000 27.83300000 27.83300000 27.83300000 27.83300000 27.83300000 27.83300000 27.83300000 27.83300000 27.83300000 27.83300000 27.83300000 27.83300000 27.83300000 27.83300000 27.83300000 27.83300000 27.83300000 26.31300000 26.65600000 26.71100000 26.73000000 26.81200000 27.19100000 27.28400000
