37.02400000 36.92700000 37.01500000 36.96600000 36.98200000 36.99600000 37.15100000 37.25700000 37.27500000 37.23700000 37.16300000 37.06100000 36.91100000 36.56400000 36.49100000 36.83500000 36.89500000 36.98700000 36.97400000 37.02900000 37.05800000 37.03600000 36.92100000 36.74800000 36.43600000 36.23200000 36.38700000 36.52100000 36.37600000 36.37400000
37.01300000 37.00400000 36.95700000 36.92900000 36.95500000 37.14000000 37.22600000 37.23100000 37.20600000 37.15600000 37.07100000 36.95900000 36.53800000 36.51600000 36.78300000 36.87600000 36.95800000 37.02600000 36.98900000 37.06200000 37.06400000 36.99700000 36.87000000 36.71500000 36.31000000 36.52600000 36.55300000 36.45100000 36.55400000 36.94400000
37.02900000 37.02200000 36.93400000 36.92600000 36.94400000 37.03100000 37.15200000 37.14000000 37.07800000 36.93100000 36.63200000 36.44000000 36.52100000 36.75100000 36.79700000 36.91900000 37.07700000 37.01700000 36.96900000 37.01700000 36.97300000 36.89400000 36.74100000 36.59000000 36.68000000 37.03600000 37.04800000 37.07100000 36.94500000 36.86400000
36.61500000 36.96900000 36.97600000 36.91300000 36.94000000 36.79900000 36.75000000 36.59900000 36.48300000 36.62100000 36.81000000 36.88300000 36.88300000 36.84900000 36.82400000 36.94600000 37.09600000 36.99100000 36.91200000 36.93800000 36.87000000 36.76000000 36.91600000 37.13800000 37.18600000 37.08800000 37.02100000 37.00300000 36.96800000 36.98500000
36.53400000 36.44000000 37.02100000 36.85300000 36.91000000 36.92400000 36.93300000 36.79200000 36.86500000 36.92700000 36.87100000 36.88300000 36.90000000 36.90300000 36.91700000 36.96800000 37.11100000 36.98800000 36.79800000 36.75600000 36.99900000 37.17700000 37.20600000 37.20400000 37.21500000 37.23800000 37.11900000 36.97600000 36.91900000 36.76100000
36.38000000 35.96300000 36.79200000 36.95600000 36.83000000 36.87700000 36.93600000 36.92400000 36.92200000 36.92600000 36.87800000 36.86800000 36.96900000 37.02300000 37.03300000 36.99600000 37.14000000 37.12400000 36.99200000 37.12500000 37.17900000 37.16400000 37.12800000 37.09900000 37.14900000 37.21800000 37.23700000 37.26100000 36.89200000 36.61100000
36.05400000 35.38400000 36.66700000 36.99400000 36.96200000 36.85000000 36.78600000 36.77600000 36.78700000 36.82300000 36.91100000 37.01200000 36.99100000 37.01100000 37.04800000 36.98900000 37.19800000 37.20400000 37.14500000 37.13900000 37.15300000 37.08200000 36.96400000 36.95200000 37.03800000 37.17900000 37.25300000 37.26300000 37.25900000 36.99700000
35.64000000 35.11200000 36.04800000 36.63200000 36.96500000 37.08200000 37.03200000 36.89700000 36.87800000 36.90400000 37.02000000 36.98100000 36.97600000 37.02900000 37.05000000 36.98200000 37.22800000 37.23300000 37.16400000 37.13000000 37.15500000 37.08300000 37.01000000 37.04300000 37.14100000 37.21300000 37.30600000 37.32500000 37.25900000 37.24100000
35.38000000 35.43200000 35.96900000 36.58300000 36.48900000 36.71700000 36.94300000 37.17500000 36.93000000 36.89900000 36.95000000 36.96300000 36.95800000 36.94700000 36.93000000 36.96600000 37.11300000 37.19800000 37.23800000 37.25100000 37.19600000 37.15800000 37.16400000 37.20600000 37.25100000 37.40700000 37.44000000 37.36100000 37.27800000 37.26200000
35.13500000 35.44000000 35.83900000 36.22800000 36.32900000 36.46300000 36.57900000 36.72300000 37.26100000 37.20200000 37.03100000 36.97100000 36.92300000 36.92400000 36.96400000 36.96400000 37.01700000 37.01000000 37.01200000 37.39700000 37.44800000 37.45000000 37.45200000 37.45100000 37.43700000 37.41300000 37.44400000 37.32100000 37.25000000 37.25400000
34.54200000 34.87500000 35.06300000 35.33500000 35.94300000 36.14400000 36.47400000 36.09300000 36.61400000 37.17200000 37.34900000 37.40000000 37.39800000 37.40900000 37.10300000 36.95400000 37.05600000 37.43400000 37.28000000 37.28000000 37.35500000 37.34000000 37.32200000 37.36400000 37.39800000 37.41900000 37.35500000 37.26700000 37.31900000 37.22900000
37.59700000 37.59700000 37.59700000 34.85100000 35.49400000 35.72300000 36.01100000 35.95700000 35.75800000 36.21900000 36.88100000 37.29600000 37.27100000 37.31500000 37.37200000 37.34200000 37.27300000 37.11700000 37.15500000 37.35300000 37.26900000 37.32400000 37.37000000 37.28100000 37.26100000 37.31400000 37.37000000 37.31600000 37.36200000 37.21600000
37.59700000 37.59700000 37.59700000 37.59700000 35.17000000 35.36400000 35.45900000 35.49600000 35.66900000 35.74500000 36.45200000 36.86200000 37.18200000 36.93500000 36.69600000 36.96200000 36.92200000 36.70800000 37.24000000 37.35500000 37.28100000 37.26000000 37.22000000 37.21200000 37.24300000 37.32100000 37.34000000 37.28300000 37.37200000 37.22800000
37.59700000 37.59700000 37.59700000 37.59700000 37.59700000 37.59700000 35.31800000 35.38600000 35.52700000 35.63300000 36.14200000 36.34200000 36.51100000 36.47600000 36.20300000 36.28200000 36.54800000 36.20300000 37.24100000 37.34700000 37.32900000 37.17100000 37.18200000 37.18000000 37.23400000 37.32700000 37.43600000 37.40200000 37.28500000 37.29800000
37.59700000 37.59700000 37.59700000 37.59700000 37.59700000 37.59700000 37.59700000 37.59700000 37.59700000 37.59700000 37.59700000 37.59700000 35.69600000 35.97400000 36.23500000 36.11500000 36.53800000 35.97300000 36.92900000 37.23200000 37.35900000 37.35900000 37.29400000 37.19000000 37.26200000 37.35500000 37.42400000 37.48600000 37.44300000 37.30000000
37.59700000 37.59700000 37.59700000 37.59700000 37.59700000 37.59700000 37.59700000 37.59700000 37.59700000 37.59700000 37.59700000 37.59700000 37.59700000 37.59700000 37.59700000 35.85100000 36.14300000 35.84500000 36.34000000 36.99100000 37.21700000 37.34200000 37.36500000 37.39400000 37.30200000 37.34800000 37.37500000 37.44400000 37.51900000 37.58000000
37.59700000 37.59700000 37.59700000 37.59700000 37.59700000 37.59700000 37.59700000 37.59700000 37.59700000 37.59700000 37.59700000 37.59700000 37.59700000 37.59700000 37.59700000 37.59700000 35.89000000 35.85100000 36.49800000 36.87800000 37.06800000 37.28500000 37.36300000 37.39500000 37.35300000 37.31900000 37.34100000 37.38600000 37.41600000 37.54700000
37.59700000 37.59700000 37.59700000 37.59700000 37.59700000 37.59700000 37.59700000 37.59700000 37.59700000 37.59700000 37.59700000 37.59700000 37.59700000 37.59700000 37.59700000 37.59700000 37.59700000 37.59700000 36.34800000 36.58200000 37.03200000 36.92600000 37.34500000 37.40200000 37.38900000 37.29100000 37.32800000 37.36300000 37.35300000 37.36600000
37.59700000 37.59700000 37.59700000 37.59700000 37.59700000 37.59700000 37.59700000 37.59700000 37.59700000 37.59700000 37.59700000 37.59700000 37.59700000 37.59700000 37.59700000 37.59700000 37.59700000 37.59700000 37.59700000 36.67100000 36.99000000 36.94900000 37.36200000 37.42800000 37.39400000 37.31600000 37.33600000 37.34500000 37.38100000 37.31800000
37.59700000 37.59700000 37.59700000 37.59700000 37.59700000 37.59700000 37.59700000 37.59700000 37.59700000 37.59700000 37.59700000 37.59700000 37.59700000 37.59700000 37.59700000 37.59700000 37.59700000 37.59700000 37.59700000 36.97900000 36.42200000 37.12600000 37.37900000 37.43500000 37.29700000 37.37500000 37.41200000 37.39600000 37.35200000 37.34400000
37.59700000 37.59700000 37.59700000 37.59700000 37.59700000 37.59700000 37.59700000 37.59700000 37.59700000 37.59700000 37.59700000 37.59700000 37.59700000 37.59700000 37.59700000 37.59700000 37.59700000 37.59700000 37.59700000 36.86800000 36.71000000 37.02700000 37.34500000 37.39100000 37.31600000 37.39500000 37.38600000 37.40000000 37.40800000 37.34500000
37.59700000 37.59700000 37.59700000 37.59700000 37.59700000 37.59700000 37.59700000 37.59700000 37.59700000 37.59700000 37.59700000 37.59700000 37.59700000 37.59700000 37.59700000 37.59700000 37.59700000 37.59700000 37.59700000 36.60100000 36.77500000 36.67800000 37.34900000 37.32000000 37.39700000 37.35800000 37.38400000 37.38400000 37.39200000 37.40900000
37.59700000 37.59700000 37.59700000 37.59700000 37.59700000 37.59700000 37.59700000 37.59700000 37.59700000 37.59700000 37.59700000 37.59700000 37.59700000 37.59700000 37.59700000 37.59700000 37.59700000 37.59700000 37.59700000 37.59700000 36.67500000 36.58900000 37.32700000 37.37600000 37.35200000 37.36000000 37.35000000 37.33200000 37.33700000 37.36900000
37.59700000 37.59700000 37.59700000 37.59700000 37.59700000 37.59700000 37.59700000 37.59700000 37.59700000 37.59700000 37.59700000 37.59700000 37.59700000 37.59700000 37.59700000 37.59700000 37.59700000 37.59700000 37.59700000 37.59700000 37.59700000 36.65600000 37.01100000 37.31200000 37.32300000 37.33000000 37.34000000 37.31600000 37.30200000 37.31600000
37.59700000 37.59700000 37.59700000 37.59700000 37.59700000 37.59700000 37.59700000 37.59700000 37.59700000 37.59700000 37.59700000 37.59700000 37.59700000 37.59700000 37.59700000 37.59700000 37.59700000 37.59700000 37.59700000 37.59700000 37.59700000 36.47200000 36.54700000 37.23700000 37.28600000 37.31600000 37.30100000 37.28100000 37.29100000 37.27600000
37.59700000 37.59700000 37.59700000 37.59700000 37.59700000 37.59700000 37.59700000 37.59700000 37.59700000 37.59700000 37.59700000 37.59700000 37.59700000 37.59700000 37.59700000 37.59700000 37.59700000 37.59700000 37.59700000 37.59700000 37.59700000 37.59700000 36.28000000 37.12100000 37.16000000 37.22100000 37.21900000 37.23600000 37.23500000 37.28400000
37.59700000 37.59700000 37.59700000 37.59700000 37.59700000 37.59700000 37.59700000 37.59700000 37.59700000 37.59700000 37.59700000 37.59700000 37.59700000 37.59700000 37.59700000 37.59700000 37.59700000 37.59700000 37.59700000 37.59700000 37.59700000 37.59700000 37.59700000 36.18500000 37.18500000 37.18100000 37.19700000 37.23800000 37.26700000 37.28700000
37.02300000 36.92600000 37.01600000 36.96800000 36.98300000 36.99600000 37.15200000 37.25600000 37.27400000 37.24000000 37.16300000 37.06100000 36.91200000 36.56300000 36.49500000 36.83500000 36.89300000 36.98800000 36.97300000 37.02900000 37.05700000 37.03800000 36.92100000 36.74900000 36.44000000 36.23200000 36.38700000 36.52800000 36.37700000 36.37500000
37.01300000 37.00200000 36.95600000 36.92800000 36.95400000 37.13800000 37.22500000 37.23000000 37.20500000 37.15500000 37.07000000 36.95700000 36.53600000 36.51600000 36.78200000 36.87600000 36.95800000 37.02500000 36.98800000 37.06200000 37.06500000 36.99700000 36.86900000 36.71100000 36.31100000 36.52600000 36.55300000 36.45200000 36.58000000 36.95700000
37.02800000 37.02100000 36.93300000 36.92500000 36.94300000 37.02900000 37.15000000 37.13800000 37.07700000 36.92900000 36.63000000 36.43900000 36.52200000 36.75100000 36.79600000 36.91800000 37.07700000 37.01700000 36.97000000 37.01700000 36.97300000 36.89400000 36.73900000 36.59000000 36.68100000 37.03600000 37.04700000 37.07100000 36.94500000 36.86400000
36.61400000 36.96800000 36.97500000 36.91200000 36.93700000 36.79800000 36.74900000 36.59800000 36.48200000 36.62100000 36.81000000 36.88200000 36.88200000 36.84800000 36.82300000 36.94500000 37.09500000 36.99100000 36.91200000 36.93800000 36.86900000 36.75700000 36.92000000 37.13800000 37.18600000 37.08800000 37.02100000 37.00300000 36.96800000 36.98500000
36.53500000 36.53900000 37.02000000 36.85100000 36.90900000 36.92200000 36.93300000 36.79300000 36.86500000 36.92600000 36.87100000 36.88300000 36.90000000 36.90300000 36.91600000 36.96700000 37.11100000 36.98800000 36.79800000 36.75600000 37.00100000 37.17700000 37.20600000 37.20300000 37.21400000 37.23800000 37.12000000 36.97500000 36.91900000 36.76300000
36.39200000 36.09400000 36.95100000 36.95500000 36.82900000 36.87600000 36.93500000 36.92300000 36.92200000 36.92600000 36.87700000 36.86800000 36.96900000 37.02300000 37.03300000 36.99500000 37.13900000 37.12400000 36.99300000 37.12500000 37.17900000 37.16300000 37.12700000 37.09900000 37.14800000 37.21700000 37.23600000 37.26000000 36.89200000 36.61100000
36.10400000 35.88300000 36.83900000 36.99400000 36.96100000 36.85000000 36.78600000 36.77500000 36.78700000 36.82400000 36.91100000 37.01100000 36.99100000 37.01100000 37.04700000 36.98800000 37.19700000 37.20300000 37.14400000 37.13700000 37.15400000 37.08200000 36.96400000 36.95200000 37.03800000 37.17900000 37.25200000 37.26200000 37.25800000 36.99500000
35.90400000 35.95600000 36.75400000 36.63200000 36.96500000 37.08200000 37.03300000 36.89800000 36.87900000 36.90500000 37.02000000 36.98200000 36.97500000 37.02900000 37.04900000 36.98200000 37.22800000 37.23300000 37.16400000 37.12900000 37.15500000 37.08300000 37.01000000 37.04300000 37.14200000 37.21300000 37.30700000 37.32400000 37.25900000 37.24200000
35.84000000 36.01000000 36.55900000 36.58400000 36.50000000 36.72900000 36.95000000 37.17800000 36.93300000 36.90100000 36.95100000 36.96300000 36.95800000 36.94700000 36.92900000 36.96600000 37.11200000 37.19700000 37.23700000 37.25000000 37.19600000 37.15800000 37.16400000 37.20600000 37.25200000 37.40800000 37.44000000 37.36000000 37.27700000 37.26100000
35.70700000 35.85400000 36.21400000 36.28200000 36.39700000 36.51600000 36.61300000 36.73300000 37.26500000 37.20400000 37.03200000 36.97200000 36.92300000 36.92400000 36.96400000 36.96400000 37.01600000 37.01000000 37.01200000 37.39800000 37.44800000 37.44900000 37.45100000 37.45000000 37.43600000 37.41300000 37.44500000 37.32000000 37.25000000 37.25300000
35.44900000 37.59700000 35.54300000 35.76300000 36.22600000 36.39100000 36.49800000 36.39600000 36.67000000 37.17100000 37.34900000 37.39900000 37.39700000 37.40800000 37.10600000 36.95400000 37.05700000 37.43200000 37.28000000 37.27900000 37.35600000 37.34000000 37.32300000 37.36400000 37.39800000 37.41900000 37.35500000 37.26700000 37.31900000 37.22800000
37.59700000 37.59700000 37.59700000 37.59700000 35.66600000 35.99300000 36.45600000 36.49900000 36.27800000 36.34300000 36.88000000 37.29500000 37.26900000 37.31400000 37.37000000 37.34000000 37.27300000 37.11600000 37.15500000 37.35300000 37.26800000 37.32500000 37.36900000 37.28000000 37.26200000 37.31500000 37.37000000 37.31500000 37.36200000 37.21600000
37.59700000 37.59700000 37.59700000 37.59700000 37.59700000 35.64300000 35.79000000 35.97200000 36.15500000 36.13400000 36.48300000 36.86000000 37.18200000 36.93400000 36.69300000 36.96100000 36.92000000 36.70700000 37.26100000 37.35600000 37.26400000 37.25900000 37.21900000 37.21200000 37.24400000 37.32100000 37.33800000 37.28300000 37.37400000 37.22900000
37.59700000 37.59700000 37.59700000 37.59700000 37.59700000 37.59700000 37.59700000 35.58000000 35.76200000 35.74700000 36.42100000 36.45700000 36.52700000 36.46800000 36.20100000 36.28400000 36.65000000 36.26200000 37.24100000 37.35000000 37.32200000 37.17000000 37.18300000 37.18000000 37.23400000 37.32800000 37.43700000 37.40000000 37.28600000 37.30000000
37.59700000 37.59700000 37.59700000 37.59700000 37.59700000 37.59700000 37.59700000 37.59700000 37.59700000 37.59700000 37.59700000 37.59700000 37.59700000 37.59700000 37.59700000 36.23000000 36.55700000 36.18400000 37.04800000 37.23300000 37.35900000 37.35800000 37.28600000 37.18900000 37.26300000 37.35600000 37.42500000 37.48700000 37.44100000 37.30300000
37.59700000 37.59700000 37.59700000 37.59700000 37.59700000 37.59700000 37.59700000 37.59700000 37.59700000 37.59700000 37.59700000 37.59700000 37.59700000 37.59700000 37.59700000 37.59700000 36.36700000 36.45800000 36.46200000 36.99400000 37.21800000 37.34200000 37.36700000 37.39400000 37.30200000 37.34900000 37.37500000 37.44600000 37.52000000 37.58000000
37.59700000 37.59700000 37.59700000 37.59700000 37.59700000 37.59700000 37.59700000 37.59700000 37.59700000 37.59700000 37.59700000 37.59700000 37.59700000 37.59700000 37.59700000 37.59700000 37.59700000 36.40000000 36.83300000 36.90500000 37.04800000 37.28500000 37.36500000 37.39600000 37.35300000 37.32100000 37.34200000 37.38800000 37.41900000 37.54800000
37.59700000 37.59700000 37.59700000 37.59700000 37.59700000 37.59700000 37.59700000 37.59700000 37.59700000 37.59700000 37.59700000 37.59700000 37.59700000 37.59700000 37.59700000 37.59700000 37.59700000 37.59700000 37.59700000 36.82900000 37.03200000 36.92800000 37.34700000 37.40300000 37.39000000 37.29200000 37.32900000 37.36600000 37.35300000 37.36600000
37.59700000 37.59700000 37.59700000 37.59700000 37.59700000 37.59700000 37.59700000 37.59700000 37.59700000 37.59700000 37.59700000 37.59700000 37.59700000 37.59700000 37.59700000 37.59700000 37.59700000 37.59700000 37.59700000 37.59700000 36.89600000 37.07300000 37.36300000 37.42800000 37.39600000 37.31700000 37.33700000 37.34600000 37.38100000 37.31800000
37.59700000 37.59700000 37.59700000 37.59700000 37.59700000 37.59700000 37.59700000 37.59700000 37.59700000 37.59700000 37.59700000 37.59700000 37.59700000 37.59700000 37.59700000 37.59700000 37.59700000 37.59700000 37.59700000 37.59700000 36.39200000 37.16300000 37.38000000 37.43400000 37.29800000 37.37600000 37.41200000 37.39600000 37.35200000 37.34400000
37.59700000 37.59700000 37.59700000 37.59700000 37.59700000 37.59700000 37.59700000 37.59700000 37.59700000 37.59700000 37.59700000 37.59700000 37.59700000 37.59700000 37.59700000 37.59700000 37.59700000 37.59700000 37.59700000 37.59700000 36.06500000 37.13200000 37.34600000 37.39200000 37.31600000 37.39500000 37.38600000 37.39900000 37.40600000 37.34500000
37.59700000 37.59700000 37.59700000 37.59700000 37.59700000 37.59700000 37.59700000 37.59700000 37.59700000 37.59700000 37.59700000 37.59700000 37.59700000 37.59700000 37.59700000 37.59700000 37.59700000 37.59700000 37.59700000 37.59700000 36.15300000 36.97200000 37.35000000 37.32200000 37.39700000 37.35700000 37.38400000 37.38400000 37.39100000 37.40600000
37.59700000 37.59700000 37.59700000 37.59700000 37.59700000 37.59700000 37.59700000 37.59700000 37.59700000 37.59700000 37.59700000 37.59700000 37.59700000 37.59700000 37.59700000 37.59700000 37.59700000 37.59700000 37.59700000 37.59700000 37.59700000 36.90400000 37.32800000 37.37600000 37.35100000 37.36000000 37.34900000 37.33100000 37.33600000 37.36900000
37.59700000 37.59700000 37.59700000 37.59700000 37.59700000 37.59700000 37.59700000 37.59700000 37.59700000 37.59700000 37.59700000 37.59700000 37.59700000 37.59700000 37.59700000 37.59700000 37.59700000 37.59700000 37.59700000 37.59700000 37.59700000 36.60800000 37.03000000 37.31200000 37.32300000 37.32900000 37.33900000 37.31500000 37.30200000 37.31500000
37.59700000 37.59700000 37.59700000 37.59700000 37.59700000 37.59700000 37.59700000 37.59700000 37.59700000 37.59700000 37.59700000 37.59700000 37.59700000 37.59700000 37.59700000 37.59700000 37.59700000 37.59700000 37.59700000 37.59700000 37.59700000 37.59700000 37.07400000 37.23800000 37.28600000 37.31500000 37.30000000 37.28000000 37.29000000 37.27500000
37.59700000 37.59700000 37.59700000 37.59700000 37.59700000 37.59700000 37.59700000 37.59700000 37.59700000 37.59700000 37.59700000 37.59700000 37.59700000 37.59700000 37.59700000 37.59700000 37.59700000 37.59700000 37.59700000 37.59700000 37.59700000 37.59700000 36.74700000 37.11900000 37.16100000 37.22100000 37.21900000 37.23600000 37.23300000 37.28300000
37.59700000 37.59700000 37.59700000 37.59700000 37.59700000 37.59700000 37.59700000 37.59700000 37.59700000 37.59700000 37.59700000 37.59700000 37.59700000 37.59700000 37.59700000 37.59700000 37.59700000 37.59700000 37.59700000 37.59700000 37.59700000 37.59700000 37.59700000 37.04400000 37.18200000 37.18000000 37.19700000 37.23700000 37.26700000 37.28600000
