25.71800000 25.36100000 25.54900000 25.70100000 25.09200000 24.91900000 25.37800000 25.62000000 25.56500000 25.52800000 25.43000000 25.30000000 25.22000000 24.25500000 24.26500000 25.48700000 25.71300000 25.80000000 25.44000000 25.40200000 25.48700000 25.46900000 25.34900000 25.02700000 24.17400000 23.90600000 24.31600000 24.79600000 24.71400000 24.66300000
25.48600000 25.44100000 25.52900000 25.44000000 24.75800000 25.22600000 25.53600000 25.55200000 25.48300000 25.40500000 25.26500000 25.10100000 24.09100000 24.20500000 24.94400000 25.31700000 25.73300000 25.54300000 25.46200000 25.39300000 25.45100000 25.36000000 25.21000000 24.76700000 23.79000000 24.31800000 24.57500000 24.54200000 24.77200000 25.32200000
25.60400000 25.44500000 25.57200000 25.49800000 24.77100000 24.99900000 25.36200000 25.37200000 25.24400000 24.89400000 24.20700000 24.00400000 24.22600000 24.66100000 24.88600000 25.49700000 25.75900000 25.47200000 25.42200000 25.33300000 25.25700000 25.18500000 24.74600000 24.33700000 24.81600000 25.64700000 25.65100000 25.64000000 25.25300000 25.15000000
24.74700000 25.34600000 25.54900000 25.58900000 25.17600000 24.48400000 24.44400000 24.19800000 24.08800000 24.28000000 24.64200000 24.86800000 24.93100000 24.88300000 24.89400000 25.64200000 25.73700000 25.46000000 25.29800000 25.28800000 25.04200000 24.89600000 25.31700000 25.84300000 25.98100000 25.81400000 25.60100000 25.43600000 25.32300000 25.50900000
24.82600000 24.61600000 25.39800000 25.50200000 25.61100000 25.22500000 24.83700000 24.50100000 24.69200000 24.96500000 25.01400000 25.24700000 25.43300000 25.45800000 25.52700000 25.76000000 25.83500000 25.44300000 25.08000000 24.98300000 25.48800000 25.92500000 25.86200000 25.77500000 25.80800000 25.98300000 25.83600000 25.48200000 25.42300000 25.33600000
24.43300000 24.11700000 24.92300000 25.49500000 25.52200000 25.61100000 25.70200000 25.53700000 25.54000000 25.69200000 25.69400000 25.71300000 25.89000000 25.97400000 26.00100000 25.89000000 25.79500000 25.71100000 25.33400000 25.69000000 25.85300000 25.64900000 25.59300000 25.53700000 25.65500000 25.88900000 25.96300000 26.10500000 25.43800000 25.17500000
24.02600000 23.83100000 24.70600000 25.21300000 25.57300000 25.58900000 25.55600000 25.54700000 25.55900000 25.61500000 25.77200000 25.90600000 25.87500000 25.94600000 26.01900000 25.88900000 25.89200000 25.91400000 25.75700000 25.73700000 25.63400000 25.45400000 25.16800000 25.05000000 25.33800000 25.73800000 26.14100000 26.12600000 26.14700000 25.65900000
23.91300000 23.65500000 24.37800000 24.57300000 25.19600000 25.65400000 25.81200000 25.73900000 25.72300000 25.78700000 25.97200000 25.94300000 25.92600000 25.97700000 26.02300000 25.86400000 25.98700000 26.01100000 25.84700000 25.72200000 25.65800000 25.48300000 25.30800000 25.37900000 25.59900000 26.03800000 26.48500000 26.45500000 25.99900000 26.17700000
23.68200000 24.10400000 24.17200000 24.48700000 24.35700000 24.69400000 25.24800000 25.94400000 25.83600000 25.79400000 25.92400000 25.95200000 25.92800000 25.93000000 25.90000000 25.90400000 25.91900000 26.07200000 26.14600000 26.17700000 26.00200000 25.84100000 25.83500000 26.02700000 26.40400000 26.89700000 26.82400000 26.55400000 26.01600000 26.23900000
23.40300000 23.87000000 23.89300000 24.13900000 24.13500000 24.26200000 24.43000000 24.86900000 26.20600000 26.29900000 26.03800000 25.94700000 25.81900000 25.75900000 25.78200000 25.87100000 25.85200000 25.93200000 26.04000000 26.95300000 27.08100000 27.05400000 27.03900000 26.99000000 26.77400000 26.57600000 26.71700000 26.28100000 26.06800000 26.23700000
24.34000000 23.48300000 23.47500000 23.93100000 23.68600000 23.77800000 24.18300000 24.15300000 24.62200000 25.81500000 26.42200000 26.69000000 26.75100000 26.83000000 26.17200000 25.82400000 26.08500000 26.93700000 26.40000000 26.34100000 26.46400000 26.42700000 26.36700000 26.42100000 26.52900000 26.61600000 26.47400000 26.05100000 26.39500000 26.32000000
27.83300000 27.83300000 27.83300000 24.11100000 23.58900000 23.53400000 23.67000000 23.70300000 23.86100000 24.24700000 24.83600000 26.26900000 26.18300000 26.38000000 26.63000000 26.51400000 26.26500000 25.90100000 26.02900000 26.86000000 26.23400000 26.34500000 26.51000000 26.28900000 26.23800000 26.40700000 26.59700000 26.39800000 26.54300000 26.40800000
27.83300000 27.83300000 27.83300000 27.83300000 24.05600000 23.84900000 23.59400000 23.68400000 23.55900000 23.74400000 24.38800000 24.78400000 25.76900000 25.06200000 24.63800000 25.07400000 25.12100000 24.89300000 26.32700000 26.89800000 26.33300000 26.23100000 26.16400000 26.37500000 26.57800000 26.76300000 26.63700000 26.27200000 26.52100000 26.41400000
27.83300000 27.83300000 27.83300000 27.83300000 27.83300000 27.83300000 24.74500000 24.13700000 23.52300000 23.55200000 23.81000000 24.00700000 24.28900000 24.20100000 23.56900000 23.89200000 24.43300000 24.53800000 26.33500000 26.87700000 26.71200000 26.05800000 26.20800000 26.31900000 26.34700000 26.74800000 26.98900000 26.81200000 26.28000000 26.42200000
27.83300000 27.83300000 27.83300000 27.83300000 27.83300000 27.83300000 27.83300000 27.83300000 27.83300000 27.83300000 27.83300000 27.83300000 23.50900000 23.45800000 22.49700000 23.40000000 24.17300000 24.36800000 25.55600000 26.43200000 26.97400000 26.95400000 26.59500000 26.25400000 26.35100000 26.87500000 27.02000000 27.10000000 26.91700000 26.38800000
27.83300000 27.83300000 27.83300000 27.83300000 27.83300000 27.83300000 27.83300000 27.83300000 27.83300000 27.83300000 27.83300000 27.83300000 27.83300000 27.83300000 27.83300000 23.96200000 24.14500000 24.43000000 25.24300000 25.71100000 26.47500000 27.02600000 26.90400000 27.03000000 26.45800000 26.95700000 27.05600000 27.02100000 27.11100000 27.21800000
27.83300000 27.83300000 27.83300000 27.83300000 27.83300000 27.83300000 27.83300000 27.83300000 27.83300000 27.83300000 27.83300000 27.83300000 27.83300000 27.83300000 27.83300000 27.83300000 24.14500000 24.26200000 25.48000000 25.58900000 25.72600000 26.79600000 26.91800000 27.01800000 26.63500000 26.99400000 27.16300000 27.01600000 27.01100000 27.20600000
27.83300000 27.83300000 27.83300000 27.83300000 27.83300000 27.83300000 27.83300000 27.83300000 27.83300000 27.83300000 27.83300000 27.83300000 27.83300000 27.83300000 27.83300000 27.83300000 27.83300000 27.83300000 23.11600000 25.60100000 25.84600000 25.22900000 26.94100000 26.98100000 26.75800000 27.07600000 27.23800000 27.20600000 27.07400000 27.06900000
27.83300000 27.83300000 27.83300000 27.83300000 27.83300000 27.83300000 27.83300000 27.83300000 27.83300000 27.83300000 27.83300000 27.83300000 27.83300000 27.83300000 27.83300000 27.83300000 27.83300000 27.83300000 27.83300000 25.93100000 25.49500000 26.22500000 26.92400000 26.98600000 26.80300000 27.13500000 27.20300000 27.19800000 27.21200000 27.15300000
27.83300000 27.83300000 27.83300000 27.83300000 27.83300000 27.83300000 27.83300000 27.83300000 27.83300000 27.83300000 27.83300000 27.83300000 27.83300000 27.83300000 27.83300000 27.83300000 27.83300000 27.83300000 27.83300000 26.02000000 21.81300000 26.63200000 26.90100000 26.83900000 26.98500000 27.27000000 27.36300000 27.22200000 27.19200000 27.23600000
27.83300000 27.83300000 27.83300000 27.83300000 27.83300000 27.83300000 27.83300000 27.83300000 27.83300000 27.83300000 27.83300000 27.83300000 27.83300000 27.83300000 27.83300000 27.83300000 27.83300000 27.83300000 27.83300000 25.96700000 24.60400000 26.56600000 26.96800000 26.86200000 27.14700000 27.34100000 27.11800000 27.27000000 27.25900000 27.22500000
27.83300000 27.83300000 27.83300000 27.83300000 27.83300000 27.83300000 27.83300000 27.83300000 27.83300000 27.83300000 27.83300000 27.83300000 27.83300000 27.83300000 27.83300000 27.83300000 27.83300000 27.83300000 27.83300000 25.72100000 24.21700000 26.33200000 27.17300000 27.04900000 27.32700000 27.12600000 27.08500000 27.29500000 27.29400000 27.31500000
27.83300000 27.83300000 27.83300000 27.83300000 27.83300000 27.83300000 27.83300000 27.83300000 27.83300000 27.83300000 27.83300000 27.83300000 27.83300000 27.83300000 27.83300000 27.83300000 27.83300000 27.83300000 27.83300000 27.83300000 25.93100000 25.87800000 27.07600000 27.25600000 27.17300000 27.08200000 27.27800000 27.25100000 27.37100000 27.40000000
27.83300000 27.83300000 27.83300000 27.83300000 27.83300000 27.83300000 27.83300000 27.83300000 27.83300000 27.83300000 27.83300000 27.83300000 27.83300000 27.83300000 27.83300000 27.83300000 27.83300000 27.83300000 27.83300000 27.83300000 27.83300000 24.46800000 26.43200000 27.09500000 27.10900000 27.06500000 27.21200000 27.10300000 27.13800000 27.35200000
27.83300000 27.83300000 27.83300000 27.83300000 27.83300000 27.83300000 27.83300000 27.83300000 27.83300000 27.83300000 27.83300000 27.83300000 27.83300000 27.83300000 27.83300000 27.83300000 27.83300000 27.83300000 27.83300000 27.83300000 27.83300000 25.98300000 26.30800000 26.87800000 27.01300000 27.03200000 26.95800000 26.92200000 26.94100000 27.07000000
27.83300000 27.83300000 27.83300000 27.83300000 27.83300000 27.83300000 27.83300000 27.83300000 27.83300000 27.83300000 27.83300000 27.83300000 27.83300000 27.83300000 27.83300000 27.83300000 27.83300000 27.83300000 27.83300000 27.83300000 27.83300000 27.83300000 26.36600000 26.81400000 26.68400000 26.79300000 26.77000000 26.86900000 26.87600000 27.17100000
27.83300000 27.83300000 27.83300000 27.83300000 27.83300000 27.83300000 27.83300000 27.83300000 27.83300000 27.83300000 27.83300000 27.83300000 27.83300000 27.83300000 27.83300000 27.83300000 27.83300000 27.83300000 27.83300000 27.83300000 27.83300000 27.83300000 27.83300000 26.30300000 26.94400000 26.83000000 26.89200000 27.11500000 27.11200000 27.31600000
25.76700000 25.34800000 25.58800000 25.75300000 25.20100000 24.97300000 25.39200000 25.66200000 25.59900000 25.56900000 25.47700000 25.33900000 25.26700000 24.27200000 24.28100000 25.48700000 25.74300000 25.83700000 25.47400000 25.47600000 25.48100000 25.45300000 25.31200000 24.99500000 24.16800000 23.89800000 24.32500000 24.78000000 24.70000000 24.67500000
25.50800000 25.46200000 25.55200000 25.45900000 24.77900000 25.24900000 25.56000000 25.57600000 25.50700000 25.42800000 25.29000000 25.12200000 24.11600000 24.22700000 24.96900000 25.33700000 25.75200000 25.56400000 25.48400000 25.42800000 25.46900000 25.37800000 25.22000000 24.76600000 23.80000000 24.33300000 24.58800000 24.55700000 24.83400000 25.37800000
25.62600000 25.46800000 25.58500000 25.52000000 24.79300000 25.02000000 25.38400000 25.39400000 25.26600000 24.91300000 24.22800000 24.02500000 24.24600000 24.68200000 24.90700000 25.51800000 25.77900000 25.49200000 25.44100000 25.35100000 25.26900000 25.19700000 24.75400000 24.34700000 24.82900000 25.65700000 25.66700000 25.65700000 25.26500000 25.15900000
24.78900000 25.39400000 25.56100000 25.60900000 25.19800000 24.50200000 24.46300000 24.21800000 24.10900000 24.30000000 24.66300000 24.89300000 24.95700000 24.90600000 24.91300000 25.65900000 25.75600000 25.47600000 25.31300000 25.29800000 25.05200000 24.90200000 25.33500000 25.86000000 25.99600000 25.83100000 25.61600000 25.45300000 25.34100000 25.52800000
24.66200000 24.82600000 25.41800000 25.52200000 25.63000000 25.24900000 24.86100000 24.52300000 24.71300000 24.98900000 25.04000000 25.27600000 25.46200000 25.48400000 25.55100000 25.78000000 25.84800000 25.45500000 25.09000000 24.99200000 25.50400000 25.94100000 25.87000000 25.78500000 25.82300000 25.99700000 25.85500000 25.49900000 25.43600000 25.34800000
24.13400000 24.32700000 25.30500000 25.51700000 25.54200000 25.62900000 25.72300000 25.56600000 25.57200000 25.72000000 25.71700000 25.73200000 25.90800000 25.99400000 26.02200000 25.90200000 25.81300000 25.72500000 25.34900000 25.70400000 25.86200000 25.66200000 25.60100000 25.54600000 25.66700000 25.90600000 25.97700000 26.12100000 25.45200000 25.18900000
24.04800000 24.26400000 25.05200000 25.22200000 25.59000000 25.60700000 25.57700000 25.56900000 25.58100000 25.63200000 25.78800000 25.92300000 25.89200000 25.96300000 26.03600000 25.90300000 25.90700000 25.92600000 25.77100000 25.74600000 25.64600000 25.46700000 25.17500000 25.05500000 25.35200000 25.76200000 26.16300000 26.13000000 26.15500000 25.67400000
23.73800000 23.31100000 25.18300000 24.60000000 25.22100000 25.67400000 25.83100000 25.75700000 25.74100000 25.80800000 25.99200000 25.96200000 25.94500000 25.99500000 26.04200000 25.87800000 25.99900000 26.02600000 25.85700000 25.72800000 25.66400000 25.49100000 25.31500000 25.38900000 25.62000000 26.06000000 26.50700000 26.46400000 26.00800000 26.19000000
21.10600000 21.61900000 24.64400000 24.51300000 24.39500000 24.73100000 25.27200000 25.96100000 25.85500000 25.81500000 25.94700000 25.97400000 25.94700000 25.94900000 25.91700000 25.91700000 25.93100000 26.08200000 26.15400000 26.18400000 26.00900000 25.84700000 25.84100000 26.04000000 26.42800000 26.92300000 26.83400000 26.56100000 26.01700000 26.24600000
20.14200000 20.47600000 23.03100000 24.14500000 24.21600000 24.32300000 24.49200000 24.89900000 26.22500000 26.30800000 26.04700000 25.96600000 25.83700000 25.77200000 25.79200000 25.88300000 25.86100000 25.94100000 26.05000000 26.96600000 27.09200000 27.07100000 27.06300000 27.01600000 26.78700000 26.59400000 26.73500000 26.28400000 26.08100000 26.24300000
22.10300000 27.83300000 21.74500000 21.94300000 22.23700000 23.32000000 24.20800000 24.50100000 24.73200000 25.82200000 26.44000000 26.71000000 26.77300000 26.85100000 26.19300000 25.83600000 26.09900000 26.94200000 26.40800000 26.34800000 26.48400000 26.44100000 26.37800000 26.44800000 26.54500000 26.63600000 26.48500000 26.05800000 26.40600000 26.32700000
27.83300000 27.83300000 27.83300000 27.83300000 21.42400000 21.02400000 22.22000000 22.88300000 23.66500000 24.39200000 24.84300000 26.28500000 26.19500000 26.38500000 26.63500000 26.52200000 26.27100000 25.90900000 26.04100000 26.88000000 26.23700000 26.37500000 26.53600000 26.31400000 26.25500000 26.42500000 26.61100000 26.40400000 26.55300000 26.42300000
27.83300000 27.83300000 27.83300000 27.83300000 27.83300000 21.24400000 19.89600000 20.74400000 21.26800000 22.89700000 24.40200000 24.79000000 25.78300000 25.07300000 24.63200000 25.08200000 25.12900000 24.90400000 26.41500000 26.92100000 26.28500000 26.25600000 26.19000000 26.39500000 26.60100000 26.76700000 26.63800000 26.28300000 26.53700000 26.43000000
27.83300000 27.83300000 27.83300000 27.83300000 27.83300000 27.83300000 27.83300000 22.85700000 21.27500000 21.41900000 22.72500000 23.66500000 24.08200000 23.74900000 23.11900000 23.83900000 24.55300000 24.63700000 26.34600000 26.90100000 26.69700000 26.07300000 26.23400000 26.33300000 26.36400000 26.76300000 27.00300000 26.81300000 26.29400000 26.43400000
27.83300000 27.83300000 27.83300000 27.83300000 27.83300000 27.83300000 27.83300000 27.83300000 27.83300000 27.83300000 27.83300000 27.83300000 27.83300000 27.83300000 27.83300000 20.05900000 24.20100000 24.52300000 25.78900000 26.45400000 27.00000000 26.96200000 26.58200000 26.25900000 26.36300000 26.88900000 27.03400000 27.11500000 26.92000000 26.40000000
27.83300000 27.83300000 27.83300000 27.83300000 27.83300000 27.83300000 27.83300000 27.83300000 27.83300000 27.83300000 27.83300000 27.83300000 27.83300000 27.83300000 27.83300000 27.83300000 23.09500000 23.58200000 25.25900000 25.72800000 26.48200000 27.02800000 26.92400000 27.03800000 26.46700000 26.97100000 27.07000000 27.03700000 27.12700000 27.23400000
27.83300000 27.83300000 27.83300000 27.83300000 27.83300000 27.83300000 27.83300000 27.83300000 27.83300000 27.83300000 27.83300000 27.83300000 27.83300000 27.83300000 27.83300000 27.83300000 27.83300000 21.21900000 24.35600000 25.60300000 25.64900000 26.80300000 26.92700000 27.03200000 26.64200000 27.00800000 27.17800000 27.02900000 27.02700000 27.22100000
27.83300000 27.83300000 27.83300000 27.83300000 27.83300000 27.83300000 27.83300000 27.83300000 27.83300000 27.83300000 27.83300000 27.83300000 27.83300000 27.83300000 27.83300000 27.83300000 27.83300000 27.83300000 27.83300000 25.66200000 25.85100000 25.23300000 26.94800000 26.99500000 26.76800000 27.09000000 27.25300000 27.22200000 27.08900000 27.08000000
27.83300000 27.83300000 27.83300000 27.83300000 27.83300000 27.83300000 27.83300000 27.83300000 27.83300000 27.83300000 27.83300000 27.83300000 27.83300000 27.83300000 27.83300000 27.83300000 27.83300000 27.83300000 27.83300000 27.83300000 24.83500000 26.40400000 26.93100000 27.00100000 26.81700000 27.15000000 27.22000000 27.21500000 27.22600000 27.16400000
27.83300000 27.83300000 27.83300000 27.83300000 27.83300000 27.83300000 27.83300000 27.83300000 27.83300000 27.83300000 27.83300000 27.83300000 27.83300000 27.83300000 27.83300000 27.83300000 27.83300000 27.83300000 27.83300000 27.83300000 21.34500000 26.71200000 26.91000000 26.85100000 26.99800000 27.28500000 27.37700000 27.23400000 27.20700000 27.25000000
27.83300000 27.83300000 27.83300000 27.83300000 27.83300000 27.83300000 27.83300000 27.83300000 27.83300000 27.83300000 27.83300000 27.83300000 27.83300000 27.83300000 27.83300000 27.83300000 27.83300000 27.83300000 27.83300000 27.83300000 18.84400000 26.75700000 26.97700000 26.87600000 27.16200000 27.35600000 27.13300000 27.28600000 27.27300000 27.23800000
27.83300000 27.83300000 27.83300000 27.83300000 27.83300000 27.83300000 27.83300000 27.83300000 27.83300000 27.83300000 27.83300000 27.83300000 27.83300000 27.83300000 27.83300000 27.83300000 27.83300000 27.83300000 27.83300000 27.83300000 19.56700000 26.62200000 27.18400000 27.06300000 27.34100000 27.14000000 27.10000000 27.31100000 27.30800000 27.35800000
27.83300000 27.83300000 27.83300000 27.83300000 27.83300000 27.83300000 27.83300000 27.83300000 27.83300000 27.83300000 27.83300000 27.83300000 27.83300000 27.83300000 27.83300000 27.83300000 27.83300000 27.83300000 27.83300000 27.83300000 27.83300000 25.58200000 27.08800000 27.27000000 27.18700000 27.09600000 27.29200000 27.26400000 27.38400000 27.41100000
27.83300000 27.83300000 27.83300000 27.83300000 27.83300000 27.83300000 27.83300000 27.83300000 27.83300000 27.83300000 27.83300000 27.83300000 27.83300000 27.83300000 27.83300000 27.83300000 27.83300000 27.83300000 27.83300000 27.83300000 27.83300000 22.69500000 26.47800000 27.10800000 27.12300000 27.07800000 27.22600000 27.11600000 27.15100000 27.37000000
27.83300000 27.83300000 27.83300000 27.83300000 27.83300000 27.83300000 27.83300000 27.83300000 27.83300000 27.83300000 27.83300000 27.83300000 27.83300000 27.83300000 27.83300000 27.83300000 27.83300000 27.83300000 27.83300000 27.83300000 27.83300000 27.83300000 26.42400000 26.89000000 27.02600000 27.04200000 26.96900000 26.93500000 26.94800000 27.08700000
27.83300000 27.83300000 27.83300000 27.83300000 27.83300000 27.83300000 27.83300000 27.83300000 27.83300000 27.83300000 27.83300000 27.83300000 27.83300000 27.83300000 27.83300000 27.83300000 27.83300000 27.83300000 27.83300000 27.83300000 27.83300000 27.83300000 23.87000000 26.80900000 26.69600000 26.80600000 26.78400000 26.88200000 26.89600000 27.18500000
27.83300000 27.83300000 27.83300000 27.83300000 27.83300000 27.83300000 27.83300000 27.83300000 27.83300000 27.83300000 27.83300000 27.83300000 27.83300000 27.83300000 27.83300000 27.83300000 27.83300000 27.83300000 27.83300000 27.83300000 27.83300000 27.83300000 27.83300000 26.88200000 26.94900000 26.84100000 26.90300000 27.12700000 27.13500000 27.34300000
