25.44500000 25.29900000 25.52700000 25.31000000 24.77600000 25.33700000 25.48700000 25.49300000 25.42800000 25.32400000 25.32300000 25.28600000 25.13900000 24.18500000 24.18600000 25.23200000 25.52800000 25.50300000 25.33500000 25.24200000 25.29000000 25.19100000 25.12100000 24.77000000 24.17100000 23.77100000 24.09100000 24.24700000 24.22300000 24.62900000
25.18800000 25.25400000 25.31300000 24.81600000 25.15800000 25.35700000 25.32500000 25.28800000 25.27100000 25.22100000 25.18000000 25.00000000 24.04000000 24.22200000 24.58200000 25.27900000 25.47000000 25.19300000 25.22200000 25.20300000 25.11500000 24.99200000 24.70900000 24.29500000 23.60300000 24.30600000 24.43800000 24.66200000 25.12500000 25.02000000
25.05200000 25.23200000 25.31400000 24.95300000 25.02200000 25.25400000 25.21300000 25.12700000 25.05200000 24.97500000 24.48600000 23.79700000 24.10500000 24.64600000 24.69200000 25.47500000 25.32200000 25.17900000 25.16700000 25.10500000 25.02400000 24.88200000 24.22100000 24.75500000 25.52100000 25.37800000 25.32900000 25.03400000 24.85700000 24.94000000
24.63200000 25.06100000 25.25900000 25.41100000 24.35800000 24.99100000 24.87400000 24.24800000 23.96300000 24.19200000 24.49300000 24.72100000 24.80000000 24.83000000 25.07500000 25.54700000 25.28700000 25.10400000 25.02200000 24.79400000 24.58800000 25.15900000 25.74200000 25.75300000 25.71700000 25.31400000 25.26700000 25.20500000 25.17300000 25.27200000
24.29400000 23.94200000 25.07200000 25.26400000 25.39700000 24.78900000 24.13500000 24.05200000 24.19500000 24.77000000 24.83600000 25.00200000 25.25100000 25.39700000 25.54000000 25.58600000 25.24000000 24.93200000 24.81200000 24.99000000 25.71700000 25.54900000 25.58700000 25.58500000 25.68800000 25.71300000 25.68500000 25.14200000 24.99400000 25.15400000
23.79200000 23.71500000 24.79700000 25.27700000 25.38300000 25.30900000 25.44800000 25.42800000 25.43700000 25.45600000 25.39300000 25.39900000 25.51300000 25.65900000 25.76000000 25.57800000 25.34700000 24.86700000 25.37300000 25.62900000 25.48300000 25.34500000 25.09600000 25.10700000 25.29600000 25.66300000 25.94500000 25.80600000 25.03400000 25.06400000
23.74300000 23.58500000 24.46100000 24.87400000 25.45200000 25.56600000 25.47600000 25.44500000 25.45600000 25.43300000 25.60000000 25.58500000 25.56000000 25.66200000 25.72800000 25.60000000 25.57200000 25.25200000 25.52600000 25.45500000 25.35900000 25.01500000 24.78300000 24.93200000 25.25200000 25.72300000 26.18200000 26.06000000 25.87800000 25.19300000
23.66400000 23.68800000 24.33000000 24.30600000 24.81400000 25.42700000 25.91600000 25.53300000 25.57700000 25.68000000 25.76700000 25.70600000 25.66700000 25.73200000 25.78600000 25.62100000 25.69000000 25.62500000 25.48300000 25.47400000 25.37400000 25.24700000 25.21100000 25.32500000 25.66800000 26.25700000 26.64500000 26.37000000 25.77400000 25.90300000
23.38600000 23.56700000 23.88400000 24.30700000 24.38800000 24.45900000 24.80500000 26.08000000 25.93400000 25.57500000 25.50300000 25.58000000 25.66700000 25.69500000 25.68700000 25.62400000 25.76100000 25.78600000 25.82700000 25.82100000 25.78800000 25.82900000 25.92400000 26.32700000 26.76100000 26.66000000 26.57500000 26.41300000 25.82000000 26.00100000
23.15400000 22.81600000 23.47200000 23.99100000 23.73900000 24.06200000 23.91800000 24.45600000 25.80700000 26.30700000 26.43200000 26.00000000 25.54400000 25.59000000 25.67400000 25.65100000 25.64100000 25.70800000 25.70500000 26.59500000 26.26800000 26.30100000 26.31000000 26.28500000 26.16700000 26.23400000 26.50400000 26.11600000 25.84500000 26.03700000
24.11500000 23.61400000 23.74000000 23.49900000 23.54300000 23.40900000 23.66600000 23.86900000 24.20600000 25.61500000 26.16500000 26.48200000 26.54900000 25.77400000 25.56700000 25.57900000 25.53900000 26.41900000 26.46100000 26.62300000 26.21600000 26.05500000 26.25400000 26.39300000 26.45700000 26.46100000 26.11100000 25.84900000 26.15000000 26.13500000
27.83300000 27.83300000 27.83300000 23.83200000 23.34500000 23.11100000 23.28300000 23.28600000 23.25600000 23.97600000 25.22200000 25.42300000 25.53700000 25.88300000 25.92900000 25.94600000 25.99500000 25.90000000 26.34900000 26.54500000 25.96300000 26.25500000 26.16900000 26.30700000 26.44300000 26.19300000 26.21300000 26.01700000 26.19900000 26.19300000
27.83300000 27.83300000 27.83300000 27.83300000 23.58800000 23.44200000 23.27200000 22.99600000 23.16400000 23.17500000 24.01500000 25.09400000 25.01900000 24.15500000 24.05600000 24.56800000 24.50900000 24.89000000 26.15000000 26.64700000 25.84600000 26.08400000 26.07200000 26.24300000 26.33600000 26.64100000 26.36800000 26.30900000 26.37300000 26.23000000
27.83300000 27.83300000 27.83300000 27.83300000 27.83300000 27.83300000 24.31300000 24.04600000 23.38600000 23.10200000 23.21600000 23.63600000 23.80700000 23.77700000 23.02500000 23.38900000 24.23300000 24.68200000 25.93700000 26.63900000 26.43100000 25.92800000 26.09200000 26.08900000 26.20800000 26.71200000 26.83200000 26.35900000 26.27100000 26.18200000
27.83300000 27.83300000 27.83300000 27.83300000 27.83300000 27.83300000 27.83300000 27.83300000 27.83300000 27.83300000 27.83300000 27.83300000 23.26600000 23.06800000 22.91300000 23.32300000 23.89900000 24.51600000 25.55000000 26.49900000 26.68300000 26.70000000 26.41400000 26.27300000 26.25900000 26.80400000 26.81900000 26.91200000 26.29700000 26.25700000
27.83300000 27.83300000 27.83300000 27.83300000 27.83300000 27.83300000 27.83300000 27.83300000 27.83300000 27.83300000 27.83300000 27.83300000 27.83300000 27.83300000 27.83300000 23.44100000 23.80900000 24.67500000 24.95400000 25.18700000 26.69700000 26.66700000 26.71800000 26.79600000 26.45600000 26.89800000 26.85500000 26.87600000 26.93200000 26.69900000
27.83300000 27.83300000 27.83300000 27.83300000 27.83300000 27.83300000 27.83300000 27.83300000 27.83300000 27.83300000 27.83300000 27.83300000 27.83300000 27.83300000 27.83300000 27.83300000 23.75700000 24.14000000 24.97600000 25.36700000 24.75600000 26.74300000 26.70500000 26.80400000 26.63100000 26.97800000 26.95400000 26.84100000 26.90000000 26.99800000
27.83300000 27.83300000 27.83300000 27.83300000 27.83300000 27.83300000 27.83300000 27.83300000 27.83300000 27.83300000 27.83300000 27.83300000 27.83300000 27.83300000 27.83300000 27.83300000 27.83300000 27.83300000 23.73200000 24.94000000 25.39600000 26.28200000 26.71300000 26.79500000 26.76000000 27.00600000 27.05800000 27.00100000 26.90200000 26.97700000
27.83300000 27.83300000 27.83300000 27.83300000 27.83300000 27.83300000 27.83300000 27.83300000 27.83300000 27.83300000 27.83300000 27.83300000 27.83300000 27.83300000 27.83300000 27.83300000 27.83300000 27.83300000 27.83300000 25.10500000 24.28800000 26.63700000 26.65800000 26.62500000 26.89700000 27.00800000 26.96100000 27.03500000 26.95100000 27.03800000
27.83300000 27.83300000 27.83300000 27.83300000 27.83300000 27.83300000 27.83300000 27.83300000 27.83300000 27.83300000 27.83300000 27.83300000 27.83300000 27.83300000 27.83300000 27.83300000 27.83300000 27.83300000 27.83300000 25.54200000 24.52400000 26.83500000 26.62700000 26.68000000 27.02100000 27.12800000 27.13200000 26.95500000 27.03300000 27.14200000
27.83300000 27.83300000 27.83300000 27.83300000 27.83300000 27.83300000 27.83300000 27.83300000 27.83300000 27.83300000 27.83300000 27.83300000 27.83300000 27.83300000 27.83300000 27.83300000 27.83300000 27.83300000 27.83300000 25.46700000 25.02900000 26.84300000 26.66900000 26.80700000 27.13000000 26.92700000 27.00400000 27.19000000 27.06100000 27.12600000
27.83300000 27.83300000 27.83300000 27.83300000 27.83300000 27.83300000 27.83300000 27.83300000 27.83300000 27.83300000 27.83300000 27.83300000 27.83300000 27.83300000 27.83300000 27.83300000 27.83300000 27.83300000 27.83300000 24.90900000 24.18800000 26.65700000 26.87500000 26.99400000 27.02600000 26.90400000 27.03800000 27.10900000 27.16300000 27.24800000
27.83300000 27.83300000 27.83300000 27.83300000 27.83300000 27.83300000 27.83300000 27.83300000 27.83300000 27.83300000 27.83300000 27.83300000 27.83300000 27.83300000 27.83300000 27.83300000 27.83300000 27.83300000 27.83300000 27.83300000 25.38400000 25.45400000 26.87200000 27.01100000 26.90100000 26.98200000 26.97300000 26.97800000 27.07600000 27.17200000
27.83300000 27.83300000 27.83300000 27.83300000 27.83300000 27.83300000 27.83300000 27.83300000 27.83300000 27.83300000 27.83300000 27.83300000 27.83300000 27.83300000 27.83300000 27.83300000 27.83300000 27.83300000 27.83300000 27.83300000 27.83300000 25.19500000 26.66300000 26.83900000 26.86200000 26.93500000 26.90600000 26.74900000 26.81700000 27.21300000
27.83300000 27.83300000 27.83300000 27.83300000 27.83300000 27.83300000 27.83300000 27.83300000 27.83300000 27.83300000 27.83300000 27.83300000 27.83300000 27.83300000 27.83300000 27.83300000 27.83300000 27.83300000 27.83300000 27.83300000 27.83300000 25.17500000 26.31300000 26.68100000 26.82800000 26.78500000 26.75900000 26.69400000 26.61200000 26.91400000
27.83300000 27.83300000 27.83300000 27.83300000 27.83300000 27.83300000 27.83300000 27.83300000 27.83300000 27.83300000 27.83300000 27.83300000 27.83300000 27.83300000 27.83300000 27.83300000 27.83300000 27.83300000 27.83300000 27.83300000 27.83300000 27.83300000 25.94000000 26.44500000 26.37600000 26.43400000 26.58500000 26.61200000 26.85500000 27.20600000
27.83300000 27.83300000 27.83300000 27.83300000 27.83300000 27.83300000 27.83300000 27.83300000 27.83300000 27.83300000 27.83300000 27.83300000 27.83300000 27.83300000 27.83300000 27.83300000 27.83300000 27.83300000 27.83300000 27.83300000 27.83300000 27.83300000 27.83300000 26.20400000 26.61700000 26.67700000 26.68400000 26.79000000 27.14400000 27.24200000
25.52400000 25.34100000 25.55000000 25.33400000 24.79600000 25.35700000 25.50700000 25.51600000 25.44700000 25.35400000 25.34500000 25.30500000 25.17600000 24.29100000 24.20100000 25.24500000 25.54800000 25.52700000 25.37000000 25.26500000 25.31000000 25.21200000 25.11900000 24.78800000 24.18700000 23.78200000 24.10400000 24.25800000 24.23500000 24.64400000
25.21800000 25.27000000 25.33300000 24.84200000 25.17700000 25.37900000 25.34800000 25.31200000 25.29400000 25.24600000 25.20100000 25.02600000 24.06500000 24.24500000 24.60400000 25.30400000 25.49900000 25.22000000 25.24900000 25.23000000 25.13700000 25.01600000 24.72800000 24.31600000 23.62000000 24.31900000 24.45700000 24.68000000 25.14700000 25.03900000
25.07200000 25.25500000 25.33500000 24.97200000 25.04000000 25.27500000 25.23600000 25.15000000 25.07400000 24.99700000 24.51000000 23.81800000 24.12500000 24.66800000 24.70900000 25.50300000 25.34800000 25.20600000 25.19200000 25.13100000 25.04800000 24.90600000 24.23400000 24.77500000 25.53800000 25.40300000 25.35300000 25.05700000 24.87700000 24.95900000
24.66300000 25.08100000 25.27500000 25.43400000 24.37600000 25.01000000 24.89400000 24.26700000 23.98200000 24.21500000 24.51400000 24.74200000 24.82000000 24.85100000 25.09500000 25.57600000 25.31300000 25.12800000 25.04600000 24.81800000 24.61200000 25.18200000 25.76800000 25.77500000 25.73900000 25.33900000 25.29100000 25.22800000 25.19500000 25.29200000
24.35900000 24.00500000 25.09300000 25.28400000 25.41800000 24.80200000 24.15200000 24.06800000 24.21400000 24.79000000 24.85800000 25.02400000 25.27200000 25.42100000 25.56000000 25.61100000 25.26500000 24.95500000 24.83800000 25.01200000 25.73900000 25.57200000 25.61000000 25.60800000 25.71000000 25.73800000 25.70400000 25.16600000 25.01600000 25.17300000
23.81300000 23.84600000 24.81800000 25.30000000 25.39900000 25.32900000 25.46900000 25.44700000 25.45700000 25.47900000 25.41700000 25.42200000 25.53800000 25.68300000 25.78300000 25.60400000 25.37200000 24.88900000 25.39500000 25.65100000 25.50400000 25.36600000 25.11900000 25.13200000 25.31400000 25.68200000 25.96800000 25.82400000 25.05200000 25.08100000
23.75900000 23.90200000 24.48400000 24.89600000 25.47000000 25.58400000 25.49400000 25.46600000 25.47800000 25.45500000 25.62500000 25.61000000 25.58500000 25.68600000 25.74900000 25.62400000 25.59300000 25.27600000 25.54700000 25.47400000 25.38000000 25.03600000 24.80000000 24.95100000 25.26900000 25.74000000 26.20500000 26.08500000 25.90100000 25.25100000
23.28000000 23.61600000 24.41700000 24.32800000 24.83600000 25.44000000 25.93200000 25.55200000 25.59700000 25.70300000 25.78800000 25.72100000 25.69000000 25.75200000 25.80600000 25.64400000 25.71000000 25.64500000 25.50200000 25.49400000 25.39400000 25.26700000 25.23100000 25.34400000 25.68400000 26.27600000 26.66900000 26.39400000 25.79600000 25.99800000
21.44600000 23.57500000 23.93500000 24.33200000 24.40700000 24.48100000 24.81900000 26.09900000 25.94700000 25.59500000 25.52300000 25.60200000 25.68200000 25.71800000 25.70800000 25.64700000 25.78200000 25.80400000 25.84800000 25.84200000 25.80900000 25.84900000 25.94400000 26.34700000 26.77900000 26.68000000 26.59900000 26.43600000 25.84300000 26.02000000
20.40200000 20.46000000 23.43800000 24.02100000 23.75900000 24.08100000 23.93700000 24.47400000 25.82400000 26.32900000 26.45500000 26.01000000 25.56700000 25.61200000 25.69800000 25.67600000 25.66300000 25.73000000 25.72700000 26.61200000 26.28100000 26.32300000 26.33100000 26.30600000 26.18700000 26.25300000 26.52400000 26.13600000 25.86300000 26.05700000
22.32200000 27.83300000 20.73500000 21.05600000 23.57800000 23.38600000 23.70700000 23.99900000 24.22700000 25.63100000 26.18000000 26.49700000 26.57500000 25.79600000 25.59300000 25.60400000 25.56200000 26.44400000 26.48700000 26.65100000 26.25200000 26.07800000 26.27700000 26.41500000 26.48200000 26.48600000 26.13500000 25.86900000 26.17000000 26.15300000
27.83300000 27.83300000 27.83300000 27.83300000 21.58200000 21.37000000 22.35000000 23.15200000 23.25800000 23.99300000 25.23800000 25.44300000 25.55600000 25.90600000 25.95400000 25.96900000 26.01100000 25.92900000 26.37400000 26.57500000 25.99000000 26.27800000 26.19400000 26.33000000 26.47100000 26.21600000 26.24200000 26.03600000 26.21900000 26.21200000
27.83300000 27.83300000 27.83300000 27.83300000 27.83300000 20.89500000 20.65700000 20.32800000 21.87400000 22.23600000 24.03800000 25.11200000 25.04500000 24.17600000 24.08400000 24.58900000 24.53500000 24.92900000 26.17300000 26.67500000 25.86900000 26.10700000 26.09100000 26.26800000 26.35600000 26.66700000 26.39900000 26.32900000 26.39400000 26.25000000
27.83300000 27.83300000 27.83300000 27.83300000 27.83300000 27.83300000 27.83300000 22.48700000 20.50800000 20.44500000 21.03800000 23.64200000 23.87800000 23.82200000 23.04900000 23.39900000 24.25100000 24.67100000 25.95800000 26.66300000 26.46800000 25.95300000 26.11500000 26.11400000 26.22900000 26.73300000 26.85500000 26.38600000 26.29000000 26.19600000
27.83300000 27.83300000 27.83300000 27.83300000 27.83300000 27.83300000 27.83300000 27.83300000 27.83300000 27.83300000 27.83300000 27.83300000 27.83300000 27.83300000 27.83300000 21.98400000 23.95700000 24.39700000 25.57800000 26.52100000 26.70900000 26.72400000 26.44200000 26.29700000 26.28000000 26.82600000 26.84100000 26.93300000 26.32200000 26.27800000
27.83300000 27.83300000 27.83300000 27.83300000 27.83300000 27.83300000 27.83300000 27.83300000 27.83300000 27.83300000 27.83300000 27.83300000 27.83300000 27.83300000 27.83300000 27.83300000 23.15700000 24.03400000 24.98000000 25.19800000 26.71800000 26.69300000 26.74000000 26.81800000 26.47500000 26.92100000 26.87800000 26.89600000 26.95300000 26.72000000
27.83300000 27.83300000 27.83300000 27.83300000 27.83300000 27.83300000 27.83300000 27.83300000 27.83300000 27.83300000 27.83300000 27.83300000 27.83300000 27.83300000 27.83300000 27.83300000 27.83300000 22.07400000 24.86200000 25.39100000 24.74700000 26.76500000 26.73100000 26.82900000 26.64800000 27.00000000 26.98000000 26.86300000 26.92300000 27.01600000
27.83300000 27.83300000 27.83300000 27.83300000 27.83300000 27.83300000 27.83300000 27.83300000 27.83300000 27.83300000 27.83300000 27.83300000 27.83300000 27.83300000 27.83300000 27.83300000 27.83300000 27.83300000 27.83300000 24.94400000 25.42600000 26.30300000 26.73100000 26.81900000 26.78000000 27.02800000 27.07900000 27.02300000 26.92500000 27.00400000
27.83300000 27.83300000 27.83300000 27.83300000 27.83300000 27.83300000 27.83300000 27.83300000 27.83300000 27.83300000 27.83300000 27.83300000 27.83300000 27.83300000 27.83300000 27.83300000 27.83300000 27.83300000 27.83300000 27.83300000 24.33400000 26.66900000 26.68100000 26.64800000 26.92200000 27.02900000 26.98100000 27.05700000 26.96900000 27.05600000
27.83300000 27.83300000 27.83300000 27.83300000 27.83300000 27.83300000 27.83300000 27.83300000 27.83300000 27.83300000 27.83300000 27.83300000 27.83300000 27.83300000 27.83300000 27.83300000 27.83300000 27.83300000 27.83300000 27.83300000 23.57700000 26.85900000 26.65000000 26.70700000 27.04500000 27.14900000 27.15400000 26.97600000 27.05100000 27.15400000
27.83300000 27.83300000 27.83300000 27.83300000 27.83300000 27.83300000 27.83300000 27.83300000 27.83300000 27.83300000 27.83300000 27.83300000 27.83300000 27.83300000 27.83300000 27.83300000 27.83300000 27.83300000 27.83300000 27.83300000 23.41900000 26.86700000 26.69100000 26.82900000 27.15300000 26.94700000 27.02300000 27.21000000 27.07700000 27.13900000
27.83300000 27.83300000 27.83300000 27.83300000 27.83300000 27.83300000 27.83300000 27.83300000 27.83300000 27.83300000 27.83300000 27.83300000 27.83300000 27.83300000 27.83300000 27.83300000 27.83300000 27.83300000 27.83300000 27.83300000 24.20300000 26.67300000 26.89700000 27.01600000 27.04800000 26.92100000 27.06000000 27.12500000 27.17800000 27.26200000
27.83300000 27.83300000 27.83300000 27.83300000 27.83300000 27.83300000 27.83300000 27.83300000 27.83300000 27.83300000 27.83300000 27.83300000 27.83300000 27.83300000 27.83300000 27.83300000 27.83300000 27.83300000 27.83300000 27.83300000 27.83300000 24.43200000 26.89100000 27.02900000 26.92000000 27.00000000 26.99200000 26.99600000 27.09600000 27.19100000
27.83300000 27.83300000 27.83300000 27.83300000 27.83300000 27.83300000 27.83300000 27.83300000 27.83300000 27.83300000 27.83300000 27.83300000 27.83300000 27.83300000 27.83300000 27.83300000 27.83300000 27.83300000 27.83300000 27.83300000 27.83300000 25.03100000 26.68500000 26.85700000 26.88100000 26.95400000 26.92400000 26.76400000 26.83600000 27.23100000
27.83300000 27.83300000 27.83300000 27.83300000 27.83300000 27.83300000 27.83300000 27.83300000 27.83300000 27.83300000 27.83300000 27.83300000 27.83300000 27.83300000 27.83300000 27.83300000 27.83300000 27.83300000 27.83300000 27.83300000 27.83300000 27.83300000 26.33700000 26.69900000 26.84700000 26.80500000 26.77800000 26.71300000 26.62900000 26.92300000
27.83300000 27.83300000 27.83300000 27.83300000 27.83300000 27.83300000 27.83300000 27.83300000 27.83300000 27.83300000 27.83300000 27.83300000 27.83300000 27.83300000 27.83300000 27.83300000 27.83300000 27.83300000 27.83300000 27.83300000 27.83300000 27.83300000 25.96600000 26.46300000 26.39200000 26.45300000 26.60300000 26.62900000 26.85000000 27.22100000
27.83300000 27.83300000 27.83300000 27.83300000 27.83300000 27.83300000 27.83300000 27.83300000 27.83300000 27.83300000 27.83300000 27.83300000 27.83300000 27.83300000 27.83300000 27.83300000 27.83300000 27.83300000 27.83300000 27.83300000 27.83300000 27.83300000 27.83300000 26.23800000 26.64100000 26.69200000 26.70100000 26.80700000 27.22400000 27.26000000
