25.44900000 25.29600000 25.51900000 25.28900000 24.79400000 25.35400000 25.48000000 25.48200000 25.42000000 25.31800000 25.31400000 25.28500000 25.13200000 24.19900000 24.18400000 25.22200000 25.52600000 25.48800000 25.32900000 25.23400000 25.28600000 25.18100000 25.11300000 24.75700000 24.16300000 23.76500000 24.08400000 24.23200000 24.21300000 24.62400000
25.17100000 25.23600000 25.31000000 24.78000000 25.17400000 25.35300000 25.31400000 25.27200000 25.26700000 25.22000000 25.18100000 24.98900000 24.00800000 24.23700000 24.57400000 25.28500000 25.44800000 25.19300000 25.22000000 25.20100000 25.10400000 24.98700000 24.68800000 24.28300000 23.61900000 24.32700000 24.46600000 24.70100000 25.14500000 25.02300000
25.06200000 25.22700000 25.30700000 24.92500000 25.06800000 25.25500000 25.20300000 25.12200000 25.04600000 24.95900000 24.45700000 23.80000000 24.11900000 24.64900000 24.70700000 25.47600000 25.30400000 25.18200000 25.16500000 25.09300000 25.01400000 24.86600000 24.20000000 24.86200000 25.51700000 25.36700000 25.32900000 25.00200000 24.85000000 24.95200000
24.64300000 25.04600000 25.25400000 25.40400000 24.33900000 24.99400000 24.86400000 24.23100000 23.96900000 24.19000000 24.50200000 24.72300000 24.79900000 24.83300000 25.09800000 25.55300000 25.26500000 25.11000000 25.00300000 24.77200000 24.57500000 25.25000000 25.74700000 25.74900000 25.69900000 25.30400000 25.26300000 25.20100000 25.16800000 25.27300000
24.29400000 23.92300000 25.06200000 25.25300000 25.38600000 24.76800000 24.12500000 24.04600000 24.19300000 24.76900000 24.83700000 25.00100000 25.25000000 25.40000000 25.54500000 25.59900000 25.21000000 24.93800000 24.80000000 25.06200000 25.71000000 25.54000000 25.57900000 25.56700000 25.67700000 25.71500000 25.66900000 25.14100000 24.98900000 25.15200000
23.77500000 23.70900000 24.79800000 25.26700000 25.38200000 25.30000000 25.43700000 25.42600000 25.43500000 25.44800000 25.38700000 25.39200000 25.50500000 25.65300000 25.75700000 25.58000000 25.32200000 24.85900000 25.40100000 25.61100000 25.47600000 25.32200000 25.09500000 25.11700000 25.29400000 25.66600000 25.94500000 25.80000000 25.01500000 25.06500000
23.72000000 23.57800000 24.44300000 24.84800000 25.44400000 25.57300000 25.47500000 25.44100000 25.45700000 25.43000000 25.60100000 25.57900000 25.55500000 25.65600000 25.72200000 25.59600000 25.55800000 25.24100000 25.53400000 25.44100000 25.35000000 25.00800000 24.77500000 24.94100000 25.25700000 25.73000000 26.18800000 26.05800000 25.87300000 25.19300000
23.64900000 23.67900000 24.32300000 24.29100000 24.81900000 25.42100000 25.91500000 25.52700000 25.57500000 25.68000000 25.76300000 25.69500000 25.66500000 25.72200000 25.77700000 25.61600000 25.68500000 25.60900000 25.46900000 25.46300000 25.36600000 25.24300000 25.21800000 25.33200000 25.69100000 26.27600000 26.64500000 26.36400000 25.77600000 25.90300000
23.37200000 23.53700000 23.85500000 24.29200000 24.37100000 24.45000000 24.81000000 26.08000000 25.93400000 25.57400000 25.49700000 25.58300000 25.66000000 25.70200000 25.68500000 25.61800000 25.74900000 25.77400000 25.81700000 25.81400000 25.78900000 25.83300000 25.92600000 26.37000000 26.74200000 26.64200000 26.57600000 26.40600000 25.81200000 26.00000000
23.15400000 22.77400000 23.44900000 23.96800000 23.70600000 24.05500000 23.90400000 24.46200000 25.82000000 26.30800000 26.43000000 25.99100000 25.53700000 25.59400000 25.67600000 25.64600000 25.63900000 25.70700000 25.69800000 26.56900000 26.23500000 26.28400000 26.28700000 26.26600000 26.16500000 26.23000000 26.49900000 26.10900000 25.83900000 26.03300000
24.11500000 23.63400000 23.76000000 23.53600000 23.52000000 23.39000000 23.64500000 23.86600000 24.21900000 25.65000000 26.16800000 26.49000000 26.52700000 25.74300000 25.56800000 25.57200000 25.54100000 26.39900000 26.45800000 26.62000000 26.24400000 26.05000000 26.25700000 26.38400000 26.45800000 26.45500000 26.10300000 25.84700000 26.14400000 26.13200000
27.83300000 27.83300000 27.83300000 23.81300000 23.29500000 23.08400000 23.25900000 23.27300000 23.25300000 23.99300000 25.32200000 25.39800000 25.54000000 25.87000000 25.91200000 25.93800000 25.98900000 25.95600000 26.33600000 26.53800000 25.94600000 26.25700000 26.15100000 26.32000000 26.44900000 26.18800000 26.20200000 26.01200000 26.18300000 26.18500000
27.83300000 27.83300000 27.83300000 27.83300000 23.58300000 23.41900000 23.25900000 22.95300000 23.15100000 23.16600000 24.00800000 25.13100000 24.99400000 24.13800000 24.02600000 24.54700000 24.46400000 24.90300000 26.13900000 26.64300000 25.84600000 26.07800000 26.07000000 26.23200000 26.32900000 26.63800000 26.35500000 26.31100000 26.35700000 26.22000000
27.83300000 27.83300000 27.83300000 27.83300000 27.83300000 27.83300000 24.31200000 24.06100000 23.38000000 23.09100000 23.19500000 23.62300000 23.79000000 23.76800000 23.02200000 23.39500000 24.20900000 24.68800000 25.91600000 26.63900000 26.43100000 25.92800000 26.09000000 26.08300000 26.20600000 26.70800000 26.82700000 26.33900000 26.26600000 26.17100000
27.83300000 27.83300000 27.83300000 27.83300000 27.83300000 27.83300000 27.83300000 27.83300000 27.83300000 27.83300000 27.83300000 27.83300000 23.26600000 23.06900000 22.90500000 23.32200000 23.88000000 24.52400000 25.55200000 26.52200000 26.67300000 26.69700000 26.41800000 26.28700000 26.26800000 26.80300000 26.81300000 26.90500000 26.28900000 26.25200000
27.83300000 27.83300000 27.83300000 27.83300000 27.83300000 27.83300000 27.83300000 27.83300000 27.83300000 27.83300000 27.83300000 27.83300000 27.83300000 27.83300000 27.83300000 23.45000000 23.80800000 24.68600000 24.96800000 25.26400000 26.69700000 26.66400000 26.71500000 26.78300000 26.47400000 26.89900000 26.85000000 26.87600000 26.92900000 26.68200000
27.83300000 27.83300000 27.83300000 27.83300000 27.83300000 27.83300000 27.83300000 27.83300000 27.83300000 27.83300000 27.83300000 27.83300000 27.83300000 27.83300000 27.83300000 27.83300000 23.76300000 24.14500000 24.96900000 25.36500000 24.80500000 26.74400000 26.70800000 26.79300000 26.64200000 26.97900000 26.94800000 26.84000000 26.90300000 27.00100000
27.83300000 27.83300000 27.83300000 27.83300000 27.83300000 27.83300000 27.83300000 27.83300000 27.83300000 27.83300000 27.83300000 27.83300000 27.83300000 27.83300000 27.83300000 27.83300000 27.83300000 27.83300000 23.73100000 24.92600000 25.38600000 26.29400000 26.70900000 26.78500000 26.77000000 27.00300000 27.05600000 26.99600000 26.90300000 26.97700000
27.83300000 27.83300000 27.83300000 27.83300000 27.83300000 27.83300000 27.83300000 27.83300000 27.83300000 27.83300000 27.83300000 27.83300000 27.83300000 27.83300000 27.83300000 27.83300000 27.83300000 27.83300000 27.83300000 25.11000000 24.24400000 26.67900000 26.65500000 26.61900000 26.90200000 27.00200000 26.95200000 27.03800000 26.94300000 27.04500000
27.83300000 27.83300000 27.83300000 27.83300000 27.83300000 27.83300000 27.83300000 27.83300000 27.83300000 27.83300000 27.83300000 27.83300000 27.83300000 27.83300000 27.83300000 27.83300000 27.83300000 27.83300000 27.83300000 25.53100000 24.53400000 26.82800000 26.61800000 26.68000000 27.02700000 27.11600000 27.12800000 26.95300000 27.02600000 27.14400000
27.83300000 27.83300000 27.83300000 27.83300000 27.83300000 27.83300000 27.83300000 27.83300000 27.83300000 27.83300000 27.83300000 27.83300000 27.83300000 27.83300000 27.83300000 27.83300000 27.83300000 27.83300000 27.83300000 25.44900000 25.06100000 26.84200000 26.66600000 26.81500000 27.13300000 26.92100000 27.01100000 27.17900000 27.05200000 27.12800000
27.83300000 27.83300000 27.83300000 27.83300000 27.83300000 27.83300000 27.83300000 27.83300000 27.83300000 27.83300000 27.83300000 27.83300000 27.83300000 27.83300000 27.83300000 27.83300000 27.83300000 27.83300000 27.83300000 24.87800000 24.18200000 26.67700000 26.86900000 27.00000000 27.01600000 26.90400000 27.04300000 27.10500000 27.15600000 27.25000000
27.83300000 27.83300000 27.83300000 27.83300000 27.83300000 27.83300000 27.83300000 27.83300000 27.83300000 27.83300000 27.83300000 27.83300000 27.83300000 27.83300000 27.83300000 27.83300000 27.83300000 27.83300000 27.83300000 27.83300000 25.35800000 25.37000000 26.87500000 27.00600000 26.89700000 26.98100000 26.96800000 26.97700000 27.06000000 27.18300000
27.83300000 27.83300000 27.83300000 27.83300000 27.83300000 27.83300000 27.83300000 27.83300000 27.83300000 27.83300000 27.83300000 27.83300000 27.83300000 27.83300000 27.83300000 27.83300000 27.83300000 27.83300000 27.83300000 27.83300000 27.83300000 25.16900000 26.65900000 26.83800000 26.85700000 26.93600000 26.89100000 26.72500000 26.79700000 27.21500000
27.83300000 27.83300000 27.83300000 27.83300000 27.83300000 27.83300000 27.83300000 27.83300000 27.83300000 27.83300000 27.83300000 27.83300000 27.83300000 27.83300000 27.83300000 27.83300000 27.83300000 27.83300000 27.83300000 27.83300000 27.83300000 25.14700000 26.29800000 26.67900000 26.82600000 26.77700000 26.75300000 26.69200000 26.60100000 26.93000000
27.83300000 27.83300000 27.83300000 27.83300000 27.83300000 27.83300000 27.83300000 27.83300000 27.83300000 27.83300000 27.83300000 27.83300000 27.83300000 27.83300000 27.83300000 27.83300000 27.83300000 27.83300000 27.83300000 27.83300000 27.83300000 27.83300000 25.91900000 26.42500000 26.39400000 26.44300000 26.57400000 26.60100000 26.86400000 27.23500000
27.83300000 27.83300000 27.83300000 27.83300000 27.83300000 27.83300000 27.83300000 27.83300000 27.83300000 27.83300000 27.83300000 27.83300000 27.83300000 27.83300000 27.83300000 27.83300000 27.83300000 27.83300000 27.83300000 27.83300000 27.83300000 27.83300000 27.83300000 26.18400000 26.61300000 26.67900000 26.67800000 26.78600000 27.15200000 27.23200000
25.51400000 25.33700000 25.54200000 25.31300000 24.81300000 25.37800000 25.50100000 25.50200000 25.44100000 25.34600000 25.34200000 25.30400000 25.17200000 24.25900000 24.20000000 25.23500000 25.54500000 25.51200000 25.36300000 25.25300000 25.30600000 25.19900000 25.11400000 24.77800000 24.17700000 23.77600000 24.09600000 24.24500000 24.23100000 24.64000000
25.19800000 25.25200000 25.32700000 24.80000000 25.19000000 25.37200000 25.33300000 25.29200000 25.28700000 25.24300000 25.19900000 25.01000000 24.02700000 24.25600000 24.59200000 25.30400000 25.47100000 25.21400000 25.24100000 25.22300000 25.12400000 25.00800000 24.70500000 24.30000000 23.63500000 24.33900000 24.48200000 24.71700000 25.16500000 25.03900000
25.07800000 25.24600000 25.32500000 24.94200000 25.08200000 25.27200000 25.22200000 25.14100000 25.06400000 24.97800000 24.47600000 23.81600000 24.13400000 24.66700000 24.72200000 25.50000000 25.32600000 25.20100000 25.18600000 25.11300000 25.03400000 24.88700000 24.21000000 24.87900000 25.53500000 25.38900000 25.35100000 25.02300000 24.86800000 24.96900000
24.67200000 25.06300000 25.26900000 25.42300000 24.35500000 25.00900000 24.88100000 24.24800000 23.98500000 24.20800000 24.51400000 24.73900000 24.81400000 24.84900000 25.11300000 25.57400000 25.28400000 25.12600000 25.02100000 24.79100000 24.59300000 25.27100000 25.76800000 25.76700000 25.71600000 25.32500000 25.28400000 25.22100000 25.19000000 25.28900000
24.35500000 23.96900000 25.07900000 25.27100000 25.40400000 24.77800000 24.13900000 24.05900000 24.20700000 24.78500000 24.85400000 25.01800000 25.26600000 25.41800000 25.56100000 25.61800000 25.22900000 24.95400000 24.81900000 25.07900000 25.72700000 25.56000000 25.59600000 25.58400000 25.69400000 25.73800000 25.68500000 25.16000000 25.00700000 25.16800000
23.80400000 23.85200000 24.81500000 25.28900000 25.39200000 25.31600000 25.45500000 25.44100000 25.45200000 25.46500000 25.40600000 25.41100000 25.52500000 25.67200000 25.77500000 25.60000000 25.34100000 24.87700000 25.41800000 25.62800000 25.49400000 25.34000000 25.11300000 25.13400000 25.31200000 25.68200000 25.96500000 25.81700000 25.03000000 25.08000000
23.73400000 24.04400000 24.46300000 24.86700000 25.45900000 25.58700000 25.48900000 25.45600000 25.47300000 25.44800000 25.62100000 25.60000000 25.57600000 25.67500000 25.73900000 25.61600000 25.57500000 25.26000000 25.55100000 25.45600000 25.36700000 25.02600000 24.79000000 24.95800000 25.27300000 25.74500000 26.20800000 26.08000000 25.89200000 25.24900000
23.27600000 23.44500000 24.46200000 24.30800000 24.83400000 25.43200000 25.92900000 25.54300000 25.59000000 25.69600000 25.78000000 25.70800000 25.68600000 25.74000000 25.79400000 25.63500000 25.70200000 25.62700000 25.48700000 25.48000000 25.38500000 25.26100000 25.23500000 25.34800000 25.70500000 26.29300000 26.66600000 26.38500000 25.79300000 25.98900000
21.44200000 23.38200000 23.91900000 24.31100000 24.38700000 24.46600000 24.82300000 26.09500000 25.94500000 25.59000000 25.51400000 25.60100000 25.67200000 25.72000000 25.70200000 25.63900000 25.76900000 25.79200000 25.83600000 25.83400000 25.80800000 25.85100000 25.94100000 26.38600000 26.76000000 26.66000000 26.59700000 26.42500000 25.83300000 26.01700000
20.30200000 20.77100000 23.39000000 23.99400000 23.72300000 24.06900000 23.92000000 24.47600000 25.83200000 26.32300000 26.44800000 26.00100000 25.55600000 25.61200000 25.69500000 25.66600000 25.65700000 25.72500000 25.71600000 26.58300000 26.25000000 26.30200000 26.30400000 26.28300000 26.18300000 26.24800000 26.51600000 26.12500000 25.85200000 26.04800000
22.31100000 27.83300000 20.59300000 20.89600000 23.54800000 23.36900000 23.68200000 23.98100000 24.23300000 25.66200000 26.18100000 26.50100000 26.55100000 25.76200000 25.58900000 25.59200000 25.56100000 26.41800000 26.47900000 26.64200000 26.27100000 26.06700000 26.27600000 26.40200000 26.47700000 26.47500000 26.12000000 25.86300000 26.16000000 26.14700000
27.83300000 27.83300000 27.83300000 27.83300000 21.28300000 21.62100000 22.61200000 23.20300000 23.28000000 24.00600000 25.33300000 25.41300000 25.55500000 25.88700000 25.93500000 25.95400000 26.00600000 25.98200000 26.35800000 26.56500000 25.97200000 26.27400000 26.17200000 26.33900000 26.47200000 26.20600000 26.22400000 26.02900000 26.20000000 26.20200000
27.83300000 27.83300000 27.83300000 27.83300000 27.83300000 20.64900000 20.45400000 20.33600000 21.97600000 22.50000000 24.02400000 25.14100000 25.01000000 24.15200000 24.04700000 24.56100000 24.48600000 24.94400000 26.15900000 26.66900000 25.86700000 26.09900000 26.08600000 26.25400000 26.34700000 26.65900000 26.38000000 26.32900000 26.37700000 26.23800000
27.83300000 27.83300000 27.83300000 27.83300000 27.83300000 27.83300000 27.83300000 22.04000000 20.42000000 20.35900000 20.86100000 23.64600000 23.85700000 23.80600000 23.03900000 23.39900000 24.21900000 24.72200000 25.93000000 26.65900000 26.46500000 25.95000000 26.10900000 26.10500000 26.22400000 26.72700000 26.84800000 26.36300000 26.28400000 26.18300000
27.83300000 27.83300000 27.83300000 27.83300000 27.83300000 27.83300000 27.83300000 27.83300000 27.83300000 27.83300000 27.83300000 27.83300000 27.83300000 27.83300000 27.83300000 22.03600000 23.94300000 24.31000000 25.57200000 26.54200000 26.69500000 26.71600000 26.44100000 26.30800000 26.28600000 26.82200000 26.83300000 26.92500000 26.31100000 26.27000000
27.83300000 27.83300000 27.83300000 27.83300000 27.83300000 27.83300000 27.83300000 27.83300000 27.83300000 27.83300000 27.83300000 27.83300000 27.83300000 27.83300000 27.83300000 27.83300000 23.36900000 24.07000000 24.99100000 25.26000000 26.71300000 26.68400000 26.73300000 26.80300000 26.49100000 26.91900000 26.86900000 26.89200000 26.94600000 26.70100000
27.83300000 27.83300000 27.83300000 27.83300000 27.83300000 27.83300000 27.83300000 27.83300000 27.83300000 27.83300000 27.83300000 27.83300000 27.83300000 27.83300000 27.83300000 27.83300000 27.83300000 22.12100000 24.71500000 25.29400000 24.71800000 26.76100000 26.73000000 26.81400000 26.65400000 26.99800000 26.96900000 26.85800000 26.92200000 27.01600000
27.83300000 27.83300000 27.83300000 27.83300000 27.83300000 27.83300000 27.83300000 27.83300000 27.83300000 27.83300000 27.83300000 27.83300000 27.83300000 27.83300000 27.83300000 27.83300000 27.83300000 27.83300000 27.83300000 24.93100000 25.40500000 26.31300000 26.72300000 26.80400000 26.78600000 27.02200000 27.07300000 27.01400000 26.92200000 27.00300000
27.83300000 27.83300000 27.83300000 27.83300000 27.83300000 27.83300000 27.83300000 27.83300000 27.83300000 27.83300000 27.83300000 27.83300000 27.83300000 27.83300000 27.83300000 27.83300000 27.83300000 27.83300000 27.83300000 27.83300000 24.27800000 26.70200000 26.67200000 26.63400000 26.92100000 27.01900000 26.96800000 27.05500000 26.95900000 27.06000000
27.83300000 27.83300000 27.83300000 27.83300000 27.83300000 27.83300000 27.83300000 27.83300000 27.83300000 27.83300000 27.83300000 27.83300000 27.83300000 27.83300000 27.83300000 27.83300000 27.83300000 27.83300000 27.83300000 27.83300000 23.58600000 26.84600000 26.63300000 26.70300000 27.04600000 27.13400000 27.14700000 26.96900000 27.04100000 27.15500000
27.83300000 27.83300000 27.83300000 27.83300000 27.83300000 27.83300000 27.83300000 27.83300000 27.83300000 27.83300000 27.83300000 27.83300000 27.83300000 27.83300000 27.83300000 27.83300000 27.83300000 27.83300000 27.83300000 27.83300000 23.60400000 26.86000000 26.68600000 26.83100000 27.15200000 26.93600000 27.02600000 27.19700000 27.06700000 27.13900000
27.83300000 27.83300000 27.83300000 27.83300000 27.83300000 27.83300000 27.83300000 27.83300000 27.83300000 27.83300000 27.83300000 27.83300000 27.83300000 27.83300000 27.83300000 27.83300000 27.83300000 27.83300000 27.83300000 27.83300000 24.22100000 26.69200000 26.88700000 27.01600000 27.03100000 26.91600000 27.06200000 27.11500000 27.17000000 27.26100000
27.83300000 27.83300000 27.83300000 27.83300000 27.83300000 27.83300000 27.83300000 27.83300000 27.83300000 27.83300000 27.83300000 27.83300000 27.83300000 27.83300000 27.83300000 27.83300000 27.83300000 27.83300000 27.83300000 27.83300000 27.83300000 24.28200000 26.88500000 27.02000000 26.91100000 26.99500000 26.98200000 26.99200000 27.07700000 27.19900000
27.83300000 27.83300000 27.83300000 27.83300000 27.83300000 27.83300000 27.83300000 27.83300000 27.83300000 27.83300000 27.83300000 27.83300000 27.83300000 27.83300000 27.83300000 27.83300000 27.83300000 27.83300000 27.83300000 27.83300000 27.83300000 25.05200000 26.67400000 26.85100000 26.87100000 26.95200000 26.90800000 26.74100000 26.81200000 27.23100000
27.83300000 27.83300000 27.83300000 27.83300000 27.83300000 27.83300000 27.83300000 27.83300000 27.83300000 27.83300000 27.83300000 27.83300000 27.83300000 27.83300000 27.83300000 27.83300000 27.83300000 27.83300000 27.83300000 27.83300000 27.83300000 27.83300000 26.31800000 26.69200000 26.84100000 26.79300000 26.77000000 26.70700000 26.61400000 26.93600000
27.83300000 27.83300000 27.83300000 27.83300000 27.83300000 27.83300000 27.83300000 27.83300000 27.83300000 27.83300000 27.83300000 27.83300000 27.83300000 27.83300000 27.83300000 27.83300000 27.83300000 27.83300000 27.83300000 27.83300000 27.83300000 27.83300000 25.93800000 26.43700000 26.40600000 26.45700000 26.59000000 26.61700000 26.88900000 27.24900000
27.83300000 27.83300000 27.83300000 27.83300000 27.83300000 27.83300000 27.83300000 27.83300000 27.83300000 27.83300000 27.83300000 27.83300000 27.83300000 27.83300000 27.83300000 27.83300000 27.83300000 27.83300000 27.83300000 27.83300000 27.83300000 27.83300000 27.83300000 26.21400000 26.63300000 26.69000000 26.69400000 26.79800000 27.20000000 27.24200000
