37.00200000 36.94200000 36.96600000 36.94200000 36.97400000 37.16500000 37.26000000 37.27000000 37.25100000 37.21300000 37.14100000 37.02500000 36.89500000 36.65300000 36.58000000 36.84700000 36.96600000 37.01700000 37.00300000 37.06100000 37.02500000 37.01200000 36.88900000 36.70300000 36.52900000 36.27900000 36.47000000 36.43200000 36.36800000 36.45900000
36.98800000 37.02100000 36.91800000 36.97600000 37.16400000 37.22100000 37.21900000 37.20400000 37.17400000 37.11700000 37.01500000 36.89800000 36.59200000 36.65000000 36.79400000 36.94700000 37.08600000 36.99100000 37.08200000 37.05400000 36.99700000 36.90500000 36.77400000 36.64600000 36.39300000 36.64400000 36.67200000 36.76700000 37.00200000 37.00600000
36.99700000 36.97100000 36.88300000 36.96600000 37.12200000 37.16800000 37.15200000 37.10200000 37.03800000 36.97800000 36.79800000 36.44000000 36.60000000 36.85900000 36.83700000 37.01800000 37.06200000 36.98200000 37.04400000 37.00500000 36.93300000 36.85400000 36.62400000 36.87200000 37.11000000 37.04200000 37.05500000 36.95600000 36.89400000 36.86500000
36.59000000 37.00700000 36.87700000 36.92400000 36.80400000 37.06800000 36.99900000 36.70100000 36.51500000 36.69200000 36.84500000 36.91000000 36.89300000 36.88000000 36.89500000 37.09600000 37.01400000 36.95400000 36.96600000 36.86300000 36.75300000 37.04200000 37.24500000 37.25300000 37.19900000 37.01800000 37.04700000 37.02800000 36.99700000 36.93400000
36.48600000 36.03500000 37.00500000 36.84100000 36.92200000 36.95200000 36.65400000 36.59600000 36.72000000 36.95000000 36.90500000 36.89500000 36.91800000 36.93600000 36.97000000 37.10300000 36.97900000 36.86000000 36.81800000 36.93700000 37.22400000 37.22500000 37.22600000 37.21800000 37.23800000 37.25600000 37.18200000 36.90400000 36.74400000 36.69500000
36.29700000 35.63800000 36.95500000 37.01700000 36.93000000 36.81700000 36.91900000 36.94100000 36.93600000 36.90700000 36.85500000 36.84900000 36.90200000 36.99000000 37.03900000 37.04700000 37.03700000 36.84600000 37.10500000 37.20800000 37.20100000 37.14300000 37.06500000 37.06600000 37.15100000 37.21300000 37.27800000 37.25200000 36.75100000 36.56300000
36.04200000 35.32100000 36.79900000 36.95800000 37.13100000 37.06700000 36.92400000 36.87800000 36.87000000 36.86300000 36.98400000 36.99500000 36.99400000 37.01600000 37.03500000 37.03500000 37.16900000 37.05200000 37.15500000 37.19100000 37.14600000 37.02200000 36.94300000 36.98700000 37.13700000 37.21200000 37.29700000 37.31000000 37.27000000 36.68100000
35.46000000 35.59700000 36.43800000 36.67500000 36.91000000 37.12900000 37.21400000 36.91200000 36.92900000 36.97300000 37.01600000 36.98200000 37.00500000 37.04700000 37.06100000 37.07100000 37.22700000 37.18100000 37.13300000 37.17300000 37.15700000 37.10100000 37.09600000 37.15000000 37.20200000 37.30000000 37.43900000 37.39300000 37.26700000 37.20100000
35.34100000 35.83500000 36.32900000 36.65700000 36.77500000 36.65200000 36.91900000 37.33000000 37.15900000 36.92700000 36.88000000 36.92800000 36.95100000 37.00600000 37.00000000 37.09200000 37.23200000 37.24200000 37.24900000 37.24900000 37.23800000 37.24400000 37.19500000 37.31200000 37.47000000 37.46200000 37.46700000 37.41900000 37.28200000 37.26600000
35.31500000 35.17600000 35.85000000 36.43100000 36.31700000 36.62600000 36.35400000 36.77200000 37.29100000 37.38400000 37.40700000 37.16400000 36.94200000 36.96600000 36.95000000 36.99300000 37.09800000 37.09000000 37.00700000 37.42200000 37.34700000 37.38600000 37.38300000 37.37900000 37.36900000 37.39300000 37.45400000 37.32900000 37.25800000 37.25800000
34.64300000 34.75200000 34.79900000 34.92400000 36.11600000 36.13000000 36.33200000 36.13100000 36.60700000 37.24500000 37.33800000 37.41100000 37.39800000 37.03300000 36.97800000 37.01000000 36.98200000 37.38000000 37.34300000 37.36800000 37.32100000 37.31300000 37.38200000 37.39000000 37.41200000 37.41800000 37.32300000 37.26700000 37.31600000 37.22100000
37.59700000 37.59700000 37.59700000 35.05200000 35.40800000 35.74000000 35.93600000 36.01400000 35.69300000 36.44700000 37.18400000 37.15300000 37.18500000 37.26000000 37.23900000 37.22800000 37.25500000 37.23100000 37.31800000 37.35300000 37.25600000 37.35900000 37.30200000 37.27300000 37.31800000 37.31300000 37.32600000 37.26900000 37.31300000 37.19900000
37.59700000 37.59700000 37.59700000 37.59700000 35.21900000 35.28300000 35.49600000 35.50800000 35.66000000 35.64500000 36.54800000 37.14600000 37.05800000 36.57600000 36.53100000 36.85800000 36.65800000 36.67400000 37.24900000 37.37400000 37.21900000 37.27400000 37.24600000 37.22000000 37.28400000 37.36900000 37.34300000 37.35900000 37.38800000 37.20200000
37.59700000 37.59700000 37.59700000 37.59700000 37.59700000 37.59700000 35.28700000 35.33500000 35.43800000 35.49400000 35.67300000 36.36400000 36.44100000 36.44900000 36.16300000 36.28100000 36.74400000 36.52300000 37.19100000 37.35500000 37.32500000 37.18800000 37.20700000 37.19300000 37.28100000 37.37200000 37.46000000 37.34300000 37.35700000 37.22400000
37.59700000 37.59700000 37.59700000 37.59700000 37.59700000 37.59700000 37.59700000 37.59700000 37.59700000 37.59700000 37.59700000 37.59700000 35.68300000 35.83400000 36.11900000 36.14400000 36.45400000 36.30500000 37.10200000 37.30600000 37.35300000 37.37200000 37.30800000 37.27400000 37.30600000 37.37500000 37.41100000 37.49300000 37.32800000 37.34700000
37.59700000 37.59700000 37.59700000 37.59700000 37.59700000 37.59700000 37.59700000 37.59700000 37.59700000 37.59700000 37.59700000 37.59700000 37.59700000 37.59700000 37.59700000 36.01500000 36.22000000 36.20500000 36.73600000 36.94100000 37.34300000 37.40400000 37.39900000 37.40300000 37.35700000 37.36000000 37.39800000 37.49000000 37.51700000 37.44600000
37.59700000 37.59700000 37.59700000 37.59700000 37.59700000 37.59700000 37.59700000 37.59700000 37.59700000 37.59700000 37.59700000 37.59700000 37.59700000 37.59700000 37.59700000 37.59700000 35.99600000 36.13900000 36.64500000 37.06100000 36.99900000 37.34900000 37.41400000 37.41600000 37.37800000 37.32800000 37.37800000 37.37100000 37.45900000 37.55400000
37.59700000 37.59700000 37.59700000 37.59700000 37.59700000 37.59700000 37.59700000 37.59700000 37.59700000 37.59700000 37.59700000 37.59700000 37.59700000 37.59700000 37.59700000 37.59700000 37.59700000 37.59700000 36.00500000 36.71700000 37.03800000 37.15300000 37.43100000 37.42300000 37.32700000 37.33200000 37.36800000 37.37700000 37.36900000 37.43700000
37.59700000 37.59700000 37.59700000 37.59700000 37.59700000 37.59700000 37.59700000 37.59700000 37.59700000 37.59700000 37.59700000 37.59700000 37.59700000 37.59700000 37.59700000 37.59700000 37.59700000 37.59700000 37.59700000 36.56900000 36.84800000 37.30700000 37.43000000 37.41300000 37.31200000 37.36400000 37.34200000 37.38000000 37.32800000 37.35000000
37.59700000 37.59700000 37.59700000 37.59700000 37.59700000 37.59700000 37.59700000 37.59700000 37.59700000 37.59700000 37.59700000 37.59700000 37.59700000 37.59700000 37.59700000 37.59700000 37.59700000 37.59700000 37.59700000 36.79800000 36.76500000 37.34800000 37.42800000 37.35500000 37.36700000 37.40700000 37.41800000 37.35100000 37.36100000 37.33400000
37.59700000 37.59700000 37.59700000 37.59700000 37.59700000 37.59700000 37.59700000 37.59700000 37.59700000 37.59700000 37.59700000 37.59700000 37.59700000 37.59700000 37.59700000 37.59700000 37.59700000 37.59700000 37.59700000 36.70000000 36.78600000 37.34700000 37.38500000 37.29600000 37.40900000 37.38400000 37.39600000 37.43200000 37.35800000 37.34100000
37.59700000 37.59700000 37.59700000 37.59700000 37.59700000 37.59700000 37.59700000 37.59700000 37.59700000 37.59700000 37.59700000 37.59700000 37.59700000 37.59700000 37.59700000 37.59700000 37.59700000 37.59700000 37.59700000 36.32700000 36.69500000 37.28900000 37.33000000 37.36000000 37.37000000 37.38500000 37.37300000 37.36400000 37.42100000 37.38000000
37.59700000 37.59700000 37.59700000 37.59700000 37.59700000 37.59700000 37.59700000 37.59700000 37.59700000 37.59700000 37.59700000 37.59700000 37.59700000 37.59700000 37.59700000 37.59700000 37.59700000 37.59700000 37.59700000 37.59700000 36.66900000 36.80400000 37.34500000 37.37800000 37.36100000 37.34600000 37.32300000 37.31400000 37.33200000 37.33200000
37.59700000 37.59700000 37.59700000 37.59700000 37.59700000 37.59700000 37.59700000 37.59700000 37.59700000 37.59700000 37.59700000 37.59700000 37.59700000 37.59700000 37.59700000 37.59700000 37.59700000 37.59700000 37.59700000 37.59700000 37.59700000 36.72300000 37.25900000 37.32300000 37.34100000 37.33800000 37.31700000 37.30000000 37.28200000 37.30600000
37.59700000 37.59700000 37.59700000 37.59700000 37.59700000 37.59700000 37.59700000 37.59700000 37.59700000 37.59700000 37.59700000 37.59700000 37.59700000 37.59700000 37.59700000 37.59700000 37.59700000 37.59700000 37.59700000 37.59700000 37.59700000 36.51200000 37.10800000 37.26200000 37.31600000 37.31000000 37.29300000 37.27200000 37.25200000 37.26200000
37.59700000 37.59700000 37.59700000 37.59700000 37.59700000 37.59700000 37.59700000 37.59700000 37.59700000 37.59700000 37.59700000 37.59700000 37.59700000 37.59700000 37.59700000 37.59700000 37.59700000 37.59700000 37.59700000 37.59700000 37.59700000 37.59700000 36.77000000 37.11500000 37.16300000 37.16800000 37.20100000 37.20700000 37.27700000 37.29800000
37.59700000 37.59700000 37.59700000 37.59700000 37.59700000 37.59700000 37.59700000 37.59700000 37.59700000 37.59700000 37.59700000 37.59700000 37.59700000 37.59700000 37.59700000 37.59700000 37.59700000 37.59700000 37.59700000 37.59700000 37.59700000 37.59700000 37.59700000 36.83800000 37.18300000 37.20000000 37.22000000 37.24400000 37.28000000 37.28700000
36.99300000 36.94000000 36.96500000 36.94200000 36.97300000 37.16400000 37.26000000 37.26800000 37.24900000 37.21300000 37.14400000 37.02600000 36.89600000 36.65400000 36.57900000 36.84600000 36.96500000 37.01600000 37.00200000 37.06100000 37.02400000 37.00900000 36.88700000 36.70000000 36.52700000 36.27800000 36.46800000 36.43200000 36.36700000 36.45900000
36.98600000 37.02000000 36.91700000 36.97500000 37.16200000 37.22000000 37.21800000 37.20300000 37.17300000 37.11600000 37.01500000 36.89600000 36.59300000 36.64800000 36.79300000 36.94600000 37.08500000 36.99000000 37.08100000 37.05300000 36.99600000 36.90400000 36.77300000 36.64500000 36.39100000 36.64300000 36.67100000 36.76700000 37.00200000 37.00600000
36.99500000 36.97000000 36.88100000 36.96400000 37.12100000 37.16700000 37.15100000 37.10100000 37.03700000 36.97700000 36.79700000 36.43900000 36.59800000 36.85700000 36.83600000 37.01600000 37.06100000 36.98100000 37.04300000 37.00400000 36.93200000 36.85300000 36.62300000 36.87100000 37.10900000 37.04100000 37.05500000 36.95500000 36.89400000 36.86500000
36.58800000 37.00600000 36.87600000 36.92300000 36.80300000 37.06700000 36.99800000 36.70100000 36.51400000 36.69100000 36.84400000 36.90900000 36.89200000 36.87900000 36.89400000 37.09500000 37.01300000 36.95300000 36.96500000 36.86200000 36.75200000 37.04100000 37.24400000 37.25200000 37.19900000 37.01700000 37.04600000 37.02700000 36.99700000 36.93300000
36.48900000 36.05200000 37.00400000 36.84000000 36.92000000 36.95100000 36.65300000 36.59500000 36.71800000 36.94800000 36.90400000 36.89400000 36.91700000 36.93500000 36.96900000 37.10200000 36.97800000 36.85900000 36.81700000 36.93600000 37.22300000 37.22500000 37.22500000 37.21600000 37.23600000 37.25500000 37.18200000 36.90300000 36.74300000 36.69400000
36.29700000 35.75200000 36.95300000 37.01600000 36.92900000 36.81500000 36.91800000 36.94000000 36.93500000 36.90600000 36.85400000 36.84800000 36.90100000 36.98900000 37.03800000 37.04600000 37.03700000 36.84500000 37.10400000 37.20600000 37.20000000 37.14200000 37.06500000 37.06500000 37.15000000 37.21200000 37.27600000 37.25100000 36.75100000 36.56200000
36.04300000 35.93900000 36.79900000 36.95700000 37.13000000 37.06500000 36.92300000 36.87700000 36.86900000 36.86200000 36.98200000 36.99400000 36.99300000 37.01500000 37.03300000 37.03300000 37.16800000 37.05100000 37.15300000 37.19000000 37.14500000 37.02100000 36.94200000 36.98600000 37.13500000 37.21100000 37.29600000 37.30900000 37.26900000 36.71300000
35.72500000 35.71700000 36.50800000 36.67300000 36.90800000 37.12800000 37.21300000 36.91100000 36.92800000 36.97200000 37.01500000 36.98100000 37.00400000 37.04600000 37.06100000 37.07000000 37.22600000 37.18000000 37.13200000 37.17100000 37.15600000 37.10000000 37.09600000 37.14900000 37.20100000 37.29900000 37.43800000 37.39200000 37.26600000 37.23500000
35.84800000 35.90000000 36.35700000 36.65700000 36.77300000 36.65200000 36.91800000 37.32800000 37.15800000 36.92700000 36.88000000 36.92800000 36.95000000 37.00600000 37.00000000 37.09200000 37.23200000 37.24200000 37.24900000 37.24800000 37.23800000 37.24400000 37.19400000 37.31100000 37.46900000 37.46100000 37.46600000 37.41900000 37.28100000 37.26500000
35.70100000 35.69800000 36.06400000 36.43300000 36.32000000 36.62500000 36.35800000 36.77000000 37.29000000 37.38300000 37.40600000 37.16300000 36.94200000 36.96600000 36.95100000 36.99300000 37.09900000 37.09000000 37.00700000 37.42100000 37.34600000 37.38500000 37.38200000 37.37800000 37.36800000 37.39200000 37.45300000 37.32800000 37.25700000 37.25700000
35.42300000 37.59700000 35.70700000 35.90500000 36.15200000 36.16700000 36.35000000 36.18400000 36.60600000 37.24300000 37.33700000 37.40900000 37.39800000 37.03300000 36.97800000 37.00900000 36.98200000 37.38000000 37.34300000 37.36800000 37.32000000 37.31200000 37.38100000 37.38900000 37.41100000 37.41700000 37.32200000 37.26600000 37.31500000 37.22000000
37.59700000 37.59700000 37.59700000 37.59700000 35.81700000 36.01200000 36.41000000 36.38400000 35.95500000 36.44700000 37.18100000 37.15200000 37.18400000 37.25900000 37.23800000 37.22700000 37.25300000 37.22900000 37.31700000 37.35200000 37.25500000 37.35800000 37.30100000 37.27200000 37.31700000 37.31100000 37.32600000 37.26700000 37.31200000 37.19800000
37.59700000 37.59700000 37.59700000 37.59700000 37.59700000 35.68600000 35.83500000 36.01800000 36.20000000 35.73400000 36.54700000 37.14400000 37.05600000 36.57500000 36.53100000 36.85700000 36.65800000 36.67100000 37.24700000 37.37300000 37.21700000 37.27300000 37.24500000 37.21900000 37.28300000 37.36800000 37.34200000 37.35800000 37.38600000 37.20100000
37.59700000 37.59700000 37.59700000 37.59700000 37.59700000 37.59700000 37.59700000 35.62200000 35.72800000 35.79700000 35.83100000 36.38800000 36.46900000 36.46000000 36.16500000 36.28000000 36.74300000 36.52700000 37.18900000 37.35300000 37.32300000 37.18600000 37.20600000 37.19200000 37.28000000 37.37100000 37.45900000 37.34200000 37.35500000 37.22300000
37.59700000 37.59700000 37.59700000 37.59700000 37.59700000 37.59700000 37.59700000 37.59700000 37.59700000 37.59700000 37.59700000 37.59700000 37.59700000 37.59700000 37.59700000 36.20800000 36.48800000 36.38300000 37.09900000 37.30400000 37.35200000 37.37100000 37.30600000 37.27300000 37.30600000 37.37500000 37.41100000 37.49300000 37.32700000 37.34600000
37.59700000 37.59700000 37.59700000 37.59700000 37.59700000 37.59700000 37.59700000 37.59700000 37.59700000 37.59700000 37.59700000 37.59700000 37.59700000 37.59700000 37.59700000 37.59700000 36.28700000 36.39700000 36.73300000 36.93000000 37.34100000 37.40300000 37.39800000 37.40200000 37.35700000 37.36000000 37.39800000 37.48900000 37.51500000 37.44500000
37.59700000 37.59700000 37.59700000 37.59700000 37.59700000 37.59700000 37.59700000 37.59700000 37.59700000 37.59700000 37.59700000 37.59700000 37.59700000 37.59700000 37.59700000 37.59700000 37.59700000 36.36900000 36.64200000 37.01300000 36.96700000 37.34700000 37.41300000 37.41500000 37.37700000 37.32700000 37.37700000 37.37000000 37.45700000 37.55300000
37.59700000 37.59700000 37.59700000 37.59700000 37.59700000 37.59700000 37.59700000 37.59700000 37.59700000 37.59700000 37.59700000 37.59700000 37.59700000 37.59700000 37.59700000 37.59700000 37.59700000 37.59700000 37.59700000 36.71100000 37.03600000 37.14900000 37.43000000 37.42200000 37.32600000 37.33100000 37.36700000 37.37600000 37.36800000 37.43700000
37.59700000 37.59700000 37.59700000 37.59700000 37.59700000 37.59700000 37.59700000 37.59700000 37.59700000 37.59700000 37.59700000 37.59700000 37.59700000 37.59700000 37.59700000 37.59700000 37.59700000 37.59700000 37.59700000 37.59700000 36.85000000 37.30500000 37.42900000 37.41100000 37.31100000 37.36300000 37.34100000 37.37900000 37.32700000 37.34900000
37.59700000 37.59700000 37.59700000 37.59700000 37.59700000 37.59700000 37.59700000 37.59700000 37.59700000 37.59700000 37.59700000 37.59700000 37.59700000 37.59700000 37.59700000 37.59700000 37.59700000 37.59700000 37.59700000 37.59700000 36.67200000 37.34700000 37.42700000 37.35400000 37.36600000 37.40500000 37.41700000 37.35000000 37.36000000 37.33300000
37.59700000 37.59700000 37.59700000 37.59700000 37.59700000 37.59700000 37.59700000 37.59700000 37.59700000 37.59700000 37.59700000 37.59700000 37.59700000 37.59700000 37.59700000 37.59700000 37.59700000 37.59700000 37.59700000 37.59700000 36.62000000 37.34600000 37.38400000 37.29500000 37.40800000 37.38300000 37.39500000 37.43200000 37.35700000 37.34000000
37.59700000 37.59700000 37.59700000 37.59700000 37.59700000 37.59700000 37.59700000 37.59700000 37.59700000 37.59700000 37.59700000 37.59700000 37.59700000 37.59700000 37.59700000 37.59700000 37.59700000 37.59700000 37.59700000 37.59700000 36.76300000 37.28700000 37.32900000 37.35900000 37.36900000 37.38500000 37.37300000 37.36400000 37.42000000 37.37900000
37.59700000 37.59700000 37.59700000 37.59700000 37.59700000 37.59700000 37.59700000 37.59700000 37.59700000 37.59700000 37.59700000 37.59700000 37.59700000 37.59700000 37.59700000 37.59700000 37.59700000 37.59700000 37.59700000 37.59700000 37.59700000 36.68400000 37.34400000 37.37700000 37.36000000 37.34500000 37.32200000 37.31400000 37.33100000 37.33100000
37.59700000 37.59700000 37.59700000 37.59700000 37.59700000 37.59700000 37.59700000 37.59700000 37.59700000 37.59700000 37.59700000 37.59700000 37.59700000 37.59700000 37.59700000 37.59700000 37.59700000 37.59700000 37.59700000 37.59700000 37.59700000 36.71300000 37.25700000 37.32100000 37.33900000 37.33800000 37.31700000 37.30000000 37.28100000 37.30500000
37.59700000 37.59700000 37.59700000 37.59700000 37.59700000 37.59700000 37.59700000 37.59700000 37.59700000 37.59700000 37.59700000 37.59700000 37.59700000 37.59700000 37.59700000 37.59700000 37.59700000 37.59700000 37.59700000 37.59700000 37.59700000 37.59700000 37.10600000 37.26100000 37.31500000 37.30800000 37.29200000 37.27200000 37.25100000 37.26200000
37.59700000 37.59700000 37.59700000 37.59700000 37.59700000 37.59700000 37.59700000 37.59700000 37.59700000 37.59700000 37.59700000 37.59700000 37.59700000 37.59700000 37.59700000 37.59700000 37.59700000 37.59700000 37.59700000 37.59700000 37.59700000 37.59700000 36.76300000 37.11400000 37.16100000 37.16700000 37.20100000 37.20600000 37.27500000 37.29800000
37.59700000 37.59700000 37.59700000 37.59700000 37.59700000 37.59700000 37.59700000 37.59700000 37.59700000 37.59700000 37.59700000 37.59700000 37.59700000 37.59700000 37.59700000 37.59700000 37.59700000 37.59700000 37.59700000 37.59700000 37.59700000 37.59700000 37.59700000 36.82800000 37.18200000 37.19900000 37.21900000 37.24300000 37.28000000 37.28600000
