25.44400000 25.28900000 25.51600000 25.27900000 24.80500000 25.35700000 25.46700000 25.48200000 25.41300000 25.31700000 25.30500000 25.28300000 25.12500000 24.21100000 24.18400000 25.21900000 25.52500000 25.48200000 25.31700000 25.23500000 25.28200000 25.17800000 25.10700000 24.74300000 24.16600000 23.76200000 24.08100000 24.22900000 24.21200000 24.62200000
25.17500000 25.23400000 25.31300000 24.76700000 25.18600000 25.35700000 25.31500000 25.27100000 25.27100000 25.22400000 25.18900000 24.99400000 24.00600000 24.25100000 24.57400000 25.29000000 25.44300000 25.19700000 25.22400000 25.20400000 25.10600000 24.99100000 24.68600000 24.28600000 23.63600000 24.34200000 24.48900000 24.72400000 25.15500000 25.02300000
25.07700000 25.23100000 25.30900000 24.91600000 25.09100000 25.26000000 25.20500000 25.12700000 25.04900000 24.95700000 24.46000000 23.80700000 24.13100000 24.65800000 24.72000000 25.48200000 25.30500000 25.18900000 25.17100000 25.09100000 25.01400000 24.86400000 24.19800000 24.91600000 25.52200000 25.36600000 25.33300000 24.99000000 24.85100000 24.95900000
24.63600000 25.04600000 25.25800000 25.40500000 24.33600000 24.99800000 24.86600000 24.23400000 23.97800000 24.19600000 24.50700000 24.72800000 24.80400000 24.84000000 25.11300000 25.56100000 25.26000000 25.11700000 25.00000000 24.76600000 24.57100000 25.29900000 25.75000000 25.75100000 25.69400000 25.30300000 25.26700000 25.20400000 25.17200000 25.27700000
24.29300000 23.93200000 25.06900000 25.25200000 25.38400000 24.76000000 24.12400000 24.04600000 24.19400000 24.77300000 24.84300000 25.00700000 25.25500000 25.40700000 25.55300000 25.61300000 25.20100000 24.94400000 24.79600000 25.10000000 25.70900000 25.54000000 25.57400000 25.56100000 25.68000000 25.72300000 25.66600000 25.14200000 24.99100000 25.15500000
23.77400000 23.71500000 24.80700000 25.26900000 25.38300000 25.29900000 25.43800000 25.43000000 25.44000000 25.45000000 25.39200000 25.39600000 25.50500000 25.65400000 25.76100000 25.58800000 25.31300000 24.86000000 25.41600000 25.60600000 25.48000000 25.31300000 25.09800000 25.12100000 25.29900000 25.67300000 25.94900000 25.79900000 25.01000000 25.06900000
23.71000000 23.58000000 24.44100000 24.84300000 25.44500000 25.58000000 25.47900000 25.44400000 25.46200000 25.43600000 25.60900000 25.58100000 25.55600000 25.65700000 25.72600000 25.60000000 25.55400000 25.24000000 25.54000000 25.44000000 25.35000000 25.00900000 24.77500000 24.94700000 25.26200000 25.73600000 26.19500000 26.06000000 25.87300000 25.19700000
23.64200000 23.68400000 24.33700000 24.29800000 24.83900000 25.42600000 25.91900000 25.53000000 25.58000000 25.68400000 25.76500000 25.69100000 25.66700000 25.72300000 25.77800000 25.61800000 25.68400000 25.60500000 25.46800000 25.46200000 25.36700000 25.24600000 25.22400000 25.33700000 25.70300000 26.28900000 26.64900000 26.36400000 25.77800000 25.90800000
23.36400000 23.53500000 23.85500000 24.29100000 24.37600000 24.45400000 24.82900000 26.08600000 25.93600000 25.57900000 25.50000000 25.58900000 25.66000000 25.70800000 25.68600000 25.62000000 25.74500000 25.77100000 25.81600000 25.81600000 25.79200000 25.83700000 25.93000000 26.39300000 26.73600000 26.63500000 26.57800000 26.40400000 25.81200000 26.00400000
23.15300000 22.75200000 23.45000000 23.97100000 23.69700000 24.07700000 23.90500000 24.47800000 25.83800000 26.31400000 26.43300000 25.98800000 25.53700000 25.60000000 25.67800000 25.64500000 25.63900000 25.70700000 25.69700000 26.56000000 26.22400000 26.28100000 26.27900000 26.25900000 26.16900000 26.23400000 26.50100000 26.11100000 25.83800000 26.03400000
24.10500000 23.63200000 23.77300000 23.55400000 23.51900000 23.39300000 23.64400000 23.87500000 24.24100000 25.68000000 26.17600000 26.49800000 26.52400000 25.73400000 25.57500000 25.57600000 25.54600000 26.39100000 26.45800000 26.61900000 26.26100000 26.05200000 26.26300000 26.38400000 26.46200000 26.45800000 26.10400000 25.85200000 26.14700000 26.13500000
27.83300000 27.83300000 27.83300000 23.82600000 23.28700000 23.08400000 23.26200000 23.27800000 23.26500000 24.02200000 25.38300000 25.39800000 25.55600000 25.87400000 25.91300000 25.94100000 25.98800000 25.98000000 26.33200000 26.53900000 25.94400000 26.26000000 26.14900000 26.32800000 26.45500000 26.19000000 26.20000000 26.01700000 26.18200000 26.18600000
27.83300000 27.83300000 27.83300000 27.83300000 23.59500000 23.42300000 23.26300000 22.95400000 23.15900000 23.18000000 24.01600000 25.16100000 24.98700000 24.14300000 24.04100000 24.55000000 24.46100000 24.91300000 26.13700000 26.64600000 25.85100000 26.08200000 26.07400000 26.23100000 26.32600000 26.63800000 26.34800000 26.31600000 26.35600000 26.22200000
27.83300000 27.83300000 27.83300000 27.83300000 27.83300000 27.83300000 24.33400000 24.08300000 23.39500000 23.10500000 23.20200000 23.62900000 23.80000000 23.78100000 23.04000000 23.41100000 24.21100000 24.71000000 25.91300000 26.64600000 26.44400000 25.93200000 26.09300000 26.08300000 26.20500000 26.70600000 26.82700000 26.33400000 26.26800000 26.17000000
27.83300000 27.83300000 27.83300000 27.83300000 27.83300000 27.83300000 27.83300000 27.83300000 27.83300000 27.83300000 27.83300000 27.83300000 23.29200000 23.09700000 22.93100000 23.35000000 23.88500000 24.54400000 25.56300000 26.53900000 26.67500000 26.70000000 26.42700000 26.30100000 26.27400000 26.80300000 26.81100000 26.90100000 26.28600000 26.25300000
27.83300000 27.83300000 27.83300000 27.83300000 27.83300000 27.83300000 27.83300000 27.83300000 27.83300000 27.83300000 27.83300000 27.83300000 27.83300000 27.83300000 27.83300000 23.47500000 23.82300000 24.70600000 24.99500000 25.31200000 26.70200000 26.66900000 26.72000000 26.78400000 26.48600000 26.90400000 26.85200000 26.87900000 26.93100000 26.67900000
27.83300000 27.83300000 27.83300000 27.83300000 27.83300000 27.83300000 27.83300000 27.83300000 27.83300000 27.83300000 27.83300000 27.83300000 27.83300000 27.83300000 27.83300000 27.83300000 23.78100000 24.16800000 24.97900000 25.37200000 24.83600000 26.74800000 26.71800000 26.79500000 26.65200000 26.98900000 26.95200000 26.84600000 26.91000000 27.00800000
27.83300000 27.83300000 27.83300000 27.83300000 27.83300000 27.83300000 27.83300000 27.83300000 27.83300000 27.83300000 27.83300000 27.83300000 27.83300000 27.83300000 27.83300000 27.83300000 27.83300000 27.83300000 23.74900000 24.94500000 25.39000000 26.32000000 26.71000000 26.78700000 26.78000000 27.00900000 27.06300000 27.00000000 26.90800000 26.98900000
27.83300000 27.83300000 27.83300000 27.83300000 27.83300000 27.83300000 27.83300000 27.83300000 27.83300000 27.83300000 27.83300000 27.83300000 27.83300000 27.83300000 27.83300000 27.83300000 27.83300000 27.83300000 27.83300000 25.12000000 24.23100000 26.69700000 26.65900000 26.62000000 26.91100000 27.00700000 26.95400000 27.04300000 26.94400000 27.05200000
27.83300000 27.83300000 27.83300000 27.83300000 27.83300000 27.83300000 27.83300000 27.83300000 27.83300000 27.83300000 27.83300000 27.83300000 27.83300000 27.83300000 27.83300000 27.83300000 27.83300000 27.83300000 27.83300000 25.54200000 24.59400000 26.83100000 26.62000000 26.69400000 27.03900000 27.11500000 27.13000000 26.95700000 27.02500000 27.14900000
27.83300000 27.83300000 27.83300000 27.83300000 27.83300000 27.83300000 27.83300000 27.83300000 27.83300000 27.83300000 27.83300000 27.83300000 27.83300000 27.83300000 27.83300000 27.83300000 27.83300000 27.83300000 27.83300000 25.46400000 25.14400000 26.85100000 26.67600000 26.82800000 27.14100000 26.92400000 27.02100000 27.17800000 27.05200000 27.13100000
27.83300000 27.83300000 27.83300000 27.83300000 27.83300000 27.83300000 27.83300000 27.83300000 27.83300000 27.83300000 27.83300000 27.83300000 27.83300000 27.83300000 27.83300000 27.83300000 27.83300000 27.83300000 27.83300000 24.89500000 24.22000000 26.69600000 26.87300000 27.01200000 27.01400000 26.90900000 27.04900000 27.10500000 27.15600000 27.25300000
27.83300000 27.83300000 27.83300000 27.83300000 27.83300000 27.83300000 27.83300000 27.83300000 27.83300000 27.83300000 27.83300000 27.83300000 27.83300000 27.83300000 27.83300000 27.83300000 27.83300000 27.83300000 27.83300000 27.83300000 25.37400000 25.37100000 26.88100000 27.01200000 26.90100000 26.98500000 26.97000000 26.98500000 27.06200000 27.18600000
27.83300000 27.83300000 27.83300000 27.83300000 27.83300000 27.83300000 27.83300000 27.83300000 27.83300000 27.83300000 27.83300000 27.83300000 27.83300000 27.83300000 27.83300000 27.83300000 27.83300000 27.83300000 27.83300000 27.83300000 27.83300000 25.17600000 26.66700000 26.84200000 26.86100000 26.94400000 26.89000000 26.72600000 26.79500000 27.22300000
27.83300000 27.83300000 27.83300000 27.83300000 27.83300000 27.83300000 27.83300000 27.83300000 27.83300000 27.83300000 27.83300000 27.83300000 27.83300000 27.83300000 27.83300000 27.83300000 27.83300000 27.83300000 27.83300000 27.83300000 27.83300000 25.15000000 26.30200000 26.68700000 26.83200000 26.77800000 26.75200000 26.69200000 26.60000000 26.93900000
27.83300000 27.83300000 27.83300000 27.83300000 27.83300000 27.83300000 27.83300000 27.83300000 27.83300000 27.83300000 27.83300000 27.83300000 27.83300000 27.83300000 27.83300000 27.83300000 27.83300000 27.83300000 27.83300000 27.83300000 27.83300000 27.83300000 25.92800000 26.42000000 26.41000000 26.45500000 26.57500000 26.60400000 26.87500000 27.25000000
27.83300000 27.83300000 27.83300000 27.83300000 27.83300000 27.83300000 27.83300000 27.83300000 27.83300000 27.83300000 27.83300000 27.83300000 27.83300000 27.83300000 27.83300000 27.83300000 27.83300000 27.83300000 27.83300000 27.83300000 27.83300000 27.83300000 27.83300000 26.19900000 26.61500000 26.68500000 26.68600000 26.79000000 27.18100000 27.24000000
25.51200000 25.33600000 25.53700000 25.30200000 24.82200000 25.38000000 25.49800000 25.49800000 25.44000000 25.34300000 25.33300000 25.30300000 25.16800000 24.26900000 24.20000000 25.23000000 25.54400000 25.50400000 25.35900000 25.24900000 25.30500000 25.19400000 25.10800000 24.76400000 24.18000000 23.77300000 24.09300000 24.24100000 24.23600000 24.63700000
25.19300000 25.24700000 25.32700000 24.78300000 25.19800000 25.37100000 25.32900000 25.28600000 25.28600000 25.24200000 25.20200000 25.00900000 24.02000000 24.26600000 24.58700000 25.30500000 25.46200000 25.21200000 25.23900000 25.22000000 25.12200000 25.00700000 24.69900000 24.29700000 23.64800000 24.35300000 24.50100000 24.73700000 25.17400000 25.03900000
25.08700000 25.24500000 25.32300000 24.92900000 25.10100000 25.27300000 25.21900000 25.14000000 25.06200000 24.97200000 24.47300000 23.81600000 24.14000000 24.67000000 24.72900000 25.50000000 25.32400000 25.20100000 25.18600000 25.10700000 25.03300000 24.88100000 24.20500000 24.92900000 25.53800000 25.38300000 25.35200000 25.00600000 24.86600000 24.97300000
24.67000000 25.05800000 25.26900000 25.42100000 24.34900000 25.01000000 24.87800000 24.24700000 23.98900000 24.20800000 24.51400000 24.73900000 24.81400000 24.85100000 25.12400000 25.57500000 25.27200000 25.12800000 25.01400000 24.78100000 24.58500000 25.31600000 25.76600000 25.76500000 25.70800000 25.32000000 25.28300000 25.22000000 25.19000000 25.28800000
24.35200000 23.97900000 25.08200000 25.26700000 25.39900000 24.76800000 24.13400000 24.05500000 24.20400000 24.78400000 24.85500000 25.01800000 25.26700000 25.41900000 25.56500000 25.62400000 25.21400000 24.95600000 24.80900000 25.11200000 25.72300000 25.55800000 25.58700000 25.57400000 25.69700000 25.74100000 25.67800000 25.15800000 25.00500000 25.16800000
23.81200000 23.86400000 24.81900000 25.28700000 25.39300000 25.31300000 25.45200000 25.44100000 25.45100000 25.46200000 25.40400000 25.40900000 25.52000000 25.66700000 25.77400000 25.60100000 25.32700000 24.87300000 25.42900000 25.61700000 25.49300000 25.32700000 25.11200000 25.13400000 25.31300000 25.68600000 25.96600000 25.81400000 25.02300000 25.08200000
23.72200000 24.05700000 24.45400000 24.85600000 25.45700000 25.59200000 25.49000000 25.45500000 25.47400000 25.44800000 25.62200000 25.59700000 25.57400000 25.67200000 25.73800000 25.61500000 25.56800000 25.25500000 25.55400000 25.45200000 25.36400000 25.02400000 24.78700000 24.96200000 25.27600000 25.74900000 26.21200000 26.07900000 25.88900000 25.24800000
23.27400000 23.32400000 24.50400000 24.30600000 24.84900000 25.43400000 25.93100000 25.54200000 25.59100000 25.69700000 25.77800000 25.70300000 25.68400000 25.73600000 25.79000000 25.63500000 25.69900000 25.62100000 25.48400000 25.47600000 25.38300000 25.26100000 25.23900000 25.35100000 25.71600000 26.30300000 26.66700000 26.38300000 25.79100000 25.98500000
21.43900000 23.13700000 23.91600000 24.30400000 24.38600000 24.46500000 24.83800000 26.09500000 25.94400000 25.59100000 25.51300000 25.60300000 25.66900000 25.72300000 25.70100000 25.63900000 25.76300000 25.78700000 25.83200000 25.83200000 25.80800000 25.85200000 25.94000000 26.40600000 26.75100000 26.65100000 26.59600000 26.42000000 25.82900000 26.01900000
20.26000000 20.93700000 23.37400000 23.98600000 23.70900000 24.08600000 23.92000000 24.48400000 25.84500000 26.32500000 26.44700000 25.99600000 25.55400000 25.61500000 25.69500000 25.66300000 25.65500000 25.72400000 25.71300000 26.57300000 26.23900000 26.29500000 26.29300000 26.27300000 26.18400000 26.24800000 26.51500000 26.12400000 25.84900000 26.04500000
22.30300000 27.83300000 20.48900000 20.81400000 23.53300000 23.37200000 23.67600000 23.97800000 24.24700000 25.68600000 26.18400000 26.50600000 26.54400000 25.74700000 25.58900000 25.59300000 25.56400000 26.40700000 26.47600000 26.63800000 26.28200000 26.06500000 26.27700000 26.39800000 26.47700000 26.47200000 26.11700000 25.86400000 26.15800000 26.14700000
27.83300000 27.83300000 27.83300000 27.83300000 21.07000000 21.63900000 22.78900000 23.24400000 23.29700000 24.03100000 25.38700000 25.40700000 25.56300000 25.88300000 25.92700000 25.95100000 26.00100000 26.00100000 26.35000000 26.56500000 25.96600000 26.27400000 26.16600000 26.34400000 26.47300000 26.20400000 26.21900000 26.02900000 26.19500000 26.19900000
27.83300000 27.83300000 27.83300000 27.83300000 27.83300000 20.51600000 20.35300000 20.32700000 21.97600000 22.59500000 24.02100000 25.16500000 24.99400000 24.14800000 24.05100000 24.55500000 24.47400000 24.94600000 26.15400000 26.66700000 25.86800000 26.09700000 26.08500000 26.25100000 26.34300000 26.65600000 26.37000000 26.33100000 26.37200000 26.23600000
27.83300000 27.83300000 27.83300000 27.83300000 27.83300000 27.83300000 27.83300000 21.80700000 20.36400000 20.30900000 20.75800000 23.64300000 23.85300000 23.81100000 23.04200000 23.40600000 24.21000000 24.74600000 25.92200000 26.66100000 26.47200000 25.95000000 26.10800000 26.10200000 26.22100000 26.72400000 26.84600000 26.35700000 26.28500000 26.18000000
27.83300000 27.83300000 27.83300000 27.83300000 27.83300000 27.83300000 27.83300000 27.83300000 27.83300000 27.83300000 27.83300000 27.83300000 27.83300000 27.83300000 27.83300000 22.08600000 23.94200000 24.29100000 25.57300000 26.55200000 26.69100000 26.71500000 26.44400000 26.31800000 26.28900000 26.82100000 26.82900000 26.92000000 26.30700000 26.26700000
27.83300000 27.83300000 27.83300000 27.83300000 27.83300000 27.83300000 27.83300000 27.83300000 27.83300000 27.83300000 27.83300000 27.83300000 27.83300000 27.83300000 27.83300000 27.83300000 23.46000000 24.04000000 25.00700000 25.28200000 26.71300000 26.68300000 26.73200000 26.80000000 26.49900000 26.91900000 26.86600000 26.89200000 26.94500000 26.69400000
27.83300000 27.83300000 27.83300000 27.83300000 27.83300000 27.83300000 27.83300000 27.83300000 27.83300000 27.83300000 27.83300000 27.83300000 27.83300000 27.83300000 27.83300000 27.83300000 27.83300000 22.05300000 24.61500000 25.22000000 24.71800000 26.76100000 26.73300000 26.81000000 26.65800000 27.00200000 26.96700000 26.85900000 26.92400000 27.01800000
27.83300000 27.83300000 27.83300000 27.83300000 27.83300000 27.83300000 27.83300000 27.83300000 27.83300000 27.83300000 27.83300000 27.83300000 27.83300000 27.83300000 27.83300000 27.83300000 27.83300000 27.83300000 27.83300000 24.94300000 25.40100000 26.33300000 26.72100000 26.80000000 26.79100000 27.02300000 27.07400000 27.01300000 26.92200000 27.01300000
27.83300000 27.83300000 27.83300000 27.83300000 27.83300000 27.83300000 27.83300000 27.83300000 27.83300000 27.83300000 27.83300000 27.83300000 27.83300000 27.83300000 27.83300000 27.83300000 27.83300000 27.83300000 27.83300000 27.83300000 24.25900000 26.71500000 26.67000000 26.62900000 26.92400000 27.02000000 26.96600000 27.05500000 26.95600000 27.06400000
27.83300000 27.83300000 27.83300000 27.83300000 27.83300000 27.83300000 27.83300000 27.83300000 27.83300000 27.83300000 27.83300000 27.83300000 27.83300000 27.83300000 27.83300000 27.83300000 27.83300000 27.83300000 27.83300000 27.83300000 23.55900000 26.84300000 26.63200000 26.71000000 27.05300000 27.12900000 27.14500000 26.96800000 27.03700000 27.15700000
27.83300000 27.83300000 27.83300000 27.83300000 27.83300000 27.83300000 27.83300000 27.83300000 27.83300000 27.83300000 27.83300000 27.83300000 27.83300000 27.83300000 27.83300000 27.83300000 27.83300000 27.83300000 27.83300000 27.83300000 23.69000000 26.86200000 26.69000000 26.83600000 27.15400000 26.93300000 27.03200000 27.19200000 27.06600000 27.14100000
27.83300000 27.83300000 27.83300000 27.83300000 27.83300000 27.83300000 27.83300000 27.83300000 27.83300000 27.83300000 27.83300000 27.83300000 27.83300000 27.83300000 27.83300000 27.83300000 27.83300000 27.83300000 27.83300000 27.83300000 24.20300000 26.70600000 26.88500000 27.02100000 27.02300000 26.91700000 27.06300000 27.11300000 27.16900000 27.26300000
27.83300000 27.83300000 27.83300000 27.83300000 27.83300000 27.83300000 27.83300000 27.83300000 27.83300000 27.83300000 27.83300000 27.83300000 27.83300000 27.83300000 27.83300000 27.83300000 27.83300000 27.83300000 27.83300000 27.83300000 27.83300000 24.37800000 26.88700000 27.02200000 26.91100000 26.99600000 26.97900000 26.99500000 27.07400000 27.19900000
27.83300000 27.83300000 27.83300000 27.83300000 27.83300000 27.83300000 27.83300000 27.83300000 27.83300000 27.83300000 27.83300000 27.83300000 27.83300000 27.83300000 27.83300000 27.83300000 27.83300000 27.83300000 27.83300000 27.83300000 27.83300000 25.06000000 26.67900000 26.85100000 26.87100000 26.95700000 26.90600000 26.74000000 26.80500000 27.23400000
27.83300000 27.83300000 27.83300000 27.83300000 27.83300000 27.83300000 27.83300000 27.83300000 27.83300000 27.83300000 27.83300000 27.83300000 27.83300000 27.83300000 27.83300000 27.83300000 27.83300000 27.83300000 27.83300000 27.83300000 27.83300000 27.83300000 26.31400000 26.69600000 26.84200000 26.79000000 26.76700000 26.70600000 26.61000000 26.94300000
27.83300000 27.83300000 27.83300000 27.83300000 27.83300000 27.83300000 27.83300000 27.83300000 27.83300000 27.83300000 27.83300000 27.83300000 27.83300000 27.83300000 27.83300000 27.83300000 27.83300000 27.83300000 27.83300000 27.83300000 27.83300000 27.83300000 25.93900000 26.42800000 26.41600000 26.46400000 26.58100000 26.61100000 26.89300000 27.25900000
27.83300000 27.83300000 27.83300000 27.83300000 27.83300000 27.83300000 27.83300000 27.83300000 27.83300000 27.83300000 27.83300000 27.83300000 27.83300000 27.83300000 27.83300000 27.83300000 27.83300000 27.83300000 27.83300000 27.83300000 27.83300000 27.83300000 27.83300000 26.21400000 26.62800000 26.69400000 26.69700000 26.79700000 27.20900000 27.24700000
