37.00200000 36.94600000 36.96300000 36.94300000 36.97900000 37.17000000 37.26000000 37.26900000 37.24900000 37.21200000 37.14100000 37.02500000 36.89500000 36.66000000 36.58400000 36.84800000 36.97200000 37.01500000 37.00500000 37.06100000 37.02400000 37.01000000 36.88800000 36.69600000 36.53100000 36.27700000 36.47200000 36.43100000 36.36800000 36.45900000
36.98800000 37.02100000 36.91900000 36.97000000 37.16700000 37.22200000 37.21700000 37.20100000 37.17300000 37.11500000 37.01500000 36.89700000 36.59400000 36.66000000 36.79500000 36.95000000 37.08600000 36.99200000 37.08300000 37.05200000 36.99700000 36.90600000 36.77100000 36.64700000 36.40200000 36.65700000 36.69400000 36.79300000 37.01500000 37.01500000
37.00800000 36.96300000 36.88200000 36.96700000 37.13300000 37.17000000 37.15000000 37.10100000 37.03500000 36.97500000 36.80600000 36.44100000 36.60600000 36.86200000 36.84000000 37.02500000 37.06000000 36.98500000 37.04500000 37.00300000 36.93100000 36.85200000 36.62200000 36.91400000 37.11300000 37.04000000 37.05800000 36.94600000 36.89400000 36.86500000
36.58300000 37.00400000 36.87700000 36.92500000 36.79800000 37.07000000 36.99800000 36.70200000 36.51600000 36.69400000 36.84600000 36.91200000 36.89300000 36.88100000 36.89900000 37.10600000 37.00700000 36.95800000 36.96200000 36.85800000 36.74800000 37.07800000 37.24800000 37.25300000 37.19600000 37.01800000 37.04600000 37.02800000 36.99600000 36.93200000
36.46800000 36.04200000 37.00800000 36.84200000 36.92000000 36.94800000 36.65000000 36.59000000 36.71500000 36.95100000 36.90700000 36.89600000 36.91900000 36.93800000 36.97300000 37.11700000 36.97000000 36.86400000 36.81400000 36.96700000 37.22700000 37.22400000 37.22500000 37.21300000 37.23600000 37.25700000 37.18200000 36.90000000 36.74500000 36.69100000
36.28500000 35.63500000 36.96300000 37.02500000 36.94000000 36.81500000 36.91500000 36.94100000 36.93700000 36.90600000 36.85400000 36.84900000 36.90000000 36.98900000 37.04000000 37.06000000 37.02900000 36.84500000 37.11400000 37.20600000 37.20300000 37.13700000 37.06400000 37.06600000 37.15100000 37.21400000 37.27900000 37.25300000 36.74500000 36.56300000
36.03600000 35.32600000 36.79100000 36.95000000 37.13500000 37.07500000 36.92700000 36.88100000 36.87300000 36.86500000 36.98800000 36.99600000 36.99500000 37.01700000 37.03600000 37.04300000 37.16400000 37.04900000 37.15800000 37.19100000 37.14300000 37.02300000 36.94400000 36.99000000 37.13900000 37.21400000 37.30100000 37.31200000 37.27000000 36.67300000
35.45900000 35.62900000 36.48900000 36.68600000 36.92500000 37.13400000 37.21500000 36.91100000 36.93100000 36.97500000 37.01600000 36.98200000 37.00700000 37.04700000 37.06200000 37.07800000 37.22700000 37.17900000 37.13200000 37.17300000 37.15800000 37.10300000 37.10100000 37.15300000 37.20500000 37.30700000 37.44400000 37.39300000 37.26700000 37.20400000
35.35200000 35.84800000 36.34700000 36.63700000 36.78100000 36.65300000 36.93700000 37.33200000 37.16100000 36.93100000 36.88100000 36.93000000 36.95100000 37.01300000 37.00300000 37.09800000 37.23000000 37.24200000 37.24900000 37.25000000 37.24100000 37.24500000 37.19000000 37.33100000 37.47000000 37.46100000 37.46700000 37.42000000 37.28200000 37.26600000
35.31500000 35.19700000 35.81600000 36.44200000 36.30200000 36.65200000 36.33200000 36.79700000 37.30300000 37.38300000 37.40700000 37.15600000 36.94100000 36.96400000 36.94800000 36.99500000 37.10400000 37.09400000 37.00800000 37.42000000 37.34300000 37.38300000 37.37800000 37.37400000 37.37100000 37.39400000 37.45400000 37.33000000 37.25800000 37.25800000
34.65500000 34.77200000 34.83100000 34.93800000 36.10600000 36.13300000 36.30700000 36.13700000 36.65200000 37.26000000 37.34200000 37.41400000 37.38900000 37.02000000 36.98100000 37.00800000 36.98400000 37.37800000 37.34400000 37.36700000 37.32500000 37.31300000 37.38400000 37.38700000 37.41200000 37.41700000 37.32400000 37.26800000 37.31500000 37.22100000
37.59700000 37.59700000 37.59700000 35.05300000 35.41100000 35.73200000 35.91900000 36.00600000 35.69700000 36.49000000 37.21000000 37.15200000 37.19500000 37.25600000 37.23400000 37.23000000 37.25300000 37.24700000 37.31500000 37.35400000 37.25400000 37.35900000 37.30000000 37.27400000 37.32000000 37.31400000 37.32500000 37.26900000 37.30800000 37.19800000
37.59700000 37.59700000 37.59700000 37.59700000 35.22700000 35.28100000 35.48300000 35.51000000 35.65400000 35.65900000 36.55500000 37.16100000 37.04600000 36.57500000 36.56000000 36.85600000 36.65300000 36.68100000 37.24800000 37.37500000 37.21800000 37.27500000 37.24700000 37.22000000 37.28500000 37.37000000 37.34200000 37.36100000 37.38500000 37.20200000
37.59700000 37.59700000 37.59700000 37.59700000 37.59700000 37.59700000 35.29100000 35.33900000 35.44200000 35.49600000 35.66800000 36.36300000 36.45000000 36.45500000 36.16900000 36.29500000 36.74100000 36.55100000 37.18800000 37.35600000 37.33200000 37.18800000 37.20800000 37.19300000 37.28200000 37.37300000 37.46100000 37.34200000 37.35800000 37.22300000
37.59700000 37.59700000 37.59700000 37.59700000 37.59700000 37.59700000 37.59700000 37.59700000 37.59700000 37.59700000 37.59700000 37.59700000 35.68900000 35.84800000 36.13100000 36.15300000 36.42800000 36.33300000 37.10800000 37.30900000 37.35400000 37.37300000 37.31100000 37.27900000 37.30700000 37.37600000 37.41200000 37.49400000 37.32800000 37.34900000
37.59700000 37.59700000 37.59700000 37.59700000 37.59700000 37.59700000 37.59700000 37.59700000 37.59700000 37.59700000 37.59700000 37.59700000 37.59700000 37.59700000 37.59700000 36.02800000 36.21600000 36.23200000 36.77700000 36.95300000 37.34300000 37.40900000 37.39900000 37.40300000 37.35800000 37.36100000 37.40100000 37.49100000 37.51700000 37.44400000
37.59700000 37.59700000 37.59700000 37.59700000 37.59700000 37.59700000 37.59700000 37.59700000 37.59700000 37.59700000 37.59700000 37.59700000 37.59700000 37.59700000 37.59700000 37.59700000 36.00200000 36.16900000 36.65500000 37.07400000 37.01100000 37.34900000 37.41400000 37.41600000 37.37400000 37.32900000 37.38000000 37.36900000 37.46400000 37.55500000
37.59700000 37.59700000 37.59700000 37.59700000 37.59700000 37.59700000 37.59700000 37.59700000 37.59700000 37.59700000 37.59700000 37.59700000 37.59700000 37.59700000 37.59700000 37.59700000 37.59700000 37.59700000 36.03300000 36.73900000 37.03800000 37.17500000 37.43200000 37.42400000 37.32200000 37.33500000 37.37100000 37.37700000 37.37400000 37.44000000
37.59700000 37.59700000 37.59700000 37.59700000 37.59700000 37.59700000 37.59700000 37.59700000 37.59700000 37.59700000 37.59700000 37.59700000 37.59700000 37.59700000 37.59700000 37.59700000 37.59700000 37.59700000 37.59700000 36.58100000 36.83200000 37.31700000 37.43100000 37.41100000 37.31800000 37.36800000 37.34200000 37.38100000 37.32700000 37.35200000
37.59700000 37.59700000 37.59700000 37.59700000 37.59700000 37.59700000 37.59700000 37.59700000 37.59700000 37.59700000 37.59700000 37.59700000 37.59700000 37.59700000 37.59700000 37.59700000 37.59700000 37.59700000 37.59700000 36.82600000 36.78100000 37.34600000 37.42900000 37.34700000 37.37200000 37.40600000 37.42100000 37.35100000 37.35900000 37.33400000
37.59700000 37.59700000 37.59700000 37.59700000 37.59700000 37.59700000 37.59700000 37.59700000 37.59700000 37.59700000 37.59700000 37.59700000 37.59700000 37.59700000 37.59700000 37.59700000 37.59700000 37.59700000 37.59700000 36.72900000 36.80800000 37.34700000 37.38600000 37.29800000 37.40900000 37.38500000 37.39700000 37.43200000 37.35700000 37.34200000
37.59700000 37.59700000 37.59700000 37.59700000 37.59700000 37.59700000 37.59700000 37.59700000 37.59700000 37.59700000 37.59700000 37.59700000 37.59700000 37.59700000 37.59700000 37.59700000 37.59700000 37.59700000 37.59700000 36.33400000 36.69900000 37.30000000 37.32900000 37.36600000 37.37000000 37.38400000 37.37400000 37.36700000 37.42100000 37.38100000
37.59700000 37.59700000 37.59700000 37.59700000 37.59700000 37.59700000 37.59700000 37.59700000 37.59700000 37.59700000 37.59700000 37.59700000 37.59700000 37.59700000 37.59700000 37.59700000 37.59700000 37.59700000 37.59700000 37.59700000 36.68000000 36.82000000 37.35000000 37.37800000 37.36400000 37.34400000 37.32300000 37.31400000 37.33200000 37.33200000
37.59700000 37.59700000 37.59700000 37.59700000 37.59700000 37.59700000 37.59700000 37.59700000 37.59700000 37.59700000 37.59700000 37.59700000 37.59700000 37.59700000 37.59700000 37.59700000 37.59700000 37.59700000 37.59700000 37.59700000 37.59700000 36.72900000 37.26700000 37.32600000 37.34100000 37.33800000 37.31800000 37.30100000 37.28200000 37.30600000
37.59700000 37.59700000 37.59700000 37.59700000 37.59700000 37.59700000 37.59700000 37.59700000 37.59700000 37.59700000 37.59700000 37.59700000 37.59700000 37.59700000 37.59700000 37.59700000 37.59700000 37.59700000 37.59700000 37.59700000 37.59700000 36.52100000 37.11300000 37.26700000 37.32000000 37.31000000 37.29400000 37.27300000 37.25100000 37.26300000
37.59700000 37.59700000 37.59700000 37.59700000 37.59700000 37.59700000 37.59700000 37.59700000 37.59700000 37.59700000 37.59700000 37.59700000 37.59700000 37.59700000 37.59700000 37.59700000 37.59700000 37.59700000 37.59700000 37.59700000 37.59700000 37.59700000 36.79600000 37.11300000 37.17200000 37.17400000 37.20200000 37.20800000 37.27900000 37.30200000
37.59700000 37.59700000 37.59700000 37.59700000 37.59700000 37.59700000 37.59700000 37.59700000 37.59700000 37.59700000 37.59700000 37.59700000 37.59700000 37.59700000 37.59700000 37.59700000 37.59700000 37.59700000 37.59700000 37.59700000 37.59700000 37.59700000 37.59700000 36.86700000 37.18200000 37.20100000 37.22100000 37.24500000 37.28500000 37.28900000
36.99300000 36.94400000 36.96200000 36.94200000 36.97800000 37.16900000 37.25900000 37.26800000 37.24700000 37.21200000 37.14300000 37.02600000 36.89600000 36.66000000 36.58300000 36.84600000 36.97200000 37.01400000 37.00300000 37.06100000 37.02300000 37.00800000 36.88500000 36.69300000 36.53000000 36.27600000 36.47100000 36.43100000 36.36700000 36.45900000
36.98600000 37.02000000 36.91700000 36.96900000 37.16600000 37.22100000 37.21500000 37.20000000 37.17200000 37.11400000 37.01400000 36.89600000 36.59400000 36.65800000 36.79400000 36.94800000 37.08400000 36.99100000 37.08200000 37.05100000 36.99600000 36.90500000 36.77000000 36.64600000 36.40100000 36.65600000 36.69300000 36.79200000 37.01500000 37.01500000
37.00600000 36.96200000 36.88100000 36.96600000 37.13100000 37.16800000 37.14900000 37.09900000 37.03400000 36.97300000 36.80600000 36.44000000 36.60500000 36.86100000 36.83900000 37.02300000 37.05900000 36.98400000 37.04300000 37.00200000 36.93000000 36.85100000 36.62200000 36.91200000 37.11200000 37.03900000 37.05800000 36.94600000 36.89300000 36.86500000
36.57800000 37.00300000 36.87600000 36.92300000 36.79700000 37.06800000 36.99700000 36.70300000 36.51400000 36.69300000 36.84500000 36.91100000 36.89200000 36.87900000 36.89700000 37.10400000 37.00600000 36.95600000 36.96100000 36.85700000 36.74700000 37.07600000 37.24700000 37.25200000 37.19500000 37.01700000 37.04600000 37.02800000 36.99600000 36.93200000
36.47200000 36.08300000 37.00700000 36.84100000 36.91900000 36.94700000 36.64900000 36.58900000 36.71300000 36.94900000 36.90600000 36.89500000 36.91800000 36.93700000 36.97200000 37.11500000 36.96900000 36.86300000 36.81300000 36.96500000 37.22600000 37.22400000 37.22300000 37.21200000 37.23500000 37.25600000 37.18200000 36.89900000 36.74400000 36.69100000
36.28700000 35.77100000 36.96100000 37.02300000 36.93900000 36.81400000 36.91300000 36.94000000 36.93500000 36.90500000 36.85300000 36.84800000 36.89900000 36.98800000 37.03900000 37.05800000 37.02800000 36.84400000 37.11300000 37.20300000 37.20100000 37.13600000 37.06300000 37.06500000 37.15000000 37.21300000 37.27800000 37.25200000 36.74500000 36.56200000
36.03800000 35.73800000 36.79100000 36.94900000 37.13400000 37.07300000 36.92500000 36.87900000 36.87100000 36.86300000 36.98600000 36.99500000 36.99400000 37.01600000 37.03400000 37.04100000 37.16300000 37.04800000 37.15600000 37.19000000 37.14300000 37.02200000 36.94300000 36.98900000 37.13700000 37.21200000 37.29900000 37.31100000 37.26900000 36.70500000
35.67400000 35.75900000 36.55400000 36.68200000 36.92200000 37.13300000 37.21300000 36.91000000 36.93000000 36.97400000 37.01500000 36.98100000 37.00600000 37.04600000 37.06000000 37.07600000 37.22600000 37.17800000 37.13100000 37.17100000 37.15700000 37.10200000 37.10000000 37.15200000 37.20400000 37.30600000 37.44300000 37.39200000 37.26700000 37.23500000
35.85400000 35.97400000 36.36400000 36.63900000 36.77900000 36.65200000 36.93400000 37.33000000 37.16100000 36.93100000 36.88000000 36.92900000 36.95000000 37.01200000 37.00300000 37.09700000 37.22900000 37.24100000 37.24800000 37.24900000 37.24000000 37.24400000 37.18900000 37.32900000 37.46900000 37.46000000 37.46600000 37.41900000 37.28100000 37.26600000
35.70600000 35.72400000 36.10000000 36.44300000 36.30800000 36.65100000 36.34100000 36.79300000 37.30000000 37.38200000 37.40600000 37.15600000 36.94200000 36.96500000 36.94900000 36.99500000 37.10400000 37.09400000 37.00700000 37.41900000 37.34200000 37.38200000 37.37700000 37.37300000 37.37000000 37.39300000 37.45300000 37.32900000 37.25700000 37.25700000
35.42800000 37.59700000 35.74800000 35.98900000 36.16700000 36.15600000 36.33100000 36.17900000 36.65000000 37.25700000 37.34000000 37.41300000 37.38900000 37.02100000 36.98200000 37.00900000 36.98600000 37.37800000 37.34300000 37.36700000 37.32400000 37.31200000 37.38300000 37.38600000 37.41000000 37.41600000 37.32200000 37.26700000 37.31400000 37.22000000
37.59700000 37.59700000 37.59700000 37.59700000 35.85200000 36.02900000 36.31200000 36.30800000 35.91900000 36.48700000 37.20500000 37.15000000 37.19200000 37.25400000 37.23200000 37.22900000 37.25100000 37.24600000 37.31500000 37.35300000 37.25300000 37.35800000 37.29900000 37.27300000 37.31900000 37.31200000 37.32300000 37.26800000 37.30700000 37.19700000
37.59700000 37.59700000 37.59700000 37.59700000 37.59700000 35.70100000 35.84000000 36.03700000 36.20500000 35.75400000 36.55100000 37.15600000 37.04200000 36.57300000 36.56100000 36.85200000 36.65300000 36.67900000 37.24700000 37.37400000 37.21700000 37.27400000 37.24600000 37.21900000 37.28400000 37.36800000 37.34100000 37.36000000 37.38300000 37.20100000
37.59700000 37.59700000 37.59700000 37.59700000 37.59700000 37.59700000 37.59700000 35.65100000 35.73400000 35.80600000 35.84200000 36.38800000 36.47400000 36.47300000 36.16800000 36.29000000 36.73600000 36.54700000 37.18600000 37.35500000 37.32900000 37.18700000 37.20700000 37.19200000 37.28100000 37.37200000 37.46000000 37.34100000 37.35600000 37.22200000
37.59700000 37.59700000 37.59700000 37.59700000 37.59700000 37.59700000 37.59700000 37.59700000 37.59700000 37.59700000 37.59700000 37.59700000 37.59700000 37.59700000 37.59700000 36.21600000 36.47700000 36.39800000 37.10300000 37.30700000 37.35300000 37.37100000 37.31000000 37.27900000 37.30700000 37.37500000 37.41100000 37.49300000 37.32700000 37.34800000
37.59700000 37.59700000 37.59700000 37.59700000 37.59700000 37.59700000 37.59700000 37.59700000 37.59700000 37.59700000 37.59700000 37.59700000 37.59700000 37.59700000 37.59700000 37.59700000 36.27100000 36.45800000 36.76900000 36.92100000 37.34200000 37.40800000 37.39800000 37.40200000 37.35800000 37.36100000 37.40000000 37.49000000 37.51600000 37.44300000
37.59700000 37.59700000 37.59700000 37.59700000 37.59700000 37.59700000 37.59700000 37.59700000 37.59700000 37.59700000 37.59700000 37.59700000 37.59700000 37.59700000 37.59700000 37.59700000 37.59700000 36.38700000 36.64800000 37.03200000 36.98300000 37.34700000 37.41300000 37.41500000 37.37400000 37.32900000 37.37800000 37.36800000 37.46200000 37.55300000
37.59700000 37.59700000 37.59700000 37.59700000 37.59700000 37.59700000 37.59700000 37.59700000 37.59700000 37.59700000 37.59700000 37.59700000 37.59700000 37.59700000 37.59700000 37.59700000 37.59700000 37.59700000 37.59700000 36.72700000 37.03300000 37.17200000 37.43100000 37.42300000 37.32200000 37.33300000 37.36900000 37.37500000 37.37200000 37.44000000
37.59700000 37.59700000 37.59700000 37.59700000 37.59700000 37.59700000 37.59700000 37.59700000 37.59700000 37.59700000 37.59700000 37.59700000 37.59700000 37.59700000 37.59700000 37.59700000 37.59700000 37.59700000 37.59700000 37.59700000 36.83900000 37.31500000 37.42900000 37.41000000 37.31600000 37.36600000 37.34100000 37.37900000 37.32600000 37.35100000
37.59700000 37.59700000 37.59700000 37.59700000 37.59700000 37.59700000 37.59700000 37.59700000 37.59700000 37.59700000 37.59700000 37.59700000 37.59700000 37.59700000 37.59700000 37.59700000 37.59700000 37.59700000 37.59700000 37.59700000 36.65200000 37.34400000 37.42700000 37.34600000 37.37000000 37.40500000 37.42000000 37.35000000 37.35800000 37.33300000
37.59700000 37.59700000 37.59700000 37.59700000 37.59700000 37.59700000 37.59700000 37.59700000 37.59700000 37.59700000 37.59700000 37.59700000 37.59700000 37.59700000 37.59700000 37.59700000 37.59700000 37.59700000 37.59700000 37.59700000 36.61200000 37.34500000 37.38400000 37.29600000 37.40800000 37.38400000 37.39600000 37.43100000 37.35600000 37.34000000
37.59700000 37.59700000 37.59700000 37.59700000 37.59700000 37.59700000 37.59700000 37.59700000 37.59700000 37.59700000 37.59700000 37.59700000 37.59700000 37.59700000 37.59700000 37.59700000 37.59700000 37.59700000 37.59700000 37.59700000 36.74900000 37.29800000 37.32800000 37.36500000 37.36900000 37.38300000 37.37300000 37.36700000 37.42000000 37.38000000
37.59700000 37.59700000 37.59700000 37.59700000 37.59700000 37.59700000 37.59700000 37.59700000 37.59700000 37.59700000 37.59700000 37.59700000 37.59700000 37.59700000 37.59700000 37.59700000 37.59700000 37.59700000 37.59700000 37.59700000 37.59700000 36.71700000 37.34800000 37.37700000 37.36200000 37.34300000 37.32200000 37.31300000 37.33100000 37.33000000
37.59700000 37.59700000 37.59700000 37.59700000 37.59700000 37.59700000 37.59700000 37.59700000 37.59700000 37.59700000 37.59700000 37.59700000 37.59700000 37.59700000 37.59700000 37.59700000 37.59700000 37.59700000 37.59700000 37.59700000 37.59700000 36.71700000 37.26500000 37.32400000 37.33900000 37.33700000 37.31700000 37.30000000 37.28100000 37.30500000
37.59700000 37.59700000 37.59700000 37.59700000 37.59700000 37.59700000 37.59700000 37.59700000 37.59700000 37.59700000 37.59700000 37.59700000 37.59700000 37.59700000 37.59700000 37.59700000 37.59700000 37.59700000 37.59700000 37.59700000 37.59700000 37.59700000 37.11000000 37.26500000 37.31800000 37.30900000 37.29300000 37.27200000 37.25000000 37.26200000
37.59700000 37.59700000 37.59700000 37.59700000 37.59700000 37.59700000 37.59700000 37.59700000 37.59700000 37.59700000 37.59700000 37.59700000 37.59700000 37.59700000 37.59700000 37.59700000 37.59700000 37.59700000 37.59700000 37.59700000 37.59700000 37.59700000 36.78800000 37.11200000 37.16900000 37.17200000 37.20100000 37.20800000 37.27600000 37.30000000
37.59700000 37.59700000 37.59700000 37.59700000 37.59700000 37.59700000 37.59700000 37.59700000 37.59700000 37.59700000 37.59700000 37.59700000 37.59700000 37.59700000 37.59700000 37.59700000 37.59700000 37.59700000 37.59700000 37.59700000 37.59700000 37.59700000 37.59700000 36.84300000 37.18100000 37.19900000 37.22000000 37.24300000 37.28500000 37.28700000
