37.00200000 36.94700000 36.96200000 36.94300000 36.98100000 37.17100000 37.26000000 37.26900000 37.24800000 37.21200000 37.14100000 37.02500000 36.89400000 36.66300000 36.58600000 36.84800000 36.97500000 37.01500000 37.00500000 37.06100000 37.02300000 37.00900000 36.88600000 36.69300000 36.53300000 36.27600000 36.47300000 36.43000000 36.36800000 36.45900000
36.98700000 37.02000000 36.91900000 36.96600000 37.16800000 37.22300000 37.21600000 37.19900000 37.17300000 37.11400000 37.01500000 36.89700000 36.59700000 36.66400000 36.79500000 36.95100000 37.08500000 36.99200000 37.08300000 37.05100000 36.99700000 36.90600000 36.77000000 36.64800000 36.40500000 36.66400000 36.70600000 36.80600000 37.02100000 37.01900000
37.01300000 36.95900000 36.88200000 36.96700000 37.13600000 37.17000000 37.14900000 37.10000000 37.03400000 36.97300000 36.81200000 36.44100000 36.60800000 36.86400000 36.84100000 37.02800000 37.05800000 36.98700000 37.04500000 37.00200000 36.93000000 36.85100000 36.62200000 36.93400000 37.11400000 37.04000000 37.06000000 36.94300000 36.89400000 36.86600000
36.58000000 37.00300000 36.87700000 36.92500000 36.79500000 37.07000000 36.99700000 36.70300000 36.51600000 36.69500000 36.84500000 36.91300000 36.89300000 36.88100000 36.90000000 37.11000000 37.00300000 36.95900000 36.96100000 36.85600000 36.74600000 37.09200000 37.24900000 37.25300000 37.19600000 37.01700000 37.04600000 37.02800000 36.99600000 36.93100000
36.45900000 36.04500000 37.00900000 36.84300000 36.91900000 36.94700000 36.64800000 36.58800000 36.71200000 36.95100000 36.90800000 36.89700000 36.91900000 36.93900000 36.97500000 37.12100000 36.96500000 36.86600000 36.81100000 36.98100000 37.22900000 37.22400000 37.22400000 37.21100000 37.23500000 37.25800000 37.18500000 36.89800000 36.74500000 36.69000000
36.27900000 35.63300000 36.96700000 37.02900000 36.94300000 36.81400000 36.91200000 36.94100000 36.93700000 36.90500000 36.85300000 36.84900000 36.89900000 36.98900000 37.04000000 37.06600000 37.02400000 36.84600000 37.11800000 37.20600000 37.20300000 37.13400000 37.06300000 37.06600000 37.15100000 37.21500000 37.27900000 37.25300000 36.74300000 36.56300000
36.03000000 35.32800000 36.78700000 36.94500000 37.13700000 37.07800000 36.92800000 36.88200000 36.87400000 36.86600000 36.99000000 36.99600000 36.99500000 37.01700000 37.03600000 37.04700000 37.16000000 37.04800000 37.15900000 37.19200000 37.14200000 37.02300000 36.94400000 36.99100000 37.14000000 37.21400000 37.30300000 37.31200000 37.27000000 36.66800000
35.45200000 35.64700000 36.52000000 36.69400000 36.92800000 37.13800000 37.21500000 36.91000000 36.93200000 36.97600000 37.01600000 36.98200000 37.00800000 37.04700000 37.06100000 37.08000000 37.22700000 37.17800000 37.13200000 37.17300000 37.15900000 37.10400000 37.10300000 37.15400000 37.20700000 37.31100000 37.44600000 37.39400000 37.26800000 37.20000000
35.35600000 35.85500000 36.35800000 36.62500000 36.78200000 36.65200000 36.94200000 37.33300000 37.16500000 36.93500000 36.88100000 36.93100000 36.95100000 37.01500000 37.00500000 37.10100000 37.22900000 37.24200000 37.24900000 37.25000000 37.24200000 37.24500000 37.18700000 37.34100000 37.47000000 37.46000000 37.46700000 37.42000000 37.28200000 37.26700000
35.31500000 35.20800000 35.79300000 36.44700000 36.29500000 36.66200000 36.32100000 36.81000000 37.30900000 37.38300000 37.40700000 37.15000000 36.94100000 36.96300000 36.94800000 36.99700000 37.10700000 37.09600000 37.00800000 37.41900000 37.34100000 37.38200000 37.37600000 37.37100000 37.37200000 37.39400000 37.45400000 37.33100000 37.25900000 37.25800000
34.66100000 34.78200000 34.85100000 34.94800000 36.10100000 36.13600000 36.29300000 36.14000000 36.67000000 37.26700000 37.34300000 37.41600000 37.38300000 37.01500000 36.98300000 37.00800000 36.98600000 37.37900000 37.34400000 37.36700000 37.32600000 37.31300000 37.38600000 37.38600000 37.41200000 37.41700000 37.32400000 37.26900000 37.31500000 37.22100000
37.59700000 37.59700000 37.59700000 35.05400000 35.41300000 35.72800000 35.91100000 36.00100000 35.69800000 36.51000000 37.21800000 37.15200000 37.20200000 37.25300000 37.23200000 37.23200000 37.25200000 37.25500000 37.31400000 37.35500000 37.25300000 37.35900000 37.30000000 37.27400000 37.32200000 37.31400000 37.32300000 37.27000000 37.30600000 37.19800000
37.59700000 37.59700000 37.59700000 37.59700000 35.22900000 35.28000000 35.47800000 35.51100000 35.65100000 35.66400000 36.55800000 37.16700000 37.03700000 36.57500000 36.57400000 36.85400000 36.65100000 36.68400000 37.24800000 37.37500000 37.21700000 37.27600000 37.24700000 37.22000000 37.28600000 37.37000000 37.34200000 37.36200000 37.38300000 37.20200000
37.59700000 37.59700000 37.59700000 37.59700000 37.59700000 37.59700000 35.29200000 35.34100000 35.44300000 35.49700000 35.66700000 36.36100000 36.45400000 36.45600000 36.17100000 36.30200000 36.73700000 36.56000000 37.18600000 37.35700000 37.33500000 37.18900000 37.20800000 37.19300000 37.28200000 37.37300000 37.46200000 37.34200000 37.35800000 37.22300000
37.59700000 37.59700000 37.59700000 37.59700000 37.59700000 37.59700000 37.59700000 37.59700000 37.59700000 37.59700000 37.59700000 37.59700000 35.69200000 35.85500000 36.13700000 36.15600000 36.41300000 36.34500000 37.11000000 37.31100000 37.35500000 37.37300000 37.31400000 37.28200000 37.30700000 37.37700000 37.41200000 37.49400000 37.32700000 37.34900000
37.59700000 37.59700000 37.59700000 37.59700000 37.59700000 37.59700000 37.59700000 37.59700000 37.59700000 37.59700000 37.59700000 37.59700000 37.59700000 37.59700000 37.59700000 36.03400000 36.21100000 36.24400000 36.79300000 36.95600000 37.34400000 37.41100000 37.39900000 37.40200000 37.35800000 37.36200000 37.40200000 37.49200000 37.51700000 37.44400000
37.59700000 37.59700000 37.59700000 37.59700000 37.59700000 37.59700000 37.59700000 37.59700000 37.59700000 37.59700000 37.59700000 37.59700000 37.59700000 37.59700000 37.59700000 37.59700000 36.00600000 36.18200000 36.66000000 37.07700000 37.01500000 37.34800000 37.41400000 37.41500000 37.37300000 37.33100000 37.38100000 37.36900000 37.46600000 37.55500000
37.59700000 37.59700000 37.59700000 37.59700000 37.59700000 37.59700000 37.59700000 37.59700000 37.59700000 37.59700000 37.59700000 37.59700000 37.59700000 37.59700000 37.59700000 37.59700000 37.59700000 37.59700000 36.04500000 36.75000000 37.03700000 37.18500000 37.43200000 37.42400000 37.32000000 37.33600000 37.37200000 37.37600000 37.37500000 37.44100000
37.59700000 37.59700000 37.59700000 37.59700000 37.59700000 37.59700000 37.59700000 37.59700000 37.59700000 37.59700000 37.59700000 37.59700000 37.59700000 37.59700000 37.59700000 37.59700000 37.59700000 37.59700000 37.59700000 36.58700000 36.82400000 37.32100000 37.43200000 37.41000000 37.32000000 37.36900000 37.34200000 37.38100000 37.32600000 37.35300000
37.59700000 37.59700000 37.59700000 37.59700000 37.59700000 37.59700000 37.59700000 37.59700000 37.59700000 37.59700000 37.59700000 37.59700000 37.59700000 37.59700000 37.59700000 37.59700000 37.59700000 37.59700000 37.59700000 36.83800000 36.78900000 37.34400000 37.42900000 37.34300000 37.37300000 37.40600000 37.42200000 37.35100000 37.35800000 37.33500000
37.59700000 37.59700000 37.59700000 37.59700000 37.59700000 37.59700000 37.59700000 37.59700000 37.59700000 37.59700000 37.59700000 37.59700000 37.59700000 37.59700000 37.59700000 37.59700000 37.59700000 37.59700000 37.59700000 36.74100000 36.81800000 37.34700000 37.38600000 37.29900000 37.40900000 37.38500000 37.39800000 37.43200000 37.35600000 37.34200000
37.59700000 37.59700000 37.59700000 37.59700000 37.59700000 37.59700000 37.59700000 37.59700000 37.59700000 37.59700000 37.59700000 37.59700000 37.59700000 37.59700000 37.59700000 37.59700000 37.59700000 37.59700000 37.59700000 36.33700000 36.70500000 37.30400000 37.32900000 37.36900000 37.37000000 37.38300000 37.37400000 37.36900000 37.42100000 37.38100000
37.59700000 37.59700000 37.59700000 37.59700000 37.59700000 37.59700000 37.59700000 37.59700000 37.59700000 37.59700000 37.59700000 37.59700000 37.59700000 37.59700000 37.59700000 37.59700000 37.59700000 37.59700000 37.59700000 37.59700000 36.68500000 36.83100000 37.35300000 37.37800000 37.36500000 37.34300000 37.32400000 37.31400000 37.33200000 37.33200000
37.59700000 37.59700000 37.59700000 37.59700000 37.59700000 37.59700000 37.59700000 37.59700000 37.59700000 37.59700000 37.59700000 37.59700000 37.59700000 37.59700000 37.59700000 37.59700000 37.59700000 37.59700000 37.59700000 37.59700000 37.59700000 36.73200000 37.27100000 37.32700000 37.34100000 37.33800000 37.31700000 37.30100000 37.28200000 37.30700000
37.59700000 37.59700000 37.59700000 37.59700000 37.59700000 37.59700000 37.59700000 37.59700000 37.59700000 37.59700000 37.59700000 37.59700000 37.59700000 37.59700000 37.59700000 37.59700000 37.59700000 37.59700000 37.59700000 37.59700000 37.59700000 36.52500000 37.11700000 37.26900000 37.32200000 37.31000000 37.29400000 37.27300000 37.25000000 37.26300000
37.59700000 37.59700000 37.59700000 37.59700000 37.59700000 37.59700000 37.59700000 37.59700000 37.59700000 37.59700000 37.59700000 37.59700000 37.59700000 37.59700000 37.59700000 37.59700000 37.59700000 37.59700000 37.59700000 37.59700000 37.59700000 37.59700000 36.80900000 37.11300000 37.17700000 37.17700000 37.20300000 37.20900000 37.27900000 37.30300000
37.59700000 37.59700000 37.59700000 37.59700000 37.59700000 37.59700000 37.59700000 37.59700000 37.59700000 37.59700000 37.59700000 37.59700000 37.59700000 37.59700000 37.59700000 37.59700000 37.59700000 37.59700000 37.59700000 37.59700000 37.59700000 37.59700000 37.59700000 36.87400000 37.18200000 37.20100000 37.22100000 37.24500000 37.28700000 37.29000000
36.99200000 36.94500000 36.96100000 36.94200000 36.98000000 37.17100000 37.25900000 37.26800000 37.24500000 37.21200000 37.14300000 37.02500000 36.89600000 36.66300000 36.58500000 36.84700000 36.97400000 37.01400000 37.00400000 37.06100000 37.02200000 37.00700000 36.88400000 36.68900000 36.53200000 36.27500000 36.47300000 36.43000000 36.36700000 36.45900000
36.98600000 37.01900000 36.91700000 36.96600000 37.16700000 37.22200000 37.21400000 37.19800000 37.17200000 37.11300000 37.01400000 36.89600000 36.59800000 36.66200000 36.79400000 36.95000000 37.08400000 36.99100000 37.08200000 37.05000000 36.99600000 36.90600000 36.77000000 36.64700000 36.40400000 36.66300000 36.70600000 36.80500000 37.02100000 37.01900000
37.01100000 36.95800000 36.88100000 36.96600000 37.13500000 37.16900000 37.14800000 37.09900000 37.03300000 36.97200000 36.81200000 36.44000000 36.60600000 36.86300000 36.84000000 37.02700000 37.05700000 36.98500000 37.04300000 37.00100000 36.92900000 36.85000000 36.62100000 36.93200000 37.11300000 37.03900000 37.05900000 36.94300000 36.89400000 36.86500000
36.57400000 37.00200000 36.87600000 36.92300000 36.79400000 37.06900000 36.99600000 36.70300000 36.51400000 36.69300000 36.84400000 36.91100000 36.89200000 36.88000000 36.89900000 37.10800000 37.00200000 36.95800000 36.95900000 36.85500000 36.74500000 37.09100000 37.24700000 37.25200000 37.19500000 37.01600000 37.04600000 37.02800000 36.99500000 36.93100000
36.46500000 36.10800000 37.00700000 36.84200000 36.91800000 36.94600000 36.64700000 36.58600000 36.71000000 36.95000000 36.90600000 36.89600000 36.91800000 36.93700000 36.97300000 37.12000000 36.96400000 36.86400000 36.81000000 36.98000000 37.22800000 37.22300000 37.22300000 37.21000000 37.23400000 37.25700000 37.18500000 36.89700000 36.74400000 36.68900000
36.28100000 35.77900000 36.96400000 37.02700000 36.94200000 36.81300000 36.91000000 36.93900000 36.93500000 36.90400000 36.85200000 36.84800000 36.89800000 36.98700000 37.03900000 37.06400000 37.02300000 36.84400000 37.11700000 37.20300000 37.20200000 37.13300000 37.06200000 37.06500000 37.15000000 37.21400000 37.27800000 37.25200000 36.74300000 36.56300000
36.03400000 35.51700000 36.78600000 36.94400000 37.13500000 37.07700000 36.92600000 36.88000000 36.87300000 36.86400000 36.98800000 36.99500000 36.99400000 37.01600000 37.03500000 37.04500000 37.15900000 37.04700000 37.15800000 37.19000000 37.14100000 37.02200000 36.94300000 36.98900000 37.13800000 37.21300000 37.30200000 37.31100000 37.26900000 36.70100000
35.63900000 35.73800000 36.56500000 36.68900000 36.92500000 37.13600000 37.21400000 36.90900000 36.93100000 36.97500000 37.01400000 36.98100000 37.00700000 37.04600000 37.06000000 37.07800000 37.22600000 37.17700000 37.13100000 37.17100000 37.15800000 37.10300000 37.10200000 37.15300000 37.20600000 37.31000000 37.44500000 37.39300000 37.26700000 37.23600000
35.86200000 35.96900000 36.36700000 36.62800000 36.78000000 36.65100000 36.94000000 37.33100000 37.16400000 36.93400000 36.88000000 36.93000000 36.95100000 37.01400000 37.00400000 37.10000000 37.22800000 37.24100000 37.24800000 37.24900000 37.24100000 37.24400000 37.18600000 37.33900000 37.46900000 37.45900000 37.46600000 37.41900000 37.28100000 37.26600000
35.70700000 35.76200000 36.15000000 36.44800000 36.30100000 36.65900000 36.33400000 36.80400000 37.30600000 37.38200000 37.40600000 37.15100000 36.94200000 36.96400000 36.94800000 36.99700000 37.10700000 37.09600000 37.00700000 37.41800000 37.33900000 37.38000000 37.37400000 37.37000000 37.37100000 37.39300000 37.45300000 37.33000000 37.25800000 37.25700000
35.43100000 37.59700000 35.77600000 36.02200000 36.17600000 36.15400000 36.32200000 36.17400000 36.66700000 37.26300000 37.34200000 37.41500000 37.38400000 37.01600000 36.98400000 37.00800000 36.98700000 37.37900000 37.34300000 37.36600000 37.32500000 37.31100000 37.38400000 37.38500000 37.41000000 37.41500000 37.32300000 37.26800000 37.31300000 37.22000000
37.59700000 37.59700000 37.59700000 37.59700000 35.86200000 36.04200000 36.30200000 36.25500000 35.89800000 36.50500000 37.21200000 37.14800000 37.19700000 37.25100000 37.23100000 37.23100000 37.25000000 37.25400000 37.31300000 37.35400000 37.25200000 37.35800000 37.29900000 37.27300000 37.32000000 37.31200000 37.32200000 37.26800000 37.30500000 37.19700000
37.59700000 37.59700000 37.59700000 37.59700000 37.59700000 35.70600000 35.84200000 36.04700000 36.20700000 35.77400000 36.55200000 37.16000000 37.03300000 36.57400000 36.57900000 36.85000000 36.65300000 36.68200000 37.24700000 37.37400000 37.21600000 37.27400000 37.24600000 37.21900000 37.28400000 37.36900000 37.34100000 37.36100000 37.38200000 37.20100000
37.59700000 37.59700000 37.59700000 37.59700000 37.59700000 37.59700000 37.59700000 35.66100000 35.73500000 35.80800000 35.84700000 36.38900000 36.48100000 36.48100000 36.16900000 36.29500000 36.73300000 36.55900000 37.18400000 37.35600000 37.33300000 37.18700000 37.20700000 37.19200000 37.28100000 37.37200000 37.46000000 37.34200000 37.35700000 37.22200000
37.59700000 37.59700000 37.59700000 37.59700000 37.59700000 37.59700000 37.59700000 37.59700000 37.59700000 37.59700000 37.59700000 37.59700000 37.59700000 37.59700000 37.59700000 36.22100000 36.47400000 36.39300000 37.10300000 37.30900000 37.35300000 37.37200000 37.31300000 37.28100000 37.30700000 37.37600000 37.41100000 37.49300000 37.32600000 37.34800000
37.59700000 37.59700000 37.59700000 37.59700000 37.59700000 37.59700000 37.59700000 37.59700000 37.59700000 37.59700000 37.59700000 37.59700000 37.59700000 37.59700000 37.59700000 37.59700000 36.26800000 36.48000000 36.78000000 36.91500000 37.34200000 37.41000000 37.39900000 37.40200000 37.35800000 37.36100000 37.40100000 37.49100000 37.51600000 37.44300000
37.59700000 37.59700000 37.59700000 37.59700000 37.59700000 37.59700000 37.59700000 37.59700000 37.59700000 37.59700000 37.59700000 37.59700000 37.59700000 37.59700000 37.59700000 37.59700000 37.59700000 36.39200000 36.64900000 37.05200000 36.99200000 37.34600000 37.41300000 37.41500000 37.37200000 37.32900000 37.37900000 37.36700000 37.46400000 37.55400000
37.59700000 37.59700000 37.59700000 37.59700000 37.59700000 37.59700000 37.59700000 37.59700000 37.59700000 37.59700000 37.59700000 37.59700000 37.59700000 37.59700000 37.59700000 37.59700000 37.59700000 37.59700000 37.59700000 36.73300000 37.03200000 37.18200000 37.43100000 37.42200000 37.31900000 37.33400000 37.37000000 37.37500000 37.37400000 37.44100000
37.59700000 37.59700000 37.59700000 37.59700000 37.59700000 37.59700000 37.59700000 37.59700000 37.59700000 37.59700000 37.59700000 37.59700000 37.59700000 37.59700000 37.59700000 37.59700000 37.59700000 37.59700000 37.59700000 37.59700000 36.83400000 37.31800000 37.43000000 37.40900000 37.31800000 37.36700000 37.34100000 37.38000000 37.32500000 37.35200000
37.59700000 37.59700000 37.59700000 37.59700000 37.59700000 37.59700000 37.59700000 37.59700000 37.59700000 37.59700000 37.59700000 37.59700000 37.59700000 37.59700000 37.59700000 37.59700000 37.59700000 37.59700000 37.59700000 37.59700000 36.64300000 37.34200000 37.42800000 37.34100000 37.37200000 37.40400000 37.42100000 37.35000000 37.35700000 37.33400000
37.59700000 37.59700000 37.59700000 37.59700000 37.59700000 37.59700000 37.59700000 37.59700000 37.59700000 37.59700000 37.59700000 37.59700000 37.59700000 37.59700000 37.59700000 37.59700000 37.59700000 37.59700000 37.59700000 37.59700000 36.60900000 37.34500000 37.38400000 37.29700000 37.40800000 37.38400000 37.39600000 37.43100000 37.35500000 37.34100000
37.59700000 37.59700000 37.59700000 37.59700000 37.59700000 37.59700000 37.59700000 37.59700000 37.59700000 37.59700000 37.59700000 37.59700000 37.59700000 37.59700000 37.59700000 37.59700000 37.59700000 37.59700000 37.59700000 37.59700000 36.74300000 37.30200000 37.32700000 37.36800000 37.36800000 37.38200000 37.37300000 37.36800000 37.41900000 37.38100000
37.59700000 37.59700000 37.59700000 37.59700000 37.59700000 37.59700000 37.59700000 37.59700000 37.59700000 37.59700000 37.59700000 37.59700000 37.59700000 37.59700000 37.59700000 37.59700000 37.59700000 37.59700000 37.59700000 37.59700000 37.59700000 36.73200000 37.35100000 37.37600000 37.36300000 37.34200000 37.32200000 37.31300000 37.33100000 37.33000000
37.59700000 37.59700000 37.59700000 37.59700000 37.59700000 37.59700000 37.59700000 37.59700000 37.59700000 37.59700000 37.59700000 37.59700000 37.59700000 37.59700000 37.59700000 37.59700000 37.59700000 37.59700000 37.59700000 37.59700000 37.59700000 36.71800000 37.26900000 37.32600000 37.34000000 37.33700000 37.31700000 37.30100000 37.28100000 37.30500000
37.59700000 37.59700000 37.59700000 37.59700000 37.59700000 37.59700000 37.59700000 37.59700000 37.59700000 37.59700000 37.59700000 37.59700000 37.59700000 37.59700000 37.59700000 37.59700000 37.59700000 37.59700000 37.59700000 37.59700000 37.59700000 37.59700000 37.11400000 37.26700000 37.32000000 37.30900000 37.29300000 37.27200000 37.24900000 37.26200000
37.59700000 37.59700000 37.59700000 37.59700000 37.59700000 37.59700000 37.59700000 37.59700000 37.59700000 37.59700000 37.59700000 37.59700000 37.59700000 37.59700000 37.59700000 37.59700000 37.59700000 37.59700000 37.59700000 37.59700000 37.59700000 37.59700000 36.80100000 37.11100000 37.17300000 37.17500000 37.20200000 37.20900000 37.27700000 37.30100000
37.59700000 37.59700000 37.59700000 37.59700000 37.59700000 37.59700000 37.59700000 37.59700000 37.59700000 37.59700000 37.59700000 37.59700000 37.59700000 37.59700000 37.59700000 37.59700000 37.59700000 37.59700000 37.59700000 37.59700000 37.59700000 37.59700000 37.59700000 36.85200000 37.18000000 37.19900000 37.22000000 37.24300000 37.28700000 37.28800000
