25.42300000 25.25700000 25.49800000 25.24800000 24.83500000 25.36400000 25.43400000 25.48100000 25.39900000 25.30900000 25.28900000 25.27900000 25.10500000 24.24400000 24.18600000 25.20600000 25.51500000 25.46600000 25.29000000 25.23100000 25.27800000 25.16800000 25.08800000 24.71700000 24.17200000 23.75400000 24.07100000 24.23100000 24.22200000 24.61500000
25.18700000 25.23500000 25.32900000 24.73300000 25.21800000 25.36600000 25.32200000 25.27200000 25.28000000 25.23600000 25.21500000 25.02100000 24.03700000 24.29400000 24.57500000 25.30800000 25.44000000 25.20600000 25.23400000 25.20900000 25.11800000 25.00800000 24.68700000 24.30600000 23.66800000 24.40100000 24.56200000 24.79600000 25.17900000 25.02800000
25.12100000 25.25000000 25.32400000 24.89600000 25.14400000 25.27400000 25.21300000 25.14200000 25.05800000 24.95800000 24.50700000 23.82300000 24.15600000 24.68500000 24.74700000 25.50300000 25.31400000 25.20600000 25.18500000 25.08900000 25.02900000 24.86600000 24.20200000 25.06700000 25.54400000 25.36100000 25.34200000 24.95800000 24.85800000 24.96400000
24.56700000 25.04900000 25.27100000 25.41500000 24.33400000 25.01400000 24.87500000 24.25500000 23.99300000 24.21600000 24.51400000 24.74100000 24.82200000 24.86500000 25.15800000 25.58600000 25.24000000 25.13400000 24.99900000 24.75400000 24.56300000 25.42000000 25.74800000 25.75400000 25.68800000 25.30200000 25.27700000 25.21300000 25.18100000 25.28400000
24.28900000 23.98400000 25.10900000 25.25500000 25.38800000 24.74500000 24.12600000 24.04800000 24.19400000 24.78600000 24.86100000 25.02600000 25.27400000 25.42800000 25.57900000 25.63700000 25.17300000 24.96400000 24.78400000 25.20400000 25.70500000 25.54200000 25.57700000 25.56800000 25.69700000 25.75400000 25.67100000 25.14700000 24.99700000 25.16300000
23.79700000 23.74700000 24.83900000 25.27600000 25.39300000 25.30400000 25.44000000 25.44900000 25.45400000 25.46200000 25.40400000 25.40700000 25.50500000 25.65700000 25.77400000 25.60900000 25.28600000 24.86600000 25.45600000 25.58800000 25.49600000 25.28800000 25.10900000 25.13000000 25.31300000 25.69800000 25.96100000 25.79900000 25.00600000 25.08200000
23.66600000 23.60600000 24.43400000 24.83000000 25.45300000 25.60800000 25.49700000 25.45900000 25.48000000 25.45400000 25.63000000 25.58300000 25.55800000 25.66200000 25.73600000 25.61200000 25.54100000 25.23900000 25.56000000 25.44600000 25.35100000 25.00900000 24.78300000 24.95900000 25.27800000 25.75500000 26.21900000 26.07000000 25.87700000 25.21100000
23.55900000 23.73000000 24.41600000 24.34400000 24.90000000 25.46000000 25.94400000 25.54400000 25.60200000 25.70100000 25.76700000 25.68500000 25.67600000 25.72700000 25.78000000 25.62500000 25.68400000 25.60000000 25.47300000 25.46400000 25.37600000 25.25400000 25.24100000 25.35100000 25.74000000 26.33000000 26.66200000 26.36900000 25.78100000 25.90600000
23.32000000 23.56600000 23.88900000 24.29000000 24.39700000 24.48200000 24.89400000 26.10600000 25.95700000 25.60400000 25.51000000 25.60200000 25.65900000 25.71900000 25.69000000 25.62600000 25.73500000 25.76300000 25.81300000 25.81700000 25.80100000 25.84900000 25.94200000 26.46500000 26.70900000 26.61000000 26.58100000 26.40700000 25.81200000 26.01100000
23.14800000 22.69600000 23.47300000 24.00000000 23.68900000 24.16300000 23.93800000 24.55200000 25.91800000 26.33300000 26.43900000 25.96100000 25.53900000 25.61300000 25.68300000 25.64300000 25.64000000 25.71000000 25.69500000 26.53900000 26.20300000 26.27200000 26.25900000 26.23500000 26.18000000 26.24200000 26.50600000 26.12500000 25.83700000 26.03100000
24.09600000 23.65100000 23.76300000 23.59300000 23.53800000 23.44100000 23.67100000 23.92700000 24.32900000 25.79400000 26.20100000 26.52100000 26.50100000 25.70700000 25.59000000 25.58600000 25.56100000 26.38600000 26.46000000 26.61400000 26.30900000 26.05700000 26.27500000 26.38100000 26.47000000 26.46000000 26.10900000 25.87000000 26.15300000 26.14200000
27.83300000 27.83300000 27.83300000 23.90100000 23.30800000 23.12500000 23.31700000 23.33600000 23.34400000 24.14200000 25.54500000 25.41700000 25.64200000 25.89400000 25.92400000 25.96300000 25.98900000 26.04200000 26.32100000 26.55200000 25.94300000 26.26400000 26.15200000 26.34900000 26.47000000 26.19400000 26.19500000 26.03100000 26.18000000 26.18500000
27.83300000 27.83300000 27.83300000 27.83300000 23.66400000 23.47200000 23.30700000 23.01600000 23.23700000 23.27500000 24.08100000 25.28500000 24.98300000 24.22000000 24.17400000 24.58700000 24.48900000 24.94200000 26.13500000 26.66200000 25.86800000 26.09600000 26.08400000 26.23000000 26.32300000 26.64200000 26.33600000 26.32700000 26.35700000 26.23400000
27.83300000 27.83300000 27.83300000 27.83300000 27.83300000 27.83300000 24.43700000 24.20300000 23.48600000 23.19600000 23.28900000 23.69700000 23.91100000 23.91100000 23.23700000 23.57500000 24.27000000 24.80200000 25.91000000 26.67400000 26.50500000 25.94500000 26.09900000 26.08200000 26.19700000 26.70400000 26.82700000 26.32700000 26.28500000 26.17100000
27.83300000 27.83300000 27.83300000 27.83300000 27.83300000 27.83300000 27.83300000 27.83300000 27.83300000 27.83300000 27.83300000 27.83300000 23.46500000 23.26900000 23.12800000 23.59400000 24.00100000 24.65700000 25.60200000 26.58400000 26.68100000 26.70900000 26.46000000 26.34000000 26.27800000 26.79800000 26.80300000 26.89000000 26.27700000 26.25300000
27.83300000 27.83300000 27.83300000 27.83300000 27.83300000 27.83300000 27.83300000 27.83300000 27.83300000 27.83300000 27.83300000 27.83300000 27.83300000 27.83300000 27.83300000 23.68800000 23.98700000 24.81000000 25.11100000 25.42900000 26.72100000 26.68700000 26.73100000 26.79300000 26.50300000 26.91300000 26.85100000 26.88400000 26.93500000 26.67400000
27.83300000 27.83300000 27.83300000 27.83300000 27.83300000 27.83300000 27.83300000 27.83300000 27.83300000 27.83300000 27.83300000 27.83300000 27.83300000 27.83300000 27.83300000 27.83300000 23.99600000 24.31300000 25.05500000 25.39300000 24.93300000 26.76300000 26.73900000 26.80100000 26.67600000 27.01300000 26.96700000 26.86500000 26.93200000 27.02300000
27.83300000 27.83300000 27.83300000 27.83300000 27.83300000 27.83300000 27.83300000 27.83300000 27.83300000 27.83300000 27.83300000 27.83300000 27.83300000 27.83300000 27.83300000 27.83300000 27.83300000 27.83300000 23.83000000 25.05800000 25.42200000 26.41700000 26.71600000 26.79100000 26.81400000 27.02800000 27.08500000 27.01100000 26.92200000 27.02200000
27.83300000 27.83300000 27.83300000 27.83300000 27.83300000 27.83300000 27.83300000 27.83300000 27.83300000 27.83300000 27.83300000 27.83300000 27.83300000 27.83300000 27.83300000 27.83300000 27.83300000 27.83300000 27.83300000 25.16300000 24.23600000 26.73400000 26.66800000 26.62100000 26.93600000 27.02800000 26.96700000 27.05800000 26.95100000 27.06800000
27.83300000 27.83300000 27.83300000 27.83300000 27.83300000 27.83300000 27.83300000 27.83300000 27.83300000 27.83300000 27.83300000 27.83300000 27.83300000 27.83300000 27.83300000 27.83300000 27.83300000 27.83300000 27.83300000 25.60000000 24.89300000 26.83900000 26.64100000 26.74500000 27.07200000 27.11100000 27.13500000 26.97200000 27.02400000 27.15700000
27.83300000 27.83300000 27.83300000 27.83300000 27.83300000 27.83300000 27.83300000 27.83300000 27.83300000 27.83300000 27.83300000 27.83300000 27.83300000 27.83300000 27.83300000 27.83300000 27.83300000 27.83300000 27.83300000 25.54200000 25.43900000 26.87800000 26.70600000 26.86900000 27.15900000 26.92500000 27.05400000 27.18400000 27.05900000 27.13900000
27.83300000 27.83300000 27.83300000 27.83300000 27.83300000 27.83300000 27.83300000 27.83300000 27.83300000 27.83300000 27.83300000 27.83300000 27.83300000 27.83300000 27.83300000 27.83300000 27.83300000 27.83300000 27.83300000 25.01800000 24.52600000 26.75300000 26.88900000 27.05200000 27.00500000 26.93000000 27.05900000 27.10500000 27.16200000 27.26600000
27.83300000 27.83300000 27.83300000 27.83300000 27.83300000 27.83300000 27.83300000 27.83300000 27.83300000 27.83300000 27.83300000 27.83300000 27.83300000 27.83300000 27.83300000 27.83300000 27.83300000 27.83300000 27.83300000 27.83300000 25.47100000 25.53700000 26.91400000 27.03800000 26.91800000 27.00200000 26.98200000 27.00000000 27.07200000 27.18900000
27.83300000 27.83300000 27.83300000 27.83300000 27.83300000 27.83300000 27.83300000 27.83300000 27.83300000 27.83300000 27.83300000 27.83300000 27.83300000 27.83300000 27.83300000 27.83300000 27.83300000 27.83300000 27.83300000 27.83300000 27.83300000 25.25100000 26.72400000 26.86800000 26.88100000 26.96800000 26.90000000 26.74300000 26.80700000 27.24900000
27.83300000 27.83300000 27.83300000 27.83300000 27.83300000 27.83300000 27.83300000 27.83300000 27.83300000 27.83300000 27.83300000 27.83300000 27.83300000 27.83300000 27.83300000 27.83300000 27.83300000 27.83300000 27.83300000 27.83300000 27.83300000 25.19000000 26.33100000 26.72300000 26.85800000 26.78300000 26.74700000 26.69600000 26.60900000 26.96200000
27.83300000 27.83300000 27.83300000 27.83300000 27.83300000 27.83300000 27.83300000 27.83300000 27.83300000 27.83300000 27.83300000 27.83300000 27.83300000 27.83300000 27.83300000 27.83300000 27.83300000 27.83300000 27.83300000 27.83300000 27.83300000 27.83300000 25.99400000 26.41500000 26.46500000 26.49800000 26.58400000 26.61900000 26.89100000 27.27900000
27.83300000 27.83300000 27.83300000 27.83300000 27.83300000 27.83300000 27.83300000 27.83300000 27.83300000 27.83300000 27.83300000 27.83300000 27.83300000 27.83300000 27.83300000 27.83300000 27.83300000 27.83300000 27.83300000 27.83300000 27.83300000 27.83300000 27.83300000 26.24100000 26.61800000 26.70100000 26.70300000 26.81300000 27.27100000 27.27700000
25.48600000 25.31800000 25.53200000 25.27000000 24.85000000 25.38600000 25.47200000 25.49100000 25.42500000 25.33700000 25.31900000 25.29800000 25.14600000 24.29600000 24.20100000 25.22100000 25.53900000 25.49300000 25.35200000 25.24400000 25.29900000 25.18300000 25.09700000 24.73300000 24.18700000 23.76400000 24.08500000 24.24300000 24.25900000 24.63100000
25.19400000 25.24400000 25.33700000 24.74300000 25.22300000 25.37300000 25.32900000 25.27900000 25.28700000 25.24600000 25.22000000 25.02800000 24.04600000 24.30000000 24.58100000 25.31600000 25.45100000 25.21400000 25.24100000 25.21800000 25.12500000 25.01400000 24.69200000 24.31300000 23.67100000 24.41000000 24.57100000 24.80700000 25.19800000 25.04300000
25.12000000 25.25500000 25.33000000 24.90200000 25.14900000 25.28000000 25.22000000 25.14900000 25.06600000 24.96600000 24.51600000 23.82400000 24.15800000 24.69000000 24.75100000 25.51000000 25.32400000 25.21400000 25.19300000 25.10000000 25.03800000 24.87400000 24.20400000 25.07300000 25.55400000 25.37200000 25.35500000 24.96900000 24.87100000 24.97300000
24.59800000 25.05300000 25.27600000 25.42500000 24.33900000 25.02100000 24.88200000 24.26100000 23.99500000 24.21900000 24.51600000 24.74600000 24.82600000 24.86900000 25.16200000 25.59300000 25.24600000 25.13900000 25.00800000 24.76400000 24.57400000 25.42900000 25.75500000 25.76100000 25.69700000 25.31400000 25.28700000 25.22200000 25.19400000 25.29100000
24.34200000 24.09800000 25.11600000 25.26500000 25.40100000 24.74900000 24.12900000 24.05100000 24.19700000 24.78900000 24.86500000 25.03000000 25.27800000 25.43300000 25.58400000 25.64100000 25.17900000 24.96800000 24.78900000 25.21100000 25.71200000 25.55500000 25.59300000 25.57500000 25.70400000 25.76300000 25.68000000 25.15800000 25.00400000 25.17200000
23.83200000 23.91100000 24.84500000 25.28900000 25.40300000 25.31200000 25.44700000 25.45400000 25.46000000 25.46800000 25.41000000 25.41400000 25.51400000 25.66400000 25.77900000 25.61400000 25.29400000 24.87300000 25.46300000 25.59400000 25.50400000 25.29600000 25.11800000 25.13900000 25.32000000 25.70500000 25.97300000 25.80900000 25.01700000 25.09200000
23.68000000 23.80900000 24.43800000 24.83600000 25.46300000 25.61500000 25.50300000 25.46400000 25.48500000 25.45900000 25.63800000 25.59300000 25.56900000 25.67100000 25.74300000 25.62000000 25.55000000 25.24800000 25.56900000 25.45100000 25.36100000 25.02000000 24.79400000 24.97000000 25.28800000 25.76400000 26.23100000 26.08500000 25.88700000 25.25100000
23.24000000 23.28100000 24.51700000 24.33300000 24.89900000 25.46300000 25.95000000 25.54900000 25.60600000 25.70600000 25.77700000 25.69500000 25.68700000 25.73700000 25.79000000 25.63900000 25.69600000 25.61200000 25.48500000 25.47400000 25.38700000 25.26500000 25.25200000 25.36200000 25.75000000 26.34100000 26.67600000 26.38300000 25.79000000 25.98200000
21.41200000 23.00500000 23.90300000 24.28700000 24.39700000 24.48600000 24.89200000 26.10800000 25.96100000 25.60900000 25.51900000 25.61200000 25.66900000 25.73000000 25.70300000 25.64100000 25.74900000 25.77600000 25.82600000 25.83000000 25.81300000 25.86100000 25.95200000 26.47500000 26.72100000 26.62200000 26.59500000 26.42200000 25.82500000 26.02100000
20.05700000 20.89900000 23.32600000 23.99100000 23.67700000 24.15200000 23.93100000 24.54000000 25.91600000 26.33900000 26.44900000 25.97200000 25.55200000 25.62600000 25.69700000 25.65600000 25.65300000 25.72300000 25.70900000 26.55100000 26.21400000 26.28200000 26.26900000 26.24500000 26.19200000 26.25200000 26.51700000 26.13500000 25.84500000 26.04100000
22.27000000 27.83300000 19.93200000 20.69300000 23.47200000 23.41400000 23.67300000 23.96700000 24.30400000 25.78700000 26.20500000 26.52700000 26.51300000 25.71600000 25.60000000 25.60000000 25.57500000 26.40100000 26.47200000 26.62700000 26.32200000 26.06700000 26.28600000 26.39200000 26.47900000 26.46900000 26.11700000 25.87500000 26.16100000 26.15200000
27.83300000 27.83300000 27.83300000 27.83300000 20.52000000 21.28900000 23.05300000 23.39400000 23.37400000 24.10700000 25.52700000 25.40400000 25.62300000 25.89000000 25.92600000 25.96600000 25.99500000 26.05200000 26.33500000 26.57300000 25.95500000 26.27200000 26.16200000 26.36100000 26.48300000 26.20400000 26.20700000 26.03700000 26.18900000 26.19600000
27.83300000 27.83300000 27.83300000 27.83300000 27.83300000 20.18500000 20.18100000 20.34600000 21.89900000 22.63400000 24.02600000 25.24700000 24.94200000 24.16400000 24.13800000 24.55000000 24.49300000 24.95600000 26.14500000 26.67300000 25.87400000 26.10200000 26.09000000 26.24400000 26.33700000 26.65800000 26.35200000 26.33800000 26.36900000 26.24300000
27.83300000 27.83300000 27.83300000 27.83300000 27.83300000 27.83300000 27.83300000 21.27800000 20.25700000 20.22000000 20.65400000 23.62200000 23.87900000 23.86000000 23.07900000 23.43200000 24.20000000 24.79200000 25.91000000 26.67900000 26.51800000 25.95400000 26.10800000 26.09500000 26.21200000 26.72000000 26.84300000 26.34700000 26.29800000 26.17600000
27.83300000 27.83300000 27.83300000 27.83300000 27.83300000 27.83300000 27.83300000 27.83300000 27.83300000 27.83300000 27.83300000 27.83300000 27.83300000 27.83300000 27.83300000 22.11800000 23.95000000 24.44800000 25.58200000 26.58600000 26.69000000 26.71700000 26.47000000 26.35200000 26.29100000 26.81600000 26.82200000 26.90800000 26.29300000 26.26200000
27.83300000 27.83300000 27.83300000 27.83300000 27.83300000 27.83300000 27.83300000 27.83300000 27.83300000 27.83300000 27.83300000 27.83300000 27.83300000 27.83300000 27.83300000 27.83300000 23.56100000 23.92100000 25.06700000 25.25300000 26.72500000 26.69400000 26.73900000 26.80600000 26.51400000 26.92700000 26.86500000 26.89500000 26.94500000 26.68700000
27.83300000 27.83300000 27.83300000 27.83300000 27.83300000 27.83300000 27.83300000 27.83300000 27.83300000 27.83300000 27.83300000 27.83300000 27.83300000 27.83300000 27.83300000 27.83300000 27.83300000 21.69800000 24.81000000 25.32100000 24.84500000 26.77000000 26.74800000 26.81100000 26.68200000 27.01900000 26.97300000 26.87100000 26.93900000 27.03000000
27.83300000 27.83300000 27.83300000 27.83300000 27.83300000 27.83300000 27.83300000 27.83300000 27.83300000 27.83300000 27.83300000 27.83300000 27.83300000 27.83300000 27.83300000 27.83300000 27.83300000 27.83300000 27.83300000 24.99800000 25.40800000 26.42300000 26.72400000 26.79600000 26.81700000 27.03200000 27.08800000 27.01700000 26.93000000 27.03400000
27.83300000 27.83300000 27.83300000 27.83300000 27.83300000 27.83300000 27.83300000 27.83300000 27.83300000 27.83300000 27.83300000 27.83300000 27.83300000 27.83300000 27.83300000 27.83300000 27.83300000 27.83300000 27.83300000 27.83300000 24.22000000 26.74500000 26.67300000 26.62400000 26.93900000 27.03300000 26.97100000 27.06400000 26.96000000 27.07700000
27.83300000 27.83300000 27.83300000 27.83300000 27.83300000 27.83300000 27.83300000 27.83300000 27.83300000 27.83300000 27.83300000 27.83300000 27.83300000 27.83300000 27.83300000 27.83300000 27.83300000 27.83300000 27.83300000 27.83300000 23.44900000 26.84600000 26.64800000 26.74600000 27.07800000 27.11900000 27.14300000 26.97700000 27.03400000 27.16500000
27.83300000 27.83300000 27.83300000 27.83300000 27.83300000 27.83300000 27.83300000 27.83300000 27.83300000 27.83300000 27.83300000 27.83300000 27.83300000 27.83300000 27.83300000 27.83300000 27.83300000 27.83300000 27.83300000 27.83300000 23.79200000 26.88000000 26.70600000 26.86800000 27.16300000 26.92900000 27.06000000 27.19600000 27.07000000 27.14800000
27.83300000 27.83300000 27.83300000 27.83300000 27.83300000 27.83300000 27.83300000 27.83300000 27.83300000 27.83300000 27.83300000 27.83300000 27.83300000 27.83300000 27.83300000 27.83300000 27.83300000 27.83300000 27.83300000 27.83300000 24.10100000 26.75400000 26.88900000 27.05200000 27.00900000 26.93500000 27.06700000 27.11600000 27.17100000 27.27400000
27.83300000 27.83300000 27.83300000 27.83300000 27.83300000 27.83300000 27.83300000 27.83300000 27.83300000 27.83300000 27.83300000 27.83300000 27.83300000 27.83300000 27.83300000 27.83300000 27.83300000 27.83300000 27.83300000 27.83300000 27.83300000 24.86300000 26.91500000 27.03900000 26.92000000 27.00800000 26.98600000 27.00500000 27.07900000 27.19600000
27.83300000 27.83300000 27.83300000 27.83300000 27.83300000 27.83300000 27.83300000 27.83300000 27.83300000 27.83300000 27.83300000 27.83300000 27.83300000 27.83300000 27.83300000 27.83300000 27.83300000 27.83300000 27.83300000 27.83300000 27.83300000 25.08000000 26.72600000 26.86900000 26.88100000 26.97200000 26.91100000 26.75200000 26.81100000 27.25500000
27.83300000 27.83300000 27.83300000 27.83300000 27.83300000 27.83300000 27.83300000 27.83300000 27.83300000 27.83300000 27.83300000 27.83300000 27.83300000 27.83300000 27.83300000 27.83300000 27.83300000 27.83300000 27.83300000 27.83300000 27.83300000 27.83300000 26.33400000 26.72300000 26.85800000 26.78700000 26.75800000 26.70500000 26.61400000 26.96400000
27.83300000 27.83300000 27.83300000 27.83300000 27.83300000 27.83300000 27.83300000 27.83300000 27.83300000 27.83300000 27.83300000 27.83300000 27.83300000 27.83300000 27.83300000 27.83300000 27.83300000 27.83300000 27.83300000 27.83300000 27.83300000 27.83300000 25.99200000 26.41900000 26.45900000 26.49900000 26.59400000 26.62600000 26.89700000 27.28400000
27.83300000 27.83300000 27.83300000 27.83300000 27.83300000 27.83300000 27.83300000 27.83300000 27.83300000 27.83300000 27.83300000 27.83300000 27.83300000 27.83300000 27.83300000 27.83300000 27.83300000 27.83300000 27.83300000 27.83300000 27.83300000 27.83300000 27.83300000 26.20100000 26.62200000 26.70400000 26.70500000 26.81000000 27.29100000 27.27800000
