 25.41700000  25.25100000  25.49400000  25.23700000  24.83800000  25.36500000  25.42900000  25.47800000  25.39500000  25.30800000  25.28900000  25.27700000  25.09800000  24.25400000  24.18700000  25.20300000  25.51100000  25.46200000  25.28800000  25.22800000  25.27900000  25.16800000  25.08100000  24.71600000  24.17400000  23.75100000  24.07100000  24.23100000  24.23000000  24.61300000
 25.19100000  25.23500000  25.33400000  24.72000000  25.22500000  25.36500000  25.32300000  25.27000000  25.28000000  25.23800000  25.21800000  25.02600000  24.04800000  24.30200000  24.57400000  25.31400000  25.43800000  25.20800000  25.23300000  25.20700000  25.12100000  25.01000000  24.68500000  24.31000000  23.67100000  24.42200000  24.58300000  24.81900000  25.18500000  25.03100000
 25.12900000  25.25400000  25.32700000  24.88700000  25.15400000  25.27600000  25.21400000  25.14500000  25.05900000  24.95800000  24.52300000  23.82600000  24.15800000  24.69100000  24.75400000  25.50800000  25.31400000  25.20900000  25.18600000  25.09000000  25.03100000  24.86700000  24.20300000  25.11600000  25.55100000  25.35600000  25.34000000  24.94800000  24.85900000  24.96000000
 24.55900000  25.04800000  25.27200000  25.41700000  24.33200000  25.01900000  24.87600000  24.25700000  23.99400000  24.21900000  24.51400000  24.74400000  24.82500000  24.87200000  25.17100000  25.59300000  25.23300000  25.13600000  24.99800000  24.75000000  24.56400000  25.44900000  25.74400000  25.75200000  25.68700000  25.29900000  25.27600000  25.21200000  25.18200000  25.28400000
 24.27100000  23.99500000  25.12000000  25.25700000  25.38900000  24.74200000  24.12600000  24.04700000  24.19300000  24.78900000  24.86400000  25.03000000  25.27800000  25.43400000  25.58500000  25.64100000  25.16400000  24.96800000  24.77900000  25.23800000  25.69800000  25.54200000  25.57900000  25.56700000  25.69800000  25.76300000  25.67800000  25.14700000  24.99800000  25.16300000
 23.80400000  23.75700000  24.84600000  25.27600000  25.39600000  25.30600000  25.43700000  25.45300000  25.45800000  25.46400000  25.40500000  25.40800000  25.50400000  25.65700000  25.77500000  25.61200000  25.27800000  24.87000000  25.46800000  25.58100000  25.50000000  25.28000000  25.11000000  25.13200000  25.31600000  25.70300000  25.96400000  25.79900000  25.00700000  25.08400000
 23.64600000  23.61600000  24.43000000  24.82200000  25.45400000  25.61700000  25.50200000  25.46300000  25.48500000  25.45800000  25.63400000  25.58200000  25.55800000  25.66200000  25.73700000  25.61200000  25.53600000  25.24000000  25.56400000  25.44700000  25.35000000  25.00900000  24.78600000  24.96200000  25.28200000  25.76100000  26.22700000  26.07400000  25.87700000  25.21300000
 23.52400000  23.74900000  24.44200000  24.35500000  24.90200000  25.47200000  25.95000000  25.54600000  25.60800000  25.70400000  25.76600000  25.68200000  25.67800000  25.72600000  25.77800000  25.62500000  25.68200000  25.59700000  25.47300000  25.46500000  25.37800000  25.25500000  25.24500000  25.35500000  25.75200000  26.34500000  26.66500000  26.37100000  25.78100000  25.90000000
 23.31300000  23.57700000  23.90000000  24.28400000  24.39700000  24.48500000  24.90100000  26.10900000  25.97000000  25.61200000  25.51100000  25.60100000  25.65900000  25.71900000  25.68900000  25.62600000  25.73000000  25.76000000  25.81100000  25.81700000  25.80500000  25.85400000  25.94900000  26.48900000  26.69600000  26.59900000  26.57900000  26.40900000  25.81400000  26.00900000
 23.14300000  22.67900000  23.46900000  24.00300000  23.68500000  24.17700000  23.94900000  24.57200000  25.94400000  26.33500000  26.43800000  25.94900000  25.53700000  25.61500000  25.68200000  25.64000000  25.64000000  25.70900000  25.69300000  26.53100000  26.19500000  26.26700000  26.25100000  26.22500000  26.18300000  26.24300000  26.50500000  26.12900000  25.83700000  26.02700000
 24.09600000  23.66400000  23.74000000  23.59100000  23.54500000  23.45800000  23.67900000  23.93700000  24.34100000  25.82100000  26.20500000  26.52700000  26.48800000  25.69600000  25.59200000  25.58700000  25.56300000  26.39100000  26.46000000  26.61200000  26.32200000  26.05600000  26.27600000  26.37800000  26.46900000  26.45900000  26.10800000  25.87200000  26.15200000  26.14100000
 27.83300000  27.83300000  27.83300000  23.92000000  23.31400000  23.14000000  23.33600000  23.35400000  23.35800000  24.16200000  25.57000000  25.41200000  25.66900000  25.89500000  25.92700000  25.96900000  25.99300000  26.06100000  26.31800000  26.55900000  25.94100000  26.26200000  26.15000000  26.35500000  26.47400000  26.19300000  26.19200000  26.03300000  26.17500000  26.18200000
 27.83300000  27.83300000  27.83300000  27.83300000  23.68000000  23.48900000  23.32300000  23.04000000  23.26000000  23.29300000  24.09000000  25.31100000  24.96500000  24.22600000  24.19600000  24.58000000  24.49200000  24.94700000  26.13200000  26.66500000  25.86900000  26.09500000  26.08500000  26.22700000  26.32200000  26.64600000  26.34000000  26.32700000  26.35500000  26.23500000
 27.83300000  27.83300000  27.83300000  27.83300000  27.83300000  27.83300000  24.45200000  24.22600000  23.50500000  23.21800000  23.30700000  23.70300000  23.92700000  23.93000000  23.27300000  23.58700000  24.25900000  24.80300000  25.90300000  26.67900000  26.52400000  25.94600000  26.09600000  26.07700000  26.19400000  26.70400000  26.82600000  26.32700000  26.28800000  26.17100000
 27.83300000  27.83300000  27.83300000  27.83300000  27.83300000  27.83300000  27.83300000  27.83300000  27.83300000  27.83300000  27.83300000  27.83300000  23.48200000  23.28800000  23.15200000  23.62600000  24.01400000  24.67300000  25.60500000  26.59400000  26.68100000  26.70700000  26.47100000  26.34500000  26.27500000  26.79600000  26.80000000  26.88800000  26.27400000  26.25100000
 27.83300000  27.83300000  27.83300000  27.83300000  27.83300000  27.83300000  27.83300000  27.83300000  27.83300000  27.83300000  27.83300000  27.83300000  27.83300000  27.83300000  27.83300000  23.72000000  24.01100000  24.83000000  25.13600000  25.43800000  26.72300000  26.68800000  26.73100000  26.79400000  26.50500000  26.91200000  26.84700000  26.88300000  26.93500000  26.67500000
 27.83300000  27.83300000  27.83300000  27.83300000  27.83300000  27.83300000  27.83300000  27.83300000  27.83300000  27.83300000  27.83300000  27.83300000  27.83300000  27.83300000  27.83300000  27.83300000  24.01900000  24.33700000  25.07400000  25.38100000  24.95600000  26.76300000  26.74100000  26.79800000  26.68300000  27.01500000  26.96500000  26.86700000  26.93400000  27.02600000
 27.83300000  27.83300000  27.83300000  27.83300000  27.83300000  27.83300000  27.83300000  27.83300000  27.83300000  27.83300000  27.83300000  27.83300000  27.83300000  27.83300000  27.83300000  27.83300000  27.83300000  27.83300000  23.84100000  25.08000000  25.42500000  26.43900000  26.71600000  26.78800000  26.82500000  27.03100000  27.08800000  27.01200000  26.92200000  27.02500000
 27.83300000  27.83300000  27.83300000  27.83300000  27.83300000  27.83300000  27.83300000  27.83300000  27.83300000  27.83300000  27.83300000  27.83300000  27.83300000  27.83300000  27.83300000  27.83300000  27.83300000  27.83300000  27.83300000  25.18000000  24.24100000  26.74000000  26.66900000  26.62000000  26.94400000  27.03300000  26.97000000  27.06000000  26.95200000  27.07000000
 27.83300000  27.83300000  27.83300000  27.83300000  27.83300000  27.83300000  27.83300000  27.83300000  27.83300000  27.83300000  27.83300000  27.83300000  27.83300000  27.83300000  27.83300000  27.83300000  27.83300000  27.83300000  27.83300000  25.61600000  24.97200000  26.83800000  26.64100000  26.75400000  27.07600000  27.10700000  27.13300000  26.97600000  27.02400000  27.15800000
 27.83300000  27.83300000  27.83300000  27.83300000  27.83300000  27.83300000  27.83300000  27.83300000  27.83300000  27.83300000  27.83300000  27.83300000  27.83300000  27.83300000  27.83300000  27.83300000  27.83300000  27.83300000  27.83300000  25.55900000  25.49800000  26.88200000  26.70800000  26.87700000  27.15800000  26.92300000  27.06300000  27.18300000  27.06000000  27.13900000
 27.83300000  27.83300000  27.83300000  27.83300000  27.83300000  27.83300000  27.83300000  27.83300000  27.83300000  27.83300000  27.83300000  27.83300000  27.83300000  27.83300000  27.83300000  27.83300000  27.83300000  27.83300000  27.83300000  25.05300000  24.62800000  26.76600000  26.89200000  27.06100000  27.00000000  26.93700000  27.06000000  27.10600000  27.16200000  27.26700000
 27.83300000  27.83300000  27.83300000  27.83300000  27.83300000  27.83300000  27.83300000  27.83300000  27.83300000  27.83300000  27.83300000  27.83300000  27.83300000  27.83300000  27.83300000  27.83300000  27.83300000  27.83300000  27.83300000  27.83300000  25.49400000  25.59700000  26.92600000  27.04200000  26.92100000  27.00400000  26.98300000  26.99900000  27.07100000  27.18600000
 27.83300000  27.83300000  27.83300000  27.83300000  27.83300000  27.83300000  27.83300000  27.83300000  27.83300000  27.83300000  27.83300000  27.83300000  27.83300000  27.83300000  27.83300000  27.83300000  27.83300000  27.83300000  27.83300000  27.83300000  27.83300000  25.27400000  26.74100000  26.87400000  26.88600000  26.97100000  26.90000000  26.74300000  26.81100000  27.25300000
 27.83300000  27.83300000  27.83300000  27.83300000  27.83300000  27.83300000  27.83300000  27.83300000  27.83300000  27.83300000  27.83300000  27.83300000  27.83300000  27.83300000  27.83300000  27.83300000  27.83300000  27.83300000  27.83300000  27.83300000  27.83300000  25.20300000  26.34200000  26.73200000  26.86300000  26.78200000  26.74900000  26.69500000  26.61000000  26.96700000
 27.83300000  27.83300000  27.83300000  27.83300000  27.83300000  27.83300000  27.83300000  27.83300000  27.83300000  27.83300000  27.83300000  27.83300000  27.83300000  27.83300000  27.83300000  27.83300000  27.83300000  27.83300000  27.83300000  27.83300000  27.83300000  27.83300000  26.01100000  26.41400000  26.48200000  26.50900000  26.59100000  26.62400000  26.89500000  27.28200000
 27.83300000  27.83300000  27.83300000  27.83300000  27.83300000  27.83300000  27.83300000  27.83300000  27.83300000  27.83300000  27.83300000  27.83300000  27.83300000  27.83300000  27.83300000  27.83300000  27.83300000  27.83300000  27.83300000  27.83300000  27.83300000  27.83300000  27.83300000  26.23300000  26.61300000  26.70000000  26.70100000  26.81700000  27.28400000  27.28500000
 25.47700000  25.31300000  25.53000000  25.26000000  24.85500000  25.38700000  25.46400000  25.48800000  25.42200000  25.33600000  25.31800000  25.29700000  25.14600000  24.30500000  24.20200000  25.21900000  25.53400000  25.48600000  25.34800000  25.24200000  25.29900000  25.17800000  25.09600000  24.73300000  24.18800000  23.76100000  24.08400000  24.24200000  24.26600000  24.62800000
 25.19700000  25.24300000  25.34000000  24.72900000  25.23000000  25.37200000  25.33000000  25.27700000  25.28700000  25.24700000  25.22500000  25.03400000  24.05600000  24.30800000  24.58000000  25.32100000  25.44800000  25.21700000  25.24100000  25.21600000  25.13200000  25.01700000  24.69000000  24.31900000  23.67500000  24.43100000  24.59400000  24.82700000  25.20400000  25.04700000
 25.12900000  25.25900000  25.33300000  24.89300000  25.15900000  25.28100000  25.22000000  25.15200000  25.06700000  24.96600000  24.53300000  23.82700000  24.16000000  24.69600000  24.75800000  25.51500000  25.32300000  25.21700000  25.19400000  25.10100000  25.03800000  24.87300000  24.20500000  25.12200000  25.56000000  25.36800000  25.35200000  24.96200000  24.87200000  24.96800000
 24.58000000  25.05200000  25.27800000  25.42700000  24.33700000  25.02500000  24.88200000  24.26300000  23.99700000  24.22200000  24.51600000  24.74800000  24.82900000  24.87600000  25.17500000  25.60000000  25.23900000  25.14100000  25.00700000  24.75900000  24.57600000  25.45700000  25.75000000  25.75900000  25.69700000  25.31100000  25.28800000  25.22200000  25.19500000  25.29300000
 24.33900000  24.13200000  25.12600000  25.26700000  25.40200000  24.74600000  24.12900000  24.05100000  24.19500000  24.79300000  24.86800000  25.03400000  25.28200000  25.43900000  25.59000000  25.64500000  25.16900000  24.97100000  24.78400000  25.24600000  25.70600000  25.55500000  25.59200000  25.57300000  25.70400000  25.77200000  25.68700000  25.15600000  25.00400000  25.17200000
 23.83800000  23.92600000  24.85100000  25.28900000  25.40600000  25.31400000  25.44500000  25.45900000  25.46300000  25.46900000  25.41100000  25.41500000  25.51300000  25.66400000  25.78100000  25.61700000  25.28500000  24.87500000  25.47500000  25.58800000  25.50800000  25.28800000  25.11800000  25.14000000  25.32100000  25.71000000  25.97600000  25.80800000  25.01700000  25.09400000
 23.66400000  23.70400000  24.43500000  24.82900000  25.46300000  25.62400000  25.50700000  25.46800000  25.48900000  25.46300000  25.64300000  25.59100000  25.56700000  25.67100000  25.74500000  25.62100000  25.54500000  25.24800000  25.57200000  25.45200000  25.35900000  25.01900000  24.79700000  24.97300000  25.29200000  25.77000000  26.23900000  26.08800000  25.88600000  25.25200000
 23.23700000  23.43700000  24.50300000  24.34400000  24.90100000  25.47500000  25.95700000  25.55100000  25.61100000  25.71000000  25.77700000  25.69400000  25.68800000  25.73700000  25.78900000  25.63800000  25.69400000  25.60900000  25.48500000  25.47400000  25.38800000  25.26600000  25.25600000  25.36600000  25.76200000  26.35600000  26.67900000  26.38500000  25.78900000  25.98200000
 21.40900000  23.36400000  23.90300000  24.28200000  24.39700000  24.48900000  24.89800000  26.11100000  25.97500000  25.61700000  25.52000000  25.61200000  25.66900000  25.73100000  25.70200000  25.64000000  25.74500000  25.77200000  25.82400000  25.83000000  25.81700000  25.86600000  25.96000000  26.49900000  26.70900000  26.61100000  26.59300000  26.42400000  25.82600000  26.01800000
 20.05200000  20.88800000  23.25000000  23.99100000  23.66800000  24.16300000  23.93300000  24.55900000  25.94200000  26.34200000  26.44900000  25.96100000  25.55000000  25.62800000  25.69600000  25.65300000  25.65300000  25.72300000  25.70700000  26.54200000  26.20700000  26.27700000  26.26100000  26.23600000  26.19500000  26.25400000  26.51600000  26.13900000  25.84600000  26.03800000
 22.25700000  27.83300000  19.81500000  20.70200000  23.44800000  23.42600000  23.67100000  23.96400000  24.31500000  25.81800000  26.21000000  26.53600000  26.50000000  25.70600000  25.60300000  25.60100000  25.57700000  26.40700000  26.47300000  26.62400000  26.33500000  26.06700000  26.28700000  26.38900000  26.47900000  26.46800000  26.11600000  25.87800000  26.16100000  26.15200000
 27.83300000  27.83300000  27.83300000  27.83300000  20.46500000  21.14200000  23.01900000  23.42200000  23.39100000  24.12500000  25.55300000  25.39900000  25.64400000  25.89100000  25.93100000  25.97400000  25.99800000  26.07100000  26.33200000  26.57800000  25.95200000  26.27100000  26.16100000  26.36700000  26.48700000  26.20200000  26.20300000  26.04000000  26.18600000  26.19400000
 27.83300000  27.83300000  27.83300000  27.83300000  27.83300000  20.13200000  20.19400000  20.38500000  21.87500000  22.57300000  24.02700000  25.26800000  24.92300000  24.17100000  24.16900000  24.54800000  24.50100000  24.96200000  26.14200000  26.67700000  25.87500000  26.10200000  26.09200000  26.24000000  26.33600000  26.66000000  26.35400000  26.33800000  26.36700000  26.24400000
 27.83300000  27.83300000  27.83300000  27.83300000  27.83300000  27.83300000  27.83300000  21.18600000  20.27500000  20.22800000  20.73400000  23.61200000  23.89800000  23.87900000  23.09300000  23.43900000  24.19400000  24.80600000  25.90400000  26.68500000  26.53600000  25.95500000  26.10700000  26.09300000  26.20900000  26.71900000  26.84200000  26.34700000  26.30000000  26.17700000
 27.83300000  27.83300000  27.83300000  27.83300000  27.83300000  27.83300000  27.83300000  27.83300000  27.83300000  27.83300000  27.83300000  27.83300000  27.83300000  27.83300000  27.83300000  22.05800000  23.95300000  24.52400000  25.58000000  26.59700000  26.69000000  26.71500000  26.48400000  26.36000000  26.28800000  26.81400000  26.82000000  26.90500000  26.28900000  26.25900000
 27.83300000  27.83300000  27.83300000  27.83300000  27.83300000  27.83300000  27.83300000  27.83300000  27.83300000  27.83300000  27.83300000  27.83300000  27.83300000  27.83300000  27.83300000  27.83300000  23.56300000  23.93600000  25.07600000  25.23500000  26.72800000  26.69800000  26.74100000  26.80700000  26.51600000  26.92800000  26.86300000  26.89500000  26.94500000  26.68700000
 27.83300000  27.83300000  27.83300000  27.83300000  27.83300000  27.83300000  27.83300000  27.83300000  27.83300000  27.83300000  27.83300000  27.83300000  27.83300000  27.83300000  27.83300000  27.83300000  27.83300000  21.62300000  24.92200000  25.35000000  24.89200000  26.77200000  26.75100000  26.80900000  26.69100000  27.02400000  26.97400000  26.87500000  26.94200000  27.03400000
 27.83300000  27.83300000  27.83300000  27.83300000  27.83300000  27.83300000  27.83300000  27.83300000  27.83300000  27.83300000  27.83300000  27.83300000  27.83300000  27.83300000  27.83300000  27.83300000  27.83300000  27.83300000  27.83300000  25.00700000  25.41100000  26.44600000  26.72600000  26.79300000  26.82700000  27.03500000  27.09200000  27.01800000  26.93100000  27.03600000
 27.83300000  27.83300000  27.83300000  27.83300000  27.83300000  27.83300000  27.83300000  27.83300000  27.83300000  27.83300000  27.83300000  27.83300000  27.83300000  27.83300000  27.83300000  27.83300000  27.83300000  27.83300000  27.83300000  27.83300000  24.20700000  26.75200000  26.67600000  26.62400000  26.94700000  27.03700000  26.97400000  27.06600000  26.96100000  27.08000000
 27.83300000  27.83300000  27.83300000  27.83300000  27.83300000  27.83300000  27.83300000  27.83300000  27.83300000  27.83300000  27.83300000  27.83300000  27.83300000  27.83300000  27.83300000  27.83300000  27.83300000  27.83300000  27.83300000  27.83300000  23.43200000  26.84500000  26.64700000  26.75600000  27.08200000  27.11500000  27.14000000  26.98200000  27.03400000  27.16600000
 27.83300000  27.83300000  27.83300000  27.83300000  27.83300000  27.83300000  27.83300000  27.83300000  27.83300000  27.83300000  27.83300000  27.83300000  27.83300000  27.83300000  27.83300000  27.83300000  27.83300000  27.83300000  27.83300000  27.83300000  23.82100000  26.88500000  26.71000000  26.87800000  27.16400000  26.92800000  27.06900000  27.19400000  27.07000000  27.14900000
 27.83300000  27.83300000  27.83300000  27.83300000  27.83300000  27.83300000  27.83300000  27.83300000  27.83300000  27.83300000  27.83300000  27.83300000  27.83300000  27.83300000  27.83300000  27.83300000  27.83300000  27.83300000  27.83300000  27.83300000  24.08900000  26.76600000  26.89300000  27.06300000  27.00500000  26.94300000  27.06800000  27.11700000  27.17200000  27.27500000
 27.83300000  27.83300000  27.83300000  27.83300000  27.83300000  27.83300000  27.83300000  27.83300000  27.83300000  27.83300000  27.83300000  27.83300000  27.83300000  27.83300000  27.83300000  27.83300000  27.83300000  27.83300000  27.83300000  27.83300000  27.83300000  24.92700000  26.92600000  27.04300000  26.92300000  27.01200000  26.98700000  27.00600000  27.08000000  27.19400000
 27.83300000  27.83300000  27.83300000  27.83300000  27.83300000  27.83300000  27.83300000  27.83300000  27.83300000  27.83300000  27.83300000  27.83300000  27.83300000  27.83300000  27.83300000  27.83300000  27.83300000  27.83300000  27.83300000  27.83300000  27.83300000  25.08900000  26.74300000  26.87500000  26.88600000  26.97600000  26.91000000  26.75200000  26.81700000  27.25900000
 27.83300000  27.83300000  27.83300000  27.83300000  27.83300000  27.83300000  27.83300000  27.83300000  27.83300000  27.83300000  27.83300000  27.83300000  27.83300000  27.83300000  27.83300000  27.83300000  27.83300000  27.83300000  27.83300000  27.83300000  27.83300000  27.83300000  26.34600000  26.73200000  26.86300000  26.78700000  26.76200000  26.70400000  26.61600000  26.97000000
 27.83300000  27.83300000  27.83300000  27.83300000  27.83300000  27.83300000  27.83300000  27.83300000  27.83300000  27.83300000  27.83300000  27.83300000  27.83300000  27.83300000  27.83300000  27.83300000  27.83300000  27.83300000  27.83300000  27.83300000  27.83300000  27.83300000  26.01000000  26.41800000  26.47500000  26.51000000  26.59900000  26.63100000  26.90400000  27.28800000
 27.83300000  27.83300000  27.83300000  27.83300000  27.83300000  27.83300000  27.83300000  27.83300000  27.83300000  27.83300000  27.83300000  27.83300000  27.83300000  27.83300000  27.83300000  27.83300000  27.83300000  27.83300000  27.83300000  27.83300000  27.83300000  27.83300000  27.83300000  26.20700000  26.61800000  26.70400000  26.70500000  26.81600000  27.30800000  27.28900000
