36.99900000 36.94800000 36.95800000 36.94300000 36.98900000 37.17700000 37.25900000 37.26800000 37.24400000 37.21000000 37.14000000 37.02400000 36.89400000 36.67200000 36.59200000 36.84900000 36.98300000 37.01300000 37.00800000 37.06200000 37.02100000 37.00300000 36.88500000 36.68200000 36.53600000 36.27400000 36.47900000 36.42900000 36.37100000 36.45800000
36.98700000 37.01700000 36.92000000 36.95300000 37.17000000 37.22500000 37.21400000 37.19500000 37.17100000 37.11000000 37.01100000 36.89500000 36.59900000 36.67200000 36.79500000 36.95500000 37.08400000 36.99400000 37.08300000 37.04900000 36.99600000 36.90700000 36.76900000 36.64800000 36.40900000 36.68700000 36.74100000 36.84300000 37.03700000 37.03100000
37.02700000 36.94800000 36.88200000 36.96500000 37.14100000 37.17200000 37.14500000 37.09800000 37.03000000 36.96700000 36.82000000 36.44200000 36.60700000 36.86900000 36.84600000 37.04200000 37.05400000 36.99000000 37.04400000 37.00000000 36.92700000 36.85000000 36.62000000 36.99900000 37.12000000 37.03900000 37.06300000 36.93900000 36.89700000 36.86600000
36.58800000 37.00000000 36.87400000 36.92400000 36.78600000 37.06900000 36.99300000 36.70000000 36.51700000 36.69700000 36.84300000 36.91400000 36.89300000 36.88100000 36.90500000 37.12000000 36.99400000 36.96100000 36.95700000 36.85000000 36.73900000 37.13000000 37.25000000 37.25400000 37.20000000 37.01500000 37.04500000 37.02800000 36.99200000 36.92800000
36.43900000 36.03000000 37.00800000 36.84800000 36.91500000 36.94300000 36.64300000 36.58200000 36.70600000 36.95300000 36.90900000 36.89900000 36.92100000 36.94100000 36.97900000 37.13000000 36.95300000 36.86800000 36.80000000 37.02900000 37.23200000 37.22300000 37.22300000 37.20600000 37.23100000 37.26000000 37.19900000 36.89100000 36.74500000 36.68100000
36.26000000 35.61800000 36.97000000 37.03900000 36.95500000 36.81300000 36.90300000 36.93900000 36.93500000 36.90000000 36.85000000 36.85000000 36.89900000 36.98800000 37.04100000 37.07800000 37.01300000 36.85000000 37.12900000 37.20700000 37.20400000 37.12700000 37.06000000 37.06300000 37.15000000 37.21700000 37.28100000 37.25300000 36.73800000 36.56500000
35.99800000 35.33400000 36.77700000 36.93100000 37.14100000 37.09100000 36.93000000 36.88500000 36.87800000 36.86900000 36.99800000 36.99600000 36.99600000 37.01800000 37.03600000 37.05500000 37.15100000 37.04900000 37.16200000 37.19100000 37.13900000 37.02400000 36.94500000 36.99300000 37.14200000 37.21600000 37.31000000 37.31500000 37.27000000 36.65700000
35.41000000 35.70800000 36.58900000 36.70100000 36.91100000 37.14600000 37.21900000 36.90900000 36.93500000 36.97900000 37.01500000 36.98200000 37.01200000 37.04800000 37.06100000 37.08500000 37.22600000 37.17600000 37.13200000 37.17200000 37.16100000 37.10800000 37.11000000 37.15600000 37.21100000 37.32900000 37.45400000 37.39800000 37.26800000 37.21600000
35.36600000 35.84600000 36.38300000 36.60100000 36.77600000 36.63700000 36.94000000 37.33600000 37.19000000 36.94800000 36.88300000 36.93300000 36.95100000 37.02100000 37.00900000 37.11200000 37.22700000 37.24000000 37.24900000 37.25100000 37.24900000 37.24100000 37.18200000 37.37500000 37.46500000 37.45600000 37.46700000 37.42300000 37.28300000 37.26700000
35.31300000 35.23400000 35.68300000 36.44700000 36.27600000 36.66000000 36.29800000 36.83400000 37.32300000 37.38100000 37.40700000 37.13400000 36.94300000 36.96200000 36.94700000 37.00400000 37.11300000 37.10100000 37.00800000 37.41200000 37.33200000 37.37700000 37.36900000 37.36500000 37.37500000 37.39500000 37.45500000 37.33200000 37.26000000 37.25800000
34.67700000 34.80600000 34.90300000 34.97900000 36.08400000 36.13700000 36.25700000 36.13700000 36.68600000 37.27300000 37.34500000 37.42200000 37.36400000 37.00000000 36.98900000 37.00700000 36.99200000 37.38300000 37.34500000 37.36600000 37.33100000 37.31200000 37.38800000 37.38200000 37.41100000 37.41600000 37.32300000 37.27000000 37.31200000 37.22000000
37.59700000 37.59700000 37.59700000 35.05600000 35.41200000 35.72100000 35.88200000 35.98300000 35.69400000 36.54500000 37.21800000 37.14000000 37.21800000 37.24200000 37.23300000 37.23800000 37.25700000 37.28100000 37.31100000 37.35800000 37.25200000 37.35800000 37.29900000 37.27600000 37.32400000 37.31200000 37.32100000 37.27100000 37.29900000 37.19600000
37.59700000 37.59700000 37.59700000 37.59700000 35.22500000 35.27600000 35.47100000 35.51500000 35.64400000 35.66600000 36.55600000 37.16800000 37.00400000 36.56800000 36.58400000 36.84500000 36.63100000 36.70400000 37.24800000 37.37500000 37.21500000 37.27500000 37.24800000 37.22000000 37.28800000 37.37100000 37.34700000 37.36300000 37.38100000 37.20200000
37.59700000 37.59700000 37.59700000 37.59700000 37.59700000 37.59700000 35.29200000 35.34800000 35.44700000 35.49800000 35.66900000 36.35200000 36.45400000 36.45300000 36.17500000 36.32000000 36.71400000 36.56200000 37.17600000 37.36000000 37.34700000 37.18900000 37.20900000 37.19300000 37.28200000 37.37400000 37.46200000 37.34400000 37.36000000 37.22100000
37.59700000 37.59700000 37.59700000 37.59700000 37.59700000 37.59700000 37.59700000 37.59700000 37.59700000 37.59700000 37.59700000 37.59700000 35.69000000 35.86600000 36.14300000 36.15300000 36.36400000 36.35700000 37.10700000 37.31800000 37.35600000 37.37300000 37.32600000 37.28900000 37.30800000 37.37900000 37.41300000 37.49400000 37.32600000 37.35000000
37.59700000 37.59700000 37.59700000 37.59700000 37.59700000 37.59700000 37.59700000 37.59700000 37.59700000 37.59700000 37.59700000 37.59700000 37.59700000 37.59700000 37.59700000 36.04000000 36.18500000 36.26100000 36.80500000 36.95000000 37.34200000 37.41500000 37.40000000 37.40300000 37.36100000 37.36300000 37.40700000 37.49500000 37.51600000 37.44500000
37.59700000 37.59700000 37.59700000 37.59700000 37.59700000 37.59700000 37.59700000 37.59700000 37.59700000 37.59700000 37.59700000 37.59700000 37.59700000 37.59700000 37.59700000 37.59700000 36.00500000 36.20800000 36.67300000 37.07200000 37.02800000 37.34400000 37.41300000 37.41400000 37.36400000 37.33300000 37.38300000 37.36600000 37.47200000 37.55600000
37.59700000 37.59700000 37.59700000 37.59700000 37.59700000 37.59700000 37.59700000 37.59700000 37.59700000 37.59700000 37.59700000 37.59700000 37.59700000 37.59700000 37.59700000 37.59700000 37.59700000 37.59700000 36.04700000 36.75200000 37.03100000 37.19500000 37.43200000 37.42100000 37.31300000 37.33800000 37.37400000 37.37500000 37.37800000 37.44400000
37.59700000 37.59700000 37.59700000 37.59700000 37.59700000 37.59700000 37.59700000 37.59700000 37.59700000 37.59700000 37.59700000 37.59700000 37.59700000 37.59700000 37.59700000 37.59700000 37.59700000 37.59700000 37.59700000 36.60400000 36.80100000 37.32800000 37.43300000 37.40600000 37.32300000 37.37100000 37.34200000 37.38200000 37.32400000 37.35700000
37.59700000 37.59700000 37.59700000 37.59700000 37.59700000 37.59700000 37.59700000 37.59700000 37.59700000 37.59700000 37.59700000 37.59700000 37.59700000 37.59700000 37.59700000 37.59700000 37.59700000 37.59700000 37.59700000 36.84900000 36.80400000 37.33900000 37.42800000 37.33200000 37.37500000 37.40400000 37.42400000 37.35200000 37.35500000 37.33600000
37.59700000 37.59700000 37.59700000 37.59700000 37.59700000 37.59700000 37.59700000 37.59700000 37.59700000 37.59700000 37.59700000 37.59700000 37.59700000 37.59700000 37.59700000 37.59700000 37.59700000 37.59700000 37.59700000 36.74400000 36.83200000 37.34600000 37.38600000 37.30100000 37.40800000 37.38700000 37.40100000 37.43100000 37.35600000 37.34200000
37.59700000 37.59700000 37.59700000 37.59700000 37.59700000 37.59700000 37.59700000 37.59700000 37.59700000 37.59700000 37.59700000 37.59700000 37.59700000 37.59700000 37.59700000 37.59700000 37.59700000 37.59700000 37.59700000 36.34100000 36.72100000 37.31000000 37.32700000 37.37800000 37.36800000 37.38100000 37.37200000 37.37400000 37.41900000 37.38200000
37.59700000 37.59700000 37.59700000 37.59700000 37.59700000 37.59700000 37.59700000 37.59700000 37.59700000 37.59700000 37.59700000 37.59700000 37.59700000 37.59700000 37.59700000 37.59700000 37.59700000 37.59700000 37.59700000 37.59700000 36.68700000 36.85200000 37.35900000 37.37800000 37.36700000 37.34300000 37.32200000 37.31400000 37.33400000 37.33300000
37.59700000 37.59700000 37.59700000 37.59700000 37.59700000 37.59700000 37.59700000 37.59700000 37.59700000 37.59700000 37.59700000 37.59700000 37.59700000 37.59700000 37.59700000 37.59700000 37.59700000 37.59700000 37.59700000 37.59700000 37.59700000 36.73700000 37.27900000 37.33000000 37.34100000 37.33500000 37.31800000 37.30300000 37.28100000 37.30700000
37.59700000 37.59700000 37.59700000 37.59700000 37.59700000 37.59700000 37.59700000 37.59700000 37.59700000 37.59700000 37.59700000 37.59700000 37.59700000 37.59700000 37.59700000 37.59700000 37.59700000 37.59700000 37.59700000 37.59700000 37.59700000 36.53300000 37.12700000 37.27400000 37.32300000 37.30800000 37.29400000 37.27300000 37.25000000 37.26200000
37.59700000 37.59700000 37.59700000 37.59700000 37.59700000 37.59700000 37.59700000 37.59700000 37.59700000 37.59700000 37.59700000 37.59700000 37.59700000 37.59700000 37.59700000 37.59700000 37.59700000 37.59700000 37.59700000 37.59700000 37.59700000 37.59700000 36.82800000 37.11100000 37.19200000 37.18200000 37.20400000 37.21100000 37.28300000 37.30400000
37.59700000 37.59700000 37.59700000 37.59700000 37.59700000 37.59700000 37.59700000 37.59700000 37.59700000 37.59700000 37.59700000 37.59700000 37.59700000 37.59700000 37.59700000 37.59700000 37.59700000 37.59700000 37.59700000 37.59700000 37.59700000 37.59700000 37.59700000 36.83000000 37.18000000 37.20100000 37.21900000 37.24800000 37.29000000 37.29500000
36.99100000 36.94700000 36.95700000 36.94200000 36.98800000 37.17600000 37.25800000 37.26700000 37.24200000 37.21000000 37.14200000 37.02400000 36.89500000 36.67200000 36.59200000 36.84700000 36.98200000 37.01200000 37.00700000 37.06100000 37.02000000 37.00400000 36.88400000 36.67900000 36.53500000 36.27300000 36.47900000 36.42800000 36.37000000 36.45900000
36.98600000 37.01600000 36.91800000 36.95200000 37.16900000 37.22300000 37.21300000 37.19400000 37.17000000 37.10900000 37.01000000 36.89400000 36.59900000 36.67000000 36.79400000 36.95300000 37.08300000 36.99200000 37.08200000 37.04800000 36.99700000 36.90700000 36.76800000 36.64700000 36.40800000 36.68600000 36.74100000 36.84200000 37.03700000 37.03000000
37.02600000 36.94700000 36.88100000 36.96500000 37.14000000 37.17100000 37.14400000 37.09700000 37.02900000 36.96600000 36.82000000 36.44200000 36.60500000 36.86800000 36.84500000 37.04000000 37.05300000 36.98800000 37.04300000 36.99900000 36.92600000 36.84900000 36.62000000 36.99800000 37.11900000 37.03800000 37.06200000 36.93800000 36.89600000 36.86500000
36.57700000 36.99900000 36.87300000 36.92300000 36.78500000 37.06800000 36.99200000 36.70000000 36.51500000 36.69600000 36.84200000 36.91300000 36.89200000 36.88000000 36.90400000 37.11800000 36.99300000 36.96000000 36.95600000 36.84900000 36.73800000 37.12900000 37.24800000 37.25300000 37.20000000 37.01400000 37.04500000 37.02800000 36.99200000 36.92800000
36.45000000 36.09400000 37.00700000 36.84700000 36.91400000 36.94300000 36.64200000 36.58100000 36.70400000 36.95100000 36.90800000 36.89700000 36.92000000 36.93900000 36.97800000 37.12900000 36.95200000 36.86700000 36.79900000 37.02700000 37.23100000 37.22200000 37.22300000 37.20600000 37.23000000 37.26000000 37.20000000 36.89100000 36.74400000 36.68100000
36.26200000 35.79900000 36.96800000 37.03700000 36.95400000 36.81200000 36.90200000 36.93800000 36.93400000 36.89900000 36.84900000 36.84800000 36.89800000 36.98700000 37.04000000 37.07700000 37.01300000 36.84900000 37.12700000 37.20500000 37.20300000 37.12700000 37.05900000 37.06200000 37.14900000 37.21600000 37.27900000 37.25200000 36.73900000 36.56400000
36.01500000 35.36400000 36.77700000 36.93000000 37.13900000 37.09000000 36.92900000 36.88400000 36.87700000 36.86800000 36.99700000 36.99500000 36.99400000 37.01700000 37.03500000 37.05300000 37.15000000 37.04800000 37.16100000 37.18900000 37.13800000 37.02300000 36.94400000 36.99300000 37.14100000 37.21500000 37.30900000 37.31300000 37.26900000 36.68900000
35.62200000 35.69600000 36.59200000 36.69800000 36.90900000 37.14500000 37.21800000 36.90800000 36.93300000 36.97700000 37.01400000 36.98000000 37.01100000 37.04700000 37.05900000 37.08300000 37.22400000 37.17600000 37.13100000 37.17000000 37.16000000 37.10700000 37.10900000 37.15500000 37.21000000 37.32700000 37.45200000 37.39700000 37.26700000 37.22900000
35.86100000 35.85200000 36.38100000 36.60300000 36.77500000 36.63800000 36.93800000 37.33500000 37.19000000 36.94800000 36.88200000 36.93200000 36.95000000 37.02000000 37.00800000 37.11100000 37.22600000 37.23900000 37.24800000 37.25000000 37.24800000 37.24000000 37.18100000 37.37400000 37.46400000 37.45500000 37.46600000 37.42100000 37.28200000 37.26600000
35.70500000 35.77400000 36.29100000 36.45300000 36.28400000 36.65800000 36.31200000 36.83200000 37.32100000 37.38000000 37.40600000 37.13400000 36.94300000 36.96200000 36.94700000 37.00400000 37.11300000 37.10000000 37.00700000 37.41100000 37.33000000 37.37500000 37.36800000 37.36400000 37.37400000 37.39400000 37.45400000 37.33000000 37.26000000 37.25700000
35.43900000 37.59700000 35.79600000 36.07100000 36.19500000 36.16400000 36.29300000 36.16900000 36.68600000 37.27200000 37.34400000 37.42200000 37.36400000 37.00000000 36.99000000 37.00700000 36.99200000 37.38300000 37.34400000 37.36500000 37.33000000 37.31100000 37.38700000 37.38100000 37.41000000 37.41400000 37.32200000 37.26900000 37.31100000 37.21900000
37.59700000 37.59700000 37.59700000 37.59700000 35.87700000 36.05600000 36.40300000 36.13600000 35.84900000 36.54100000 37.21600000 37.13800000 37.21300000 37.24100000 37.23200000 37.23800000 37.25500000 37.28000000 37.31000000 37.35700000 37.25100000 37.35700000 37.29800000 37.27500000 37.32300000 37.31100000 37.32000000 37.27000000 37.29800000 37.19500000
37.59700000 37.59700000 37.59700000 37.59700000 37.59700000 35.70700000 35.85000000 36.07400000 36.21700000 35.83600000 36.55200000 37.16200000 37.00500000 36.57800000 36.61800000 36.84300000 36.63600000 36.70100000 37.24700000 37.37400000 37.21400000 37.27400000 37.24700000 37.21900000 37.28700000 37.37000000 37.34600000 37.36200000 37.38000000 37.20100000
37.59700000 37.59700000 37.59700000 37.59700000 37.59700000 37.59700000 37.59700000 35.67400000 35.73200000 35.80800000 35.86400000 36.37700000 36.51900000 36.50300000 36.17600000 36.30900000 36.72200000 36.60300000 37.17500000 37.35800000 37.34500000 37.18800000 37.20800000 37.19200000 37.28100000 37.37300000 37.46100000 37.34400000 37.35800000 37.22000000
37.59700000 37.59700000 37.59700000 37.59700000 37.59700000 37.59700000 37.59700000 37.59700000 37.59700000 37.59700000 37.59700000 37.59700000 37.59700000 37.59700000 37.59700000 36.23600000 36.46100000 36.37600000 37.10100000 37.31700000 37.35500000 37.37200000 37.32500000 37.28900000 37.30700000 37.37800000 37.41200000 37.49300000 37.32500000 37.34900000
37.59700000 37.59700000 37.59700000 37.59700000 37.59700000 37.59700000 37.59700000 37.59700000 37.59700000 37.59700000 37.59700000 37.59700000 37.59700000 37.59700000 37.59700000 37.59700000 36.25400000 36.48900000 36.79200000 36.90900000 37.34100000 37.41500000 37.40000000 37.40200000 37.36000000 37.36100000 37.40500000 37.49400000 37.51600000 37.44600000
37.59700000 37.59700000 37.59700000 37.59700000 37.59700000 37.59700000 37.59700000 37.59700000 37.59700000 37.59700000 37.59700000 37.59700000 37.59700000 37.59700000 37.59700000 37.59700000 37.59700000 36.39400000 36.66100000 37.06700000 37.02200000 37.34300000 37.41300000 37.41400000 37.36400000 37.33200000 37.38100000 37.36400000 37.47100000 37.55500000
37.59700000 37.59700000 37.59700000 37.59700000 37.59700000 37.59700000 37.59700000 37.59700000 37.59700000 37.59700000 37.59700000 37.59700000 37.59700000 37.59700000 37.59700000 37.59700000 37.59700000 37.59700000 37.59700000 36.72900000 37.02900000 37.19300000 37.43100000 37.42100000 37.31200000 37.33700000 37.37200000 37.37400000 37.37600000 37.44400000
37.59700000 37.59700000 37.59700000 37.59700000 37.59700000 37.59700000 37.59700000 37.59700000 37.59700000 37.59700000 37.59700000 37.59700000 37.59700000 37.59700000 37.59700000 37.59700000 37.59700000 37.59700000 37.59700000 37.59700000 36.82200000 37.32700000 37.43300000 37.40600000 37.32200000 37.37000000 37.34100000 37.38100000 37.32300000 37.35600000
37.59700000 37.59700000 37.59700000 37.59700000 37.59700000 37.59700000 37.59700000 37.59700000 37.59700000 37.59700000 37.59700000 37.59700000 37.59700000 37.59700000 37.59700000 37.59700000 37.59700000 37.59700000 37.59700000 37.59700000 36.64100000 37.33800000 37.42700000 37.33100000 37.37400000 37.40300000 37.42300000 37.35100000 37.35400000 37.33500000
37.59700000 37.59700000 37.59700000 37.59700000 37.59700000 37.59700000 37.59700000 37.59700000 37.59700000 37.59700000 37.59700000 37.59700000 37.59700000 37.59700000 37.59700000 37.59700000 37.59700000 37.59700000 37.59700000 37.59700000 36.61400000 37.34600000 37.38400000 37.30000000 37.40700000 37.38500000 37.39900000 37.43000000 37.35500000 37.34100000
37.59700000 37.59700000 37.59700000 37.59700000 37.59700000 37.59700000 37.59700000 37.59700000 37.59700000 37.59700000 37.59700000 37.59700000 37.59700000 37.59700000 37.59700000 37.59700000 37.59700000 37.59700000 37.59700000 37.59700000 36.74200000 37.30800000 37.32600000 37.37600000 37.36700000 37.38000000 37.37100000 37.37200000 37.41800000 37.38100000
37.59700000 37.59700000 37.59700000 37.59700000 37.59700000 37.59700000 37.59700000 37.59700000 37.59700000 37.59700000 37.59700000 37.59700000 37.59700000 37.59700000 37.59700000 37.59700000 37.59700000 37.59700000 37.59700000 37.59700000 37.59700000 36.73500000 37.35700000 37.37600000 37.36600000 37.34200000 37.32100000 37.31300000 37.33200000 37.33100000
37.59700000 37.59700000 37.59700000 37.59700000 37.59700000 37.59700000 37.59700000 37.59700000 37.59700000 37.59700000 37.59700000 37.59700000 37.59700000 37.59700000 37.59700000 37.59700000 37.59700000 37.59700000 37.59700000 37.59700000 37.59700000 36.72400000 37.27800000 37.32900000 37.34000000 37.33400000 37.31700000 37.30200000 37.28000000 37.30500000
37.59700000 37.59700000 37.59700000 37.59700000 37.59700000 37.59700000 37.59700000 37.59700000 37.59700000 37.59700000 37.59700000 37.59700000 37.59700000 37.59700000 37.59700000 37.59700000 37.59700000 37.59700000 37.59700000 37.59700000 37.59700000 37.59700000 37.12500000 37.27300000 37.32200000 37.30700000 37.29400000 37.27200000 37.24900000 37.26200000
37.59700000 37.59700000 37.59700000 37.59700000 37.59700000 37.59700000 37.59700000 37.59700000 37.59700000 37.59700000 37.59700000 37.59700000 37.59700000 37.59700000 37.59700000 37.59700000 37.59700000 37.59700000 37.59700000 37.59700000 37.59700000 37.59700000 36.82300000 37.11000000 37.19000000 37.18100000 37.20400000 37.21000000 37.28000000 37.30300000
37.59700000 37.59700000 37.59700000 37.59700000 37.59700000 37.59700000 37.59700000 37.59700000 37.59700000 37.59700000 37.59700000 37.59700000 37.59700000 37.59700000 37.59700000 37.59700000 37.59700000 37.59700000 37.59700000 37.59700000 37.59700000 37.59700000 37.59700000 36.81800000 37.17800000 37.20000000 37.21900000 37.24700000 37.29200000 37.29400000
