 25.41000000  25.25200000  25.48700000  25.21600000  24.84800000  25.39200000  25.42500000  25.46000000  25.38200000  25.30100000  25.28800000  25.28100000  25.09900000  24.26300000  24.18900000  25.19400000  25.50800000  25.44700000  25.28400000  25.21900000  25.27900000  25.16600000  25.06600000  24.71500000  24.17300000  23.74400000  24.06300000  24.23200000  24.24400000  24.60800000
 25.17800000  25.22400000  25.33200000  24.67800000  25.22600000  25.35200000  25.31700000  25.25800000  25.27100000  25.23000000  25.21300000  25.02000000  24.04800000  24.30500000  24.56400000  25.31400000  25.42000000  25.20300000  25.22400000  25.19400000  25.12100000  25.00500000  24.66900000  24.30500000  23.66600000  24.45100000  24.62200000  24.85000000  25.19200000  25.03400000
 25.13700000  25.25000000  25.32300000  24.85700000  25.15700000  25.26600000  25.20500000  25.14100000  25.05300000  24.95000000  24.52900000  23.81800000  24.15200000  24.69200000  24.76300000  25.50600000  25.30200000  25.20400000  25.18200000  25.08700000  25.02300000  24.85400000  24.19600000  25.20900000  25.55200000  25.34000000  25.32500000  24.93400000  24.85600000  24.94900000
 24.57500000  25.03200000  25.26400000  25.41000000  24.31800000  25.01400000  24.86200000  24.24400000  23.98700000  24.21400000  24.50500000  24.73800000  24.82000000  24.87600000  25.18500000  25.59100000  25.21600000  25.12900000  24.98800000  24.73300000  24.55800000  25.49000000  25.72200000  25.73300000  25.68100000  25.28600000  25.26800000  25.20300000  25.17300000  25.27900000
 24.23400000  23.98300000  25.11700000  25.25100000  25.38300000  24.73200000  24.11400000  24.03600000  24.18000000  24.78400000  24.85900000  25.02500000  25.27700000  25.43700000  25.58700000  25.63600000  25.13500000  24.95700000  24.75600000  25.30300000  25.67200000  25.53600000  25.56800000  25.54800000  25.68100000  25.77100000  25.68400000  25.13300000  24.98700000  25.15100000
 23.81700000  23.74900000  24.83400000  25.25800000  25.39700000  25.30000000  25.42100000  25.45100000  25.45500000  25.45300000  25.39300000  25.40000000  25.49600000  25.65100000  25.76700000  25.60600000  25.25300000  24.86700000  25.48000000  25.55800000  25.49600000  25.25900000  25.10000000  25.12200000  25.30800000  25.70200000  25.96200000  25.79000000  24.99900000  25.08100000
 23.59900000  23.61400000  24.41200000  24.79300000  25.44100000  25.62800000  25.49800000  25.45800000  25.48000000  25.45400000  25.63500000  25.57000000  25.54500000  25.65500000  25.73000000  25.60500000  25.51700000  25.23500000  25.56100000  25.43900000  25.33800000  24.99800000  24.78200000  24.96300000  25.28200000  25.76500000  26.23700000  26.06900000  25.86400000  25.20500000
 23.50800000  23.75800000  24.45800000  24.34200000  24.86200000  25.48200000  25.95300000  25.53800000  25.60500000  25.69900000  25.76000000  25.67500000  25.67300000  25.71800000  25.76800000  25.62000000  25.67300000  25.58500000  25.46600000  25.45600000  25.37100000  25.25000000  25.24500000  25.35500000  25.77100000  26.37200000  26.66400000  26.36900000  25.76900000  25.91700000
 23.29800000  23.54500000  23.89400000  24.25400000  24.37500000  24.46400000  24.87800000  26.09900000  25.99400000  25.61700000  25.50300000  25.59100000  25.64900000  25.71100000  25.68000000  25.62000000  25.71800000  25.74600000  25.80100000  25.81300000  25.81000000  25.85600000  25.96600000  26.52700000  26.66200000  26.56900000  26.56500000  26.40500000  25.80900000  25.99600000
 23.13700000  22.62000000  23.41200000  23.97700000  23.65500000  24.15700000  23.94100000  24.58000000  25.97300000  26.32500000  26.42800000  25.92000000  25.52700000  25.61300000  25.67100000  25.62700000  25.63500000  25.70000000  25.68400000  26.49800000  26.16900000  26.24600000  26.22600000  26.19800000  26.17900000  26.23600000  26.49600000  26.12400000  25.83100000  26.01800000
 24.09500000  23.65600000  23.67100000  23.53700000  23.52700000  23.44700000  23.65200000  23.91600000  24.32600000  25.83500000  26.20000000  26.53100000  26.44800000  25.66400000  25.58900000  25.58000000  25.56100000  26.39300000  26.45500000  26.59600000  26.33400000  26.04500000  26.27000000  26.36100000  26.45700000  26.44700000  26.09500000  25.86200000  26.14000000  26.13100000
 27.83300000  27.83300000  27.83300000  23.91400000  23.28300000  23.13100000  23.32200000  23.33300000  23.33600000  24.16100000  25.57300000  25.37100000  25.69100000  25.87700000  25.93400000  25.97400000  25.99900000  26.09400000  26.30800000  26.56200000  25.92600000  26.24800000  26.13500000  26.35800000  26.47500000  26.18000000  26.17600000  26.02300000  26.15800000  26.17100000
 27.83300000  27.83300000  27.83300000  27.83300000  23.66800000  23.48400000  23.31100000  23.03000000  23.24900000  23.27400000  24.06200000  25.31000000  24.89400000  24.19300000  24.16800000  24.54600000  24.47700000  24.94900000  26.11900000  26.66000000  25.85700000  26.08300000  26.07900000  26.21300000  26.31700000  26.64300000  26.34900000  26.31500000  26.33800000  26.22500000
 27.83300000  27.83300000  27.83300000  27.83300000  27.83300000  27.83300000  24.43800000  24.20200000  23.48300000  23.20200000  23.29100000  23.66400000  23.88300000  23.88400000  23.22900000  23.54600000  24.20600000  24.78100000  25.87000000  26.67500000  26.54600000  25.93700000  26.08600000  26.06900000  26.18400000  26.69800000  26.81800000  26.32400000  26.28400000  26.16400000
 27.83300000  27.83300000  27.83300000  27.83300000  27.83300000  27.83300000  27.83300000  27.83300000  27.83300000  27.83300000  27.83300000  27.83300000  23.42500000  23.23500000  23.05800000  23.57200000  23.96800000  24.64700000  25.57500000  26.60300000  26.66900000  26.69200000  26.49100000  26.35000000  26.26200000  26.78900000  26.79500000  26.88000000  26.26200000  26.23600000
 27.83300000  27.83300000  27.83300000  27.83300000  27.83300000  27.83300000  27.83300000  27.83300000  27.83300000  27.83300000  27.83300000  27.83300000  27.83300000  27.83300000  27.83300000  23.65000000  23.95900000  24.80900000  25.11400000  25.39600000  26.71100000  26.68200000  26.72100000  26.78400000  26.50300000  26.90600000  26.83500000  26.87300000  26.92500000  26.66900000
 27.83300000  27.83300000  27.83300000  27.83300000  27.83300000  27.83300000  27.83300000  27.83300000  27.83300000  27.83300000  27.83300000  27.83300000  27.83300000  27.83300000  27.83300000  27.83300000  23.92200000  24.29100000  25.04900000  25.32800000  24.99000000  26.75500000  26.73400000  26.78100000  26.69000000  27.01000000  26.95300000  26.85900000  26.92800000  27.02400000
 27.83300000  27.83300000  27.83300000  27.83300000  27.83300000  27.83300000  27.83300000  27.83300000  27.83300000  27.83300000  27.83300000  27.83300000  27.83300000  27.83300000  27.83300000  27.83300000  27.83300000  27.83300000  23.80900000  25.04500000  25.40100000  26.44500000  26.70700000  26.76700000  26.82900000  27.02000000  27.07900000  27.00000000  26.91100000  27.01600000
 27.83300000  27.83300000  27.83300000  27.83300000  27.83300000  27.83300000  27.83300000  27.83300000  27.83300000  27.83300000  27.83300000  27.83300000  27.83300000  27.83300000  27.83300000  27.83300000  27.83300000  27.83300000  27.83300000  25.19500000  24.19600000  26.74300000  26.66600000  26.61100000  26.94700000  27.02500000  26.96200000  27.05000000  26.94600000  27.06400000
 27.83300000  27.83300000  27.83300000  27.83300000  27.83300000  27.83300000  27.83300000  27.83300000  27.83300000  27.83300000  27.83300000  27.83300000  27.83300000  27.83300000  27.83300000  27.83300000  27.83300000  27.83300000  27.83300000  25.60000000  25.00800000  26.82500000  26.63200000  26.76000000  27.07200000  27.08700000  27.11900000  26.97300000  27.02000000  27.15300000
 27.83300000  27.83300000  27.83300000  27.83300000  27.83300000  27.83300000  27.83300000  27.83300000  27.83300000  27.83300000  27.83300000  27.83300000  27.83300000  27.83300000  27.83300000  27.83300000  27.83300000  27.83300000  27.83300000  25.54000000  25.51100000  26.87700000  26.70100000  26.88000000  27.14300000  26.90900000  27.06800000  27.16900000  27.05400000  27.13000000
 27.83300000  27.83300000  27.83300000  27.83300000  27.83300000  27.83300000  27.83300000  27.83300000  27.83300000  27.83300000  27.83300000  27.83300000  27.83300000  27.83300000  27.83300000  27.83300000  27.83300000  27.83300000  27.83300000  25.06200000  24.67700000  26.76500000  26.88400000  27.06500000  26.98500000  26.94400000  27.05200000  27.10100000  27.15200000  27.25900000
 27.83300000  27.83300000  27.83300000  27.83300000  27.83300000  27.83300000  27.83300000  27.83300000  27.83300000  27.83300000  27.83300000  27.83300000  27.83300000  27.83300000  27.83300000  27.83300000  27.83300000  27.83300000  27.83300000  27.83300000  25.48300000  25.63000000  26.93100000  27.03300000  26.91000000  26.99900000  26.97200000  26.99000000  27.06000000  27.17800000
 27.83300000  27.83300000  27.83300000  27.83300000  27.83300000  27.83300000  27.83300000  27.83300000  27.83300000  27.83300000  27.83300000  27.83300000  27.83300000  27.83300000  27.83300000  27.83300000  27.83300000  27.83300000  27.83300000  27.83300000  27.83300000  25.27200000  26.74700000  26.86800000  26.87800000  26.96100000  26.88800000  26.72900000  26.80400000  27.24600000
 27.83300000  27.83300000  27.83300000  27.83300000  27.83300000  27.83300000  27.83300000  27.83300000  27.83300000  27.83300000  27.83300000  27.83300000  27.83300000  27.83300000  27.83300000  27.83300000  27.83300000  27.83300000  27.83300000  27.83300000  27.83300000  25.19500000  26.34600000  26.73100000  26.85500000  26.77400000  26.74700000  26.68200000  26.60100000  26.96600000
 27.83300000  27.83300000  27.83300000  27.83300000  27.83300000  27.83300000  27.83300000  27.83300000  27.83300000  27.83300000  27.83300000  27.83300000  27.83300000  27.83300000  27.83300000  27.83300000  27.83300000  27.83300000  27.83300000  27.83300000  27.83300000  27.83300000  26.00600000  26.39700000  26.50100000  26.51000000  26.58700000  26.62000000  26.91700000  27.27200000
 27.83300000  27.83300000  27.83300000  27.83300000  27.83300000  27.83300000  27.83300000  27.83300000  27.83300000  27.83300000  27.83300000  27.83300000  27.83300000  27.83300000  27.83300000  27.83300000  27.83300000  27.83300000  27.83300000  27.83300000  27.83300000  27.83300000  27.83300000  26.15100000  26.59200000  26.69000000  26.68200000  26.81400000  27.27000000  27.28300000
 25.46800000  25.30900000  25.52400000  25.23800000  24.86400000  25.39000000  25.45300000  25.47600000  25.40800000  25.33000000  25.31600000  25.29700000  25.14300000  24.31700000  24.20400000  25.21100000  25.52100000  25.47000000  25.34100000  25.23600000  25.29600000  25.17900000  25.09300000  24.73100000  24.19000000  23.75500000  24.07800000  24.24500000  24.27900000  24.62400000
 25.19500000  25.23600000  25.34400000  24.69400000  25.23800000  25.36500000  25.33000000  25.27100000  25.28400000  25.24400000  25.22600000  25.03500000  24.05800000  24.31600000  24.57500000  25.32800000  25.43700000  25.22000000  25.23800000  25.20700000  25.14100000  25.02100000  24.68100000  24.31800000  23.67700000  24.46300000  24.63400000  24.86200000  25.20900000  25.05300000
 25.13700000  25.26200000  25.33600000  24.86800000  25.16900000  25.27800000  25.21700000  25.15300000  25.06500000  24.96300000  24.54400000  23.82800000  24.16100000  24.70200000  24.77300000  25.52200000  25.31600000  25.22000000  25.19300000  25.10100000  25.03700000  24.86600000  24.20300000  25.22300000  25.56800000  25.35700000  25.34000000  24.95100000  24.87200000  24.96000000
 24.56700000  25.04300000  25.27600000  25.42600000  24.33000000  25.02700000  24.87500000  24.25600000  23.99700000  24.22400000  24.51400000  24.74900000  24.83000000  24.88600000  25.19500000  25.60600000  25.23000000  25.14000000  24.99900000  24.74500000  24.57300000  25.50400000  25.73400000  25.74600000  25.69700000  25.30300000  25.28400000  25.21800000  25.19000000  25.29300000
 24.27700000  24.10200000  25.13000000  25.26700000  25.39800000  24.73800000  24.12400000  24.04600000  24.19000000  24.79300000  24.87000000  25.03600000  25.28600000  25.44800000  25.59800000  25.64500000  25.14800000  24.96900000  24.76800000  25.31500000  25.68700000  25.55400000  25.58600000  25.56200000  25.69500000  25.78900000  25.69900000  25.14700000  25.00100000  25.16600000
 23.84800000  23.95100000  24.84900000  25.27600000  25.41100000  25.31300000  25.43500000  25.46200000  25.46600000  25.46700000  25.40700000  25.41300000  25.50800000  25.66300000  25.77800000  25.62000000  25.26600000  24.87900000  25.49200000  25.57100000  25.51000000  25.27300000  25.11300000  25.13500000  25.31900000  25.71500000  25.98000000  25.80300000  25.01300000  25.09500000
 23.64000000  23.67400000  24.42700000  24.80800000  25.45700000  25.64000000  25.51100000  25.47000000  25.49200000  25.46600000  25.64900000  25.58400000  25.55900000  25.66900000  25.74400000  25.61900000  25.53100000  25.24800000  25.57400000  25.45100000  25.35200000  25.01300000  24.79600000  24.97800000  25.29600000  25.77900000  26.25400000  26.08900000  25.88000000  25.25100000
 23.23500000  23.70100000  24.48700000  24.35100000  24.87400000  25.49200000  25.96600000  25.55000000  25.61700000  25.71300000  25.77600000  25.68900000  25.68800000  25.73300000  25.78300000  25.63400000  25.68800000  25.60000000  25.48200000  25.47000000  25.38600000  25.26600000  25.26100000  25.37000000  25.78500000  26.38900000  26.68200000  26.38800000  25.78200000  25.96200000
 21.40100000  23.54100000  23.90400000  24.27000000  24.38700000  24.47800000  24.88600000  26.10900000  26.00800000  25.63100000  25.51800000  25.60600000  25.66400000  25.72800000  25.69800000  25.63700000  25.73600000  25.76200000  25.81700000  25.82900000  25.82800000  25.87400000  25.98200000  26.54200000  26.67900000  26.58500000  26.58300000  26.42500000  25.82600000  26.01000000
 20.11600000  20.99100000  23.08700000  23.97800000  23.65800000  24.16200000  23.94000000  24.58500000  25.98200000  26.34100000  26.44600000  25.93400000  25.54500000  25.63000000  25.68900000  25.64500000  25.65300000  25.71700000  25.70100000  26.51300000  26.18500000  26.26200000  26.24300000  26.21500000  26.19600000  26.25100000  26.51200000  26.14000000  25.84600000  26.03400000
 22.22900000  27.83300000  19.77700000  20.79800000  23.39700000  23.44700000  23.66200000  23.96400000  24.32500000  25.84900000  26.21400000  26.54900000  26.46700000  25.68100000  25.60700000  25.59800000  25.57800000  26.41300000  26.47200000  26.61300000  26.35400000  26.06100000  26.28600000  26.37700000  26.47300000  26.46100000  26.11100000  25.87700000  26.15700000  26.14800000
 27.83300000  27.83300000  27.83300000  27.83300000  20.54400000  21.02300000  22.84100000  23.43000000  23.40400000  24.14700000  25.58100000  25.37800000  25.68600000  25.88400000  25.94500000  25.98700000  26.01100000  26.11600000  26.32500000  26.58300000  25.94300000  26.26400000  26.15100000  26.37400000  26.49100000  26.19400000  26.19400000  26.03800000  26.17600000  26.18700000
 27.83300000  27.83300000  27.83300000  27.83300000  27.83300000  20.11900000  20.30700000  20.51200000  21.79700000  22.41800000  24.02500000  25.29600000  24.88600000  24.18400000  24.20800000  24.53900000  24.49900000  24.98300000  26.13400000  26.67700000  25.87100000  26.09900000  26.09300000  26.22900000  26.33200000  26.66100000  26.36900000  26.33100000  26.35600000  26.24000000
 27.83300000  27.83300000  27.83300000  27.83300000  27.83300000  27.83300000  27.83300000  21.07200000  20.38300000  20.28600000  21.00800000  23.60000000  23.94600000  23.91000000  23.11800000  23.45000000  24.19000000  24.81600000  25.88100000  26.68900000  26.56600000  25.95200000  26.10300000  26.08600000  26.20100000  26.71600000  26.83600000  26.34600000  26.30100000  26.17300000
 27.83300000  27.83300000  27.83300000  27.83300000  27.83300000  27.83300000  27.83300000  27.83300000  27.83300000  27.83300000  27.83300000  27.83300000  27.83300000  27.83300000  27.83300000  21.90200000  23.95400000  24.61200000  25.57900000  26.61600000  26.68400000  26.70600000  26.51000000  26.36900000  26.28000000  26.80800000  26.81500000  26.89800000  26.28200000  26.25000000
 27.83300000  27.83300000  27.83300000  27.83300000  27.83300000  27.83300000  27.83300000  27.83300000  27.83300000  27.83300000  27.83300000  27.83300000  27.83300000  27.83300000  27.83300000  27.83300000  23.58900000  24.08500000  25.09200000  25.24100000  26.72300000  26.69800000  26.73800000  26.80200000  26.51600000  26.92700000  26.85500000  26.89100000  26.94100000  26.69000000
 27.83300000  27.83300000  27.83300000  27.83300000  27.83300000  27.83300000  27.83300000  27.83300000  27.83300000  27.83300000  27.83300000  27.83300000  27.83300000  27.83300000  27.83300000  27.83300000  27.83300000  21.58600000  25.00100000  25.33700000  24.98900000  26.77100000  26.75100000  26.80000000  26.70500000  27.02600000  26.97200000  26.87500000  26.94400000  27.03900000
 27.83300000  27.83300000  27.83300000  27.83300000  27.83300000  27.83300000  27.83300000  27.83300000  27.83300000  27.83300000  27.83300000  27.83300000  27.83300000  27.83300000  27.83300000  27.83300000  27.83300000  27.83300000  27.83300000  24.99300000  25.41400000  26.45900000  26.72500000  26.78200000  26.84000000  27.03300000  27.09300000  27.01500000  26.92600000  27.03300000
 27.83300000  27.83300000  27.83300000  27.83300000  27.83300000  27.83300000  27.83300000  27.83300000  27.83300000  27.83300000  27.83300000  27.83300000  27.83300000  27.83300000  27.83300000  27.83300000  27.83300000  27.83300000  27.83300000  27.83300000  24.18800000  26.76400000  26.67800000  26.62000000  26.96000000  27.03800000  26.97500000  27.06300000  26.95900000  27.07700000
 27.83300000  27.83300000  27.83300000  27.83300000  27.83300000  27.83300000  27.83300000  27.83300000  27.83300000  27.83300000  27.83300000  27.83300000  27.83300000  27.83300000  27.83300000  27.83300000  27.83300000  27.83300000  27.83300000  27.83300000  23.44800000  26.84100000  26.64100000  26.76800000  27.08300000  27.10100000  27.13500000  26.98500000  27.03400000  27.16300000
 27.83300000  27.83300000  27.83300000  27.83300000  27.83300000  27.83300000  27.83300000  27.83300000  27.83300000  27.83300000  27.83300000  27.83300000  27.83300000  27.83300000  27.83300000  27.83300000  27.83300000  27.83300000  27.83300000  27.83300000  23.87900000  26.88700000  26.71200000  26.88900000  27.15700000  26.91900000  27.08100000  27.18400000  27.06800000  27.14500000
 27.83300000  27.83300000  27.83300000  27.83300000  27.83300000  27.83300000  27.83300000  27.83300000  27.83300000  27.83300000  27.83300000  27.83300000  27.83300000  27.83300000  27.83300000  27.83300000  27.83300000  27.83300000  27.83300000  27.83300000  24.13500000  26.77700000  26.89700000  27.07400000  26.99600000  26.95600000  27.06500000  27.11700000  27.16800000  27.27200000
 27.83300000  27.83300000  27.83300000  27.83300000  27.83300000  27.83300000  27.83300000  27.83300000  27.83300000  27.83300000  27.83300000  27.83300000  27.83300000  27.83300000  27.83300000  27.83300000  27.83300000  27.83300000  27.83300000  27.83300000  27.83300000  24.88100000  26.94200000  27.04300000  26.92100000  27.01300000  26.98400000  27.00300000  27.07400000  27.19400000
 27.83300000  27.83300000  27.83300000  27.83300000  27.83300000  27.83300000  27.83300000  27.83300000  27.83300000  27.83300000  27.83300000  27.83300000  27.83300000  27.83300000  27.83300000  27.83300000  27.83300000  27.83300000  27.83300000  27.83300000  27.83300000  25.11200000  26.76000000  26.87900000  26.88800000  26.97200000  26.90400000  26.74500000  26.81600000  27.25800000
 27.83300000  27.83300000  27.83300000  27.83300000  27.83300000  27.83300000  27.83300000  27.83300000  27.83300000  27.83300000  27.83300000  27.83300000  27.83300000  27.83300000  27.83300000  27.83300000  27.83300000  27.83300000  27.83300000  27.83300000  27.83300000  27.83300000  26.36100000  26.74200000  26.86400000  26.78800000  26.76400000  26.69800000  26.61400000  26.97600000
 27.83300000  27.83300000  27.83300000  27.83300000  27.83300000  27.83300000  27.83300000  27.83300000  27.83300000  27.83300000  27.83300000  27.83300000  27.83300000  27.83300000  27.83300000  27.83300000  27.83300000  27.83300000  27.83300000  27.83300000  27.83300000  27.83300000  26.02400000  26.41000000  26.50900000  26.51900000  26.60300000  26.63500000  26.93900000  27.28800000
 27.83300000  27.83300000  27.83300000  27.83300000  27.83300000  27.83300000  27.83300000  27.83300000  27.83300000  27.83300000  27.83300000  27.83300000  27.83300000  27.83300000  27.83300000  27.83300000  27.83300000  27.83300000  27.83300000  27.83300000  27.83300000  27.83300000  27.83300000  26.15900000  26.60500000  26.70100000  26.69400000  26.82500000  27.30200000  27.30100000
