 25.40700000  25.25300000  25.48300000  25.20500000  24.85400000  25.39500000  25.42300000  25.44700000  25.37500000  25.29500000  25.28600000  25.28200000  25.09900000  24.25700000  24.19300000  25.19000000  25.50600000  25.44000000  25.28200000  25.21500000  25.27600000  25.16100000  25.05900000  24.71300000  24.17000000  23.74100000  24.05900000  24.23300000  24.25100000  24.60600000
 25.17100000  25.21700000  25.32700000  24.65100000  25.22200000  25.34000000  25.31000000  25.24900000  25.26200000  25.22200000  25.20500000  25.01000000  24.03200000  24.30100000  24.55600000  25.31100000  25.40600000  25.19800000  25.21600000  25.18300000  25.11900000  25.00000000  24.65600000  24.29600000  23.66200000  24.45900000  24.63600000  24.85800000  25.19000000  25.03100000
 25.14200000  25.24400000  25.31700000  24.83800000  25.15300000  25.25700000  25.19600000  25.13400000  25.04600000  24.94300000  24.51900000  23.81100000  24.14700000  24.68700000  24.76500000  25.50000000  25.29100000  25.19900000  25.17500000  25.08100000  25.01500000  24.84200000  24.19000000  25.25100000  25.55000000  25.33000000  25.31400000  24.92700000  24.85200000  24.94300000
 24.58300000  25.01900000  25.25500000  25.40400000  24.30900000  25.00800000  24.85100000  24.23300000  23.98300000  24.20900000  24.49800000  24.73100000  24.81300000  24.87400000  25.18700000  25.58400000  25.20400000  25.12000000  24.97800000  24.72100000  24.55200000  25.50700000  25.70600000  25.71900000  25.67700000  25.27900000  25.26100000  25.19600000  25.16500000  25.27400000
 24.23300000  23.96800000  25.10700000  25.24500000  25.37500000  24.72500000  24.10600000  24.02700000  24.17200000  24.77800000  24.85300000  25.01700000  25.27200000  25.43400000  25.58300000  25.62900000  25.11800000  24.94600000  24.73900000  25.33000000  25.65400000  25.53100000  25.55900000  25.53400000  25.66700000  25.77200000  25.68600000  25.12100000  24.97700000  25.14200000
 23.82200000  23.73700000  24.82000000  25.24300000  25.39500000  25.29400000  25.40900000  25.44700000  25.44900000  25.44300000  25.38300000  25.39200000  25.48800000  25.64400000  25.75900000  25.59800000  25.23700000  24.86300000  25.48100000  25.54200000  25.48700000  25.24600000  25.09000000  25.11100000  25.30000000  25.69700000  25.95900000  25.78300000  24.99200000  25.07700000
 23.57800000  23.60800000  24.40400000  24.77400000  25.42900000  25.63100000  25.49300000  25.45200000  25.47400000  25.44800000  25.63200000  25.56300000  25.53700000  25.64800000  25.72400000  25.59700000  25.50500000  25.22900000  25.55400000  25.43100000  25.32700000  24.98800000  24.77400000  24.96000000  25.27900000  25.76400000  26.23900000  26.06200000  25.85400000  25.19700000
 23.50400000  23.75400000  24.45300000  24.32500000  24.83000000  25.47900000  25.95200000  25.52900000  25.59900000  25.69400000  25.75400000  25.66800000  25.66700000  25.71000000  25.76100000  25.61500000  25.66700000  25.57700000  25.46000000  25.44800000  25.36400000  25.24600000  25.24300000  25.35200000  25.77700000  26.38400000  26.66100000  26.36500000  25.75900000  25.92500000
 23.29100000  23.50100000  23.88100000  24.23700000  24.36000000  24.44700000  24.85700000  26.08900000  26.00600000  25.61800000  25.49500000  25.58200000  25.64000000  25.70400000  25.67300000  25.61500000  25.71100000  25.73800000  25.79300000  25.80800000  25.81200000  25.85400000  25.97700000  26.53900000  26.64100000  26.55200000  26.55500000  26.40100000  25.80300000  25.98500000
 23.13500000  22.57900000  23.36500000  23.95600000  23.63500000  24.13500000  23.93000000  24.57300000  25.97600000  26.31400000  26.42100000  25.90500000  25.52000000  25.60900000  25.66300000  25.61800000  25.63200000  25.69200000  25.67700000  26.47600000  26.15200000  26.23100000  26.21000000  26.18300000  26.17500000  26.22800000  26.48800000  26.11600000  25.82600000  26.01200000
 24.09400000  23.63600000  23.63300000  23.49100000  23.50900000  23.43100000  23.62900000  23.89700000  24.30900000  25.82900000  26.19400000  26.52900000  26.42300000  25.64400000  25.58500000  25.57400000  25.55800000  26.38900000  26.45000000  26.58500000  26.33600000  26.03600000  26.26400000  26.34900000  26.44900000  26.43600000  26.08500000  25.85200000  26.13000000  26.12400000
 27.83300000  27.83300000  27.83300000  23.89700000  23.25400000  23.11000000  23.29900000  23.30900000  23.31400000  24.15100000  25.56000000  25.33900000  25.68800000  25.86300000  25.93800000  25.97200000  26.00000000  26.10900000  26.30100000  26.55900000  25.91600000  26.23900000  26.12300000  26.35700000  26.47000000  26.17000000  26.16400000  26.01500000  26.14700000  26.16300000
 27.83300000  27.83300000  27.83300000  27.83300000  23.64900000  23.46700000  23.28900000  23.00500000  23.22500000  23.25100000  24.03600000  25.29700000  24.85600000  24.17200000  24.14300000  24.52700000  24.46500000  24.95200000  26.10900000  26.65200000  25.84700000  26.07400000  26.07300000  26.20300000  26.31100000  26.63800000  26.35300000  26.30700000  26.32600000  26.21600000
 27.83300000  27.83300000  27.83300000  27.83300000  27.83300000  27.83300000  24.42500000  24.16700000  23.45400000  23.17800000  23.27100000  23.63200000  23.84600000  23.84800000  23.18300000  23.51600000  24.17200000  24.76900000  25.84600000  26.66900000  26.55000000  25.93000000  26.08100000  26.06400000  26.17800000  26.69300000  26.81200000  26.31900000  26.27800000  26.15700000
 27.83300000  27.83300000  27.83300000  27.83300000  27.83300000  27.83300000  27.83300000  27.83300000  27.83300000  27.83300000  27.83300000  27.83300000  23.39900000  23.20600000  23.01200000  23.51900000  23.92800000  24.62900000  25.55300000  26.60200000  26.65800000  26.68000000  26.49800000  26.35100000  26.25500000  26.78500000  26.79100000  26.87500000  26.25600000  26.22500000
 27.83300000  27.83300000  27.83300000  27.83300000  27.83300000  27.83300000  27.83300000  27.83300000  27.83300000  27.83300000  27.83300000  27.83300000  27.83300000  27.83300000  27.83300000  23.58700000  23.91000000  24.79100000  25.09300000  25.36100000  26.69800000  26.67500000  26.71400000  26.77500000  26.50000000  26.90100000  26.82800000  26.86600000  26.91700000  26.66500000
 27.83300000  27.83300000  27.83300000  27.83300000  27.83300000  27.83300000  27.83300000  27.83300000  27.83300000  27.83300000  27.83300000  27.83300000  27.83300000  27.83300000  27.83300000  27.83300000  23.85500000  24.24200000  25.02700000  25.30100000  25.00500000  26.74700000  26.72600000  26.76900000  26.69000000  27.00300000  26.94500000  26.85200000  26.92200000  27.02100000
 27.83300000  27.83300000  27.83300000  27.83300000  27.83300000  27.83300000  27.83300000  27.83300000  27.83300000  27.83300000  27.83300000  27.83300000  27.83300000  27.83300000  27.83300000  27.83300000  27.83300000  27.83300000  23.78700000  25.00500000  25.38100000  26.43000000  26.69900000  26.75200000  26.82500000  27.01100000  27.07000000  26.99100000  26.90100000  27.00800000
 27.83300000  27.83300000  27.83300000  27.83300000  27.83300000  27.83300000  27.83300000  27.83300000  27.83300000  27.83300000  27.83300000  27.83300000  27.83300000  27.83300000  27.83300000  27.83300000  27.83300000  27.83300000  27.83300000  25.19900000  24.15700000  26.74200000  26.66200000  26.60200000  26.94200000  27.01500000  26.95300000  27.03900000  26.93700000  27.05700000
 27.83300000  27.83300000  27.83300000  27.83300000  27.83300000  27.83300000  27.83300000  27.83300000  27.83300000  27.83300000  27.83300000  27.83300000  27.83300000  27.83300000  27.83300000  27.83300000  27.83300000  27.83300000  27.83300000  25.57900000  24.97200000  26.81500000  26.62500000  26.75600000  27.06400000  27.07100000  27.11100000  26.96300000  27.01500000  27.14700000
 27.83300000  27.83300000  27.83300000  27.83300000  27.83300000  27.83300000  27.83300000  27.83300000  27.83300000  27.83300000  27.83300000  27.83300000  27.83300000  27.83300000  27.83300000  27.83300000  27.83300000  27.83300000  27.83300000  25.51500000  25.48000000  26.86900000  26.69100000  26.87700000  27.12900000  26.89900000  27.06500000  27.15600000  27.04900000  27.12400000
 27.83300000  27.83300000  27.83300000  27.83300000  27.83300000  27.83300000  27.83300000  27.83300000  27.83300000  27.83300000  27.83300000  27.83300000  27.83300000  27.83300000  27.83300000  27.83300000  27.83300000  27.83300000  27.83300000  25.03800000  24.63600000  26.75500000  26.87600000  27.06000000  26.97300000  26.94200000  27.04500000  27.09500000  27.14400000  27.25200000
 27.83300000  27.83300000  27.83300000  27.83300000  27.83300000  27.83300000  27.83300000  27.83300000  27.83300000  27.83300000  27.83300000  27.83300000  27.83300000  27.83300000  27.83300000  27.83300000  27.83300000  27.83300000  27.83300000  27.83300000  25.45500000  25.60600000  26.92500000  27.02300000  26.90100000  26.99200000  26.96400000  26.98100000  27.05300000  27.17800000
 27.83300000  27.83300000  27.83300000  27.83300000  27.83300000  27.83300000  27.83300000  27.83300000  27.83300000  27.83300000  27.83300000  27.83300000  27.83300000  27.83300000  27.83300000  27.83300000  27.83300000  27.83300000  27.83300000  27.83300000  27.83300000  25.25300000  26.74000000  26.85900000  26.87000000  26.95000000  26.87900000  26.71700000  26.79200000  27.23600000
 27.83300000  27.83300000  27.83300000  27.83300000  27.83300000  27.83300000  27.83300000  27.83300000  27.83300000  27.83300000  27.83300000  27.83300000  27.83300000  27.83300000  27.83300000  27.83300000  27.83300000  27.83300000  27.83300000  27.83300000  27.83300000  25.17600000  26.33900000  26.72500000  26.84700000  26.76700000  26.74200000  26.67400000  26.59100000  26.96500000
 27.83300000  27.83300000  27.83300000  27.83300000  27.83300000  27.83300000  27.83300000  27.83300000  27.83300000  27.83300000  27.83300000  27.83300000  27.83300000  27.83300000  27.83300000  27.83300000  27.83300000  27.83300000  27.83300000  27.83300000  27.83300000  27.83300000  25.99100000  26.38400000  26.50900000  26.50100000  26.58100000  26.61200000  26.93400000  27.26600000
 27.83300000  27.83300000  27.83300000  27.83300000  27.83300000  27.83300000  27.83300000  27.83300000  27.83300000  27.83300000  27.83300000  27.83300000  27.83300000  27.83300000  27.83300000  27.83300000  27.83300000  27.83300000  27.83300000  27.83300000  27.83300000  27.83300000  27.83300000  26.09700000  26.57800000  26.68100000  26.66700000  26.81000000  27.24500000  27.27600000
 25.46400000  25.30800000  25.51900000  25.22700000  24.87000000  25.39700000  25.45100000  25.46700000  25.40100000  25.32500000  25.31300000  25.29800000  25.14000000  24.31200000  24.20500000  25.20700000  25.51900000  25.46300000  25.33800000  25.23400000  25.29400000  25.17800000  25.08800000  24.73000000  24.18700000  23.75200000  24.07400000  24.24600000  24.28500000  24.62200000
 25.19000000  25.22900000  25.34300000  24.67000000  25.23800000  25.35800000  25.32700000  25.26600000  25.27900000  25.24000000  25.22300000  25.03000000  24.04800000  24.31600000  24.57000000  25.32800000  25.42700000  25.21800000  25.23300000  25.20000000  25.14200000  25.02000000  24.67100000  24.31300000  23.67600000  24.47100000  24.65100000  24.87400000  25.20900000  25.05100000
 25.14300000  25.25900000  25.33300000  24.85100000  25.16900000  25.27200000  25.21200000  25.15100000  25.06200000  24.96000000  24.53700000  23.82300000  24.15900000  24.70200000  24.77600000  25.52000000  25.30900000  25.21700000  25.19000000  25.09800000  25.03300000  24.85800000  24.20100000  25.26900000  25.56900000  25.35000000  25.33100000  24.94600000  24.87000000  24.95800000
 24.57400000  25.03400000  25.27200000  25.42200000  24.32400000  25.02300000  24.86700000  24.24800000  23.99600000  24.22200000  24.51000000  24.74400000  24.82700000  24.88800000  25.20100000  25.60400000  25.22200000  25.13500000  24.99300000  24.73500000  24.56900000  25.53100000  25.72200000  25.73600000  25.69500000  25.29700000  25.27900000  25.21300000  25.18300000  25.29100000
 24.23400000  24.06100000  25.12300000  25.26400000  25.39300000  24.73100000  24.11900000  24.03900000  24.18500000  24.79100000  24.86700000  25.02900000  25.28200000  25.45000000  25.59900000  25.64200000  25.13600000  24.96200000  24.75500000  25.34200000  25.67400000  25.55200000  25.57900000  25.55200000  25.68500000  25.79500000  25.70300000  25.13900000  24.99600000  25.16000000
 23.85300000  23.96000000  24.84100000  25.26600000  25.41200000  25.31000000  25.42600000  25.46000000  25.46400000  25.46000000  25.40000000  25.40800000  25.50400000  25.66100000  25.77400000  25.61800000  25.25500000  24.87800000  25.49700000  25.56000000  25.50600000  25.26500000  25.10600000  25.12700000  25.31500000  25.71400000  25.98000000  25.79900000  25.00700000  25.09400000
 23.63200000  23.70100000  24.42300000  24.79300000  25.44800000  25.64700000  25.50800000  25.46800000  25.49000000  25.46400000  25.65000000  25.58000000  25.55300000  25.66500000  25.74000000  25.61500000  25.52100000  25.24500000  25.57200000  25.44700000  25.34600000  25.00500000  24.79100000  24.97800000  25.29600000  25.78000000  26.25900000  26.08600000  25.87500000  25.24600000
 23.23400000  23.74200000  24.47700000  24.34000000  24.84700000  25.49300000  25.96800000  25.54600000  25.61600000  25.71100000  25.77200000  25.68300000  25.68500000  25.72800000  25.77800000  25.62900000  25.68300000  25.59400000  25.47700000  25.46500000  25.38100000  25.26300000  25.26100000  25.37000000  25.79400000  26.40300000  26.68200000  26.38700000  25.77500000  25.94900000
 21.39600000  23.52800000  23.89700000  24.26000000  24.37700000  24.46400000  24.86900000  26.10400000  26.02300000  25.63600000  25.51300000  25.60000000  25.65700000  25.72300000  25.69300000  25.63400000  25.73000000  25.75500000  25.81100000  25.82700000  25.83200000  25.87400000  25.99600000  26.55700000  26.66200000  26.57100000  26.57500000  26.42300000  25.82300000  26.00100000
 20.14500000  21.10000000  23.07000000  23.96400000  23.65500000  24.14900000  23.94400000  24.58600000  25.98900000  26.33500000  26.44300000  25.92000000  25.54000000  25.62700000  25.68400000  25.63900000  25.65200000  25.71200000  25.69600000  26.49300000  26.16900000  26.25100000  26.23100000  26.20200000  26.19400000  26.24700000  26.50700000  26.13500000  25.84400000  26.03100000
 22.20400000  27.83300000  19.76600000  20.86400000  23.37000000  23.45300000  23.65500000  23.96700000  24.32600000  25.84700000  26.21200000  26.55100000  26.44600000  25.66400000  25.60600000  25.59400000  25.57700000  26.41100000  26.46800000  26.60400000  26.35900000  26.05500000  26.28300000  26.36800000  26.46700000  26.45500000  26.10400000  25.87200000  26.15100000  26.14300000
 27.83300000  27.83300000  27.83300000  27.83300000  20.63300000  21.07200000  22.74700000  23.42300000  23.40300000  24.15900000  25.57300000  25.35400000  25.69600000  25.87500000  25.95300000  25.99000000  26.01700000  26.13100000  26.32000000  26.58200000  25.93500000  26.25700000  26.14200000  26.37400000  26.49000000  26.18900000  26.18600000  26.03400000  26.16900000  26.18200000
 27.83300000  27.83300000  27.83300000  27.83300000  27.83300000  20.14900000  20.38600000  20.58000000  21.72400000  22.36300000  24.02100000  25.30700000  24.86900000  24.19200000  24.21800000  24.53400000  24.48600000  25.00100000  26.12700000  26.67200000  25.86400000  26.09300000  26.09000000  26.22200000  26.32800000  26.65800000  26.37600000  26.32700000  26.34800000  26.23600000
 27.83300000  27.83300000  27.83300000  27.83300000  27.83300000  27.83300000  27.83300000  21.02000000  20.45300000  20.32800000  21.14300000  23.59700000  23.97000000  23.92200000  23.12600000  23.45500000  24.17700000  24.81200000  25.86200000  26.68700000  26.57400000  25.94800000  26.09900000  26.08200000  26.19500000  26.71100000  26.83100000  26.34200000  26.29800000  26.16700000
 27.83300000  27.83300000  27.83300000  27.83300000  27.83300000  27.83300000  27.83300000  27.83300000  27.83300000  27.83300000  27.83300000  27.83300000  27.83300000  27.83300000  27.83300000  21.83400000  23.95300000  24.62600000  25.57300000  26.62100000  26.67700000  26.69800000  26.52000000  26.37200000  26.27500000  26.80500000  26.81100000  26.89400000  26.27800000  26.24300000
 27.83300000  27.83300000  27.83300000  27.83300000  27.83300000  27.83300000  27.83300000  27.83300000  27.83300000  27.83300000  27.83300000  27.83300000  27.83300000  27.83300000  27.83300000  27.83300000  23.61700000  24.19000000  25.10100000  25.27800000  26.71200000  26.69300000  26.73300000  26.79600000  26.51600000  26.92500000  26.85000000  26.88700000  26.93600000  26.69100000
 27.83300000  27.83300000  27.83300000  27.83300000  27.83300000  27.83300000  27.83300000  27.83300000  27.83300000  27.83300000  27.83300000  27.83300000  27.83300000  27.83300000  27.83300000  27.83300000  27.83300000  21.61400000  25.01900000  25.31900000  25.01800000  26.76600000  26.74700000  26.79100000  26.70700000  27.02300000  26.96700000  26.87200000  26.94100000  27.04000000
 27.83300000  27.83300000  27.83300000  27.83300000  27.83300000  27.83300000  27.83300000  27.83300000  27.83300000  27.83300000  27.83300000  27.83300000  27.83300000  27.83300000  27.83300000  27.83300000  27.83300000  27.83300000  27.83300000  24.98300000  25.40500000  26.44900000  26.72000000  26.77200000  26.84100000  27.02700000  27.08800000  27.00900000  26.91900000  27.02800000
 27.83300000  27.83300000  27.83300000  27.83300000  27.83300000  27.83300000  27.83300000  27.83300000  27.83300000  27.83300000  27.83300000  27.83300000  27.83300000  27.83300000  27.83300000  27.83300000  27.83300000  27.83300000  27.83300000  27.83300000  24.18500000  26.76900000  26.67700000  26.61500000  26.96100000  27.03400000  26.97100000  27.05600000  26.95400000  27.07200000
 27.83300000  27.83300000  27.83300000  27.83300000  27.83300000  27.83300000  27.83300000  27.83300000  27.83300000  27.83300000  27.83300000  27.83300000  27.83300000  27.83300000  27.83300000  27.83300000  27.83300000  27.83300000  27.83300000  27.83300000  23.47400000  26.83500000  26.63800000  26.76700000  27.08100000  27.08800000  27.13100000  26.98000000  27.03100000  27.16000000
 27.83300000  27.83300000  27.83300000  27.83300000  27.83300000  27.83300000  27.83300000  27.83300000  27.83300000  27.83300000  27.83300000  27.83300000  27.83300000  27.83300000  27.83300000  27.83300000  27.83300000  27.83300000  27.83300000  27.83300000  23.90900000  26.88200000  26.70900000  26.89200000  27.14700000  26.91300000  27.08100000  27.17400000  27.06400000  27.14100000
 27.83300000  27.83300000  27.83300000  27.83300000  27.83300000  27.83300000  27.83300000  27.83300000  27.83300000  27.83300000  27.83300000  27.83300000  27.83300000  27.83300000  27.83300000  27.83300000  27.83300000  27.83300000  27.83300000  27.83300000  24.17600000  26.77400000  26.89400000  27.07500000  26.98900000  26.95900000  27.06000000  27.11400000  27.16200000  27.26700000
 27.83300000  27.83300000  27.83300000  27.83300000  27.83300000  27.83300000  27.83300000  27.83300000  27.83300000  27.83300000  27.83300000  27.83300000  27.83300000  27.83300000  27.83300000  27.83300000  27.83300000  27.83300000  27.83300000  27.83300000  27.83300000  24.81000000  26.94100000  27.03900000  26.91600000  27.00900000  26.98000000  26.99800000  27.07100000  27.19700000
 27.83300000  27.83300000  27.83300000  27.83300000  27.83300000  27.83300000  27.83300000  27.83300000  27.83300000  27.83300000  27.83300000  27.83300000  27.83300000  27.83300000  27.83300000  27.83300000  27.83300000  27.83300000  27.83300000  27.83300000  27.83300000  25.12300000  26.75800000  26.87500000  26.88400000  26.96300000  26.89700000  26.73600000  26.80900000  27.25200000
 27.83300000  27.83300000  27.83300000  27.83300000  27.83300000  27.83300000  27.83300000  27.83300000  27.83300000  27.83300000  27.83300000  27.83300000  27.83300000  27.83300000  27.83300000  27.83300000  27.83300000  27.83300000  27.83300000  27.83300000  27.83300000  27.83300000  26.36100000  26.74100000  26.86100000  26.78400000  26.76100000  26.69400000  26.60900000  26.97700000
 27.83300000  27.83300000  27.83300000  27.83300000  27.83300000  27.83300000  27.83300000  27.83300000  27.83300000  27.83300000  27.83300000  27.83300000  27.83300000  27.83300000  27.83300000  27.83300000  27.83300000  27.83300000  27.83300000  27.83300000  27.83300000  27.83300000  26.01700000  26.40100000  26.52300000  26.51600000  26.59900000  26.63000000  26.95100000  27.28600000
 27.83300000  27.83300000  27.83300000  27.83300000  27.83300000  27.83300000  27.83300000  27.83300000  27.83300000  27.83300000  27.83300000  27.83300000  27.83300000  27.83300000  27.83300000  27.83300000  27.83300000  27.83300000  27.83300000  27.83300000  27.83300000  27.83300000  27.83300000  26.12000000  26.59600000  26.69600000  26.68500000  26.82600000  27.20500000  27.29800000
