36.99800000 36.94900000 36.95600000 36.94300000 36.99500000 37.18000000 37.25900000 37.26700000 37.24400000 37.21000000 37.13900000 37.02300000 36.89300000 36.67100000 36.59500000 36.85100000 36.98800000 37.01100000 37.00900000 37.06200000 37.01900000 37.00200000 36.88500000 36.67600000 36.53600000 36.27300000 36.48400000 36.42900000 36.37400000 36.45800000
36.98700000 37.01300000 36.92000000 36.94200000 37.17200000 37.22500000 37.21300000 37.19300000 37.17000000 37.10800000 37.00800000 36.89200000 36.58800000 36.67600000 36.79600000 36.95700000 37.08300000 36.99500000 37.08300000 37.04800000 36.99700000 36.90800000 36.76700000 36.64800000 36.41300000 36.69900000 36.76300000 36.86100000 37.04700000 37.03700000
37.03400000 36.94100000 36.88200000 36.96200000 37.14200000 37.17200000 37.14300000 37.09700000 37.02800000 36.96300000 36.81700000 36.44200000 36.60700000 36.87200000 36.84900000 37.04900000 37.05100000 36.99200000 37.04400000 36.99900000 36.92600000 36.84900000 36.62000000 37.04100000 37.12500000 37.03900000 37.06400000 36.93800000 36.90000000 36.86500000
36.59200000 36.99700000 36.87200000 36.92400000 36.78100000 37.06800000 36.98900000 36.69600000 36.52100000 36.69900000 36.84400000 36.91400000 36.89300000 36.88100000 36.90800000 37.12500000 36.98900000 36.96200000 36.95500000 36.84500000 36.73400000 37.14500000 37.24800000 37.25500000 37.20600000 37.01500000 37.04500000 37.02900000 36.98900000 36.92600000
36.43100000 36.01500000 37.00800000 36.85400000 36.91300000 36.94100000 36.64000000 36.57900000 36.70400000 36.95200000 36.90900000 36.89800000 36.92100000 36.94200000 36.98200000 37.13400000 36.94600000 36.86800000 36.79300000 37.05600000 37.23300000 37.22300000 37.22100000 37.20100000 37.22600000 37.26200000 37.21100000 36.88700000 36.74300000 36.67500000
36.24800000 35.60900000 36.96700000 37.04300000 36.96700000 36.81300000 36.89700000 36.93700000 36.93100000 36.89500000 36.84800000 36.85000000 36.90000000 36.98900000 37.04200000 37.08300000 37.00800000 36.85400000 37.13400000 37.20800000 37.20400000 37.12600000 37.05900000 37.06100000 37.14900000 37.21700000 37.28100000 37.25300000 36.73500000 36.56600000
35.98300000 35.33700000 36.77800000 36.92300000 37.14000000 37.10200000 36.93100000 36.88700000 36.88100000 36.87200000 37.00500000 36.99600000 36.99600000 37.01800000 37.03600000 37.05800000 37.14600000 37.05100000 37.16400000 37.19000000 37.13800000 37.02500000 36.94600000 36.99600000 37.14400000 37.21700000 37.31600000 37.31600000 37.27000000 36.65600000
35.39800000 35.75200000 36.60400000 36.69200000 36.88900000 37.14900000 37.22300000 36.90900000 36.93600000 36.98000000 37.01400000 36.98000000 37.01400000 37.04800000 37.06000000 37.08900000 37.22400000 37.17500000 37.13300000 37.17200000 37.16200000 37.11200000 37.11500000 37.15700000 37.21200000 37.34200000 37.45700000 37.40200000 37.26800000 37.22600000
35.37300000 35.78900000 36.38400000 36.59300000 36.77100000 36.62100000 36.92800000 37.33800000 37.21500000 36.96100000 36.88400000 36.93300000 36.95100000 37.02400000 37.01100000 37.12000000 37.22600000 37.23800000 37.24900000 37.25400000 37.25300000 37.23200000 37.18600000 37.39700000 37.46000000 37.45400000 37.46700000 37.42400000 37.28400000 37.26700000
35.31300000 35.25000000 35.60500000 36.44100000 36.26800000 36.64700000 36.28800000 36.84200000 37.32600000 37.37800000 37.40700000 37.12700000 36.94400000 36.96100000 36.94700000 37.00900000 37.11700000 37.10300000 37.00900000 37.40500000 37.32400000 37.37300000 37.36600000 37.36300000 37.37800000 37.39700000 37.45600000 37.33100000 37.26100000 37.25700000
34.68700000 34.80800000 34.93000000 35.00200000 36.07800000 36.13700000 36.24300000 36.12800000 36.68300000 37.26900000 37.34600000 37.42600000 37.34800000 36.98900000 36.99300000 37.00800000 36.99700000 37.38400000 37.34600000 37.36500000 37.33400000 37.31100000 37.38900000 37.37700000 37.41000000 37.41400000 37.32200000 37.26900000 37.31000000 37.21800000
37.59700000 37.59700000 37.59700000 35.05800000 35.41100000 35.72400000 35.87500000 35.97300000 35.69100000 36.55700000 37.21000000 37.12700000 37.21900000 37.23300000 37.24000000 37.24200000 37.26200000 37.29700000 37.30800000 37.36100000 37.25100000 37.35800000 37.29600000 37.27700000 37.32500000 37.31100000 37.32000000 37.27200000 37.29300000 37.19500000
37.59700000 37.59700000 37.59700000 37.59700000 35.22000000 35.27400000 35.47700000 35.51800000 35.64400000 35.66800000 36.55100000 37.16200000 36.98500000 36.56800000 36.58000000 36.83600000 36.61300000 36.73700000 37.24800000 37.37300000 37.21400000 37.27400000 37.24800000 37.22000000 37.29000000 37.37200000 37.35100000 37.36300000 37.38000000 37.20200000
37.59700000 37.59700000 37.59700000 37.59700000 37.59700000 37.59700000 35.29300000 35.35300000 35.44800000 35.49800000 35.67700000 36.34400000 36.45100000 36.45700000 36.17300000 36.32900000 36.69700000 36.57100000 37.16900000 37.36000000 37.35200000 37.19000000 37.20900000 37.19300000 37.28100000 37.37400000 37.46200000 37.34600000 37.36100000 37.22000000
37.59700000 37.59700000 37.59700000 37.59700000 37.59700000 37.59700000 37.59700000 37.59700000 37.59700000 37.59700000 37.59700000 37.59700000 35.68700000 35.87100000 36.13900000 36.14400000 36.34000000 36.36200000 37.10300000 37.32500000 37.35800000 37.37300000 37.33400000 37.29500000 37.30900000 37.38000000 37.41300000 37.49400000 37.32600000 37.35000000
37.59700000 37.59700000 37.59700000 37.59700000 37.59700000 37.59700000 37.59700000 37.59700000 37.59700000 37.59700000 37.59700000 37.59700000 37.59700000 37.59700000 37.59700000 36.02500000 36.16700000 36.26600000 36.80400000 36.94100000 37.33500000 37.41700000 37.40200000 37.40400000 37.36200000 37.36200000 37.40800000 37.49600000 37.51600000 37.44900000
37.59700000 37.59700000 37.59700000 37.59700000 37.59700000 37.59700000 37.59700000 37.59700000 37.59700000 37.59700000 37.59700000 37.59700000 37.59700000 37.59700000 37.59700000 37.59700000 35.99400000 36.21100000 36.68000000 37.07000000 37.03700000 37.34100000 37.41300000 37.41400000 37.35700000 37.33400000 37.38300000 37.36300000 37.47700000 37.55700000
37.59700000 37.59700000 37.59700000 37.59700000 37.59700000 37.59700000 37.59700000 37.59700000 37.59700000 37.59700000 37.59700000 37.59700000 37.59700000 37.59700000 37.59700000 37.59700000 37.59700000 37.59700000 36.03700000 36.73200000 37.02300000 37.18600000 37.43200000 37.42100000 37.30900000 37.33700000 37.37400000 37.37500000 37.37700000 37.44700000
37.59700000 37.59700000 37.59700000 37.59700000 37.59700000 37.59700000 37.59700000 37.59700000 37.59700000 37.59700000 37.59700000 37.59700000 37.59700000 37.59700000 37.59700000 37.59700000 37.59700000 37.59700000 37.59700000 36.61100000 36.78900000 37.33500000 37.43400000 37.40400000 37.32500000 37.37400000 37.34300000 37.38200000 37.32400000 37.35900000
37.59700000 37.59700000 37.59700000 37.59700000 37.59700000 37.59700000 37.59700000 37.59700000 37.59700000 37.59700000 37.59700000 37.59700000 37.59700000 37.59700000 37.59700000 37.59700000 37.59700000 37.59700000 37.59700000 36.84000000 36.79900000 37.33800000 37.42700000 37.32700000 37.37800000 37.40300000 37.42500000 37.35300000 37.35300000 37.33800000
37.59700000 37.59700000 37.59700000 37.59700000 37.59700000 37.59700000 37.59700000 37.59700000 37.59700000 37.59700000 37.59700000 37.59700000 37.59700000 37.59700000 37.59700000 37.59700000 37.59700000 37.59700000 37.59700000 36.72400000 36.82800000 37.34600000 37.38300000 37.30300000 37.40600000 37.38700000 37.40300000 37.43000000 37.35600000 37.34200000
37.59700000 37.59700000 37.59700000 37.59700000 37.59700000 37.59700000 37.59700000 37.59700000 37.59700000 37.59700000 37.59700000 37.59700000 37.59700000 37.59700000 37.59700000 37.59700000 37.59700000 37.59700000 37.59700000 36.34000000 36.72000000 37.30900000 37.32800000 37.38100000 37.36800000 37.37900000 37.36800000 37.37600000 37.41700000 37.38100000
37.59700000 37.59700000 37.59700000 37.59700000 37.59700000 37.59700000 37.59700000 37.59700000 37.59700000 37.59700000 37.59700000 37.59700000 37.59700000 37.59700000 37.59700000 37.59700000 37.59700000 37.59700000 37.59700000 37.59700000 36.68000000 36.84700000 37.36000000 37.37800000 37.36800000 37.34300000 37.32100000 37.31400000 37.33400000 37.33300000
37.59700000 37.59700000 37.59700000 37.59700000 37.59700000 37.59700000 37.59700000 37.59700000 37.59700000 37.59700000 37.59700000 37.59700000 37.59700000 37.59700000 37.59700000 37.59700000 37.59700000 37.59700000 37.59700000 37.59700000 37.59700000 36.73900000 37.28000000 37.33200000 37.34200000 37.33300000 37.31800000 37.30200000 37.28100000 37.30600000
37.59700000 37.59700000 37.59700000 37.59700000 37.59700000 37.59700000 37.59700000 37.59700000 37.59700000 37.59700000 37.59700000 37.59700000 37.59700000 37.59700000 37.59700000 37.59700000 37.59700000 37.59700000 37.59700000 37.59700000 37.59700000 36.53600000 37.13100000 37.27700000 37.32400000 37.30800000 37.29500000 37.27300000 37.24900000 37.26200000
37.59700000 37.59700000 37.59700000 37.59700000 37.59700000 37.59700000 37.59700000 37.59700000 37.59700000 37.59700000 37.59700000 37.59700000 37.59700000 37.59700000 37.59700000 37.59700000 37.59700000 37.59700000 37.59700000 37.59700000 37.59700000 37.59700000 36.82800000 37.11000000 37.20500000 37.18200000 37.20500000 37.21200000 37.28600000 37.30500000
37.59700000 37.59700000 37.59700000 37.59700000 37.59700000 37.59700000 37.59700000 37.59700000 37.59700000 37.59700000 37.59700000 37.59700000 37.59700000 37.59700000 37.59700000 37.59700000 37.59700000 37.59700000 37.59700000 37.59700000 37.59700000 37.59700000 37.59700000 36.77100000 37.18000000 37.20300000 37.21900000 37.24900000 37.28800000 37.29700000
36.99000000 36.94700000 36.95500000 36.94300000 36.99400000 37.17900000 37.25800000 37.26600000 37.24300000 37.21000000 37.14100000 37.02300000 36.89500000 36.67100000 36.59400000 36.84900000 36.98700000 37.01000000 37.00800000 37.06200000 37.01800000 37.00400000 36.88300000 36.67300000 36.53500000 36.27300000 36.48300000 36.42800000 36.37300000 36.45800000
36.98600000 37.01300000 36.91900000 36.94100000 37.17000000 37.22400000 37.21200000 37.19200000 37.16900000 37.10700000 37.00700000 36.89100000 36.58900000 36.67500000 36.79500000 36.95600000 37.08300000 36.99400000 37.08200000 37.04700000 36.99700000 36.90700000 36.76600000 36.64700000 36.41200000 36.69800000 36.76300000 36.86100000 37.04600000 37.03600000
37.03300000 36.94000000 36.88100000 36.96100000 37.14100000 37.17100000 37.14200000 37.09600000 37.02700000 36.96200000 36.81600000 36.44200000 36.60600000 36.87100000 36.84800000 37.04800000 37.05100000 36.99100000 37.04300000 36.99800000 36.92600000 36.84800000 36.62000000 37.04100000 37.12400000 37.03800000 37.06300000 36.93700000 36.90000000 36.86400000
36.58200000 36.99600000 36.87200000 36.92300000 36.78000000 37.06700000 36.98800000 36.69600000 36.52000000 36.69800000 36.84400000 36.91300000 36.89200000 36.88000000 36.90700000 37.12400000 36.98800000 36.96200000 36.95400000 36.84400000 36.73400000 37.14200000 37.24700000 37.25400000 37.20600000 37.01400000 37.04400000 37.02800000 36.98800000 36.92500000
36.44200000 36.04100000 37.00700000 36.85300000 36.91200000 36.94100000 36.63900000 36.57800000 36.70300000 36.95100000 36.90900000 36.89700000 36.92000000 36.94100000 36.98000000 37.13300000 36.94500000 36.86700000 36.79200000 37.05400000 37.23300000 37.22200000 37.22000000 37.20100000 37.22600000 37.26100000 37.21100000 36.88700000 36.74200000 36.67400000
36.25000000 35.81600000 36.96500000 37.04100000 36.96600000 36.81200000 36.89600000 36.93700000 36.93100000 36.89500000 36.84700000 36.84900000 36.89900000 36.98800000 37.04100000 37.08100000 37.00800000 36.85300000 37.13200000 37.20700000 37.20300000 37.12500000 37.05800000 37.06000000 37.14800000 37.21600000 37.28000000 37.25200000 36.73500000 36.56500000
36.00000000 35.47600000 36.77800000 36.92200000 37.13900000 37.10100000 36.93000000 36.88600000 36.88000000 36.87100000 37.00400000 36.99500000 36.99400000 37.01700000 37.03500000 37.05600000 37.14500000 37.05000000 37.16300000 37.18900000 37.13700000 37.02400000 36.94500000 36.99500000 37.14300000 37.21600000 37.31500000 37.31500000 37.26900000 36.68300000
35.62100000 35.74300000 36.60200000 36.69100000 36.88700000 37.14700000 37.22300000 36.90800000 36.93500000 36.97900000 37.01300000 36.97900000 37.01300000 37.04700000 37.05800000 37.08700000 37.22300000 37.17500000 37.13200000 37.17000000 37.16100000 37.11100000 37.11400000 37.15600000 37.21100000 37.34000000 37.45600000 37.40100000 37.26800000 37.22600000
35.86000000 35.78700000 36.38200000 36.59400000 36.77000000 36.62100000 36.92700000 37.33600000 37.21500000 36.96000000 36.88300000 36.93200000 36.95000000 37.02300000 37.01000000 37.11800000 37.22500000 37.23700000 37.24800000 37.25300000 37.25200000 37.23100000 37.18500000 37.39600000 37.45900000 37.45200000 37.46600000 37.42300000 37.28300000 37.26600000
35.70400000 35.68500000 36.26700000 36.44800000 36.26900000 36.64700000 36.29500000 36.84000000 37.32400000 37.37700000 37.40600000 37.12600000 36.94400000 36.96100000 36.94600000 37.00800000 37.11600000 37.10200000 37.00800000 37.40500000 37.32300000 37.37200000 37.36500000 37.36200000 37.37700000 37.39500000 37.45500000 37.33000000 37.26000000 37.25600000
35.44700000 37.59700000 35.80000000 36.07000000 36.20100000 36.18100000 36.26900000 36.17700000 36.68300000 37.26900000 37.34600000 37.42600000 37.34900000 36.98900000 36.99300000 37.00800000 36.99600000 37.38400000 37.34500000 37.36400000 37.33400000 37.31000000 37.38800000 37.37600000 37.40900000 37.41300000 37.32100000 37.26800000 37.30900000 37.21800000
37.59700000 37.59700000 37.59700000 37.59700000 35.88400000 36.04600000 36.44900000 36.16300000 35.84700000 36.55600000 37.21000000 37.12600000 37.21800000 37.23300000 37.24000000 37.24200000 37.26100000 37.29600000 37.30700000 37.36000000 37.25000000 37.35700000 37.29500000 37.27600000 37.32400000 37.31000000 37.32000000 37.27100000 37.29300000 37.19500000
37.59700000 37.59700000 37.59700000 37.59700000 37.59700000 35.70000000 35.85700000 36.08400000 36.23500000 35.86300000 36.54900000 37.16100000 36.98500000 36.58800000 36.63000000 36.83500000 36.61600000 36.72900000 37.24700000 37.37200000 37.21300000 37.27300000 37.24700000 37.21800000 37.28900000 37.37100000 37.35000000 37.36100000 37.37900000 37.20100000
37.59700000 37.59700000 37.59700000 37.59700000 37.59700000 37.59700000 37.59700000 35.67900000 35.72500000 35.80200000 35.87800000 36.35800000 36.54900000 36.51500000 36.18000000 36.31800000 36.71200000 36.62400000 37.16800000 37.35900000 37.35100000 37.18900000 37.20800000 37.19200000 37.28000000 37.37300000 37.46100000 37.34500000 37.36000000 37.21900000
37.59700000 37.59700000 37.59700000 37.59700000 37.59700000 37.59700000 37.59700000 37.59700000 37.59700000 37.59700000 37.59700000 37.59700000 37.59700000 37.59700000 37.59700000 36.23900000 36.44300000 36.39100000 37.10100000 37.32300000 37.35700000 37.37200000 37.33300000 37.29400000 37.30800000 37.37900000 37.41200000 37.49300000 37.32600000 37.34900000
37.59700000 37.59700000 37.59700000 37.59700000 37.59700000 37.59700000 37.59700000 37.59700000 37.59700000 37.59700000 37.59700000 37.59700000 37.59700000 37.59700000 37.59700000 37.59700000 36.23300000 36.45700000 36.80000000 36.92500000 37.33500000 37.41700000 37.40100000 37.40300000 37.36100000 37.36100000 37.40700000 37.49500000 37.51600000 37.45000000
37.59700000 37.59700000 37.59700000 37.59700000 37.59700000 37.59700000 37.59700000 37.59700000 37.59700000 37.59700000 37.59700000 37.59700000 37.59700000 37.59700000 37.59700000 37.59700000 37.59700000 36.38800000 36.67400000 37.06000000 37.03500000 37.34100000 37.41300000 37.41400000 37.35800000 37.33300000 37.38200000 37.36300000 37.47600000 37.55600000
37.59700000 37.59700000 37.59700000 37.59700000 37.59700000 37.59700000 37.59700000 37.59700000 37.59700000 37.59700000 37.59700000 37.59700000 37.59700000 37.59700000 37.59700000 37.59700000 37.59700000 37.59700000 37.59700000 36.72300000 37.02300000 37.18400000 37.43100000 37.42000000 37.30900000 37.33600000 37.37300000 37.37400000 37.37500000 37.44600000
37.59700000 37.59700000 37.59700000 37.59700000 37.59700000 37.59700000 37.59700000 37.59700000 37.59700000 37.59700000 37.59700000 37.59700000 37.59700000 37.59700000 37.59700000 37.59700000 37.59700000 37.59700000 37.59700000 37.59700000 36.82100000 37.33500000 37.43400000 37.40300000 37.32400000 37.37400000 37.34200000 37.38100000 37.32300000 37.35800000
37.59700000 37.59700000 37.59700000 37.59700000 37.59700000 37.59700000 37.59700000 37.59700000 37.59700000 37.59700000 37.59700000 37.59700000 37.59700000 37.59700000 37.59700000 37.59700000 37.59700000 37.59700000 37.59700000 37.59700000 36.65500000 37.33800000 37.42600000 37.32700000 37.37700000 37.40200000 37.42400000 37.35200000 37.35200000 37.33700000
37.59700000 37.59700000 37.59700000 37.59700000 37.59700000 37.59700000 37.59700000 37.59700000 37.59700000 37.59700000 37.59700000 37.59700000 37.59700000 37.59700000 37.59700000 37.59700000 37.59700000 37.59700000 37.59700000 37.59700000 36.62100000 37.34600000 37.38200000 37.30300000 37.40400000 37.38600000 37.40200000 37.42900000 37.35500000 37.34200000
37.59700000 37.59700000 37.59700000 37.59700000 37.59700000 37.59700000 37.59700000 37.59700000 37.59700000 37.59700000 37.59700000 37.59700000 37.59700000 37.59700000 37.59700000 37.59700000 37.59700000 37.59700000 37.59700000 37.59700000 36.75000000 37.30800000 37.32700000 37.38000000 37.36700000 37.37800000 37.36700000 37.37500000 37.41600000 37.38100000
37.59700000 37.59700000 37.59700000 37.59700000 37.59700000 37.59700000 37.59700000 37.59700000 37.59700000 37.59700000 37.59700000 37.59700000 37.59700000 37.59700000 37.59700000 37.59700000 37.59700000 37.59700000 37.59700000 37.59700000 37.59700000 36.71900000 37.35800000 37.37600000 37.36700000 37.34200000 37.32000000 37.31300000 37.33300000 37.33200000
37.59700000 37.59700000 37.59700000 37.59700000 37.59700000 37.59700000 37.59700000 37.59700000 37.59700000 37.59700000 37.59700000 37.59700000 37.59700000 37.59700000 37.59700000 37.59700000 37.59700000 37.59700000 37.59700000 37.59700000 37.59700000 36.72800000 37.27900000 37.33100000 37.34100000 37.33200000 37.31700000 37.30100000 37.28000000 37.30500000
37.59700000 37.59700000 37.59700000 37.59700000 37.59700000 37.59700000 37.59700000 37.59700000 37.59700000 37.59700000 37.59700000 37.59700000 37.59700000 37.59700000 37.59700000 37.59700000 37.59700000 37.59700000 37.59700000 37.59700000 37.59700000 37.59700000 37.12900000 37.27600000 37.32300000 37.30700000 37.29400000 37.27200000 37.24800000 37.26200000
37.59700000 37.59700000 37.59700000 37.59700000 37.59700000 37.59700000 37.59700000 37.59700000 37.59700000 37.59700000 37.59700000 37.59700000 37.59700000 37.59700000 37.59700000 37.59700000 37.59700000 37.59700000 37.59700000 37.59700000 37.59700000 37.59700000 36.82300000 37.10900000 37.20300000 37.18200000 37.20400000 37.21100000 37.27300000 37.30400000
37.59700000 37.59700000 37.59700000 37.59700000 37.59700000 37.59700000 37.59700000 37.59700000 37.59700000 37.59700000 37.59700000 37.59700000 37.59700000 37.59700000 37.59700000 37.59700000 37.59700000 37.59700000 37.59700000 37.59700000 37.59700000 37.59700000 37.59700000 36.76100000 37.17900000 37.20200000 37.21800000 37.24800000 37.27300000 37.29600000
