25.40100000 25.25400000 25.47500000 25.18400000 24.86600000 25.38300000 25.41900000 25.42500000 25.36300000 25.28400000 25.28000000 25.27300000 25.09500000 24.24400000 24.20300000 25.18100000 25.50300000 25.42500000 25.27700000 25.20900000 25.26700000 25.15100000 25.04700000 24.70900000 24.16200000 23.73500000 24.05200000 24.23500000 24.26200000 24.60100000
25.17300000 25.20400000 25.31700000 24.59800000 25.21800000 25.32000000 25.29800000 25.23500000 25.24800000 25.21000000 25.19600000 24.99000000 23.99400000 24.29800000 24.54100000 25.30500000 25.38500000 25.19300000 25.20500000 25.16800000 25.11300000 24.99500000 24.63500000 24.28300000 23.65700000 24.45700000 24.66300000 24.86500000 25.18600000 25.01900000
25.15100000 25.23200000 25.30600000 24.79500000 25.14600000 25.24000000 25.18100000 25.12400000 25.03700000 24.93100000 24.49200000 23.80100000 24.14100000 24.68000000 24.77000000 25.49200000 25.27300000 25.19100000 25.16200000 25.07000000 25.00100000 24.81900000 24.18100000 25.31400000 25.54700000 25.31500000 25.30100000 24.91700000 24.84600000 24.94000000
24.59700000 25.00000000 25.24400000 25.39000000 24.29500000 24.99600000 24.83200000 24.21600000 23.97900000 24.19900000 24.48700000 24.71900000 24.80100000 24.87100000 25.19400000 25.57600000 25.18700000 25.10700000 24.95700000 24.69700000 24.54200000 25.54500000 25.68900000 25.69500000 25.67000000 25.26600000 25.24600000 25.18400000 25.14900000 25.26500000
24.23000000 23.94600000 25.08600000 25.23900000 25.36200000 24.70400000 24.09400000 24.01000000 24.16000000 24.77100000 24.84400000 25.00300000 25.25900000 25.43000000 25.57900000 25.61900000 25.09200000 24.92800000 24.71100000 25.36800000 25.63000000 25.52500000 25.54000000 25.50800000 25.64100000 25.78000000 25.69000000 25.10300000 24.96400000 25.12800000
23.83100000 23.72100000 24.80000000 25.21900000 25.39900000 25.28500000 25.38600000 25.43700000 25.44300000 25.42400000 25.36700000 25.37700000 25.47600000 25.63200000 25.74600000 25.58600000 25.20900000 24.85500000 25.48000000 25.51700000 25.47400000 25.23000000 25.07400000 25.09100000 25.28400000 25.68800000 25.95700000 25.76900000 24.97300000 25.07200000
23.54200000 23.59900000 24.38900000 24.74000000 25.40600000 25.64100000 25.48200000 25.44300000 25.46500000 25.44000000 25.62900000 25.55200000 25.52800000 25.63400000 25.71000000 25.58200000 25.48300000 25.21600000 25.54300000 25.42000000 25.31000000 24.96900000 24.76300000 24.95600000 25.27600000 25.76300000 26.24600000 26.05600000 25.84200000 25.18100000
23.49700000 23.74300000 24.43700000 24.30000000 24.76900000 25.46700000 25.95000000 25.51800000 25.59000000 25.68600000 25.74200000 25.65300000 25.65500000 25.69600000 25.74700000 25.60200000 25.65400000 25.56000000 25.44700000 25.43300000 25.35200000 25.23900000 25.24200000 25.35200000 25.78800000 26.40500000 26.65500000 26.36000000 25.74400000 25.91300000
23.27500000 23.40600000 23.85600000 24.21400000 24.33400000 24.40600000 24.81400000 26.06900000 26.03300000 25.62500000 25.48300000 25.56800000 25.62400000 25.69500000 25.66400000 25.60800000 25.70000000 25.72300000 25.77900000 25.80200000 25.81500000 25.84800000 26.00800000 26.55400000 26.60500000 26.52300000 26.53500000 26.39200000 25.79300000 25.97800000
23.12800000 22.50200000 23.27700000 23.91600000 23.60400000 24.09500000 23.91800000 24.55700000 25.97600000 26.29500000 26.41300000 25.88800000 25.50800000 25.60100000 25.65200000 25.60600000 25.62800000 25.68000000 25.66800000 26.43500000 26.11900000 26.20600000 26.18500000 26.16000000 26.16800000 26.21400000 26.47600000 26.10100000 25.81900000 26.00500000
24.09100000 23.59100000 23.56600000 23.40200000 23.47200000 23.41100000 23.59700000 23.85900000 24.28200000 25.81300000 26.18600000 26.52800000 26.37100000 25.60700000 25.57700000 25.56200000 25.55100000 26.37600000 26.43900000 26.56700000 26.34300000 26.02000000 26.25600000 26.33000000 26.43700000 26.41800000 26.06800000 25.84100000 26.11600000 26.11000000
27.83300000 27.83300000 27.83300000 23.86000000 23.20800000 23.07200000 23.26500000 23.27900000 23.29100000 24.13500000 25.52500000 25.27900000 25.67900000 25.83600000 25.95600000 25.96900000 25.99800000 26.12700000 26.28600000 26.55600000 25.89600000 26.22500000 26.10200000 26.35300000 26.46200000 26.15900000 26.14600000 26.00600000 26.13100000 26.15100000
27.83300000 27.83300000 27.83300000 27.83300000 23.62400000 23.44100000 23.25000000 22.97200000 23.19200000 23.22900000 23.99700000 25.27500000 24.79600000 24.15300000 24.11400000 24.49000000 24.43400000 24.97700000 26.09000000 26.63600000 25.83400000 26.06200000 26.06600000 26.18600000 26.29900000 26.62800000 26.35700000 26.30100000 26.31300000 26.21100000
27.83300000 27.83300000 27.83300000 27.83300000 27.83300000 27.83300000 24.40100000 24.10600000 23.40700000 23.14800000 23.24500000 23.58000000 23.80600000 23.82200000 23.13600000 23.48600000 24.11300000 24.75500000 25.79600000 26.65700000 26.55700000 25.92100000 26.07100000 26.05400000 26.16300000 26.67900000 26.79800000 26.30800000 26.27300000 26.14400000
27.83300000 27.83300000 27.83300000 27.83300000 27.83300000 27.83300000 27.83300000 27.83300000 27.83300000 27.83300000 27.83300000 27.83300000 23.37000000 23.18100000 22.96600000 23.45000000 23.87600000 24.60800000 25.51400000 26.60600000 26.64000000 26.66100000 26.50600000 26.35100000 26.25100000 26.77900000 26.78000000 26.86300000 26.25000000 26.21000000
27.83300000 27.83300000 27.83300000 27.83300000 27.83300000 27.83300000 27.83300000 27.83300000 27.83300000 27.83300000 27.83300000 27.83300000 27.83300000 27.83300000 27.83300000 23.51800000 23.84900000 24.76600000 25.07300000 25.32400000 26.66700000 26.66000000 26.70100000 26.75700000 26.50400000 26.89700000 26.81700000 26.85700000 26.90200000 26.66400000
27.83300000 27.83300000 27.83300000 27.83300000 27.83300000 27.83300000 27.83300000 27.83300000 27.83300000 27.83300000 27.83300000 27.83300000 27.83300000 27.83300000 27.83300000 27.83300000 23.78900000 24.17100000 24.99800000 25.26300000 25.04300000 26.73000000 26.71300000 26.74700000 26.68800000 26.99400000 26.93600000 26.84300000 26.91400000 27.01800000
27.83300000 27.83300000 27.83300000 27.83300000 27.83300000 27.83300000 27.83300000 27.83300000 27.83300000 27.83300000 27.83300000 27.83300000 27.83300000 27.83300000 27.83300000 27.83300000 27.83300000 27.83300000 23.75300000 24.94200000 25.34800000 26.38900000 26.68500000 26.73000000 26.82100000 26.99900000 27.05800000 26.97400000 26.88200000 26.99300000
27.83300000 27.83300000 27.83300000 27.83300000 27.83300000 27.83300000 27.83300000 27.83300000 27.83300000 27.83300000 27.83300000 27.83300000 27.83300000 27.83300000 27.83300000 27.83300000 27.83300000 27.83300000 27.83300000 25.20900000 24.10100000 26.74700000 26.65000000 26.59300000 26.93800000 27.00200000 26.94000000 27.01800000 26.92300000 27.04400000
27.83300000 27.83300000 27.83300000 27.83300000 27.83300000 27.83300000 27.83300000 27.83300000 27.83300000 27.83300000 27.83300000 27.83300000 27.83300000 27.83300000 27.83300000 27.83300000 27.83300000 27.83300000 27.83300000 25.54500000 24.88200000 26.80000000 26.60900000 26.74600000 27.05500000 27.04000000 27.09900000 26.94500000 27.00500000 27.13800000
27.83300000 27.83300000 27.83300000 27.83300000 27.83300000 27.83300000 27.83300000 27.83300000 27.83300000 27.83300000 27.83300000 27.83300000 27.83300000 27.83300000 27.83300000 27.83300000 27.83300000 27.83300000 27.83300000 25.47100000 25.41800000 26.85700000 26.68100000 26.87300000 27.11300000 26.88200000 27.05800000 27.13200000 27.03900000 27.11900000
27.83300000 27.83300000 27.83300000 27.83300000 27.83300000 27.83300000 27.83300000 27.83300000 27.83300000 27.83300000 27.83300000 27.83300000 27.83300000 27.83300000 27.83300000 27.83300000 27.83300000 27.83300000 27.83300000 24.98100000 24.55300000 26.74400000 26.87400000 27.05600000 26.95300000 26.93700000 27.03100000 27.08400000 27.13100000 27.24000000
27.83300000 27.83300000 27.83300000 27.83300000 27.83300000 27.83300000 27.83300000 27.83300000 27.83300000 27.83300000 27.83300000 27.83300000 27.83300000 27.83300000 27.83300000 27.83300000 27.83300000 27.83300000 27.83300000 27.83300000 25.39800000 25.54500000 26.91200000 27.00900000 26.89000000 26.97800000 26.94500000 26.96300000 27.05300000 27.18600000
27.83300000 27.83300000 27.83300000 27.83300000 27.83300000 27.83300000 27.83300000 27.83300000 27.83300000 27.83300000 27.83300000 27.83300000 27.83300000 27.83300000 27.83300000 27.83300000 27.83300000 27.83300000 27.83300000 27.83300000 27.83300000 25.21200000 26.72200000 26.84600000 26.85500000 26.93200000 26.86600000 26.69700000 26.76600000 27.21900000
27.83300000 27.83300000 27.83300000 27.83300000 27.83300000 27.83300000 27.83300000 27.83300000 27.83300000 27.83300000 27.83300000 27.83300000 27.83300000 27.83300000 27.83300000 27.83300000 27.83300000 27.83300000 27.83300000 27.83300000 27.83300000 25.13800000 26.32400000 26.71600000 26.83300000 26.75000000 26.72900000 26.66300000 26.57600000 26.96400000
27.83300000 27.83300000 27.83300000 27.83300000 27.83300000 27.83300000 27.83300000 27.83300000 27.83300000 27.83300000 27.83300000 27.83300000 27.83300000 27.83300000 27.83300000 27.83300000 27.83300000 27.83300000 27.83300000 27.83300000 27.83300000 27.83300000 25.95900000 26.35800000 26.53100000 26.48800000 26.56900000 26.59400000 26.95700000 27.27100000
27.83300000 27.83300000 27.83300000 27.83300000 27.83300000 27.83300000 27.83300000 27.83300000 27.83300000 27.83300000 27.83300000 27.83300000 27.83300000 27.83300000 27.83300000 27.83300000 27.83300000 27.83300000 27.83300000 27.83300000 27.83300000 27.83300000 27.83300000 26.02600000 26.56400000 26.67800000 26.64500000 26.80800000 27.18900000 27.26600000
25.45500000 25.30600000 25.51000000 25.20500000 24.88200000 25.40200000 25.44700000 25.44800000 25.38800000 25.31300000 25.30800000 25.29500000 25.13200000 24.29700000 24.21200000 25.19800000 25.51500000 25.44800000 25.33000000 25.22800000 25.28400000 25.17000000 25.07700000 24.72500000 24.17800000 23.74500000 24.06700000 24.24700000 24.29500000 24.61700000
25.18900000 25.21500000 25.33600000 24.62000000 25.23700000 25.34100000 25.31900000 25.25500000 25.26700000 25.23000000 25.21500000 25.01200000 24.01100000 24.31600000 24.55700000 25.32300000 25.40400000 25.21200000 25.22400000 25.18900000 25.13300000 25.01500000 24.65400000 24.30000000 23.67300000 24.47300000 24.68100000 24.88500000 25.20600000 25.03800000
25.15300000 25.24800000 25.32600000 24.80600000 25.16400000 25.26000000 25.20000000 25.14300000 25.05400000 24.95000000 24.51300000 23.81600000 24.15700000 24.69700000 24.77900000 25.51200000 25.29100000 25.21000000 25.18100000 25.08900000 25.02100000 24.83700000 24.19500000 25.33200000 25.56700000 25.33500000 25.32200000 24.93800000 24.86400000 24.95700000
24.58600000 25.01600000 25.25800000 25.40900000 24.31100000 25.01400000 24.85000000 24.23000000 23.99400000 24.21600000 24.50300000 24.73400000 24.81600000 24.88800000 25.20900000 25.59600000 25.20500000 25.12500000 24.97500000 24.71400000 24.56000000 25.56800000 25.71000000 25.71300000 25.68900000 25.28500000 25.26500000 25.20400000 25.16700000 25.28400000
24.21600000 23.99700000 25.10200000 25.25800000 25.37900000 24.71300000 24.10800000 24.02200000 24.17400000 24.78600000 24.86000000 25.01800000 25.27200000 25.44800000 25.59700000 25.63300000 25.11300000 24.94700000 24.73200000 25.38200000 25.64900000 25.54600000 25.55900000 25.52600000 25.65800000 25.80200000 25.70700000 25.12000000 24.98200000 25.14600000
23.86000000 24.00100000 24.82100000 25.24200000 25.41200000 25.30100000 25.40500000 25.45100000 25.45500000 25.44200000 25.38500000 25.39500000 25.49400000 25.65100000 25.76500000 25.61000000 25.22900000 24.87400000 25.49900000 25.53600000 25.49500000 25.25000000 25.09000000 25.10800000 25.30100000 25.70500000 25.97900000 25.78600000 24.99100000 25.09000000
23.61900000 23.84000000 24.41100000 24.76200000 25.42600000 25.65800000 25.49900000 25.45900000 25.48300000 25.45700000 25.64700000 25.57100000 25.54900000 25.65300000 25.72800000 25.60400000 25.50100000 25.23500000 25.56300000 25.43900000 25.33000000 24.98500000 24.78100000 24.97400000 25.29400000 25.78000000 26.26700000 26.08000000 25.86400000 25.23300000
23.22600000 23.74700000 24.46100000 24.32000000 24.79100000 25.48300000 25.96600000 25.53600000 25.60800000 25.70500000 25.76200000 25.66900000 25.67400000 25.71500000 25.76500000 25.61900000 25.67200000 25.57800000 25.46600000 25.45200000 25.37000000 25.25800000 25.26200000 25.37000000 25.80500000 26.42600000 26.67800000 26.38300000 25.76300000 25.92800000
21.38400000 23.47000000 23.87500000 24.23600000 24.35200000 24.42700000 24.82900000 26.08300000 26.05300000 25.64400000 25.50200000 25.58800000 25.64300000 25.71500000 25.68300000 25.62700000 25.71900000 25.73800000 25.79700000 25.82100000 25.83500000 25.86600000 26.02800000 26.57200000 26.62700000 26.54500000 26.55600000 26.41300000 25.81400000 25.99800000
20.19900000 21.45900000 23.09700000 23.93000000 23.62200000 24.11400000 23.94500000 24.57400000 25.99200000 26.31700000 26.43500000 25.90500000 25.52800000 25.61900000 25.67400000 25.62600000 25.64800000 25.70000000 25.68600000 26.45100000 26.13500000 26.22600000 26.20500000 26.17900000 26.18700000 26.23500000 26.49600000 26.12100000 25.83800000 26.02400000
22.17100000 27.83300000 19.67300000 20.93500000 23.30200000 23.44400000 23.63500000 23.96400000 24.30200000 25.83300000 26.20600000 26.55000000 26.39600000 25.62700000 25.59900000 25.58400000 25.57200000 26.39800000 26.45800000 26.58700000 26.36500000 26.03900000 26.27400000 26.34900000 26.45800000 26.43900000 26.08800000 25.86200000 26.13900000 26.13000000
27.83300000 27.83300000 27.83300000 27.83300000 20.81900000 21.25800000 22.68300000 23.36600000 23.38200000 24.15600000 25.54500000 25.29800000 25.69500000 25.85300000 25.97300000 25.98900000 26.01900000 26.14800000 26.30600000 26.57900000 25.91700000 26.24300000 26.12000000 26.37300000 26.48300000 26.18000000 26.17000000 26.02600000 26.15300000 26.17100000
27.83300000 27.83300000 27.83300000 27.83300000 27.83300000 20.26000000 20.54200000 20.66800000 21.52900000 22.36900000 24.01400000 25.29500000 24.81500000 24.21700000 24.22700000 24.50700000 24.46100000 25.04800000 26.10900000 26.65600000 25.85400000 26.08000000 26.08400000 26.20600000 26.31700000 26.65000000 26.38300000 26.32000000 26.33300000 26.23000000
27.83300000 27.83300000 27.83300000 27.83300000 27.83300000 27.83300000 27.83300000 20.90600000 20.58700000 20.43300000 21.29100000 23.58200000 23.99800000 23.93900000 23.14000000 23.47200000 24.15700000 24.82000000 25.81800000 26.67700000 26.58100000 25.93900000 26.08900000 26.07300000 26.18200000 26.69900000 26.82000000 26.33000000 26.29100000 26.15300000
27.83300000 27.83300000 27.83300000 27.83300000 27.83300000 27.83300000 27.83300000 27.83300000 27.83300000 27.83300000 27.83300000 27.83300000 27.83300000 27.83300000 27.83300000 21.75900000 23.94500000 24.60500000 25.54700000 26.62800000 26.66000000 26.68000000 26.52900000 26.37300000 26.26900000 26.80200000 26.80200000 26.88300000 26.27500000 26.23000000
27.83300000 27.83300000 27.83300000 27.83300000 27.83300000 27.83300000 27.83300000 27.83300000 27.83300000 27.83300000 27.83300000 27.83300000 27.83300000 27.83300000 27.83300000 27.83300000 23.67600000 24.37300000 25.10400000 25.31000000 26.68100000 26.68100000 26.72100000 26.77800000 26.52100000 26.91900000 26.84000000 26.87800000 26.92300000 26.69300000
27.83300000 27.83300000 27.83300000 27.83300000 27.83300000 27.83300000 27.83300000 27.83300000 27.83300000 27.83300000 27.83300000 27.83300000 27.83300000 27.83300000 27.83300000 27.83300000 27.83300000 21.71900000 24.94800000 25.26200000 25.05400000 26.75200000 26.73500000 26.77000000 26.70500000 27.01500000 26.95900000 26.86400000 26.93500000 27.04000000
27.83300000 27.83300000 27.83300000 27.83300000 27.83300000 27.83300000 27.83300000 27.83300000 27.83300000 27.83300000 27.83300000 27.83300000 27.83300000 27.83300000 27.83300000 27.83300000 27.83300000 27.83300000 27.83300000 24.93900000 25.37700000 26.41000000 26.70800000 26.75200000 26.83800000 27.01700000 27.07800000 26.99500000 26.90300000 27.01600000
27.83300000 27.83300000 27.83300000 27.83300000 27.83300000 27.83300000 27.83300000 27.83300000 27.83300000 27.83300000 27.83300000 27.83300000 27.83300000 27.83300000 27.83300000 27.83300000 27.83300000 27.83300000 27.83300000 27.83300000 24.19400000 26.77800000 26.67000000 26.60700000 26.95800000 27.02100000 26.95900000 27.03700000 26.94300000 27.06200000
27.83300000 27.83300000 27.83300000 27.83300000 27.83300000 27.83300000 27.83300000 27.83300000 27.83300000 27.83300000 27.83300000 27.83300000 27.83300000 27.83300000 27.83300000 27.83300000 27.83300000 27.83300000 27.83300000 27.83300000 23.54100000 26.82200000 26.63000000 26.76100000 27.07500000 27.05800000 27.12100000 26.96200000 27.02400000 27.15100000
27.83300000 27.83300000 27.83300000 27.83300000 27.83300000 27.83300000 27.83300000 27.83300000 27.83300000 27.83300000 27.83300000 27.83300000 27.83300000 27.83300000 27.83300000 27.83300000 27.83300000 27.83300000 27.83300000 27.83300000 23.98100000 26.87100000 26.70200000 26.89400000 27.13200000 26.90200000 27.07800000 27.15300000 27.05800000 27.13600000
27.83300000 27.83300000 27.83300000 27.83300000 27.83300000 27.83300000 27.83300000 27.83300000 27.83300000 27.83300000 27.83300000 27.83300000 27.83300000 27.83300000 27.83300000 27.83300000 27.83300000 27.83300000 27.83300000 27.83300000 24.24300000 26.76100000 26.89100000 27.07500000 26.97300000 26.95800000 27.04900000 27.10400000 27.15000000 27.25600000
27.83300000 27.83300000 27.83300000 27.83300000 27.83300000 27.83300000 27.83300000 27.83300000 27.83300000 27.83300000 27.83300000 27.83300000 27.83300000 27.83300000 27.83300000 27.83300000 27.83300000 27.83300000 27.83300000 27.83300000 27.83300000 24.61600000 26.92800000 27.02300000 26.90700000 26.99600000 26.96200000 26.97900000 27.07200000 27.20500000
27.83300000 27.83300000 27.83300000 27.83300000 27.83300000 27.83300000 27.83300000 27.83300000 27.83300000 27.83300000 27.83300000 27.83300000 27.83300000 27.83300000 27.83300000 27.83300000 27.83300000 27.83300000 27.83300000 27.83300000 27.83300000 25.13700000 26.74100000 26.86200000 26.87300000 26.94900000 26.88200000 26.71300000 26.78400000 27.23700000
27.83300000 27.83300000 27.83300000 27.83300000 27.83300000 27.83300000 27.83300000 27.83300000 27.83300000 27.83300000 27.83300000 27.83300000 27.83300000 27.83300000 27.83300000 27.83300000 27.83300000 27.83300000 27.83300000 27.83300000 27.83300000 27.83300000 26.34900000 26.73400000 26.84900000 26.76800000 26.74900000 26.68300000 26.59400000 26.97800000
27.83300000 27.83300000 27.83300000 27.83300000 27.83300000 27.83300000 27.83300000 27.83300000 27.83300000 27.83300000 27.83300000 27.83300000 27.83300000 27.83300000 27.83300000 27.83300000 27.83300000 27.83300000 27.83300000 27.83300000 27.83300000 27.83300000 25.99000000 26.37700000 26.54600000 26.50500000 26.58700000 26.61100000 26.89600000 27.29200000
27.83300000 27.83300000 27.83300000 27.83300000 27.83300000 27.83300000 27.83300000 27.83300000 27.83300000 27.83300000 27.83300000 27.83300000 27.83300000 27.83300000 27.83300000 27.83300000 27.83300000 27.83300000 27.83300000 27.83300000 27.83300000 27.83300000 27.83300000 26.06000000 26.58200000 26.69700000 26.66400000 26.82600000 27.13800000 27.29000000
