25.39700000 25.25500000 25.47100000 25.17300000 24.87200000 25.37600000 25.41700000 25.41600000 25.35600000 25.27900000 25.27800000 25.27000000 25.09300000 24.23900000 24.20800000 25.17700000 25.50100000 25.41800000 25.27500000 25.20400000 25.26100000 25.14500000 25.04500000 24.70000000 24.15900000 23.73200000 24.04800000 24.23500000 24.26800000 24.59900000
25.17600000 25.19700000 25.31300000 24.57200000 25.21700000 25.31100000 25.29200000 25.22900000 25.24200000 25.20600000 25.19200000 24.98000000 23.97400000 24.30100000 24.53300000 25.29900000 25.37400000 25.19000000 25.20100000 25.16300000 25.10600000 24.99200000 24.62700000 24.27800000 23.65400000 24.45000000 24.67400000 24.86300000 25.18200000 25.01100000
25.15600000 25.22400000 25.30200000 24.76900000 25.14200000 25.23300000 25.17500000 25.12000000 25.03300000 24.92500000 24.48000000 23.79600000 24.14100000 24.67800000 24.77300000 25.48600000 25.26300000 25.18600000 25.15600000 25.06500000 24.99400000 24.80800000 24.17500000 25.32500000 25.54500000 25.30600000 25.29600000 24.91200000 24.84200000 24.94100000
24.60400000 24.99300000 25.23800000 25.38400000 24.29000000 24.99000000 24.82400000 24.20600000 23.97700000 24.19400000 24.48300000 24.71200000 24.79500000 24.87000000 25.19700000 25.57100000 25.17800000 25.10100000 24.94600000 24.68800000 24.53800000 25.55500000 25.68300000 25.68400000 25.66400000 25.25900000 25.23700000 25.17900000 25.14000000 25.26000000
24.22800000 23.94300000 25.07800000 25.23800000 25.35600000 24.69200000 24.08700000 24.00300000 24.15300000 24.76700000 24.84000000 24.99600000 25.25000000 25.42700000 25.57600000 25.61400000 25.08100000 24.92100000 24.70300000 25.37900000 25.61900000 25.52300000 25.52900000 25.49400000 25.62700000 25.78100000 25.69100000 25.09400000 24.95800000 25.12200000
23.83600000 23.71700000 24.79300000 25.20900000 25.39800000 25.28000000 25.37400000 25.43200000 25.43700000 25.41500000 25.36000000 25.37100000 25.47000000 25.62600000 25.74100000 25.58000000 25.19600000 24.85000000 25.47800000 25.50600000 25.46900000 25.22400000 25.06700000 25.08200000 25.27700000 25.68100000 25.95600000 25.76000000 24.96100000 25.06700000
23.52200000 23.59300000 24.38000000 24.72300000 25.39500000 25.64600000 25.47800000 25.43900000 25.46200000 25.43600000 25.62800000 25.54700000 25.52500000 25.62600000 25.70300000 25.57400000 25.47200000 25.20800000 25.53700000 25.41500000 25.30300000 24.96000000 24.75900000 24.95400000 25.27400000 25.76100000 26.24900000 26.05600000 25.83900000 25.17400000
23.49300000 23.73300000 24.42800000 24.28700000 24.74600000 25.45900000 25.94800000 25.51400000 25.58500000 25.68100000 25.73500000 25.64500000 25.64800000 25.68900000 25.74000000 25.59500000 25.64700000 25.55100000 25.43900000 25.42600000 25.34700000 25.23600000 25.24200000 25.35200000 25.79200000 26.41200000 26.65200000 26.35700000 25.73900000 25.89600000
23.26700000 23.36700000 23.84400000 24.20100000 24.31900000 24.38600000 24.79600000 26.05800000 26.04700000 25.62900000 25.47600000 25.56300000 25.61600000 25.69200000 25.65800000 25.60400000 25.69400000 25.71400000 25.77200000 25.79800000 25.81300000 25.84200000 26.02100000 26.55600000 26.58800000 26.51100000 26.52500000 26.38600000 25.78700000 25.97700000
23.12400000 22.46400000 23.23900000 23.89700000 23.58600000 24.08000000 23.91300000 24.54800000 25.97300000 26.28500000 26.41000000 25.88600000 25.50200000 25.59700000 25.64700000 25.60000000 25.62500000 25.67500000 25.66400000 26.41500000 26.10000000 26.19300000 26.17100000 26.14900000 26.16500000 26.20800000 26.46900000 26.09300000 25.81500000 26.00100000
24.08800000 23.55800000 23.53100000 23.36000000 23.45200000 23.40600000 23.58400000 23.83900000 24.27100000 25.79900000 26.18400000 26.52500000 26.34400000 25.58800000 25.57200000 25.55500000 25.54600000 26.36600000 26.43300000 26.56000000 26.34500000 26.01300000 26.25200000 26.32000000 26.43200000 26.41000000 26.06000000 25.83600000 26.11000000 26.10400000
27.83300000 27.83300000 27.83300000 23.84000000 23.19200000 23.05300000 23.25300000 23.26600000 23.28300000 24.12900000 25.50500000 25.24900000 25.67100000 25.82500000 25.96200000 25.96700000 25.99200000 26.12800000 26.27700000 26.55300000 25.88700000 26.21900000 26.09100000 26.35100000 26.45800000 26.15500000 26.13800000 26.00300000 26.12300000 26.14500000
27.83300000 27.83300000 27.83300000 27.83300000 23.61400000 23.43100000 23.23300000 22.96100000 23.18000000 23.22500000 23.98100000 25.25900000 24.76200000 24.15100000 24.11300000 24.47200000 24.42000000 24.99900000 26.08000000 26.62600000 25.83000000 26.05600000 26.06300000 26.17800000 26.29200000 26.62300000 26.35400000 26.30000000 26.30900000 26.21000000
27.83300000 27.83300000 27.83300000 27.83300000 27.83300000 27.83300000 24.38800000 24.07900000 23.38800000 23.13700000 23.23500000 23.55700000 23.79700000 23.82100000 23.12800000 23.48100000 24.08700000 24.75600000 25.77400000 26.65000000 26.55900000 25.91600000 26.06600000 26.05000000 26.15600000 26.67200000 26.79400000 26.30200000 26.27100000 26.13800000
27.83300000 27.83300000 27.83300000 27.83300000 27.83300000 27.83300000 27.83300000 27.83300000 27.83300000 27.83300000 27.83300000 27.83300000 23.35300000 23.16900000 22.94500000 23.43400000 23.85900000 24.60100000 25.49800000 26.60600000 26.63100000 26.65400000 26.50600000 26.35000000 26.24600000 26.77800000 26.77500000 26.85600000 26.24900000 26.20500000
27.83300000 27.83300000 27.83300000 27.83300000 27.83300000 27.83300000 27.83300000 27.83300000 27.83300000 27.83300000 27.83300000 27.83300000 27.83300000 27.83300000 27.83300000 23.50200000 23.83100000 24.75700000 25.07300000 25.32400000 26.64800000 26.65200000 26.69400000 26.74800000 26.50600000 26.89300000 26.81200000 26.85300000 26.89400000 26.66500000
27.83300000 27.83300000 27.83300000 27.83300000 27.83300000 27.83300000 27.83300000 27.83300000 27.83300000 27.83300000 27.83300000 27.83300000 27.83300000 27.83300000 27.83300000 27.83300000 23.77400000 24.14900000 24.98500000 25.24300000 25.06100000 26.72200000 26.70700000 26.73700000 26.68500000 26.99000000 26.93200000 26.83900000 26.91000000 27.01700000
27.83300000 27.83300000 27.83300000 27.83300000 27.83300000 27.83300000 27.83300000 27.83300000 27.83300000 27.83300000 27.83300000 27.83300000 27.83300000 27.83300000 27.83300000 27.83300000 27.83300000 27.83300000 23.73400000 24.92000000 25.33300000 26.36900000 26.68000000 26.72100000 26.81800000 26.99200000 27.05300000 26.96700000 26.87700000 26.98500000
27.83300000 27.83300000 27.83300000 27.83300000 27.83300000 27.83300000 27.83300000 27.83300000 27.83300000 27.83300000 27.83300000 27.83300000 27.83300000 27.83300000 27.83300000 27.83300000 27.83300000 27.83300000 27.83300000 25.20800000 24.08600000 26.74900000 26.64400000 26.59000000 26.93500000 26.99800000 26.93300000 27.01000000 26.91800000 27.04000000
27.83300000 27.83300000 27.83300000 27.83300000 27.83300000 27.83300000 27.83300000 27.83300000 27.83300000 27.83300000 27.83300000 27.83300000 27.83300000 27.83300000 27.83300000 27.83300000 27.83300000 27.83300000 27.83300000 25.52800000 24.85000000 26.79100000 26.60200000 26.74100000 27.05300000 27.02600000 27.09400000 26.93700000 27.00000000 27.13300000
27.83300000 27.83300000 27.83300000 27.83300000 27.83300000 27.83300000 27.83300000 27.83300000 27.83300000 27.83300000 27.83300000 27.83300000 27.83300000 27.83300000 27.83300000 27.83300000 27.83300000 27.83300000 27.83300000 25.45200000 25.40200000 26.85300000 26.67900000 26.87400000 27.10600000 26.87600000 27.05500000 27.12100000 27.03700000 27.11400000
27.83300000 27.83300000 27.83300000 27.83300000 27.83300000 27.83300000 27.83300000 27.83300000 27.83300000 27.83300000 27.83300000 27.83300000 27.83300000 27.83300000 27.83300000 27.83300000 27.83300000 27.83300000 27.83300000 24.94900000 24.52900000 26.73900000 26.87600000 27.05400000 26.94500000 26.93600000 27.02400000 27.07800000 27.12500000 27.23500000
27.83300000 27.83300000 27.83300000 27.83300000 27.83300000 27.83300000 27.83300000 27.83300000 27.83300000 27.83300000 27.83300000 27.83300000 27.83300000 27.83300000 27.83300000 27.83300000 27.83300000 27.83300000 27.83300000 27.83300000 25.37200000 25.51600000 26.90200000 26.99900000 26.88400000 26.97000000 26.93500000 26.95200000 27.05100000 27.18500000
27.83300000 27.83300000 27.83300000 27.83300000 27.83300000 27.83300000 27.83300000 27.83300000 27.83300000 27.83300000 27.83300000 27.83300000 27.83300000 27.83300000 27.83300000 27.83300000 27.83300000 27.83300000 27.83300000 27.83300000 27.83300000 25.19500000 26.71200000 26.84100000 26.84900000 26.92600000 26.85800000 26.68100000 26.75100000 27.21100000
27.83300000 27.83300000 27.83300000 27.83300000 27.83300000 27.83300000 27.83300000 27.83300000 27.83300000 27.83300000 27.83300000 27.83300000 27.83300000 27.83300000 27.83300000 27.83300000 27.83300000 27.83300000 27.83300000 27.83300000 27.83300000 25.11600000 26.31500000 26.71400000 26.82600000 26.74200000 26.72100000 26.65700000 26.56800000 26.96100000
27.83300000 27.83300000 27.83300000 27.83300000 27.83300000 27.83300000 27.83300000 27.83300000 27.83300000 27.83300000 27.83300000 27.83300000 27.83300000 27.83300000 27.83300000 27.83300000 27.83300000 27.83300000 27.83300000 27.83300000 27.83300000 27.83300000 25.94400000 26.34500000 26.53700000 26.48100000 26.56100000 26.58400000 26.95300000 27.27700000
27.83300000 27.83300000 27.83300000 27.83300000 27.83300000 27.83300000 27.83300000 27.83300000 27.83300000 27.83300000 27.83300000 27.83300000 27.83300000 27.83300000 27.83300000 27.83300000 27.83300000 27.83300000 27.83300000 27.83300000 27.83300000 27.83300000 27.83300000 26.01100000 26.55900000 26.68400000 26.63600000 26.80600000 27.16500000 27.26400000
25.45000000 25.30600000 25.50500000 25.19400000 24.88800000 25.39700000 25.44400000 25.44000000 25.38100000 25.30800000 25.30600000 25.29300000 25.12700000 24.29100000 24.21700000 25.19300000 25.51300000 25.44100000 25.32600000 25.22400000 25.27900000 25.16500000 25.07700000 24.70900000 24.17500000 23.74200000 24.06300000 24.24800000 24.30000000 24.61500000
25.19200000 25.20800000 25.33200000 24.59400000 25.23600000 25.33300000 25.31400000 25.25000000 25.26100000 25.22700000 25.21100000 25.00300000 23.99100000 24.31800000 24.55200000 25.31800000 25.39400000 25.20800000 25.21900000 25.18500000 25.12600000 25.01200000 24.64700000 24.29600000 23.66900000 24.46800000 24.69200000 24.88300000 25.20300000 25.03000000
25.15800000 25.24100000 25.32200000 24.78100000 25.16100000 25.25400000 25.19400000 25.13900000 25.05100000 24.94600000 24.50100000 23.81200000 24.15700000 24.69500000 24.78300000 25.50700000 25.28200000 25.20500000 25.17500000 25.08400000 25.01300000 24.82700000 24.19300000 25.34200000 25.56600000 25.32700000 25.31800000 24.93300000 24.86100000 24.95900000
24.59400000 25.01100000 25.25200000 25.40200000 24.30700000 25.00800000 24.84300000 24.22100000 23.99300000 24.21200000 24.49900000 24.72900000 24.81100000 24.88600000 25.21100000 25.59200000 25.19700000 25.12000000 24.96700000 24.70500000 24.55600000 25.57700000 25.70400000 25.70300000 25.68300000 25.27900000 25.25700000 25.20000000 25.15800000 25.28000000
24.21500000 23.98300000 25.09500000 25.25400000 25.37200000 24.70100000 24.10200000 24.01600000 24.16800000 24.78200000 24.85600000 25.01200000 25.26500000 25.44500000 25.59600000 25.62800000 25.10200000 24.94100000 24.72600000 25.39500000 25.63800000 25.54300000 25.54700000 25.51300000 25.64500000 25.80300000 25.70600000 25.11100000 24.97600000 25.14000000
23.86300000 24.05000000 24.81400000 25.23200000 25.41000000 25.29700000 25.39400000 25.44500000 25.45000000 25.43300000 25.37900000 25.39100000 25.48900000 25.64500000 25.76000000 25.60400000 25.21700000 24.87000000 25.49800000 25.52700000 25.48900000 25.24300000 25.08400000 25.09700000 25.29300000 25.69900000 25.97800000 25.77800000 24.98100000 25.08600000
23.62000000 23.89800000 24.40200000 24.74600000 25.41500000 25.66300000 25.49400000 25.45500000 25.48000000 25.45400000 25.64700000 25.56800000 25.54700000 25.64600000 25.72100000 25.59800000 25.49100000 25.22800000 25.55900000 25.43500000 25.32300000 24.97800000 24.77600000 24.97100000 25.29200000 25.77800000 26.26900000 26.07900000 25.85900000 25.22500000
23.20400000 23.72600000 24.45300000 24.30900000 24.76800000 25.47400000 25.96400000 25.53200000 25.60400000 25.70100000 25.75600000 25.66300000 25.66700000 25.70800000 25.75900000 25.61300000 25.66600000 25.57000000 25.45900000 25.44600000 25.36500000 25.25600000 25.26100000 25.36900000 25.80900000 26.43200000 26.67500000 26.38000000 25.75800000 25.92000000
21.37800000 23.47700000 23.86400000 24.22400000 24.33900000 24.40800000 24.81100000 26.07300000 26.06700000 25.64800000 25.49600000 25.58300000 25.63600000 25.71000000 25.67800000 25.62300000 25.71300000 25.72900000 25.79000000 25.81700000 25.83400000 25.86000000 26.04200000 26.57400000 26.61000000 26.53300000 26.54600000 26.40700000 25.80800000 25.99700000
20.22300000 21.65100000 23.10600000 23.91400000 23.60800000 24.09900000 23.94600000 24.56500000 25.99100000 26.30700000 26.43100000 25.90400000 25.52200000 25.61500000 25.66900000 25.62100000 25.64400000 25.69400000 25.68200000 26.43200000 26.12000000 26.21400000 26.19200000 26.16800000 26.18400000 26.22800000 26.49000000 26.11300000 25.83400000 26.02100000
22.15000000 27.83300000 19.57800000 20.90900000 23.25300000 23.43000000 23.62300000 23.95500000 24.29200000 25.82100000 26.20500000 26.54700000 26.36800000 25.61000000 25.59400000 25.57700000 25.56800000 26.38800000 26.45200000 26.58000000 26.36700000 26.03100000 26.27000000 26.33900000 26.45300000 26.43200000 26.08100000 25.85700000 26.13300000 26.12400000
27.83300000 27.83300000 27.83300000 27.83300000 20.89500000 21.28900000 22.73600000 23.32100000 23.36300000 24.15200000 25.52800000 25.27000000 25.68800000 25.84400000 25.98100000 25.98800000 26.01400000 26.14900000 26.29700000 26.57700000 25.91000000 26.23700000 26.11100000 26.37200000 26.47900000 26.17600000 26.16200000 26.02300000 26.14500000 26.16500000
27.83300000 27.83300000 27.83300000 27.83300000 27.83300000 20.33000000 20.60600000 20.67000000 21.43400000 22.43900000 24.00100000 25.28300000 24.78400000 24.22900000 24.22500000 24.49200000 24.44900000 25.05300000 26.09900000 26.64700000 25.85100000 26.07400000 26.08000000 26.20000000 26.31100000 26.64500000 26.38100000 26.31800000 26.32800000 26.22800000
27.83300000 27.83300000 27.83300000 27.83300000 27.83300000 27.83300000 27.83300000 20.84000000 20.63100000 20.48900000 21.30500000 23.56500000 23.99200000 23.92900000 23.14100000 23.48600000 24.14700000 24.82600000 25.79500000 26.67200000 26.58200000 25.93500000 26.08300000 26.06900000 26.17600000 26.69300000 26.81600000 26.32400000 26.28800000 26.14600000
27.83300000 27.83300000 27.83300000 27.83300000 27.83300000 27.83300000 27.83300000 27.83300000 27.83300000 27.83300000 27.83300000 27.83300000 27.83300000 27.83300000 27.83300000 21.74900000 23.93900000 24.58400000 25.53200000 26.62800000 26.65100000 26.67300000 26.52800000 26.37100000 26.26300000 26.80100000 26.79700000 26.87700000 26.27300000 26.22500000
27.83300000 27.83300000 27.83300000 27.83300000 27.83300000 27.83300000 27.83300000 27.83300000 27.83300000 27.83300000 27.83300000 27.83300000 27.83300000 27.83300000 27.83300000 27.83300000 23.70000000 24.42900000 25.10600000 25.31600000 26.66400000 26.67400000 26.71500000 26.76900000 26.52500000 26.91600000 26.83400000 26.87400000 26.91600000 26.69400000
27.83300000 27.83300000 27.83300000 27.83300000 27.83300000 27.83300000 27.83300000 27.83300000 27.83300000 27.83300000 27.83300000 27.83300000 27.83300000 27.83300000 27.83300000 27.83300000 27.83300000 21.77300000 24.87000000 25.20500000 25.06700000 26.74500000 26.73000000 26.76100000 26.70300000 27.01100000 26.95500000 26.86000000 26.93200000 27.04000000
27.83300000 27.83300000 27.83300000 27.83300000 27.83300000 27.83300000 27.83300000 27.83300000 27.83300000 27.83300000 27.83300000 27.83300000 27.83300000 27.83300000 27.83300000 27.83300000 27.83300000 27.83300000 27.83300000 24.91700000 25.36300000 26.39100000 26.70200000 26.74400000 26.83600000 27.01100000 27.07300000 26.98800000 26.90000000 27.01000000
27.83300000 27.83300000 27.83300000 27.83300000 27.83300000 27.83300000 27.83300000 27.83300000 27.83300000 27.83300000 27.83300000 27.83300000 27.83300000 27.83300000 27.83300000 27.83300000 27.83300000 27.83300000 27.83300000 27.83300000 24.19900000 26.78100000 26.66500000 26.60200000 26.95400000 27.01600000 26.95200000 27.03300000 26.93700000 27.05900000
27.83300000 27.83300000 27.83300000 27.83300000 27.83300000 27.83300000 27.83300000 27.83300000 27.83300000 27.83300000 27.83300000 27.83300000 27.83300000 27.83300000 27.83300000 27.83300000 27.83300000 27.83300000 27.83300000 27.83300000 23.57000000 26.81600000 26.62300000 26.75700000 27.07500000 27.04500000 27.11600000 26.95400000 27.01900000 27.14700000
27.83300000 27.83300000 27.83300000 27.83300000 27.83300000 27.83300000 27.83300000 27.83300000 27.83300000 27.83300000 27.83300000 27.83300000 27.83300000 27.83300000 27.83300000 27.83300000 27.83300000 27.83300000 27.83300000 27.83300000 24.02700000 26.86700000 26.69800000 26.89600000 27.12800000 26.89600000 27.07400000 27.14200000 27.05600000 27.13200000
27.83300000 27.83300000 27.83300000 27.83300000 27.83300000 27.83300000 27.83300000 27.83300000 27.83300000 27.83300000 27.83300000 27.83300000 27.83300000 27.83300000 27.83300000 27.83300000 27.83300000 27.83300000 27.83300000 27.83300000 24.25600000 26.75800000 26.89600000 27.07400000 26.96400000 26.95700000 27.04200000 27.09800000 27.14400000 27.25100000
27.83300000 27.83300000 27.83300000 27.83300000 27.83300000 27.83300000 27.83300000 27.83300000 27.83300000 27.83300000 27.83300000 27.83300000 27.83300000 27.83300000 27.83300000 27.83300000 27.83300000 27.83300000 27.83300000 27.83300000 27.83300000 24.49800000 26.91800000 27.01400000 26.90200000 26.98800000 26.95300000 26.96800000 27.07000000 27.20400000
27.83300000 27.83300000 27.83300000 27.83300000 27.83300000 27.83300000 27.83300000 27.83300000 27.83300000 27.83300000 27.83300000 27.83300000 27.83300000 27.83300000 27.83300000 27.83300000 27.83300000 27.83300000 27.83300000 27.83300000 27.83300000 25.13900000 26.73100000 26.85600000 26.86700000 26.94500000 26.87100000 26.69800000 26.76800000 27.23000000
27.83300000 27.83300000 27.83300000 27.83300000 27.83300000 27.83300000 27.83300000 27.83300000 27.83300000 27.83300000 27.83300000 27.83300000 27.83300000 27.83300000 27.83300000 27.83300000 27.83300000 27.83300000 27.83300000 27.83300000 27.83300000 27.83300000 26.34000000 26.73100000 26.84300000 26.76000000 26.74200000 26.67700000 26.58600000 26.97600000
27.83300000 27.83300000 27.83300000 27.83300000 27.83300000 27.83300000 27.83300000 27.83300000 27.83300000 27.83300000 27.83300000 27.83300000 27.83300000 27.83300000 27.83300000 27.83300000 27.83300000 27.83300000 27.83300000 27.83300000 27.83300000 27.83300000 25.97700000 26.36600000 26.55300000 26.49800000 26.57900000 26.60100000 26.92600000 27.29900000
27.83300000 27.83300000 27.83300000 27.83300000 27.83300000 27.83300000 27.83300000 27.83300000 27.83300000 27.83300000 27.83300000 27.83300000 27.83300000 27.83300000 27.83300000 27.83300000 27.83300000 27.83300000 27.83300000 27.83300000 27.83300000 27.83300000 27.83300000 26.04800000 26.57600000 26.70500000 26.65600000 26.82400000 27.20900000 27.28600000
