36.99600000 36.95000000 36.95200000 36.94400000 37.00400000 37.18400000 37.25900000 37.26600000 37.24100000 37.20900000 37.13800000 37.02200000 36.89300000 36.67200000 36.59800000 36.85400000 36.99400000 37.00900000 37.01200000 37.06200000 37.01700000 37.00200000 36.88200000 36.66600000 36.53800000 36.27100000 36.48900000 36.42900000 36.37800000 36.45700000
36.98700000 37.00800000 36.92100000 36.92400000 37.17400000 37.22400000 37.21300000 37.19300000 37.16900000 37.10800000 37.00700000 36.88900000 36.56500000 36.68700000 36.79600000 36.95700000 37.08200000 36.99800000 37.08300000 37.04500000 36.99700000 36.91000000 36.76500000 36.65100000 36.41700000 36.70200000 36.79200000 36.87300000 37.05600000 37.04600000
37.04200000 36.93000000 36.88400000 36.95200000 37.14100000 37.17300000 37.14000000 37.09500000 37.02400000 36.95600000 36.81000000 36.44200000 36.61300000 36.87500000 36.85100000 37.05300000 37.04700000 36.99600000 37.04500000 36.99800000 36.92800000 36.84700000 36.62200000 37.06500000 37.13100000 37.03800000 37.06500000 36.93800000 36.90500000 36.86300000
36.59200000 36.99500000 36.87100000 36.92500000 36.77700000 37.06600000 36.98500000 36.69000000 36.52900000 36.70300000 36.84600000 36.91500000 36.89400000 36.88100000 36.91100000 37.12900000 36.98400000 36.96400000 36.95300000 36.84000000 36.73200000 37.16100000 37.24900000 37.25600000 37.21400000 37.01700000 37.04400000 37.03000000 36.98400000 36.92400000
36.41800000 36.02400000 37.00800000 36.86600000 36.90900000 36.93600000 36.63400000 36.57100000 36.70100000 36.95300000 36.91100000 36.89800000 36.92100000 36.94400000 36.98500000 37.13700000 36.93600000 36.86900000 36.78900000 37.08000000 37.23500000 37.22400000 37.21600000 37.19600000 37.22100000 37.26400000 37.22500000 36.88500000 36.74200000 36.67000000
36.23000000 35.61400000 36.96800000 37.04800000 36.98600000 36.81600000 36.88800000 36.93500000 36.92700000 36.88900000 36.84700000 36.85000000 36.90000000 36.98900000 37.04200000 37.08300000 37.00000000 36.85600000 37.13600000 37.20900000 37.20300000 37.12500000 37.05800000 37.05900000 37.14800000 37.21700000 37.28000000 37.25300000 36.72700000 36.56800000
35.95600000 35.34900000 36.77500000 36.91300000 37.13800000 37.11900000 36.93100000 36.89100000 36.88500000 36.87700000 37.01300000 36.99600000 36.99500000 37.01800000 37.03600000 37.05900000 37.13900000 37.05100000 37.16600000 37.19000000 37.13700000 37.02500000 36.94600000 37.00000000 37.14600000 37.21700000 37.32200000 37.31800000 37.27000000 36.65800000
35.40200000 35.80000000 36.62000000 36.68400000 36.86500000 37.14700000 37.23200000 36.91100000 36.93700000 36.98100000 37.01200000 36.97900000 37.01600000 37.04900000 37.05800000 37.09300000 37.22300000 37.17400000 37.13300000 37.17200000 37.16300000 37.11500000 37.12000000 37.15800000 37.21300000 37.35500000 37.46200000 37.40700000 37.26900000 37.22400000
35.38300000 35.72800000 36.37600000 36.58200000 36.76200000 36.59600000 36.91500000 37.33900000 37.25400000 36.98300000 36.88800000 36.93300000 36.95100000 37.02800000 37.01300000 37.12700000 37.22600000 37.23400000 37.24800000 37.25600000 37.25700000 37.22000000 37.19900000 37.41900000 37.45400000 37.45100000 37.46600000 37.42500000 37.28400000 37.26600000
35.30700000 35.27700000 35.51400000 36.43400000 36.25600000 36.63900000 36.27600000 36.84700000 37.32500000 37.37300000 37.40800000 37.13500000 36.94700000 36.96100000 36.94800000 37.01400000 37.12200000 37.10700000 37.01100000 37.39600000 37.31500000 37.36700000 37.36100000 37.36000000 37.38200000 37.39800000 37.45600000 37.33000000 37.26200000 37.25700000
34.70200000 34.82200000 34.97700000 35.03100000 36.07500000 36.15300000 36.21800000 36.11000000 36.68600000 37.26200000 37.35300000 37.42900000 37.32000000 36.97300000 36.99700000 37.00800000 37.00300000 37.38200000 37.34900000 37.36400000 37.33800000 37.31000000 37.39000000 37.37000000 37.40800000 37.41000000 37.32100000 37.26800000 37.30700000 37.21700000
37.59700000 37.59700000 37.59700000 35.06000000 35.43100000 35.73300000 35.87800000 35.95300000 35.69700000 36.57500000 37.19800000 37.10700000 37.21800000 37.22300000 37.25100000 37.24800000 37.26500000 37.31000000 37.30300000 37.36500000 37.24900000 37.35500000 37.29300000 37.27800000 37.32700000 37.31000000 37.31700000 37.27200000 37.28300000 37.19400000
37.59700000 37.59700000 37.59700000 37.59700000 35.21400000 35.27200000 35.49500000 35.52200000 35.64300000 35.70300000 36.54700000 37.15300000 36.94800000 36.58400000 36.60300000 36.81600000 36.59300000 36.79900000 37.24700000 37.37000000 37.21200000 37.27400000 37.24800000 37.21900000 37.29300000 37.37400000 37.35200000 37.36300000 37.37600000 37.20300000
37.59700000 37.59700000 37.59700000 37.59700000 37.59700000 37.59700000 35.29500000 35.35800000 35.45000000 35.50100000 35.69900000 36.32800000 36.46100000 36.47200000 36.17400000 36.33900000 36.67100000 36.61600000 37.16000000 37.36200000 37.35800000 37.19100000 37.21100000 37.19300000 37.28000000 37.37400000 37.46200000 37.34600000 37.36500000 37.21800000
37.59700000 37.59700000 37.59700000 37.59700000 37.59700000 37.59700000 37.59700000 37.59700000 37.59700000 37.59700000 37.59700000 37.59700000 35.68800000 35.88700000 36.14700000 36.13600000 36.31300000 36.38100000 37.10000000 37.33100000 37.36100000 37.37400000 37.33900000 37.30100000 37.30900000 37.37800000 37.41100000 37.49200000 37.32900000 37.35200000
37.59700000 37.59700000 37.59700000 37.59700000 37.59700000 37.59700000 37.59700000 37.59700000 37.59700000 37.59700000 37.59700000 37.59700000 37.59700000 37.59700000 37.59700000 36.01400000 36.14700000 36.27800000 36.82800000 36.94200000 37.32400000 37.42100000 37.40300000 37.40500000 37.36400000 37.35900000 37.40800000 37.49700000 37.51700000 37.45900000
37.59700000 37.59700000 37.59700000 37.59700000 37.59700000 37.59700000 37.59700000 37.59700000 37.59700000 37.59700000 37.59700000 37.59700000 37.59700000 37.59700000 37.59700000 37.59700000 35.98400000 36.22900000 36.68900000 37.06500000 37.05300000 37.34100000 37.41400000 37.41400000 37.35300000 37.33400000 37.38200000 37.36000000 37.48400000 37.55900000
37.59700000 37.59700000 37.59700000 37.59700000 37.59700000 37.59700000 37.59700000 37.59700000 37.59700000 37.59700000 37.59700000 37.59700000 37.59700000 37.59700000 37.59700000 37.59700000 37.59700000 37.59700000 36.02800000 36.71900000 37.01600000 37.17800000 37.43200000 37.42100000 37.30700000 37.33700000 37.37500000 37.37300000 37.37400000 37.45000000
37.59700000 37.59700000 37.59700000 37.59700000 37.59700000 37.59700000 37.59700000 37.59700000 37.59700000 37.59700000 37.59700000 37.59700000 37.59700000 37.59700000 37.59700000 37.59700000 37.59700000 37.59700000 37.59700000 36.61300000 36.77900000 37.34500000 37.43500000 37.40100000 37.32800000 37.38200000 37.34400000 37.38100000 37.32400000 37.36200000
37.59700000 37.59700000 37.59700000 37.59700000 37.59700000 37.59700000 37.59700000 37.59700000 37.59700000 37.59700000 37.59700000 37.59700000 37.59700000 37.59700000 37.59700000 37.59700000 37.59700000 37.59700000 37.59700000 36.82800000 36.78800000 37.33900000 37.42700000 37.32400000 37.38500000 37.40100000 37.42700000 37.35400000 37.35100000 37.34100000
37.59700000 37.59700000 37.59700000 37.59700000 37.59700000 37.59700000 37.59700000 37.59700000 37.59700000 37.59700000 37.59700000 37.59700000 37.59700000 37.59700000 37.59700000 37.59700000 37.59700000 37.59700000 37.59700000 36.70400000 36.82600000 37.34700000 37.37500000 37.30900000 37.40300000 37.38900000 37.40600000 37.43000000 37.35700000 37.34300000
37.59700000 37.59700000 37.59700000 37.59700000 37.59700000 37.59700000 37.59700000 37.59700000 37.59700000 37.59700000 37.59700000 37.59700000 37.59700000 37.59700000 37.59700000 37.59700000 37.59700000 37.59700000 37.59700000 36.33900000 36.72200000 37.30800000 37.33200000 37.38600000 37.36800000 37.37800000 37.36300000 37.38000000 37.41400000 37.38100000
37.59700000 37.59700000 37.59700000 37.59700000 37.59700000 37.59700000 37.59700000 37.59700000 37.59700000 37.59700000 37.59700000 37.59700000 37.59700000 37.59700000 37.59700000 37.59700000 37.59700000 37.59700000 37.59700000 37.59700000 36.67300000 36.84000000 37.35800000 37.37600000 37.36900000 37.34300000 37.32100000 37.31200000 37.33200000 37.33400000
37.59700000 37.59700000 37.59700000 37.59700000 37.59700000 37.59700000 37.59700000 37.59700000 37.59700000 37.59700000 37.59700000 37.59700000 37.59700000 37.59700000 37.59700000 37.59700000 37.59700000 37.59700000 37.59700000 37.59700000 37.59700000 36.74200000 37.27800000 37.33300000 37.34100000 37.33200000 37.31700000 37.29900000 37.28000000 37.30500000
37.59700000 37.59700000 37.59700000 37.59700000 37.59700000 37.59700000 37.59700000 37.59700000 37.59700000 37.59700000 37.59700000 37.59700000 37.59700000 37.59700000 37.59700000 37.59700000 37.59700000 37.59700000 37.59700000 37.59700000 37.59700000 36.54100000 37.13100000 37.28100000 37.32500000 37.30800000 37.29600000 37.27200000 37.24700000 37.26200000
37.59700000 37.59700000 37.59700000 37.59700000 37.59700000 37.59700000 37.59700000 37.59700000 37.59700000 37.59700000 37.59700000 37.59700000 37.59700000 37.59700000 37.59700000 37.59700000 37.59700000 37.59700000 37.59700000 37.59700000 37.59700000 37.59700000 36.83300000 37.10900000 37.21700000 37.18100000 37.20400000 37.21400000 37.28600000 37.30700000
37.59700000 37.59700000 37.59700000 37.59700000 37.59700000 37.59700000 37.59700000 37.59700000 37.59700000 37.59700000 37.59700000 37.59700000 37.59700000 37.59700000 37.59700000 37.59700000 37.59700000 37.59700000 37.59700000 37.59700000 37.59700000 37.59700000 37.59700000 36.75700000 37.18000000 37.21100000 37.22000000 37.24800000 37.28400000 37.29700000
36.98900000 36.94900000 36.95200000 36.94300000 37.00300000 37.18300000 37.25800000 37.26500000 37.23900000 37.20900000 37.13900000 37.02100000 36.89400000 36.67300000 36.59500000 36.85200000 36.99300000 37.00800000 37.01100000 37.06100000 37.01600000 37.00300000 36.88100000 36.66400000 36.53700000 36.27100000 36.48800000 36.42900000 36.37700000 36.45700000
36.98600000 37.00800000 36.92000000 36.92400000 37.17300000 37.22300000 37.21200000 37.19200000 37.16800000 37.10700000 37.00600000 36.88800000 36.56500000 36.68600000 36.79600000 36.95600000 37.08100000 36.99700000 37.08200000 37.04400000 36.99600000 36.90900000 36.76400000 36.65100000 36.41600000 36.70100000 36.79200000 36.87300000 37.05600000 37.04500000
37.04100000 36.93000000 36.88300000 36.95200000 37.14000000 37.17200000 37.13900000 37.09400000 37.02300000 36.95500000 36.81000000 36.44200000 36.61200000 36.87400000 36.85000000 37.05200000 37.04700000 36.99500000 37.04400000 36.99800000 36.92700000 36.84600000 36.62100000 37.05900000 37.13000000 37.03700000 37.06400000 36.93700000 36.90400000 36.86200000
36.58800000 36.99400000 36.87000000 36.92400000 36.77600000 37.06500000 36.98400000 36.69000000 36.52700000 36.70200000 36.84500000 36.91400000 36.89300000 36.88100000 36.91000000 37.12800000 36.98300000 36.96300000 36.95200000 36.83900000 36.73100000 37.16000000 37.24900000 37.25500000 37.21400000 37.01600000 37.04300000 37.02900000 36.98300000 36.92300000
36.42200000 36.03200000 37.00700000 36.86500000 36.90800000 36.93500000 36.63400000 36.57100000 36.70000000 36.95200000 36.91000000 36.89700000 36.92000000 36.94300000 36.98400000 37.13600000 36.93500000 36.86900000 36.78800000 37.07900000 37.23500000 37.22400000 37.21500000 37.19500000 37.22000000 37.26300000 37.22400000 36.88400000 36.74100000 36.66900000
36.23400000 35.94800000 36.96600000 37.04700000 36.98500000 36.81500000 36.88800000 36.93500000 36.92700000 36.88800000 36.84600000 36.84900000 36.89900000 36.98800000 37.04100000 37.08200000 37.00000000 36.85500000 37.13500000 37.20800000 37.20300000 37.12600000 37.05800000 37.05800000 37.14700000 37.21600000 37.27900000 37.25200000 36.72700000 36.56800000
35.96900000 35.87700000 36.77500000 36.91200000 37.13700000 37.11800000 36.93100000 36.89000000 36.88400000 36.87600000 37.01100000 36.99500000 36.99400000 37.01700000 37.03500000 37.05700000 37.13800000 37.05000000 37.16500000 37.18900000 37.13700000 37.02500000 36.94600000 37.00000000 37.14600000 37.21700000 37.32100000 37.31700000 37.27000000 36.67900000
35.63000000 35.79200000 36.61800000 36.68300000 36.86400000 37.14600000 37.23100000 36.91000000 36.93600000 36.98000000 37.01100000 36.97800000 37.01500000 37.04800000 37.05700000 37.09100000 37.22100000 37.17300000 37.13200000 37.17100000 37.16200000 37.11400000 37.12000000 37.15800000 37.21200000 37.35300000 37.46100000 37.40600000 37.26900000 37.22800000
35.86200000 35.79900000 36.37600000 36.58100000 36.76200000 36.59700000 36.91400000 37.33700000 37.25300000 36.98200000 36.88700000 36.93200000 36.95000000 37.02700000 37.01300000 37.12600000 37.22500000 37.23300000 37.24600000 37.25500000 37.25600000 37.21900000 37.19800000 37.41800000 37.45200000 37.44900000 37.46500000 37.42400000 37.28400000 37.26500000
35.70300000 35.51600000 36.25400000 36.43800000 36.25900000 36.63800000 36.28700000 36.84600000 37.32400000 37.37200000 37.40600000 37.13500000 36.94600000 36.96100000 36.94700000 37.01300000 37.12100000 37.10600000 37.01000000 37.39600000 37.31300000 37.36600000 37.36000000 37.35900000 37.38100000 37.39700000 37.45500000 37.32900000 37.26100000 37.25600000
35.45700000 37.59700000 35.83000000 36.04600000 36.21500000 36.24200000 36.23300000 36.17800000 36.68600000 37.26100000 37.35200000 37.42900000 37.32000000 36.97200000 36.99700000 37.00700000 37.00200000 37.38100000 37.34800000 37.36300000 37.33800000 37.30900000 37.38900000 37.36900000 37.40700000 37.40900000 37.32000000 37.26700000 37.30600000 37.21600000
37.59700000 37.59700000 37.59700000 37.59700000 35.88400000 36.03700000 36.39400000 36.32300000 35.91000000 36.57500000 37.19800000 37.10700000 37.21700000 37.22300000 37.25100000 37.24700000 37.26400000 37.30900000 37.30200000 37.36500000 37.24800000 37.35400000 37.29200000 37.27700000 37.32700000 37.31000000 37.31800000 37.27200000 37.28400000 37.19300000
37.59700000 37.59700000 37.59700000 37.59700000 37.59700000 35.68400000 35.86400000 36.08100000 36.25500000 35.89100000 36.54700000 37.15100000 36.94800000 36.61300000 36.64000000 36.81600000 36.59400000 36.79700000 37.24600000 37.36900000 37.21100000 37.27400000 37.24700000 37.21800000 37.29200000 37.37300000 37.35100000 37.36200000 37.37600000 37.20200000
37.59700000 37.59700000 37.59700000 37.59700000 37.59700000 37.59700000 37.59700000 35.68800000 35.71800000 35.79100000 35.89500000 36.33600000 36.54600000 36.50700000 36.18100000 36.33600000 36.69100000 36.62300000 37.15900000 37.36100000 37.35700000 37.19000000 37.21000000 37.19200000 37.27900000 37.37300000 37.46100000 37.34500000 37.36400000 37.21700000
37.59700000 37.59700000 37.59700000 37.59700000 37.59700000 37.59700000 37.59700000 37.59700000 37.59700000 37.59700000 37.59700000 37.59700000 37.59700000 37.59700000 37.59700000 36.24200000 36.41100000 36.45600000 37.09900000 37.32900000 37.36000000 37.37300000 37.33800000 37.30000000 37.30900000 37.37700000 37.41100000 37.49100000 37.32900000 37.35100000
37.59700000 37.59700000 37.59700000 37.59700000 37.59700000 37.59700000 37.59700000 37.59700000 37.59700000 37.59700000 37.59700000 37.59700000 37.59700000 37.59700000 37.59700000 37.59700000 36.20500000 36.43500000 36.82700000 36.93200000 37.32300000 37.42000000 37.40200000 37.40400000 37.36300000 37.35900000 37.40800000 37.49600000 37.51600000 37.45900000
37.59700000 37.59700000 37.59700000 37.59700000 37.59700000 37.59700000 37.59700000 37.59700000 37.59700000 37.59700000 37.59700000 37.59700000 37.59700000 37.59700000 37.59700000 37.59700000 37.59700000 36.37600000 36.68600000 37.02800000 37.04300000 37.33900000 37.41300000 37.41300000 37.35300000 37.33400000 37.38200000 37.36000000 37.48200000 37.55800000
37.59700000 37.59700000 37.59700000 37.59700000 37.59700000 37.59700000 37.59700000 37.59700000 37.59700000 37.59700000 37.59700000 37.59700000 37.59700000 37.59700000 37.59700000 37.59700000 37.59700000 37.59700000 37.59700000 36.71300000 37.01600000 37.17400000 37.43100000 37.42000000 37.30600000 37.33700000 37.37500000 37.37200000 37.37300000 37.44900000
37.59700000 37.59700000 37.59700000 37.59700000 37.59700000 37.59700000 37.59700000 37.59700000 37.59700000 37.59700000 37.59700000 37.59700000 37.59700000 37.59700000 37.59700000 37.59700000 37.59700000 37.59700000 37.59700000 37.59700000 36.82200000 37.34500000 37.43400000 37.40000000 37.32700000 37.38100000 37.34300000 37.38000000 37.32300000 37.36100000
37.59700000 37.59700000 37.59700000 37.59700000 37.59700000 37.59700000 37.59700000 37.59700000 37.59700000 37.59700000 37.59700000 37.59700000 37.59700000 37.59700000 37.59700000 37.59700000 37.59700000 37.59700000 37.59700000 37.59700000 36.67000000 37.33900000 37.42600000 37.32400000 37.38400000 37.40000000 37.42600000 37.35300000 37.35000000 37.34000000
37.59700000 37.59700000 37.59700000 37.59700000 37.59700000 37.59700000 37.59700000 37.59700000 37.59700000 37.59700000 37.59700000 37.59700000 37.59700000 37.59700000 37.59700000 37.59700000 37.59700000 37.59700000 37.59700000 37.59700000 36.63500000 37.34700000 37.37400000 37.30800000 37.40300000 37.38800000 37.40500000 37.42900000 37.35600000 37.34200000
37.59700000 37.59700000 37.59700000 37.59700000 37.59700000 37.59700000 37.59700000 37.59700000 37.59700000 37.59700000 37.59700000 37.59700000 37.59700000 37.59700000 37.59700000 37.59700000 37.59700000 37.59700000 37.59700000 37.59700000 36.75400000 37.30800000 37.33200000 37.38500000 37.36700000 37.37700000 37.36200000 37.37900000 37.41300000 37.38000000
37.59700000 37.59700000 37.59700000 37.59700000 37.59700000 37.59700000 37.59700000 37.59700000 37.59700000 37.59700000 37.59700000 37.59700000 37.59700000 37.59700000 37.59700000 37.59700000 37.59700000 37.59700000 37.59700000 37.59700000 37.59700000 36.69100000 37.35700000 37.37500000 37.36800000 37.34200000 37.32000000 37.31100000 37.33100000 37.33300000
37.59700000 37.59700000 37.59700000 37.59700000 37.59700000 37.59700000 37.59700000 37.59700000 37.59700000 37.59700000 37.59700000 37.59700000 37.59700000 37.59700000 37.59700000 37.59700000 37.59700000 37.59700000 37.59700000 37.59700000 37.59700000 36.73200000 37.27700000 37.33200000 37.34000000 37.33200000 37.31600000 37.29900000 37.28000000 37.30400000
37.59700000 37.59700000 37.59700000 37.59700000 37.59700000 37.59700000 37.59700000 37.59700000 37.59700000 37.59700000 37.59700000 37.59700000 37.59700000 37.59700000 37.59700000 37.59700000 37.59700000 37.59700000 37.59700000 37.59700000 37.59700000 37.59700000 37.12900000 37.28000000 37.32400000 37.30700000 37.29500000 37.27200000 37.24700000 37.26200000
37.59700000 37.59700000 37.59700000 37.59700000 37.59700000 37.59700000 37.59700000 37.59700000 37.59700000 37.59700000 37.59700000 37.59700000 37.59700000 37.59700000 37.59700000 37.59700000 37.59700000 37.59700000 37.59700000 37.59700000 37.59700000 37.59700000 36.82600000 37.10800000 37.21600000 37.18000000 37.20300000 37.21300000 37.28100000 37.30700000
37.59700000 37.59700000 37.59700000 37.59700000 37.59700000 37.59700000 37.59700000 37.59700000 37.59700000 37.59700000 37.59700000 37.59700000 37.59700000 37.59700000 37.59700000 37.59700000 37.59700000 37.59700000 37.59700000 37.59700000 37.59700000 37.59700000 37.59700000 36.74900000 37.18000000 37.21100000 37.22000000 37.24800000 37.28400000 37.29600000
