 25.39400000  25.25500000  25.46700000  25.16200000  24.87800000  25.37000000  25.41500000  25.40800000  25.35000000  25.27400000  25.27700000  25.26700000  25.09100000  24.23800000  24.21200000  25.17300000  25.49800000  25.41100000  25.27200000  25.20000000  25.25600000  25.13900000  25.04400000  24.68300000  24.15900000  23.72900000  24.04500000  24.23500000  24.27300000  24.59700000
 25.17900000  25.19100000  25.30800000  24.54700000  25.21500000  25.30400000  25.28600000  25.22300000  25.23500000  25.20300000  25.18800000  24.97300000  23.95600000  24.30400000  24.52800000  25.29400000  25.36500000  25.18700000  25.19800000  25.15900000  25.10000000  24.98900000  24.62200000  24.27500000  23.64900000  24.44100000  24.68300000  24.85700000  25.17900000  25.00300000
 25.16000000  25.21800000  25.29800000  24.74100000  25.13800000  25.22700000  25.17000000  25.11500000  25.03000000  24.92000000  24.47000000  23.79300000  24.14300000  24.67700000  24.77300000  25.48000000  25.25500000  25.18100000  25.15100000  25.06000000  24.98500000  24.80000000  24.17000000  25.31900000  25.54300000  25.29800000  25.29100000  24.90600000  24.83800000  24.94200000
 24.60900000  24.98800000  25.23100000  25.37700000  24.28600000  24.98400000  24.81800000  24.19800000  23.97500000  24.19100000  24.47800000  24.70700000  24.79100000  24.86900000  25.19700000  25.56500000  25.16800000  25.09500000  24.93900000  24.68000000  24.53200000  25.55900000  25.67900000  25.67400000  25.65800000  25.25300000  25.22800000  25.17300000  25.13000000  25.25400000
 24.22600000  23.94700000  25.07200000  25.23700000  25.35000000  24.67800000  24.08100000  23.99500000  24.14600000  24.76200000  24.83600000  24.98900000  25.24100000  25.42400000  25.57300000  25.60700000  25.06900000  24.91500000  24.70300000  25.38200000  25.60900000  25.52000000  25.51800000  25.48100000  25.61500000  25.78100000  25.68800000  25.08500000  24.95000000  25.11700000
 23.83900000  23.71400000  24.78900000  25.20300000  25.39600000  25.27600000  25.36400000  25.42700000  25.43200000  25.40600000  25.35400000  25.36700000  25.46300000  25.61800000  25.73500000  25.57300000  25.18400000  24.84400000  25.47400000  25.49600000  25.46300000  25.21800000  25.06200000  25.07200000  25.26900000  25.67400000  25.95500000  25.75200000  24.95100000  25.06300000
 23.50400000  23.58700000  24.36900000  24.70800000  25.38500000  25.65100000  25.47400000  25.43500000  25.46000000  25.43200000  25.62800000  25.54300000  25.52200000  25.61800000  25.69600000  25.56500000  25.46200000  25.19900000  25.53200000  25.41000000  25.29500000  24.95500000  24.75300000  24.95200000  25.27100000  25.75800000  26.25000000  26.05600000  25.83500000  25.17100000
 23.48900000  23.71900000  24.42000000  24.27700000  24.73100000  25.44800000  25.94600000  25.51000000  25.58100000  25.67700000  25.72800000  25.63800000  25.64100000  25.68200000  25.73400000  25.58700000  25.64000000  25.54200000  25.43200000  25.41800000  25.34100000  25.23300000  25.23900000  25.35000000  25.79300000  26.41500000  26.64800000  26.35200000  25.73500000  25.88000000
 23.25900000  23.34800000  23.83300000  24.18700000  24.30600000  24.36800000  24.78300000  26.04700000  26.06100000  25.63500000  25.47100000  25.55700000  25.61000000  25.68700000  25.65300000  25.60000000  25.68600000  25.70500000  25.76300000  25.79200000  25.80900000  25.83500000  26.03000000  26.55500000  26.57100000  26.50000000  26.51600000  26.37900000  25.78200000  25.97500000
 23.12000000  22.42900000  23.20700000  23.87800000  23.56900000  24.07100000  23.90900000  24.53900000  25.96800000  26.27500000  26.40500000  25.88400000  25.49600000  25.59200000  25.64200000  25.59500000  25.62200000  25.67100000  25.65900000  26.39800000  26.08400000  26.18100000  26.15800000  26.13800000  26.16100000  26.20100000  26.46300000  26.08600000  25.81000000  25.99800000
 24.08600000  23.51700000  23.49400000  23.32100000  23.42900000  23.40300000  23.57300000  23.82100000  24.26400000  25.78500000  26.18200000  26.51800000  26.31500000  25.57100000  25.56700000  25.54900000  25.54300000  26.35600000  26.42600000  26.55300000  26.34600000  26.00600000  26.24700000  26.31000000  26.42600000  26.40200000  26.05300000  25.83000000  26.10400000  26.09900000
 27.83300000  27.83300000  27.83300000  23.82100000  23.18100000  23.03400000  23.24400000  23.25300000  23.27700000  24.12400000  25.48500000  25.22100000  25.66300000  25.81700000  25.96400000  25.96300000  25.98400000  26.12700000  26.26700000  26.55100000  25.88300000  26.21500000  26.08200000  26.35000000  26.45300000  26.15000000  26.12800000  25.99900000  26.11400000  26.13900000
 27.83300000  27.83300000  27.83300000  27.83300000  23.60200000  23.41900000  23.21700000  22.95100000  23.16800000  23.22500000  23.96700000  25.24200000  24.72500000  24.15500000  24.12500000  24.45400000  24.41100000  25.02600000  26.06900000  26.61600000  25.82800000  26.05100000  26.05900000  26.17200000  26.28600000  26.61800000  26.34800000  26.29800000  26.30200000  26.20700000
 27.83300000  27.83300000  27.83300000  27.83300000  27.83300000  27.83300000  24.37200000  24.05200000  23.37000000  23.12800000  23.22500000  23.53400000  23.79200000  23.82000000  23.12000000  23.48100000  24.06400000  24.76900000  25.75400000  26.64400000  26.55900000  25.91100000  26.06000000  26.04400000  26.15000000  26.66600000  26.79100000  26.29600000  26.26700000  26.13100000
 27.83300000  27.83300000  27.83300000  27.83300000  27.83300000  27.83300000  27.83300000  27.83300000  27.83300000  27.83300000  27.83300000  27.83300000  23.33400000  23.15400000  22.92200000  23.42600000  23.84500000  24.59700000  25.48300000  26.60500000  26.62300000  26.64700000  26.50100000  26.34800000  26.24000000  26.77700000  26.77000000  26.84900000  26.24600000  26.19900000
 27.83300000  27.83300000  27.83300000  27.83300000  27.83300000  27.83300000  27.83300000  27.83300000  27.83300000  27.83300000  27.83300000  27.83300000  27.83300000  27.83300000  27.83300000  23.48500000  23.81600000  24.75000000  25.08200000  25.33000000  26.63100000  26.64500000  26.68800000  26.74000000  26.50800000  26.89000000  26.80600000  26.84800000  26.88700000  26.66700000
 27.83300000  27.83300000  27.83300000  27.83300000  27.83300000  27.83300000  27.83300000  27.83300000  27.83300000  27.83300000  27.83300000  27.83300000  27.83300000  27.83300000  27.83300000  27.83300000  23.76100000  24.13600000  24.97300000  25.21600000  25.07500000  26.71500000  26.70200000  26.72900000  26.68200000  26.98600000  26.92700000  26.83500000  26.90800000  27.01800000
 27.83300000  27.83300000  27.83300000  27.83300000  27.83300000  27.83300000  27.83300000  27.83300000  27.83300000  27.83300000  27.83300000  27.83300000  27.83300000  27.83300000  27.83300000  27.83300000  27.83300000  27.83300000  23.71700000  24.90700000  25.32000000  26.35600000  26.67200000  26.71400000  26.81600000  26.98600000  27.04800000  26.96200000  26.87300000  26.98200000
 27.83300000  27.83300000  27.83300000  27.83300000  27.83300000  27.83300000  27.83300000  27.83300000  27.83300000  27.83300000  27.83300000  27.83300000  27.83300000  27.83300000  27.83300000  27.83300000  27.83300000  27.83300000  27.83300000  25.20400000  24.08000000  26.75000000  26.63900000  26.58500000  26.93100000  26.99400000  26.92500000  27.00700000  26.91200000  27.03700000
 27.83300000  27.83300000  27.83300000  27.83300000  27.83300000  27.83300000  27.83300000  27.83300000  27.83300000  27.83300000  27.83300000  27.83300000  27.83300000  27.83300000  27.83300000  27.83300000  27.83300000  27.83300000  27.83300000  25.51700000  24.83700000  26.78500000  26.59600000  26.73900000  27.05400000  27.01300000  27.08700000  26.93000000  26.99500000  27.12800000
 27.83300000  27.83300000  27.83300000  27.83300000  27.83300000  27.83300000  27.83300000  27.83300000  27.83300000  27.83300000  27.83300000  27.83300000  27.83300000  27.83300000  27.83300000  27.83300000  27.83300000  27.83300000  27.83300000  25.43800000  25.40000000  26.84800000  26.67700000  26.87500000  27.10000000  26.86900000  27.05000000  27.11000000  27.03600000  27.10900000
 27.83300000  27.83300000  27.83300000  27.83300000  27.83300000  27.83300000  27.83300000  27.83300000  27.83300000  27.83300000  27.83300000  27.83300000  27.83300000  27.83300000  27.83300000  27.83300000  27.83300000  27.83300000  27.83300000  24.91900000  24.52500000  26.73500000  26.87600000  27.05000000  26.93600000  26.93500000  27.01700000  27.07300000  27.11900000  27.23100000
 27.83300000  27.83300000  27.83300000  27.83300000  27.83300000  27.83300000  27.83300000  27.83300000  27.83300000  27.83300000  27.83300000  27.83300000  27.83300000  27.83300000  27.83300000  27.83300000  27.83300000  27.83300000  27.83300000  27.83300000  25.34900000  25.49400000  26.89000000  26.98900000  26.87700000  26.96100000  26.92700000  26.94000000  27.04700000  27.18000000
 27.83300000  27.83300000  27.83300000  27.83300000  27.83300000  27.83300000  27.83300000  27.83300000  27.83300000  27.83300000  27.83300000  27.83300000  27.83300000  27.83300000  27.83300000  27.83300000  27.83300000  27.83300000  27.83300000  27.83300000  27.83300000  25.18100000  26.70200000  26.83500000  26.84300000  26.92200000  26.84800000  26.66800000  26.73500000  27.20400000
 27.83300000  27.83300000  27.83300000  27.83300000  27.83300000  27.83300000  27.83300000  27.83300000  27.83300000  27.83300000  27.83300000  27.83300000  27.83300000  27.83300000  27.83300000  27.83300000  27.83300000  27.83300000  27.83300000  27.83300000  27.83300000  25.09000000  26.30600000  26.71100000  26.81900000  26.73400000  26.71300000  26.65000000  26.56100000  26.95600000
 27.83300000  27.83300000  27.83300000  27.83300000  27.83300000  27.83300000  27.83300000  27.83300000  27.83300000  27.83300000  27.83300000  27.83300000  27.83300000  27.83300000  27.83300000  27.83300000  27.83300000  27.83300000  27.83300000  27.83300000  27.83300000  27.83300000  25.93400000  26.33400000  26.53700000  26.47200000  26.55300000  26.57500000  26.94400000  27.28200000
 27.83300000  27.83300000  27.83300000  27.83300000  27.83300000  27.83300000  27.83300000  27.83300000  27.83300000  27.83300000  27.83300000  27.83300000  27.83300000  27.83300000  27.83300000  27.83300000  27.83300000  27.83300000  27.83300000  27.83300000  27.83300000  27.83300000  27.83300000  26.01200000  26.55100000  26.69500000  26.62900000  26.80100000  27.14700000  27.26300000
 25.44500000  25.30500000  25.50100000  25.18300000  24.89400000  25.39100000  25.44200000  25.43200000  25.37500000  25.30200000  25.30400000  25.29000000  25.12200000  24.28900000  24.22200000  25.18900000  25.51100000  25.43300000  25.32200000  25.21800000  25.27400000  25.15900000  25.07500000  24.69300000  24.17500000  23.73900000  24.06000000  24.24800000  24.30400000  24.61300000
 25.19500000  25.20200000  25.32800000  24.57000000  25.23600000  25.32600000  25.30800000  25.24400000  25.25400000  25.22300000  25.20700000  24.99500000  23.97200000  24.32100000  24.54600000  25.31300000  25.38600000  25.20500000  25.21400000  25.17900000  25.11900000  25.00900000  24.64200000  24.29300000  23.66400000  24.45900000  24.70100000  24.87700000  25.19900000  25.02100000
 25.16300000  25.23400000  25.31900000  24.75300000  25.15600000  25.24900000  25.18900000  25.13500000  25.04800000  24.94100000  24.49100000  23.80900000  24.15800000  24.69300000  24.78500000  25.50000000  25.27400000  25.20000000  25.16900000  25.07800000  25.00400000  24.81900000  24.18900000  25.33300000  25.56200000  25.31800000  25.31300000  24.92700000  24.85700000  24.96000000
 24.60100000  25.00600000  25.24600000  25.39400000  24.30300000  25.00300000  24.83700000  24.21400000  23.99200000  24.20900000  24.49400000  24.72300000  24.80600000  24.88500000  25.21200000  25.58800000  25.18900000  25.11500000  24.96300000  24.69800000  24.55000000  25.58000000  25.69800000  25.69300000  25.67700000  25.27300000  25.24900000  25.19400000  25.15100000  25.27300000
 24.21400000  23.98500000  25.09000000  25.25100000  25.36600000  24.68700000  24.09500000  24.00900000  24.16200000  24.77800000  24.85200000  25.00500000  25.25700000  25.44100000  25.59300000  25.62300000  25.09000000  24.93500000  24.71800000  25.40000000  25.62900000  25.53900000  25.53500000  25.49900000  25.63200000  25.80200000  25.70200000  25.10300000  24.96900000  25.13500000
 23.86600000  24.11700000  24.81100000  25.22600000  25.40700000  25.29200000  25.38500000  25.43900000  25.44500000  25.42400000  25.37400000  25.38700000  25.48100000  25.63700000  25.75500000  25.59700000  25.20500000  24.86300000  25.49400000  25.51800000  25.48400000  25.23700000  25.07900000  25.08800000  25.28600000  25.69200000  25.97600000  25.77000000  24.97000000  25.08300000
 23.62600000  23.91000000  24.39200000  24.73000000  25.40400000  25.66800000  25.49000000  25.45100000  25.47700000  25.45000000  25.64600000  25.56400000  25.54400000  25.63800000  25.71400000  25.59200000  25.48100000  25.22000000  25.55400000  25.43000000  25.31500000  24.98000000  24.77100000  24.97000000  25.29000000  25.77500000  26.27000000  26.07900000  25.85500000  25.21500000
 23.18400000  23.69100000  24.44600000  24.29900000  24.75300000  25.46300000  25.96200000  25.52800000  25.59900000  25.69700000  25.74800000  25.65700000  25.66100000  25.70100000  25.75100000  25.60700000  25.66000000  25.56200000  25.45200000  25.43900000  25.36000000  25.25300000  25.25800000  25.36800000  25.81000000  26.43600000  26.67200000  26.37700000  25.75500000  25.91200000
 21.37100000  23.53600000  23.85500000  24.21100000  24.32600000  24.39000000  24.79900000  26.06100000  26.07800000  25.65300000  25.49000000  25.57700000  25.62900000  25.70400000  25.67200000  25.61900000  25.70600000  25.72000000  25.78300000  25.81200000  25.83100000  25.85200000  26.05100000  26.57300000  26.59300000  26.52200000  26.53900000  26.40100000  25.80300000  25.99500000
 20.24300000  21.78900000  23.11200000  23.89800000  23.59400000  24.09000000  23.94800000  24.55600000  25.98600000  26.29700000  26.42700000  25.90500000  25.51600000  25.61000000  25.66300000  25.61500000  25.64000000  25.68900000  25.67700000  26.41500000  26.10600000  26.20300000  26.17900000  26.15900000  26.18200000  26.22200000  26.48500000  26.10500000  25.82900000  26.01600000
 22.12800000  27.83300000  19.43000000  20.84100000  23.19600000  23.41600000  23.61100000  23.94300000  24.28500000  25.80600000  26.20400000  26.54100000  26.33900000  25.59200000  25.58900000  25.57000000  25.56400000  26.37700000  26.44600000  26.57300000  26.36800000  26.02500000  26.26500000  26.32800000  26.44700000  26.42400000  26.07400000  25.85200000  26.12600000  26.11800000
 27.83300000  27.83300000  27.83300000  27.83300000  20.94800000  21.22600000  22.83300000  23.26200000  23.33500000  24.14700000  25.51000000  25.24400000  25.68100000  25.83700000  25.98500000  25.98500000  26.00600000  26.14800000  26.28700000  26.57400000  25.90400000  26.23000000  26.10200000  26.37100000  26.47500000  26.17100000  26.15400000  26.02000000  26.13600000  26.15900000
 27.83300000  27.83300000  27.83300000  27.83300000  27.83300000  20.39700000  20.66000000  20.64300000  21.35800000  22.54300000  23.98800000  25.26800000  24.74900000  24.23900000  24.22400000  24.47700000  24.43900000  25.07600000  26.08900000  26.63700000  25.84700000  26.06900000  26.07400000  26.19400000  26.30500000  26.64000000  26.37400000  26.31700000  26.32200000  26.22500000
 27.83300000  27.83300000  27.83300000  27.83300000  27.83300000  27.83300000  27.83300000  20.76200000  20.64600000  20.53600000  21.29700000  23.53800000  23.97600000  23.91000000  23.14100000  23.49600000  24.12900000  24.81900000  25.77400000  26.66600000  26.58300000  25.93000000  26.07700000  26.06400000  26.16900000  26.68700000  26.81300000  26.31900000  26.28400000  26.14000000
 27.83300000  27.83300000  27.83300000  27.83300000  27.83300000  27.83300000  27.83300000  27.83300000  27.83300000  27.83300000  27.83300000  27.83300000  27.83300000  27.83300000  27.83300000  21.75400000  23.93300000  24.56100000  25.51600000  26.62500000  26.64300000  26.66700000  26.52400000  26.36900000  26.25800000  26.79900000  26.79200000  26.87000000  26.27000000  26.22000000
 27.83300000  27.83300000  27.83300000  27.83300000  27.83300000  27.83300000  27.83300000  27.83300000  27.83300000  27.83300000  27.83300000  27.83300000  27.83300000  27.83300000  27.83300000  27.83300000  23.71900000  24.45700000  25.11400000  25.31800000  26.64600000  26.66700000  26.70900000  26.76100000  26.52700000  26.91100000  26.82800000  26.86900000  26.90900000  26.69500000
 27.83300000  27.83300000  27.83300000  27.83300000  27.83300000  27.83300000  27.83300000  27.83300000  27.83300000  27.83300000  27.83300000  27.83300000  27.83300000  27.83300000  27.83300000  27.83300000  27.83300000  21.80600000  24.73800000  25.12700000  25.06900000  26.73600000  26.72600000  26.75100000  26.69900000  27.00600000  26.95100000  26.85600000  26.92900000  27.04000000
 27.83300000  27.83300000  27.83300000  27.83300000  27.83300000  27.83300000  27.83300000  27.83300000  27.83300000  27.83300000  27.83300000  27.83300000  27.83300000  27.83300000  27.83300000  27.83300000  27.83300000  27.83300000  27.83300000  24.89700000  25.34900000  26.37800000  26.69300000  26.73600000  26.83400000  27.00500000  27.06800000  26.98400000  26.89600000  27.00900000
 27.83300000  27.83300000  27.83300000  27.83300000  27.83300000  27.83300000  27.83300000  27.83300000  27.83300000  27.83300000  27.83300000  27.83300000  27.83300000  27.83300000  27.83300000  27.83300000  27.83300000  27.83300000  27.83300000  27.83300000  24.19800000  26.78100000  26.65800000  26.59500000  26.94900000  27.01400000  26.94500000  27.03100000  26.93200000  27.05700000
 27.83300000  27.83300000  27.83300000  27.83300000  27.83300000  27.83300000  27.83300000  27.83300000  27.83300000  27.83300000  27.83300000  27.83300000  27.83300000  27.83300000  27.83300000  27.83300000  27.83300000  27.83300000  27.83300000  27.83300000  23.59200000  26.80900000  26.61500000  26.75400000  27.07700000  27.03300000  27.11000000  26.94900000  27.01400000  27.14300000
 27.83300000  27.83300000  27.83300000  27.83300000  27.83300000  27.83300000  27.83300000  27.83300000  27.83300000  27.83300000  27.83300000  27.83300000  27.83300000  27.83300000  27.83300000  27.83300000  27.83300000  27.83300000  27.83300000  27.83300000  24.06700000  26.86400000  26.69800000  26.89600000  27.12400000  26.89000000  27.07100000  27.13300000  27.05400000  27.12700000
 27.83300000  27.83300000  27.83300000  27.83300000  27.83300000  27.83300000  27.83300000  27.83300000  27.83300000  27.83300000  27.83300000  27.83300000  27.83300000  27.83300000  27.83300000  27.83300000  27.83300000  27.83300000  27.83300000  27.83300000  24.24700000  26.75500000  26.90000000  27.07100000  26.95500000  26.95700000  27.03600000  27.09200000  27.13800000  27.24700000
 27.83300000  27.83300000  27.83300000  27.83300000  27.83300000  27.83300000  27.83300000  27.83300000  27.83300000  27.83300000  27.83300000  27.83300000  27.83300000  27.83300000  27.83300000  27.83300000  27.83300000  27.83300000  27.83300000  27.83300000  27.83300000  24.40600000  26.90900000  27.00600000  26.89700000  26.97900000  26.94400000  26.95600000  27.06600000  27.19800000
 27.83300000  27.83300000  27.83300000  27.83300000  27.83300000  27.83300000  27.83300000  27.83300000  27.83300000  27.83300000  27.83300000  27.83300000  27.83300000  27.83300000  27.83300000  27.83300000  27.83300000  27.83300000  27.83300000  27.83300000  27.83300000  25.13700000  26.72100000  26.85100000  26.86100000  26.94100000  26.86300000  26.68700000  26.75200000  27.22300000
 27.83300000  27.83300000  27.83300000  27.83300000  27.83300000  27.83300000  27.83300000  27.83300000  27.83300000  27.83300000  27.83300000  27.83300000  27.83300000  27.83300000  27.83300000  27.83300000  27.83300000  27.83300000  27.83300000  27.83300000  27.83300000  27.83300000  26.33100000  26.73100000  26.83600000  26.75200000  26.73400000  26.67000000  26.57800000  26.97200000
 27.83300000  27.83300000  27.83300000  27.83300000  27.83300000  27.83300000  27.83300000  27.83300000  27.83300000  27.83300000  27.83300000  27.83300000  27.83300000  27.83300000  27.83300000  27.83300000  27.83300000  27.83300000  27.83300000  27.83300000  27.83300000  27.83300000  25.96800000  26.35500000  26.55300000  26.48900000  26.57200000  26.59300000  26.96700000  27.30300000
 27.83300000  27.83300000  27.83300000  27.83300000  27.83300000  27.83300000  27.83300000  27.83300000  27.83300000  27.83300000  27.83300000  27.83300000  27.83300000  27.83300000  27.83300000  27.83300000  27.83300000  27.83300000  27.83300000  27.83300000  27.83300000  27.83300000  27.83300000  26.04800000  26.56900000  26.72000000  26.65000000  26.81900000  27.20100000  27.28200000
