36.99500000 36.95100000 36.95100000 36.94400000 37.00800000 37.18500000 37.25800000 37.26600000 37.23900000 37.20800000 37.13700000 37.02200000 36.89200000 36.67400000 36.59800000 36.85500000 36.99600000 37.00800000 37.01300000 37.06200000 37.01600000 37.00100000 36.88200000 36.66300000 36.53900000 36.27000000 36.48900000 36.42900000 36.37800000 36.45700000
36.98700000 37.00700000 36.92100000 36.91800000 37.17600000 37.22300000 37.21400000 37.19300000 37.16800000 37.10900000 37.00700000 36.88800000 36.55900000 36.69200000 36.79600000 36.95700000 37.08100000 36.99900000 37.08300000 37.04500000 36.99700000 36.91100000 36.76500000 36.65300000 36.41600000 36.70000000 36.79900000 36.87400000 37.05800000 37.04900000
37.04100000 36.92600000 36.88500000 36.94700000 37.14000000 37.17300000 37.14000000 37.09400000 37.02300000 36.95300000 36.80900000 36.44300000 36.61700000 36.87600000 36.85100000 37.05300000 37.04600000 36.99800000 37.04600000 36.99900000 36.92800000 36.84700000 36.62200000 37.05800000 37.13200000 37.03800000 37.06500000 36.93800000 36.90600000 36.86300000
36.57900000 36.99400000 36.87000000 36.92500000 36.77600000 37.06500000 36.98400000 36.68900000 36.53000000 36.70400000 36.84500000 36.91500000 36.89400000 36.88200000 36.91200000 37.13000000 36.98200000 36.96500000 36.95300000 36.83900000 36.73100000 37.16300000 37.25000000 37.25600000 37.21600000 37.01700000 37.04400000 37.03000000 36.98400000 36.92300000
36.41000000 36.04300000 37.00700000 36.87000000 36.90800000 36.93200000 36.63300000 36.56800000 36.69800000 36.95300000 36.91200000 36.89900000 36.92100000 36.94400000 36.98500000 37.13700000 36.93300000 36.87100000 36.79000000 37.08200000 37.23600000 37.22500000 37.21500000 37.19500000 37.21900000 37.26500000 37.22700000 36.88500000 36.74200000 36.66900000
36.22400000 35.62200000 36.97000000 37.05000000 36.99100000 36.81800000 36.88500000 36.93400000 36.92700000 36.88800000 36.84700000 36.85000000 36.89900000 36.98800000 37.04200000 37.08200000 36.99700000 36.85400000 37.13500000 37.20900000 37.20300000 37.12600000 37.05800000 37.05900000 37.14800000 37.21700000 37.28000000 37.25300000 36.72400000 36.56900000
35.94500000 35.35700000 36.77200000 36.90900000 37.13700000 37.12500000 36.93200000 36.89200000 36.88600000 36.87800000 37.01500000 36.99600000 36.99500000 37.01800000 37.03600000 37.05800000 37.13600000 37.04900000 37.16600000 37.18900000 37.13700000 37.02500000 36.94600000 37.00100000 37.14600000 37.21700000 37.32300000 37.31900000 37.27100000 36.65900000
35.40700000 35.81300000 36.63100000 36.68500000 36.86200000 37.14600000 37.23400000 36.91200000 36.93700000 36.98100000 37.01100000 36.97800000 37.01700000 37.04900000 37.05700000 37.09300000 37.22200000 37.17300000 37.13300000 37.17200000 37.16300000 37.11400000 37.12100000 37.15800000 37.21300000 37.35700000 37.46300000 37.40800000 37.27000000 37.22500000
35.38600000 35.73300000 36.37500000 36.57700000 36.76100000 36.59000000 36.91500000 37.33800000 37.26500000 36.99200000 36.88900000 36.93300000 36.95100000 37.02900000 37.01400000 37.12800000 37.22500000 37.23300000 37.24700000 37.25600000 37.25700000 37.21900000 37.20200000 37.42400000 37.45200000 37.45000000 37.46600000 37.42600000 37.28500000 37.26600000
35.30200000 35.28600000 35.49300000 36.43300000 36.25200000 36.64200000 36.27200000 36.84800000 37.32400000 37.37100000 37.40700000 37.13900000 36.94700000 36.96100000 36.94800000 37.01500000 37.12400000 37.10900000 37.01100000 37.39500000 37.31200000 37.36500000 37.35900000 37.35900000 37.38300000 37.39800000 37.45600000 37.33000000 37.26200000 37.25600000
34.70300000 34.83500000 34.99800000 35.04200000 36.07500000 36.16600000 36.20800000 36.10400000 36.69200000 37.25900000 37.35500000 37.43000000 37.31100000 36.96800000 36.99900000 37.00800000 37.00400000 37.38100000 37.35000000 37.36400000 37.34000000 37.30900000 37.39000000 37.36700000 37.40700000 37.40900000 37.32100000 37.26800000 37.30600000 37.21700000
37.59700000 37.59700000 37.59700000 35.06200000 35.44700000 35.73700000 35.88400000 35.94500000 35.70300000 36.58400000 37.19400000 37.10200000 37.21800000 37.22200000 37.25400000 37.25000000 37.26400000 37.31200000 37.30200000 37.36700000 37.24800000 37.35500000 37.29200000 37.27800000 37.32800000 37.31100000 37.31700000 37.27300000 37.28000000 37.19300000
37.59700000 37.59700000 37.59700000 37.59700000 35.21400000 35.27200000 35.50500000 35.52500000 35.64200000 35.72600000 36.54800000 37.14900000 36.93000000 36.59500000 36.62700000 36.80700000 36.59100000 36.82400000 37.24700000 37.37000000 37.21200000 37.27500000 37.24800000 37.21900000 37.29300000 37.37400000 37.35100000 37.36400000 37.37500000 37.20300000
37.59700000 37.59700000 37.59700000 37.59700000 37.59700000 37.59700000 35.29500000 35.36100000 35.45000000 35.50200000 35.70700000 36.32200000 36.46700000 36.47500000 36.17400000 36.34300000 36.66200000 36.64800000 37.15700000 37.36200000 37.36000000 37.19100000 37.21200000 37.19300000 37.28000000 37.37300000 37.46100000 37.34600000 37.36700000 37.21700000
37.59700000 37.59700000 37.59700000 37.59700000 37.59700000 37.59700000 37.59700000 37.59700000 37.59700000 37.59700000 37.59700000 37.59700000 35.68800000 35.89200000 36.14800000 36.13500000 36.30500000 36.39300000 37.10000000 37.33300000 37.36200000 37.37400000 37.33800000 37.30100000 37.31000000 37.37700000 37.41100000 37.49100000 37.32900000 37.35200000
37.59700000 37.59700000 37.59700000 37.59700000 37.59700000 37.59700000 37.59700000 37.59700000 37.59700000 37.59700000 37.59700000 37.59700000 37.59700000 37.59700000 37.59700000 36.01200000 36.14000000 36.28300000 36.84600000 36.94500000 37.32000000 37.42200000 37.40300000 37.40500000 37.36400000 37.35900000 37.40900000 37.49700000 37.51700000 37.46300000
37.59700000 37.59700000 37.59700000 37.59700000 37.59700000 37.59700000 37.59700000 37.59700000 37.59700000 37.59700000 37.59700000 37.59700000 37.59700000 37.59700000 37.59700000 37.59700000 35.98100000 36.23700000 36.69200000 37.06100000 37.05700000 37.34100000 37.41400000 37.41300000 37.35200000 37.33500000 37.38200000 37.35900000 37.48500000 37.55900000
37.59700000 37.59700000 37.59700000 37.59700000 37.59700000 37.59700000 37.59700000 37.59700000 37.59700000 37.59700000 37.59700000 37.59700000 37.59700000 37.59700000 37.59700000 37.59700000 37.59700000 37.59700000 36.03000000 36.72200000 37.01500000 37.18400000 37.43100000 37.42000000 37.30600000 37.33800000 37.37600000 37.37200000 37.37200000 37.45100000
37.59700000 37.59700000 37.59700000 37.59700000 37.59700000 37.59700000 37.59700000 37.59700000 37.59700000 37.59700000 37.59700000 37.59700000 37.59700000 37.59700000 37.59700000 37.59700000 37.59700000 37.59700000 37.59700000 36.61800000 36.77700000 37.34700000 37.43400000 37.39800000 37.32800000 37.38400000 37.34400000 37.38200000 37.32400000 37.36300000
37.59700000 37.59700000 37.59700000 37.59700000 37.59700000 37.59700000 37.59700000 37.59700000 37.59700000 37.59700000 37.59700000 37.59700000 37.59700000 37.59700000 37.59700000 37.59700000 37.59700000 37.59700000 37.59700000 36.83300000 36.79000000 37.34000000 37.42600000 37.32300000 37.38700000 37.40100000 37.42700000 37.35400000 37.35100000 37.34300000
37.59700000 37.59700000 37.59700000 37.59700000 37.59700000 37.59700000 37.59700000 37.59700000 37.59700000 37.59700000 37.59700000 37.59700000 37.59700000 37.59700000 37.59700000 37.59700000 37.59700000 37.59700000 37.59700000 36.70800000 36.83000000 37.34800000 37.37300000 37.31100000 37.40400000 37.38900000 37.40700000 37.43000000 37.35800000 37.34300000
37.59700000 37.59700000 37.59700000 37.59700000 37.59700000 37.59700000 37.59700000 37.59700000 37.59700000 37.59700000 37.59700000 37.59700000 37.59700000 37.59700000 37.59700000 37.59700000 37.59700000 37.59700000 37.59700000 36.33900000 36.72300000 37.30800000 37.33300000 37.38800000 37.36900000 37.37700000 37.36200000 37.38200000 37.41300000 37.38000000
37.59700000 37.59700000 37.59700000 37.59700000 37.59700000 37.59700000 37.59700000 37.59700000 37.59700000 37.59700000 37.59700000 37.59700000 37.59700000 37.59700000 37.59700000 37.59700000 37.59700000 37.59700000 37.59700000 37.59700000 36.67400000 36.84000000 37.35700000 37.37600000 37.37000000 37.34400000 37.32000000 37.31100000 37.33100000 37.33400000
37.59700000 37.59700000 37.59700000 37.59700000 37.59700000 37.59700000 37.59700000 37.59700000 37.59700000 37.59700000 37.59700000 37.59700000 37.59700000 37.59700000 37.59700000 37.59700000 37.59700000 37.59700000 37.59700000 37.59700000 37.59700000 36.74300000 37.27800000 37.33300000 37.34100000 37.33300000 37.31700000 37.29800000 37.28000000 37.30500000
37.59700000 37.59700000 37.59700000 37.59700000 37.59700000 37.59700000 37.59700000 37.59700000 37.59700000 37.59700000 37.59700000 37.59700000 37.59700000 37.59700000 37.59700000 37.59700000 37.59700000 37.59700000 37.59700000 37.59700000 37.59700000 36.54400000 37.13100000 37.28200000 37.32500000 37.30800000 37.29600000 37.27100000 37.24600000 37.26300000
37.59700000 37.59700000 37.59700000 37.59700000 37.59700000 37.59700000 37.59700000 37.59700000 37.59700000 37.59700000 37.59700000 37.59700000 37.59700000 37.59700000 37.59700000 37.59700000 37.59700000 37.59700000 37.59700000 37.59700000 37.59700000 37.59700000 36.83900000 37.10900000 37.21700000 37.18100000 37.20400000 37.21600000 37.28600000 37.30800000
37.59700000 37.59700000 37.59700000 37.59700000 37.59700000 37.59700000 37.59700000 37.59700000 37.59700000 37.59700000 37.59700000 37.59700000 37.59700000 37.59700000 37.59700000 37.59700000 37.59700000 37.59700000 37.59700000 37.59700000 37.59700000 37.59700000 37.59700000 36.77400000 37.18000000 37.21400000 37.22100000 37.24800000 37.28300000 37.29600000
36.98800000 36.95000000 36.95100000 36.94300000 37.00600000 37.18400000 37.25700000 37.26500000 37.23700000 37.20800000 37.13900000 37.02100000 36.89300000 36.67600000 36.59600000 36.85300000 36.99500000 37.00700000 37.01200000 37.06100000 37.01600000 37.00200000 36.88100000 36.66100000 36.53800000 36.27000000 36.48800000 36.42900000 36.37800000 36.45700000
36.98600000 37.00600000 36.92000000 36.91700000 37.17500000 37.22200000 37.21300000 37.19200000 37.16700000 37.10800000 37.00700000 36.88800000 36.55900000 36.69100000 36.79600000 36.95600000 37.08100000 36.99800000 37.08200000 37.04400000 36.99600000 36.91000000 36.76400000 36.65200000 36.41600000 36.69900000 36.79900000 36.87300000 37.05700000 37.04900000
37.04000000 36.92600000 36.88400000 36.94700000 37.13900000 37.17200000 37.13900000 37.09300000 37.02200000 36.95300000 36.80900000 36.44200000 36.61500000 36.87500000 36.85100000 37.05200000 37.04600000 36.99700000 37.04500000 36.99800000 36.92800000 36.84600000 36.62200000 37.05500000 37.13100000 37.03700000 37.06400000 36.93700000 36.90600000 36.86200000
36.58500000 36.99300000 36.87000000 36.92400000 36.77600000 37.06400000 36.98300000 36.68900000 36.52800000 36.70300000 36.84400000 36.91400000 36.89300000 36.88100000 36.91100000 37.12900000 36.98200000 36.96400000 36.95200000 36.83900000 36.73100000 37.16300000 37.24900000 37.25500000 37.21500000 37.01600000 37.04300000 37.02900000 36.98300000 36.92200000
36.41300000 36.05500000 37.00600000 36.86900000 36.90700000 36.93200000 36.63200000 36.56700000 36.69700000 36.95200000 36.91100000 36.89800000 36.92000000 36.94300000 36.98400000 37.13600000 36.93200000 36.87000000 36.79000000 37.08100000 37.23500000 37.22400000 37.21400000 37.19400000 37.21800000 37.26300000 37.22600000 36.88400000 36.74100000 36.66900000
36.22800000 36.01600000 36.96900000 37.04900000 36.99000000 36.81700000 36.88500000 36.93400000 36.92600000 36.88700000 36.84600000 36.84900000 36.89800000 36.98700000 37.04100000 37.08000000 36.99700000 36.85300000 37.13500000 37.20800000 37.20300000 37.12600000 37.05800000 37.05800000 37.14700000 37.21600000 37.27900000 37.25200000 36.72400000 36.56900000
35.95100000 35.90000000 36.77200000 36.90800000 37.13600000 37.12400000 36.93100000 36.89100000 36.88500000 36.87700000 37.01300000 36.99500000 36.99400000 37.01700000 37.03500000 37.05600000 37.13500000 37.04800000 37.16500000 37.18800000 37.13700000 37.02600000 36.94600000 37.00100000 37.14600000 37.21700000 37.32200000 37.31800000 37.27000000 36.67600000
35.63300000 35.80200000 36.62900000 36.68400000 36.86100000 37.14500000 37.23300000 36.91200000 36.93600000 36.98000000 37.01000000 36.97700000 37.01500000 37.04800000 37.05600000 37.09100000 37.22100000 37.17200000 37.13200000 37.17100000 37.16300000 37.11400000 37.12000000 37.15800000 37.21200000 37.35500000 37.46200000 37.40700000 37.26900000 37.22900000
35.86300000 35.95200000 36.37600000 36.57700000 36.76100000 36.59100000 36.91400000 37.33600000 37.26400000 36.99100000 36.88800000 36.93200000 36.95000000 37.02800000 37.01300000 37.12700000 37.22400000 37.23200000 37.24600000 37.25500000 37.25600000 37.21800000 37.20000000 37.42200000 37.45100000 37.44800000 37.46500000 37.42500000 37.28400000 37.26500000
35.70300000 35.50900000 36.27100000 36.43700000 36.25800000 36.64200000 36.28500000 36.84700000 37.32300000 37.37000000 37.40600000 37.13800000 36.94600000 36.96100000 36.94700000 37.01400000 37.12300000 37.10800000 37.01000000 37.39400000 37.31100000 37.36400000 37.35800000 37.35800000 37.38200000 37.39700000 37.45500000 37.32900000 37.26100000 37.25600000
35.46000000 37.59700000 35.85200000 36.04000000 36.21800000 36.26700000 36.22200000 36.17900000 36.69200000 37.25900000 37.35400000 37.42900000 37.31100000 36.96800000 36.99800000 37.00700000 37.00400000 37.38000000 37.34800000 37.36300000 37.33900000 37.30800000 37.38900000 37.36600000 37.40600000 37.40800000 37.32000000 37.26700000 37.30600000 37.21600000
37.59700000 37.59700000 37.59700000 37.59700000 35.88400000 36.04600000 36.35200000 36.37700000 35.94900000 36.58400000 37.19400000 37.10200000 37.21700000 37.22100000 37.25300000 37.24900000 37.26200000 37.31100000 37.30100000 37.36600000 37.24800000 37.35400000 37.29100000 37.27700000 37.32700000 37.31000000 37.31700000 37.27200000 37.28000000 37.19300000
37.59700000 37.59700000 37.59700000 37.59700000 37.59700000 35.68000000 35.86600000 36.07800000 36.25700000 35.90700000 36.54800000 37.14800000 36.93000000 36.62100000 36.65100000 36.80700000 36.59100000 36.82000000 37.24500000 37.36900000 37.21100000 37.27400000 37.24700000 37.21800000 37.29200000 37.37300000 37.35000000 37.36300000 37.37500000 37.20300000
37.59700000 37.59700000 37.59700000 37.59700000 37.59700000 37.59700000 37.59700000 35.69200000 35.71800000 35.79000000 35.90300000 36.33200000 36.53800000 36.50000000 36.18000000 36.34100000 36.67900000 36.64700000 37.15600000 37.36100000 37.35900000 37.19000000 37.21100000 37.19200000 37.27900000 37.37200000 37.46100000 37.34500000 37.36500000 37.21700000
37.59700000 37.59700000 37.59700000 37.59700000 37.59700000 37.59700000 37.59700000 37.59700000 37.59700000 37.59700000 37.59700000 37.59700000 37.59700000 37.59700000 37.59700000 36.24400000 36.40100000 36.47800000 37.09800000 37.33200000 37.36100000 37.37300000 37.33700000 37.30000000 37.30900000 37.37600000 37.41000000 37.49000000 37.32900000 37.35100000
37.59700000 37.59700000 37.59700000 37.59700000 37.59700000 37.59700000 37.59700000 37.59700000 37.59700000 37.59700000 37.59700000 37.59700000 37.59700000 37.59700000 37.59700000 37.59700000 36.19900000 36.44700000 36.84400000 36.93100000 37.31900000 37.42100000 37.40200000 37.40400000 37.36400000 37.35800000 37.40800000 37.49600000 37.51600000 37.46200000
37.59700000 37.59700000 37.59700000 37.59700000 37.59700000 37.59700000 37.59700000 37.59700000 37.59700000 37.59700000 37.59700000 37.59700000 37.59700000 37.59700000 37.59700000 37.59700000 37.59700000 36.37400000 36.69200000 37.01500000 37.04100000 37.34000000 37.41300000 37.41300000 37.35200000 37.33400000 37.38200000 37.35900000 37.48400000 37.55800000
37.59700000 37.59700000 37.59700000 37.59700000 37.59700000 37.59700000 37.59700000 37.59700000 37.59700000 37.59700000 37.59700000 37.59700000 37.59700000 37.59700000 37.59700000 37.59700000 37.59700000 37.59700000 37.59700000 36.71500000 37.01400000 37.18000000 37.43100000 37.42000000 37.30600000 37.33700000 37.37500000 37.37200000 37.37200000 37.45000000
37.59700000 37.59700000 37.59700000 37.59700000 37.59700000 37.59700000 37.59700000 37.59700000 37.59700000 37.59700000 37.59700000 37.59700000 37.59700000 37.59700000 37.59700000 37.59700000 37.59700000 37.59700000 37.59700000 37.59700000 36.81900000 37.34600000 37.43400000 37.39800000 37.32800000 37.38300000 37.34300000 37.38000000 37.32300000 37.36200000
37.59700000 37.59700000 37.59700000 37.59700000 37.59700000 37.59700000 37.59700000 37.59700000 37.59700000 37.59700000 37.59700000 37.59700000 37.59700000 37.59700000 37.59700000 37.59700000 37.59700000 37.59700000 37.59700000 37.59700000 36.67100000 37.33900000 37.42600000 37.32200000 37.38600000 37.40000000 37.42600000 37.35300000 37.35000000 37.34200000
37.59700000 37.59700000 37.59700000 37.59700000 37.59700000 37.59700000 37.59700000 37.59700000 37.59700000 37.59700000 37.59700000 37.59700000 37.59700000 37.59700000 37.59700000 37.59700000 37.59700000 37.59700000 37.59700000 37.59700000 36.63400000 37.34700000 37.37300000 37.31000000 37.40300000 37.38800000 37.40600000 37.42900000 37.35700000 37.34200000
37.59700000 37.59700000 37.59700000 37.59700000 37.59700000 37.59700000 37.59700000 37.59700000 37.59700000 37.59700000 37.59700000 37.59700000 37.59700000 37.59700000 37.59700000 37.59700000 37.59700000 37.59700000 37.59700000 37.59700000 36.74900000 37.30800000 37.33300000 37.38700000 37.36700000 37.37600000 37.36100000 37.38000000 37.41200000 37.38000000
37.59700000 37.59700000 37.59700000 37.59700000 37.59700000 37.59700000 37.59700000 37.59700000 37.59700000 37.59700000 37.59700000 37.59700000 37.59700000 37.59700000 37.59700000 37.59700000 37.59700000 37.59700000 37.59700000 37.59700000 37.59700000 36.69000000 37.35600000 37.37500000 37.36900000 37.34300000 37.31900000 37.31000000 37.32900000 37.33200000
37.59700000 37.59700000 37.59700000 37.59700000 37.59700000 37.59700000 37.59700000 37.59700000 37.59700000 37.59700000 37.59700000 37.59700000 37.59700000 37.59700000 37.59700000 37.59700000 37.59700000 37.59700000 37.59700000 37.59700000 37.59700000 36.73300000 37.27700000 37.33300000 37.34000000 37.33200000 37.31600000 37.29800000 37.28000000 37.30400000
37.59700000 37.59700000 37.59700000 37.59700000 37.59700000 37.59700000 37.59700000 37.59700000 37.59700000 37.59700000 37.59700000 37.59700000 37.59700000 37.59700000 37.59700000 37.59700000 37.59700000 37.59700000 37.59700000 37.59700000 37.59700000 37.59700000 37.12900000 37.28100000 37.32400000 37.30700000 37.29500000 37.27100000 37.24600000 37.26200000
37.59700000 37.59700000 37.59700000 37.59700000 37.59700000 37.59700000 37.59700000 37.59700000 37.59700000 37.59700000 37.59700000 37.59700000 37.59700000 37.59700000 37.59700000 37.59700000 37.59700000 37.59700000 37.59700000 37.59700000 37.59700000 37.59700000 36.83300000 37.10800000 37.21600000 37.18000000 37.20300000 37.21500000 37.28400000 37.30800000
37.59700000 37.59700000 37.59700000 37.59700000 37.59700000 37.59700000 37.59700000 37.59700000 37.59700000 37.59700000 37.59700000 37.59700000 37.59700000 37.59700000 37.59700000 37.59700000 37.59700000 37.59700000 37.59700000 37.59700000 37.59700000 37.59700000 37.59700000 36.76700000 37.17900000 37.21400000 37.22100000 37.24700000 37.28300000 37.29500000
