 25.39100000  25.25600000  25.46300000  25.15100000  24.88500000  25.36400000  25.41300000  25.40100000  25.34400000  25.27100000  25.27600000  25.26500000  25.08800000  24.24200000  24.21700000  25.16900000  25.49600000  25.40400000  25.26900000  25.19500000  25.25100000  25.13200000  25.04400000  24.66700000  24.15900000  23.72600000  24.04100000  24.23400000  24.27700000  24.59500000
 25.18200000  25.18500000  25.30300000  24.52200000  25.21400000  25.29600000  25.28000000  25.21800000  25.22800000  25.20000000  25.18500000  24.96800000  23.93900000  24.30800000  24.52300000  25.28800000  25.35800000  25.18200000  25.19400000  25.15300000  25.09400000  24.98600000  24.61800000  24.27300000  23.64000000  24.43100000  24.68800000  24.85000000  25.17500000  25.00700000
 25.16500000  25.20900000  25.29400000  24.71100000  25.13300000  25.22200000  25.16500000  25.11000000  25.02800000  24.91500000  24.46400000  23.79000000  24.14500000  24.67600000  24.77200000  25.47300000  25.24800000  25.17400000  25.14600000  25.05400000  24.97800000  24.79300000  24.16500000  25.30300000  25.54100000  25.28900000  25.28500000  24.89900000  24.83300000  24.94200000
 24.59600000  24.98500000  25.22400000  25.36900000  24.28300000  24.97900000  24.81300000  24.19200000  23.97400000  24.18800000  24.47400000  24.70100000  24.78600000  24.86700000  25.19400000  25.55800000  25.15700000  25.08800000  24.93600000  24.67400000  24.52500000  25.55900000  25.67300000  25.66500000  25.65100000  25.24600000  25.22100000  25.16600000  25.12400000  25.24600000
 24.22300000  23.95800000  25.07000000  25.23500000  25.34400000  24.66100000  24.07500000  23.98700000  24.13900000  24.75600000  24.83100000  24.98100000  25.23300000  25.41800000  25.56800000  25.59800000  25.05500000  24.91100000  24.69900000  25.37800000  25.60100000  25.51600000  25.50600000  25.46800000  25.60300000  25.77900000  25.68200000  25.07500000  24.94200000  25.11200000
 23.84300000  23.71300000  24.78800000  25.19800000  25.39400000  25.27300000  25.35600000  25.42100000  25.42600000  25.39800000  25.35000000  25.36200000  25.45400000  25.60700000  25.72900000  25.56400000  25.17200000  24.83600000  25.46800000  25.48900000  25.45800000  25.21200000  25.05700000  25.06600000  25.26200000  25.66800000  25.95300000  25.74400000  24.94100000  25.06100000
 23.48900000  23.58200000  24.35500000  24.69200000  25.37500000  25.65600000  25.47000000  25.43100000  25.45700000  25.42900000  25.62600000  25.53900000  25.51700000  25.60900000  25.68800000  25.55600000  25.45100000  25.19000000  25.52700000  25.40600000  25.28600000  24.95400000  24.74700000  24.95100000  25.26700000  25.75300000  26.24900000  26.05500000  25.83000000  25.16900000
 23.48400000  23.70800000  24.41400000  24.27000000  24.72300000  25.43700000  25.94300000  25.50700000  25.57600000  25.67300000  25.72000000  25.63100000  25.63500000  25.67400000  25.72700000  25.57900000  25.63300000  25.53200000  25.42400000  25.41100000  25.33500000  25.22900000  25.23400000  25.34600000  25.79100000  26.41600000  26.64400000  26.34700000  25.73200000  25.87500000
 23.25100000  23.34800000  23.82400000  24.17100000  24.29400000  24.35200000  24.77500000  26.03300000  26.07200000  25.64200000  25.46500000  25.55100000  25.60400000  25.68000000  25.64700000  25.59300000  25.67800000  25.69500000  25.75500000  25.78500000  25.80300000  25.82700000  26.03200000  26.55000000  26.55400000  26.48900000  26.51000000  26.37100000  25.77500000  25.97300000
 23.11600000  22.39700000  23.18200000  23.86000000  23.55100000  24.06700000  23.90400000  24.52800000  25.96000000  26.26400000  26.39900000  25.88300000  25.49000000  25.58700000  25.63700000  25.59000000  25.61800000  25.66600000  25.65300000  26.38400000  26.06900000  26.17000000  26.14400000  26.12700000  26.15800000  26.19600000  26.45800000  26.07900000  25.80500000  25.99400000
 24.07500000  23.46500000  23.45200000  23.28300000  23.40300000  23.40200000  23.56400000  23.80200000  24.25900000  25.76800000  26.18000000  26.51000000  26.28700000  25.55500000  25.56100000  25.54100000  25.53900000  26.34500000  26.41900000  26.54500000  26.34700000  26.00000000  26.24300000  26.29800000  26.41900000  26.39500000  26.04600000  25.82500000  26.09800000  26.09500000
 27.83300000  27.83300000  27.83300000  23.80200000  23.17600000  23.01500000  23.23800000  23.23900000  23.27300000  24.11900000  25.46400000  25.19700000  25.65700000  25.81000000  25.96300000  25.96000000  25.97500000  26.12500000  26.25800000  26.54900000  25.87900000  26.20900000  26.07400000  26.34900000  26.44900000  26.14500000  26.11900000  25.99600000  26.10500000  26.13400000
 27.83300000  27.83300000  27.83300000  27.83300000  23.58600000  23.40600000  23.19900000  22.94200000  23.15500000  23.22800000  23.95400000  25.22400000  24.68200000  24.16300000  24.15200000  24.43500000  24.40800000  25.05800000  26.05900000  26.60600000  25.82400000  26.04600000  26.05300000  26.16700000  26.28000000  26.61200000  26.33900000  26.29500000  26.29300000  26.20200000
 27.83300000  27.83300000  27.83300000  27.83300000  27.83300000  27.83300000  24.35200000  24.02100000  23.35100000  23.11400000  23.21500000  23.51000000  23.78900000  23.81500000  23.11200000  23.48200000  24.04200000  24.79100000  25.73500000  26.63800000  26.55800000  25.90600000  26.05300000  26.03800000  26.14300000  26.66300000  26.78800000  26.29000000  26.26000000  26.12300000
 27.83300000  27.83300000  27.83300000  27.83300000  27.83300000  27.83300000  27.83300000  27.83300000  27.83300000  27.83300000  27.83300000  27.83300000  23.31100000  23.13600000  22.89800000  23.42200000  23.83200000  24.59500000  25.46500000  26.60200000  26.61400000  26.64200000  26.49200000  26.34600000  26.23400000  26.77400000  26.76500000  26.84200000  26.24200000  26.19300000
 27.83300000  27.83300000  27.83300000  27.83300000  27.83300000  27.83300000  27.83300000  27.83300000  27.83300000  27.83300000  27.83300000  27.83300000  27.83300000  27.83300000  27.83300000  23.46700000  23.80300000  24.74500000  25.09600000  25.33500000  26.61400000  26.63800000  26.68100000  26.73300000  26.50900000  26.88500000  26.80000000  26.84100000  26.88100000  26.67000000
 27.83300000  27.83300000  27.83300000  27.83300000  27.83300000  27.83300000  27.83300000  27.83300000  27.83300000  27.83300000  27.83300000  27.83300000  27.83300000  27.83300000  27.83300000  27.83300000  23.74900000  24.12800000  24.96200000  25.18000000  25.08500000  26.70700000  26.69800000  26.72100000  26.67900000  26.98100000  26.92100000  26.83000000  26.90600000  27.01900000
 27.83300000  27.83300000  27.83300000  27.83300000  27.83300000  27.83300000  27.83300000  27.83300000  27.83300000  27.83300000  27.83300000  27.83300000  27.83300000  27.83300000  27.83300000  27.83300000  27.83300000  27.83300000  23.69800000  24.90100000  25.30900000  26.35300000  26.66200000  26.70600000  26.81400000  26.97900000  27.04100000  26.95700000  26.87000000  26.98200000
 27.83300000  27.83300000  27.83300000  27.83300000  27.83300000  27.83300000  27.83300000  27.83300000  27.83300000  27.83300000  27.83300000  27.83300000  27.83300000  27.83300000  27.83300000  27.83300000  27.83300000  27.83300000  27.83300000  25.19900000  24.08100000  26.74700000  26.63300000  26.57800000  26.92500000  26.99200000  26.91700000  27.00300000  26.90600000  27.03300000
 27.83300000  27.83300000  27.83300000  27.83300000  27.83300000  27.83300000  27.83300000  27.83300000  27.83300000  27.83300000  27.83300000  27.83300000  27.83300000  27.83300000  27.83300000  27.83300000  27.83300000  27.83300000  27.83300000  25.51000000  24.84600000  26.77800000  26.58800000  26.73600000  27.05500000  27.00200000  27.08000000  26.92400000  26.98900000  27.12300000
 27.83300000  27.83300000  27.83300000  27.83300000  27.83300000  27.83300000  27.83300000  27.83300000  27.83300000  27.83300000  27.83300000  27.83300000  27.83300000  27.83300000  27.83300000  27.83300000  27.83300000  27.83300000  27.83300000  25.42700000  25.41000000  26.84400000  26.67800000  26.87500000  27.09600000  26.86200000  27.04600000  27.10400000  27.03400000  27.10400000
 27.83300000  27.83300000  27.83300000  27.83300000  27.83300000  27.83300000  27.83300000  27.83300000  27.83300000  27.83300000  27.83300000  27.83300000  27.83300000  27.83300000  27.83300000  27.83300000  27.83300000  27.83300000  27.83300000  24.88900000  24.54300000  26.73200000  26.87600000  27.04400000  26.92600000  26.93400000  27.01000000  27.06800000  27.11200000  27.22700000
 27.83300000  27.83300000  27.83300000  27.83300000  27.83300000  27.83300000  27.83300000  27.83300000  27.83300000  27.83300000  27.83300000  27.83300000  27.83300000  27.83300000  27.83300000  27.83300000  27.83300000  27.83300000  27.83300000  27.83300000  25.32900000  25.47800000  26.87900000  26.97800000  26.87000000  26.95100000  26.91900000  26.92600000  27.04200000  27.17100000
 27.83300000  27.83300000  27.83300000  27.83300000  27.83300000  27.83300000  27.83300000  27.83300000  27.83300000  27.83300000  27.83300000  27.83300000  27.83300000  27.83300000  27.83300000  27.83300000  27.83300000  27.83300000  27.83300000  27.83300000  27.83300000  25.17100000  26.69200000  26.82800000  26.83700000  26.91600000  26.83900000  26.65900000  26.72000000  27.19600000
 27.83300000  27.83300000  27.83300000  27.83300000  27.83300000  27.83300000  27.83300000  27.83300000  27.83300000  27.83300000  27.83300000  27.83300000  27.83300000  27.83300000  27.83300000  27.83300000  27.83300000  27.83300000  27.83300000  27.83300000  27.83300000  25.06100000  26.29700000  26.71100000  26.81100000  26.72600000  26.70500000  26.64300000  26.55500000  26.95000000
 27.83300000  27.83300000  27.83300000  27.83300000  27.83300000  27.83300000  27.83300000  27.83300000  27.83300000  27.83300000  27.83300000  27.83300000  27.83300000  27.83300000  27.83300000  27.83300000  27.83300000  27.83300000  27.83300000  27.83300000  27.83300000  27.83300000  25.92800000  26.32400000  26.53000000  26.46200000  26.55200000  26.56700000  26.93300000  27.28000000
 27.83300000  27.83300000  27.83300000  27.83300000  27.83300000  27.83300000  27.83300000  27.83300000  27.83300000  27.83300000  27.83300000  27.83300000  27.83300000  27.83300000  27.83300000  27.83300000  27.83300000  27.83300000  27.83300000  27.83300000  27.83300000  27.83300000  27.83300000  26.02300000  26.54200000  26.70800000  26.62300000  26.79300000  27.13500000  27.26300000
 25.44000000  25.30400000  25.49600000  25.17200000  24.90100000  25.38500000  25.43900000  25.42500000  25.36800000  25.29800000  25.30200000  25.28700000  25.11800000  24.29200000  24.22600000  25.18500000  25.50900000  25.42600000  25.31800000  25.21200000  25.27000000  25.15200000  25.07200000  24.67700000  24.17500000  23.73600000  24.05600000  24.24700000  24.30800000  24.61100000
 25.19800000  25.19600000  25.32400000  24.54700000  25.23500000  25.32000000  25.30200000  25.23900000  25.24700000  25.22000000  25.20200000  24.98900000  23.95500000  24.32500000  24.54200000  25.30600000  25.37900000  25.20000000  25.20900000  25.17300000  25.11400000  25.00500000  24.63900000  24.29100000  23.65500000  24.44800000  24.70600000  24.86900000  25.19500000  25.03800000
 25.16900000  25.22600000  25.31500000  24.72400000  25.15200000  25.24300000  25.18500000  25.12900000  25.04600000  24.93600000  24.48500000  23.80500000  24.16100000  24.69100000  24.78600000  25.49300000  25.27000000  25.19500000  25.16600000  25.07300000  25.00000000  24.81300000  24.18400000  25.32000000  25.55800000  25.30900000  25.30800000  24.92000000  24.85300000  24.96000000
 24.60900000  25.00300000  25.24000000  25.38700000  24.30000000  24.99700000  24.83200000  24.20800000  23.99100000  24.20600000  24.48800000  24.71700000  24.80200000  24.88300000  25.21000000  25.58500000  25.17900000  25.11000000  24.96000000  24.69200000  24.54300000  25.58000000  25.69200000  25.68400000  25.67000000  25.26700000  25.24600000  25.18800000  25.15100000  25.26400000
 24.21200000  24.00500000  25.08800000  25.24800000  25.36000000  24.67000000  24.08900000  24.00100000  24.15500000  24.77200000  24.84800000  24.99800000  25.24900000  25.43500000  25.58900000  25.61700000  25.07800000  24.93100000  24.71200000  25.39600000  25.62100000  25.53600000  25.52300000  25.48600000  25.62000000  25.80100000  25.69800000  25.09600000  24.96100000  25.13100000
 23.86900000  24.19100000  24.81000000  25.22000000  25.40400000  25.28800000  25.37600000  25.43200000  25.43900000  25.41600000  25.37100000  25.38200000  25.47300000  25.62700000  25.74900000  25.59100000  25.19500000  24.85600000  25.48800000  25.51000000  25.47800000  25.23000000  25.07500000  25.08400000  25.27900000  25.68600000  25.97400000  25.76100000  24.95800000  25.07900000
 23.63100000  23.90300000  24.38000000  24.71300000  25.39200000  25.67300000  25.48600000  25.44700000  25.47300000  25.44600000  25.64400000  25.56000000  25.53900000  25.62900000  25.70700000  25.58500000  25.47000000  25.21200000  25.55000000  25.42600000  25.30600000  24.98000000  24.76500000  24.97000000  25.28600000  25.77000000  26.27000000  26.07900000  25.85000000  25.20600000
 23.17200000  23.63600000  24.44100000  24.29200000  24.74400000  25.45300000  25.96000000  25.52600000  25.59400000  25.69100000  25.73900000  25.65000000  25.65600000  25.69400000  25.74300000  25.60200000  25.65400000  25.55300000  25.44500000  25.43200000  25.35500000  25.24800000  25.25300000  25.36300000  25.80800000  26.43600000  26.66800000  26.37300000  25.75200000  25.90200000
 21.36300000  23.52200000  23.84800000  24.19700000  24.31500000  24.37500000  24.79200000  26.04800000  26.08800000  25.66000000  25.48500000  25.57100000  25.62300000  25.69800000  25.66600000  25.61500000  25.69900000  25.71100000  25.77500000  25.80600000  25.82500000  25.84400000  26.05300000  26.57000000  26.57600000  26.51100000  26.53500000  26.39300000  25.79700000  25.99300000
 20.24600000  21.85600000  23.12600000  23.88300000  23.57800000  24.08900000  23.94800000  24.54500000  25.97900000  26.28500000  26.42000000  25.90400000  25.51000000  25.60500000  25.65700000  25.60900000  25.63600000  25.68400000  25.67200000  26.40200000  26.09300000  26.19100000  26.16700000  26.14900000  26.18000000  26.21900000  26.48000000  26.09800000  25.82200000  26.01100000
 22.10500000  27.83300000  19.19800000  20.73900000  23.13800000  23.40500000  23.60300000  23.93300000  24.28000000  25.79000000  26.20200000  26.53400000  26.31200000  25.57400000  25.58300000  25.56200000  25.55900000  26.36600000  26.44000000  26.56600000  26.36900000  26.01900000  26.26100000  26.31700000  26.44100000  26.41600000  26.06700000  25.84700000  26.11900000  26.11300000
 27.83300000  27.83300000  27.83300000  27.83300000  20.97500000  21.08400000  22.93500000  23.19600000  23.29400000  24.14300000  25.49100000  25.22200000  25.67500000  25.83100000  25.98500000  25.98300000  25.99400000  26.14500000  26.27700000  26.57000000  25.89900000  26.22300000  26.09500000  26.37100000  26.47000000  26.16700000  26.14400000  26.01700000  26.12600000  26.15300000
 27.83300000  27.83300000  27.83300000  27.83300000  27.83300000  20.45700000  20.70800000  20.59500000  21.30800000  22.65500000  23.97600000  25.25000000  24.70700000  24.24300000  24.22800000  24.45900000  24.43400000  25.08800000  26.07800000  26.62700000  25.84300000  26.06500000  26.06700000  26.18900000  26.30000000  26.63500000  26.36400000  26.31400000  26.31400000  26.22100000
 27.83300000  27.83300000  27.83300000  27.83300000  27.83300000  27.83300000  27.83300000  20.67400000  20.62500000  20.56900000  21.28100000  23.50800000  23.95500000  23.88800000  23.13800000  23.50200000  24.10500000  24.83200000  25.75500000  26.66000000  26.58300000  25.92500000  26.07100000  26.05900000  26.16300000  26.68500000  26.81000000  26.31500000  26.28000000  26.13400000
 27.83300000  27.83300000  27.83300000  27.83300000  27.83300000  27.83300000  27.83300000  27.83300000  27.83300000  27.83300000  27.83300000  27.83300000  27.83300000  27.83300000  27.83300000  21.77400000  23.92800000  24.54600000  25.49800000  26.62000000  26.63400000  26.66000000  26.51500000  26.36700000  26.25200000  26.79500000  26.78600000  26.86300000  26.26600000  26.21500000
 27.83300000  27.83300000  27.83300000  27.83300000  27.83300000  27.83300000  27.83300000  27.83300000  27.83300000  27.83300000  27.83300000  27.83300000  27.83300000  27.83300000  27.83300000  27.83300000  23.73100000  24.45900000  25.12700000  25.31000000  26.62900000  26.65900000  26.70200000  26.75500000  26.52700000  26.90600000  26.82200000  26.86300000  26.90200000  26.69800000
 27.83300000  27.83300000  27.83300000  27.83300000  27.83300000  27.83300000  27.83300000  27.83300000  27.83300000  27.83300000  27.83300000  27.83300000  27.83300000  27.83300000  27.83300000  27.83300000  27.83300000  21.80800000  24.58300000  25.04800000  25.05500000  26.72800000  26.72200000  26.74300000  26.69500000  27.00100000  26.94500000  26.85200000  26.92700000  27.03900000
 27.83300000  27.83300000  27.83300000  27.83300000  27.83300000  27.83300000  27.83300000  27.83300000  27.83300000  27.83300000  27.83300000  27.83300000  27.83300000  27.83300000  27.83300000  27.83300000  27.83300000  27.83300000  27.83300000  24.88100000  25.33400000  26.37600000  26.68400000  26.72900000  26.83100000  26.99900000  27.06300000  26.97900000  26.89200000  27.00800000
 27.83300000  27.83300000  27.83300000  27.83300000  27.83300000  27.83300000  27.83300000  27.83300000  27.83300000  27.83300000  27.83300000  27.83300000  27.83300000  27.83300000  27.83300000  27.83300000  27.83300000  27.83300000  27.83300000  27.83300000  24.19200000  26.77800000  26.65100000  26.58700000  26.94200000  27.01400000  26.93800000  27.02700000  26.92700000  27.05400000
 27.83300000  27.83300000  27.83300000  27.83300000  27.83300000  27.83300000  27.83300000  27.83300000  27.83300000  27.83300000  27.83300000  27.83300000  27.83300000  27.83300000  27.83300000  27.83300000  27.83300000  27.83300000  27.83300000  27.83300000  23.61400000  26.80300000  26.60600000  26.75100000  27.07700000  27.02400000  27.10400000  26.94400000  27.00800000  27.13900000
 27.83300000  27.83300000  27.83300000  27.83300000  27.83300000  27.83300000  27.83300000  27.83300000  27.83300000  27.83300000  27.83300000  27.83300000  27.83300000  27.83300000  27.83300000  27.83300000  27.83300000  27.83300000  27.83300000  27.83300000  24.06600000  26.86100000  26.70100000  26.89500000  27.12100000  26.88300000  27.06600000  27.12900000  27.05200000  27.12300000
 27.83300000  27.83300000  27.83300000  27.83300000  27.83300000  27.83300000  27.83300000  27.83300000  27.83300000  27.83300000  27.83300000  27.83300000  27.83300000  27.83300000  27.83300000  27.83300000  27.83300000  27.83300000  27.83300000  27.83300000  24.21000000  26.75200000  26.90100000  27.06700000  26.94600000  26.95500000  27.03100000  27.08600000  27.13100000  27.24300000
 27.83300000  27.83300000  27.83300000  27.83300000  27.83300000  27.83300000  27.83300000  27.83300000  27.83300000  27.83300000  27.83300000  27.83300000  27.83300000  27.83300000  27.83300000  27.83300000  27.83300000  27.83300000  27.83300000  27.83300000  27.83300000  24.39000000  26.90100000  26.99900000  26.89100000  26.97000000  26.93500000  26.94200000  27.06100000  27.18900000
 27.83300000  27.83300000  27.83300000  27.83300000  27.83300000  27.83300000  27.83300000  27.83300000  27.83300000  27.83300000  27.83300000  27.83300000  27.83300000  27.83300000  27.83300000  27.83300000  27.83300000  27.83300000  27.83300000  27.83300000  27.83300000  25.13100000  26.71300000  26.84700000  26.85500000  26.93200000  26.85500000  26.68000000  26.73700000  27.21600000
 27.83300000  27.83300000  27.83300000  27.83300000  27.83300000  27.83300000  27.83300000  27.83300000  27.83300000  27.83300000  27.83300000  27.83300000  27.83300000  27.83300000  27.83300000  27.83300000  27.83300000  27.83300000  27.83300000  27.83300000  27.83300000  27.83300000  26.32300000  26.73200000  26.83000000  26.74400000  26.72500000  26.66300000  26.57000000  26.96700000
 27.83300000  27.83300000  27.83300000  27.83300000  27.83300000  27.83300000  27.83300000  27.83300000  27.83300000  27.83300000  27.83300000  27.83300000  27.83300000  27.83300000  27.83300000  27.83300000  27.83300000  27.83300000  27.83300000  27.83300000  27.83300000  27.83300000  25.96400000  26.34400000  26.54600000  26.47800000  26.57300000  26.58600000  26.96500000  27.30100000
 27.83300000  27.83300000  27.83300000  27.83300000  27.83300000  27.83300000  27.83300000  27.83300000  27.83300000  27.83300000  27.83300000  27.83300000  27.83300000  27.83300000  27.83300000  27.83300000  27.83300000  27.83300000  27.83300000  27.83300000  27.83300000  27.83300000  27.83300000  26.05600000  26.55900000  26.73000000  26.64500000  26.81000000  27.17700000  27.28100000
