36.99500000 36.95200000 36.95100000 36.94400000 37.01100000 37.18600000 37.25800000 37.26600000 37.23700000 37.20700000 37.13700000 37.02200000 36.89200000 36.67700000 36.59900000 36.85600000 36.99700000 37.00700000 37.01400000 37.06200000 37.01600000 37.00100000 36.88200000 36.66000000 36.53900000 36.27000000 36.49000000 36.42900000 36.37900000 36.45600000
36.98700000 37.00500000 36.92100000 36.91200000 37.17700000 37.22300000 37.21400000 37.19300000 37.16800000 37.10900000 37.00800000 36.88800000 36.55400000 36.69700000 36.79600000 36.95700000 37.08100000 37.00000000 37.08300000 37.04400000 36.99800000 36.91200000 36.76500000 36.65300000 36.41500000 36.69800000 36.80400000 36.87300000 37.05900000 37.05300000
37.03800000 36.92200000 36.88600000 36.94200000 37.14000000 37.17300000 37.13900000 37.09200000 37.02200000 36.95100000 36.81000000 36.44300000 36.62000000 36.87700000 36.85200000 37.05300000 37.04500000 37.00000000 37.04600000 36.99900000 36.92900000 36.84600000 36.62300000 37.05300000 37.13300000 37.03800000 37.06500000 36.93800000 36.90700000 36.86300000
36.56000000 36.99400000 36.86900000 36.92500000 36.77700000 37.06500000 36.98300000 36.68900000 36.53000000 36.70500000 36.84400000 36.91500000 36.89400000 36.88200000 36.91200000 37.13000000 36.98100000 36.96600000 36.95200000 36.84000000 36.73200000 37.16500000 37.25000000 37.25600000 37.21600000 37.01700000 37.04400000 37.03000000 36.98500000 36.92200000
36.40000000 36.06900000 37.00500000 36.87300000 36.90700000 36.92800000 36.63200000 36.56500000 36.69500000 36.95300000 36.91300000 36.89900000 36.92100000 36.94400000 36.98500000 37.13700000 36.92900000 36.87300000 36.79200000 37.08000000 37.23700000 37.22600000 37.21500000 37.19400000 37.21800000 37.26500000 37.22900000 36.88500000 36.74300000 36.66900000
36.21700000 35.63300000 36.97400000 37.05300000 36.99600000 36.81900000 36.88200000 36.93300000 36.92700000 36.88700000 36.84700000 36.85000000 36.89700000 36.98600000 37.04200000 37.08100000 36.99400000 36.85200000 37.13400000 37.20900000 37.20300000 37.12700000 37.05900000 37.06000000 37.14800000 37.21600000 37.28000000 37.25400000 36.72200000 36.57000000
35.93500000 35.36700000 36.76700000 36.90400000 37.13500000 37.13100000 36.93200000 36.89400000 36.88700000 36.87900000 37.01600000 36.99600000 36.99500000 37.01800000 37.03600000 37.05600000 37.13300000 37.04600000 37.16500000 37.18900000 37.13600000 37.02600000 36.94600000 37.00300000 37.14700000 37.21700000 37.32400000 37.32000000 37.27100000 36.65900000
35.41300000 35.82500000 36.64500000 36.68800000 36.86000000 37.14600000 37.23700000 36.91400000 36.93700000 36.98100000 37.01000000 36.97700000 37.01700000 37.04900000 37.05600000 37.09100000 37.22200000 37.17300000 37.13300000 37.17200000 37.16400000 37.11300000 37.12100000 37.15800000 37.21200000 37.35800000 37.46500000 37.40800000 37.27100000 37.22800000
35.38900000 35.74700000 36.37700000 36.57100000 36.76000000 36.58400000 36.91600000 37.33700000 37.27600000 37.00200000 36.89100000 36.93200000 36.95000000 37.03000000 37.01500000 37.12900000 37.22500000 37.23300000 37.24600000 37.25600000 37.25800000 37.21800000 37.20300000 37.42600000 37.45100000 37.44900000 37.46600000 37.42700000 37.28500000 37.26600000
35.29500000 35.29500000 35.47700000 36.43200000 36.24800000 36.64700000 36.26800000 36.84800000 37.32200000 37.36800000 37.40600000 37.14200000 36.94800000 36.96200000 36.94800000 37.01600000 37.12600000 37.11100000 37.01200000 37.39300000 37.31000000 37.36300000 37.35700000 37.35800000 37.38500000 37.39800000 37.45700000 37.33100000 37.26200000 37.25600000
34.70400000 34.85300000 35.02100000 35.05400000 36.07200000 36.18100000 36.19600000 36.09800000 36.70000000 37.25600000 37.35700000 37.42900000 37.30300000 36.96500000 37.00000000 37.00800000 37.00600000 37.38000000 37.35000000 37.36400000 37.34100000 37.30900000 37.39000000 37.36500000 37.40700000 37.40800000 37.32100000 37.26900000 37.30600000 37.21700000
37.59700000 37.59700000 37.59700000 35.06300000 35.46700000 35.74100000 35.89300000 35.93700000 35.71100000 36.59500000 37.19000000 37.09700000 37.21900000 37.22100000 37.25500000 37.25200000 37.26200000 37.31400000 37.30100000 37.36800000 37.24800000 37.35400000 37.29200000 37.27800000 37.32800000 37.31200000 37.31600000 37.27500000 37.27800000 37.19300000
37.59700000 37.59700000 37.59700000 37.59700000 35.21500000 35.27200000 35.51600000 35.53100000 35.64100000 35.75600000 36.55000000 37.14500000 36.90800000 36.61000000 36.65800000 36.79800000 36.58800000 36.85000000 37.24700000 37.36900000 37.21100000 37.27600000 37.24700000 37.21900000 37.29300000 37.37400000 37.34900000 37.36500000 37.37400000 37.20400000
37.59700000 37.59700000 37.59700000 37.59700000 37.59700000 37.59700000 35.29600000 35.36400000 35.45100000 35.50500000 35.71500000 36.31600000 36.47300000 36.47600000 36.17500000 36.34700000 36.64900000 36.68900000 37.15500000 37.36300000 37.36200000 37.19200000 37.21200000 37.19300000 37.27900000 37.37300000 37.46100000 37.34500000 37.36800000 37.21700000
37.59700000 37.59700000 37.59700000 37.59700000 37.59700000 37.59700000 37.59700000 37.59700000 37.59700000 37.59700000 37.59700000 37.59700000 35.68800000 35.89800000 36.14800000 36.13300000 36.29700000 36.40800000 37.09900000 37.33500000 37.36300000 37.37400000 37.33700000 37.30100000 37.31000000 37.37600000 37.41100000 37.49100000 37.32900000 37.35300000
37.59700000 37.59700000 37.59700000 37.59700000 37.59700000 37.59700000 37.59700000 37.59700000 37.59700000 37.59700000 37.59700000 37.59700000 37.59700000 37.59700000 37.59700000 36.01200000 36.13300000 36.28900000 36.86600000 36.94700000 37.31800000 37.42200000 37.40300000 37.40400000 37.36400000 37.35900000 37.40900000 37.49600000 37.51600000 37.46600000
37.59700000 37.59700000 37.59700000 37.59700000 37.59700000 37.59700000 37.59700000 37.59700000 37.59700000 37.59700000 37.59700000 37.59700000 37.59700000 37.59700000 37.59700000 37.59700000 35.97800000 36.24700000 36.69600000 37.05500000 37.06100000 37.34200000 37.41400000 37.41200000 37.35100000 37.33600000 37.38300000 37.35900000 37.48700000 37.55900000
37.59700000 37.59700000 37.59700000 37.59700000 37.59700000 37.59700000 37.59700000 37.59700000 37.59700000 37.59700000 37.59700000 37.59700000 37.59700000 37.59700000 37.59700000 37.59700000 37.59700000 37.59700000 36.03300000 36.72700000 37.01400000 37.19600000 37.43100000 37.41900000 37.30500000 37.33900000 37.37800000 37.37200000 37.37100000 37.45100000
37.59700000 37.59700000 37.59700000 37.59700000 37.59700000 37.59700000 37.59700000 37.59700000 37.59700000 37.59700000 37.59700000 37.59700000 37.59700000 37.59700000 37.59700000 37.59700000 37.59700000 37.59700000 37.59700000 36.62600000 36.77600000 37.34800000 37.43300000 37.39600000 37.32900000 37.38500000 37.34500000 37.38200000 37.32400000 37.36400000
37.59700000 37.59700000 37.59700000 37.59700000 37.59700000 37.59700000 37.59700000 37.59700000 37.59700000 37.59700000 37.59700000 37.59700000 37.59700000 37.59700000 37.59700000 37.59700000 37.59700000 37.59700000 37.59700000 36.84100000 36.79400000 37.34000000 37.42600000 37.32100000 37.38900000 37.40000000 37.42800000 37.35400000 37.35100000 37.34400000
37.59700000 37.59700000 37.59700000 37.59700000 37.59700000 37.59700000 37.59700000 37.59700000 37.59700000 37.59700000 37.59700000 37.59700000 37.59700000 37.59700000 37.59700000 37.59700000 37.59700000 37.59700000 37.59700000 36.71700000 36.83500000 37.34900000 37.37200000 37.31400000 37.40400000 37.38900000 37.40800000 37.43000000 37.35800000 37.34300000
37.59700000 37.59700000 37.59700000 37.59700000 37.59700000 37.59700000 37.59700000 37.59700000 37.59700000 37.59700000 37.59700000 37.59700000 37.59700000 37.59700000 37.59700000 37.59700000 37.59700000 37.59700000 37.59700000 36.33800000 36.72600000 37.30800000 37.33500000 37.38900000 37.36900000 37.37600000 37.36100000 37.38300000 37.41100000 37.38000000
37.59700000 37.59700000 37.59700000 37.59700000 37.59700000 37.59700000 37.59700000 37.59700000 37.59700000 37.59700000 37.59700000 37.59700000 37.59700000 37.59700000 37.59700000 37.59700000 37.59700000 37.59700000 37.59700000 37.59700000 36.67700000 36.84100000 37.35600000 37.37500000 37.37000000 37.34400000 37.32000000 37.30900000 37.32900000 37.33400000
37.59700000 37.59700000 37.59700000 37.59700000 37.59700000 37.59700000 37.59700000 37.59700000 37.59700000 37.59700000 37.59700000 37.59700000 37.59700000 37.59700000 37.59700000 37.59700000 37.59700000 37.59700000 37.59700000 37.59700000 37.59700000 36.74400000 37.27800000 37.33300000 37.34100000 37.33300000 37.31700000 37.29800000 37.28000000 37.30400000
37.59700000 37.59700000 37.59700000 37.59700000 37.59700000 37.59700000 37.59700000 37.59700000 37.59700000 37.59700000 37.59700000 37.59700000 37.59700000 37.59700000 37.59700000 37.59700000 37.59700000 37.59700000 37.59700000 37.59700000 37.59700000 36.54600000 37.13100000 37.28200000 37.32500000 37.30800000 37.29500000 37.27100000 37.24500000 37.26300000
37.59700000 37.59700000 37.59700000 37.59700000 37.59700000 37.59700000 37.59700000 37.59700000 37.59700000 37.59700000 37.59700000 37.59700000 37.59700000 37.59700000 37.59700000 37.59700000 37.59700000 37.59700000 37.59700000 37.59700000 37.59700000 37.59700000 36.84800000 37.10800000 37.21500000 37.18000000 37.20300000 37.21800000 37.28500000 37.30900000
37.59700000 37.59700000 37.59700000 37.59700000 37.59700000 37.59700000 37.59700000 37.59700000 37.59700000 37.59700000 37.59700000 37.59700000 37.59700000 37.59700000 37.59700000 37.59700000 37.59700000 37.59700000 37.59700000 37.59700000 37.59700000 37.59700000 37.59700000 36.79600000 37.17900000 37.21700000 37.22200000 37.24800000 37.28100000 37.29600000
36.98800000 36.95100000 36.95000000 36.94300000 37.01000000 37.18500000 37.25700000 37.26400000 37.23500000 37.20700000 37.13900000 37.02100000 36.89300000 36.67800000 36.59600000 36.85400000 36.99600000 37.00600000 37.01300000 37.06100000 37.01500000 37.00200000 36.88100000 36.65800000 36.53800000 36.27000000 36.48900000 36.42900000 36.37800000 36.45700000
36.98600000 37.00500000 36.92000000 36.91100000 37.17600000 37.22200000 37.21300000 37.19200000 37.16700000 37.10900000 37.00700000 36.88800000 36.55500000 36.69600000 36.79600000 36.95700000 37.08000000 36.99900000 37.08200000 37.04300000 36.99700000 36.91100000 36.76500000 36.65300000 36.41500000 36.69700000 36.80400000 36.87300000 37.05900000 37.05300000
37.03700000 36.92200000 36.88500000 36.94200000 37.13900000 37.17200000 37.13900000 37.09200000 37.02100000 36.95100000 36.81000000 36.44200000 36.61900000 36.87600000 36.85100000 37.05200000 37.04500000 36.99800000 37.04500000 36.99800000 36.92800000 36.84500000 36.62200000 37.05100000 37.13200000 37.03700000 37.06400000 36.93700000 36.90600000 36.86200000
36.57600000 36.99300000 36.86900000 36.92400000 36.77600000 37.06400000 36.98300000 36.68900000 36.52900000 36.70400000 36.84300000 36.91400000 36.89300000 36.88100000 36.91100000 37.12900000 36.98000000 36.96500000 36.95200000 36.83900000 36.73100000 37.16400000 37.24900000 37.25500000 37.21500000 37.01600000 37.04300000 37.02900000 36.98400000 36.92100000
36.40300000 36.09600000 37.00500000 36.87200000 36.90600000 36.92800000 36.63100000 36.56400000 36.69400000 36.95200000 36.91200000 36.89800000 36.92000000 36.94300000 36.98400000 37.13600000 36.92900000 36.87300000 36.79200000 37.07900000 37.23600000 37.22500000 37.21300000 37.19300000 37.21700000 37.26300000 37.22800000 36.88400000 36.74200000 36.66800000
36.22100000 36.07700000 36.97200000 37.05100000 36.99500000 36.81800000 36.88200000 36.93300000 36.92600000 36.88700000 36.84600000 36.84900000 36.89600000 36.98500000 37.04100000 37.07900000 36.99400000 36.85100000 37.13400000 37.20800000 37.20300000 37.12600000 37.05800000 37.05900000 37.14700000 37.21500000 37.27900000 37.25300000 36.72200000 36.57000000
35.93400000 35.81600000 36.76700000 36.90300000 37.13400000 37.13000000 36.93100000 36.89300000 36.88600000 36.87800000 37.01500000 36.99500000 36.99400000 37.01700000 37.03400000 37.05400000 37.13300000 37.04600000 37.16600000 37.18800000 37.13600000 37.02600000 36.94600000 37.00200000 37.14700000 37.21700000 37.32300000 37.31900000 37.27000000 36.67400000
35.63500000 35.81400000 36.64300000 36.68700000 36.86000000 37.14500000 37.23500000 36.91300000 36.93600000 36.98000000 37.00900000 36.97600000 37.01500000 37.04700000 37.05500000 37.09000000 37.22000000 37.17100000 37.13200000 37.17100000 37.16400000 37.11300000 37.12000000 37.15800000 37.21200000 37.35600000 37.46400000 37.40700000 37.27000000 37.23000000
35.86700000 36.12800000 36.37800000 36.57200000 36.76000000 36.58600000 36.91500000 37.33600000 37.27500000 37.00100000 36.89000000 36.93100000 36.94900000 37.02900000 37.01400000 37.12700000 37.22400000 37.23200000 37.24500000 37.25500000 37.25700000 37.21800000 37.20100000 37.42500000 37.45000000 37.44800000 37.46400000 37.42600000 37.28400000 37.26500000
35.69700000 35.53500000 36.29900000 36.43600000 36.25900000 36.64800000 36.28200000 36.84700000 37.32100000 37.36700000 37.40400000 37.14100000 36.94700000 36.96100000 36.94700000 37.01500000 37.12500000 37.11000000 37.01000000 37.39200000 37.30900000 37.36200000 37.35600000 37.35700000 37.38300000 37.39700000 37.45500000 37.33000000 37.26100000 37.25500000
35.46400000 37.59700000 35.86900000 36.03500000 36.21500000 36.28800000 36.21400000 36.17800000 36.70000000 37.25600000 37.35600000 37.42800000 37.30200000 36.96500000 36.99900000 37.00700000 37.00500000 37.37900000 37.34900000 37.36300000 37.33900000 37.30800000 37.38900000 37.36400000 37.40600000 37.40700000 37.32100000 37.26800000 37.30500000 37.21600000
37.59700000 37.59700000 37.59700000 37.59700000 35.88400000 36.05400000 36.32800000 36.41700000 35.98900000 36.59400000 37.19000000 37.09700000 37.21800000 37.22100000 37.25400000 37.25100000 37.26000000 37.31300000 37.30000000 37.36700000 37.24700000 37.35300000 37.29100000 37.27700000 37.32800000 37.31100000 37.31600000 37.27300000 37.27700000 37.19200000
37.59700000 37.59700000 37.59700000 37.59700000 37.59700000 35.67700000 35.86800000 36.07600000 36.25600000 35.93100000 36.55000000 37.14400000 36.90800000 36.62700000 36.67100000 36.79800000 36.58900000 36.84600000 37.24500000 37.36800000 37.21000000 37.27500000 37.24600000 37.21800000 37.29200000 37.37300000 37.34900000 37.36300000 37.37300000 37.20300000
37.59700000 37.59700000 37.59700000 37.59700000 37.59700000 37.59700000 37.59700000 35.69600000 35.71900000 35.79100000 35.91500000 36.32700000 36.53300000 36.49300000 36.17900000 36.34500000 36.66400000 36.68700000 37.15400000 37.36100000 37.36000000 37.19100000 37.21100000 37.19200000 37.27900000 37.37200000 37.46100000 37.34500000 37.36700000 37.21600000
37.59700000 37.59700000 37.59700000 37.59700000 37.59700000 37.59700000 37.59700000 37.59700000 37.59700000 37.59700000 37.59700000 37.59700000 37.59700000 37.59700000 37.59700000 36.24600000 36.39100000 36.49100000 37.09700000 37.33300000 37.36200000 37.37300000 37.33600000 37.30000000 37.31000000 37.37500000 37.41000000 37.49000000 37.32900000 37.35200000
37.59700000 37.59700000 37.59700000 37.59700000 37.59700000 37.59700000 37.59700000 37.59700000 37.59700000 37.59700000 37.59700000 37.59700000 37.59700000 37.59700000 37.59700000 37.59700000 36.19500000 36.46800000 36.86400000 36.92700000 37.31700000 37.42100000 37.40200000 37.40400000 37.36400000 37.35800000 37.40800000 37.49600000 37.51600000 37.46500000
37.59700000 37.59700000 37.59700000 37.59700000 37.59700000 37.59700000 37.59700000 37.59700000 37.59700000 37.59700000 37.59700000 37.59700000 37.59700000 37.59700000 37.59700000 37.59700000 37.59700000 36.37400000 36.69700000 37.00900000 37.03800000 37.34100000 37.41300000 37.41200000 37.35200000 37.33500000 37.38200000 37.35800000 37.48700000 37.55800000
37.59700000 37.59700000 37.59700000 37.59700000 37.59700000 37.59700000 37.59700000 37.59700000 37.59700000 37.59700000 37.59700000 37.59700000 37.59700000 37.59700000 37.59700000 37.59700000 37.59700000 37.59700000 37.59700000 36.71900000 37.01300000 37.19200000 37.43100000 37.41900000 37.30500000 37.33800000 37.37600000 37.37100000 37.37000000 37.45100000
37.59700000 37.59700000 37.59700000 37.59700000 37.59700000 37.59700000 37.59700000 37.59700000 37.59700000 37.59700000 37.59700000 37.59700000 37.59700000 37.59700000 37.59700000 37.59700000 37.59700000 37.59700000 37.59700000 37.59700000 36.81400000 37.34700000 37.43300000 37.39600000 37.32900000 37.38400000 37.34400000 37.38100000 37.32300000 37.36300000
37.59700000 37.59700000 37.59700000 37.59700000 37.59700000 37.59700000 37.59700000 37.59700000 37.59700000 37.59700000 37.59700000 37.59700000 37.59700000 37.59700000 37.59700000 37.59700000 37.59700000 37.59700000 37.59700000 37.59700000 36.67300000 37.33900000 37.42500000 37.32100000 37.38800000 37.39900000 37.42700000 37.35300000 37.35000000 37.34300000
37.59700000 37.59700000 37.59700000 37.59700000 37.59700000 37.59700000 37.59700000 37.59700000 37.59700000 37.59700000 37.59700000 37.59700000 37.59700000 37.59700000 37.59700000 37.59700000 37.59700000 37.59700000 37.59700000 37.59700000 36.62900000 37.34800000 37.37100000 37.31200000 37.40300000 37.38800000 37.40700000 37.42900000 37.35700000 37.34200000
37.59700000 37.59700000 37.59700000 37.59700000 37.59700000 37.59700000 37.59700000 37.59700000 37.59700000 37.59700000 37.59700000 37.59700000 37.59700000 37.59700000 37.59700000 37.59700000 37.59700000 37.59700000 37.59700000 37.59700000 36.74000000 37.30800000 37.33400000 37.38800000 37.36800000 37.37500000 37.36000000 37.38200000 37.41000000 37.37900000
37.59700000 37.59700000 37.59700000 37.59700000 37.59700000 37.59700000 37.59700000 37.59700000 37.59700000 37.59700000 37.59700000 37.59700000 37.59700000 37.59700000 37.59700000 37.59700000 37.59700000 37.59700000 37.59700000 37.59700000 37.59700000 36.69800000 37.35500000 37.37400000 37.36900000 37.34300000 37.31900000 37.30800000 37.32800000 37.33200000
37.59700000 37.59700000 37.59700000 37.59700000 37.59700000 37.59700000 37.59700000 37.59700000 37.59700000 37.59700000 37.59700000 37.59700000 37.59700000 37.59700000 37.59700000 37.59700000 37.59700000 37.59700000 37.59700000 37.59700000 37.59700000 36.73300000 37.27700000 37.33300000 37.34000000 37.33200000 37.31600000 37.29700000 37.28000000 37.30300000
37.59700000 37.59700000 37.59700000 37.59700000 37.59700000 37.59700000 37.59700000 37.59700000 37.59700000 37.59700000 37.59700000 37.59700000 37.59700000 37.59700000 37.59700000 37.59700000 37.59700000 37.59700000 37.59700000 37.59700000 37.59700000 37.59700000 37.13000000 37.28200000 37.32400000 37.30700000 37.29400000 37.27100000 37.24500000 37.26200000
37.59700000 37.59700000 37.59700000 37.59700000 37.59700000 37.59700000 37.59700000 37.59700000 37.59700000 37.59700000 37.59700000 37.59700000 37.59700000 37.59700000 37.59700000 37.59700000 37.59700000 37.59700000 37.59700000 37.59700000 37.59700000 37.59700000 36.84300000 37.10800000 37.21400000 37.17900000 37.20300000 37.21700000 37.28400000 37.30800000
37.59700000 37.59700000 37.59700000 37.59700000 37.59700000 37.59700000 37.59700000 37.59700000 37.59700000 37.59700000 37.59700000 37.59700000 37.59700000 37.59700000 37.59700000 37.59700000 37.59700000 37.59700000 37.59700000 37.59700000 37.59700000 37.59700000 37.59700000 36.78900000 37.17900000 37.21600000 37.22200000 37.24700000 37.28100000 37.29500000
