 25.38400000  25.25700000  25.45600000  25.12900000  24.89900000  25.35200000  25.40800000  25.39200000  25.33200000  25.26400000  25.27500000  25.26300000  25.08200000  24.25900000  24.22500000  25.16100000  25.49000000  25.39000000  25.26400000  25.18200000  25.24300000  25.11700000  25.04000000  24.63600000  24.15800000  23.72000000  24.03500000  24.23300000  24.28600000  24.59100000
 25.18700000  25.17200000  25.29300000  24.47900000  25.21200000  25.28400000  25.26500000  25.20700000  25.21500000  25.19400000  25.17900000  24.96200000  23.91600000  24.31800000  24.51500000  25.27900000  25.34600000  25.17000000  25.18400000  25.13800000  25.08300000  24.97500000  24.61400000  24.26700000  23.61600000  24.41300000  24.69000000  24.83600000  25.16600000  25.04400000
 25.17500000  25.19000000  25.28600000  24.65200000  25.12300000  25.21000000  25.15700000  25.09900000  25.02400000  24.90600000  24.46400000  23.78400000  24.15000000  24.67100000  24.77000000  25.45800000  25.23900000  25.16400000  25.14000000  25.04200000  24.97100000  24.78000000  24.15000000  25.26500000  25.53100000  25.27300000  25.27300000  24.88600000  24.82600000  24.93700000
 24.54600000  24.97600000  25.20800000  25.35700000  24.27900000  24.97000000  24.80400000  24.18400000  23.97300000  24.18200000  24.46100000  24.68900000  24.77900000  24.86200000  25.18600000  25.55000000  25.13400000  25.07600000  24.92900000  24.66900000  24.51000000  25.54800000  25.65600000  25.64700000  25.63400000  25.23100000  25.21100000  25.15200000  25.11900000  25.22500000
 24.21800000  23.99000000  25.07200000  25.22900000  25.33500000  24.62500000  24.06300000  23.97000000  24.12300000  24.74300000  24.82100000  24.96800000  25.21500000  25.40200000  25.55700000  25.57900000  25.02700000  24.90400000  24.69100000  25.35200000  25.59200000  25.51000000  25.48400000  25.44400000  25.58300000  25.77200000  25.66900000  25.06300000  24.92300000  25.10500000
 23.84800000  23.71200000  24.78900000  25.18700000  25.39000000  25.26600000  25.34100000  25.40900000  25.41400000  25.38700000  25.34000000  25.35000000  25.43200000  25.58300000  25.71400000  25.54500000  25.14800000  24.81700000  25.45300000  25.47800000  25.44700000  25.19500000  25.04800000  25.05900000  25.24900000  25.65600000  25.94600000  25.72700000  24.92300000  25.05300000
 23.46200000  23.57700000  24.32500000  24.65800000  25.35100000  25.66500000  25.46100000  25.42400000  25.44900000  25.42200000  25.61800000  25.52900000  25.50500000  25.59200000  25.67300000  25.53500000  25.42800000  25.17300000  25.51800000  25.39700000  25.26700000  24.95200000  24.73300000  24.94700000  25.25700000  25.74200000  26.24800000  26.05800000  25.81700000  25.16000000
 23.47000000  23.69200000  24.40500000  24.26200000  24.71000000  25.42200000  25.94200000  25.50300000  25.56500000  25.66100000  25.70300000  25.61800000  25.62500000  25.66100000  25.70800000  25.56100000  25.61600000  25.51200000  25.40900000  25.39600000  25.32300000  25.21700000  25.22100000  25.33300000  25.78200000  26.41200000  26.63600000  26.34300000  25.72500000  25.87600000
 23.23400000  23.36700000  23.81300000  24.13500000  24.27200000  24.32600000  24.76500000  26.00300000  26.09800000  25.66200000  25.45600000  25.53500000  25.59100000  25.66600000  25.63400000  25.57900000  25.66100000  25.67600000  25.73600000  25.76700000  25.78500000  25.81200000  26.01500000  26.54100000  26.51700000  26.46300000  26.50200000  26.35900000  25.76300000  25.96700000
 23.10700000  22.35400000  23.15400000  23.82500000  23.51800000  24.07400000  23.89600000  24.50100000  25.93700000  26.23900000  26.38100000  25.88000000  25.47800000  25.57800000  25.62400000  25.57500000  25.60500000  25.65700000  25.63900000  26.36000000  26.04100000  26.14500000  26.11800000  26.10700000  26.15400000  26.18900000  26.44800000  26.06800000  25.79100000  25.98100000
 24.04500000  23.34100000  23.34700000  23.21200000  23.34300000  23.40500000  23.54400000  23.76300000  24.25000000  25.73100000  26.17100000  26.48700000  26.23800000  25.52400000  25.54800000  25.52700000  25.52900000  26.32700000  26.40500000  26.53000000  26.34300000  25.98800000  26.23400000  26.27500000  26.40500000  26.38000000  26.03400000  25.81700000  26.08500000  26.08700000
 27.83300000  27.83300000  27.83300000  23.76700000  23.17500000  22.97200000  23.22300000  23.20700000  23.26400000  24.10900000  25.42100000  25.16000000  25.65100000  25.79900000  25.95100000  25.95800000  25.95200000  26.11800000  26.23900000  26.54400000  25.86500000  26.19600000  26.06200000  26.34600000  26.43800000  26.13600000  26.09700000  25.99200000  26.08900000  26.12200000
 27.83300000  27.83300000  27.83300000  27.83300000  23.55200000  23.37700000  23.16400000  22.93100000  23.12400000  23.24700000  23.93100000  25.18100000  24.58200000  24.19500000  24.23500000  24.39500000  24.41400000  25.10800000  26.04000000  26.58800000  25.81400000  26.03800000  26.04200000  26.15800000  26.27400000  26.60200000  26.31500000  26.28700000  26.27300000  26.19000000
 27.83300000  27.83300000  27.83300000  27.83300000  27.83300000  27.83300000  24.30700000  23.94700000  23.31300000  23.08700000  23.19000000  23.46000000  23.78400000  23.79400000  23.09300000  23.48900000  23.99200000  24.87000000  25.70200000  26.62600000  26.55500000  25.89400000  26.04100000  26.02500000  26.13100000  26.66000000  26.77900000  26.27600000  26.25800000  26.11400000
 27.83300000  27.83300000  27.83300000  27.83300000  27.83300000  27.83300000  27.83300000  27.83300000  27.83300000  27.83300000  27.83300000  27.83300000  23.26000000  23.10100000  22.85000000  23.42400000  23.81300000  24.59600000  25.41900000  26.58800000  26.59700000  26.62700000  26.46700000  26.34100000  26.22400000  26.76400000  26.75300000  26.82800000  26.22900000  26.18400000
 27.83300000  27.83300000  27.83300000  27.83300000  27.83300000  27.83300000  27.83300000  27.83300000  27.83300000  27.83300000  27.83300000  27.83300000  27.83300000  27.83300000  27.83300000  23.43800000  23.78500000  24.73400000  25.12700000  25.32100000  26.58900000  26.62400000  26.66900000  26.72500000  26.50300000  26.87500000  26.78700000  26.82800000  26.86900000  26.68300000
 27.83300000  27.83300000  27.83300000  27.83300000  27.83300000  27.83300000  27.83300000  27.83300000  27.83300000  27.83300000  27.83300000  27.83300000  27.83300000  27.83300000  27.83300000  27.83300000  23.72200000  24.12900000  24.94000000  25.07700000  25.09400000  26.68700000  26.69000000  26.70800000  26.67100000  26.97000000  26.91000000  26.82100000  26.90100000  27.01600000
 27.83300000  27.83300000  27.83300000  27.83300000  27.83300000  27.83300000  27.83300000  27.83300000  27.83300000  27.83300000  27.83300000  27.83300000  27.83300000  27.83300000  27.83300000  27.83300000  27.83300000  27.83300000  23.65900000  24.89900000  25.27800000  26.38800000  26.64500000  26.69000000  26.80600000  26.96300000  27.02700000  26.94600000  26.86000000  26.98000000
 27.83300000  27.83300000  27.83300000  27.83300000  27.83300000  27.83300000  27.83300000  27.83300000  27.83300000  27.83300000  27.83300000  27.83300000  27.83300000  27.83300000  27.83300000  27.83300000  27.83300000  27.83300000  27.83300000  25.18400000  24.10400000  26.73500000  26.62000000  26.56400000  26.91000000  26.98800000  26.90600000  26.99200000  26.89200000  27.02600000
 27.83300000  27.83300000  27.83300000  27.83300000  27.83300000  27.83300000  27.83300000  27.83300000  27.83300000  27.83300000  27.83300000  27.83300000  27.83300000  27.83300000  27.83300000  27.83300000  27.83300000  27.83300000  27.83300000  25.49900000  24.91100000  26.76400000  26.57800000  26.72800000  27.05000000  26.98700000  27.06400000  26.91100000  26.97600000  27.11400000
 27.83300000  27.83300000  27.83300000  27.83300000  27.83300000  27.83300000  27.83300000  27.83300000  27.83300000  27.83300000  27.83300000  27.83300000  27.83300000  27.83300000  27.83300000  27.83300000  27.83300000  27.83300000  27.83300000  25.41700000  25.43700000  26.83600000  26.67400000  26.86600000  27.08600000  26.84600000  27.03500000  27.10100000  27.02800000  27.09500000
 27.83300000  27.83300000  27.83300000  27.83300000  27.83300000  27.83300000  27.83300000  27.83300000  27.83300000  27.83300000  27.83300000  27.83300000  27.83300000  27.83300000  27.83300000  27.83300000  27.83300000  27.83300000  27.83300000  24.82300000  24.61400000  26.72100000  26.86900000  27.03200000  26.90800000  26.93100000  27.00000000  27.05600000  27.09700000  27.21900000
 27.83300000  27.83300000  27.83300000  27.83300000  27.83300000  27.83300000  27.83300000  27.83300000  27.83300000  27.83300000  27.83300000  27.83300000  27.83300000  27.83300000  27.83300000  27.83300000  27.83300000  27.83300000  27.83300000  27.83300000  25.29600000  25.47200000  26.86800000  26.96300000  26.85500000  26.93800000  26.89700000  26.89200000  27.02700000  27.14700000
 27.83300000  27.83300000  27.83300000  27.83300000  27.83300000  27.83300000  27.83300000  27.83300000  27.83300000  27.83300000  27.83300000  27.83300000  27.83300000  27.83300000  27.83300000  27.83300000  27.83300000  27.83300000  27.83300000  27.83300000  27.83300000  25.15500000  26.67900000  26.81700000  26.82700000  26.90000000  26.82300000  26.64800000  26.69500000  27.17900000
 27.83300000  27.83300000  27.83300000  27.83300000  27.83300000  27.83300000  27.83300000  27.83300000  27.83300000  27.83300000  27.83300000  27.83300000  27.83300000  27.83300000  27.83300000  27.83300000  27.83300000  27.83300000  27.83300000  27.83300000  27.83300000  24.99600000  26.28100000  26.70700000  26.79600000  26.71300000  26.68500000  26.62700000  26.53700000  26.93500000
 27.83300000  27.83300000  27.83300000  27.83300000  27.83300000  27.83300000  27.83300000  27.83300000  27.83300000  27.83300000  27.83300000  27.83300000  27.83300000  27.83300000  27.83300000  27.83300000  27.83300000  27.83300000  27.83300000  27.83300000  27.83300000  27.83300000  25.92900000  26.30700000  26.50000000  26.43600000  26.55600000  26.55800000  26.91000000  27.26400000
 27.83300000  27.83300000  27.83300000  27.83300000  27.83300000  27.83300000  27.83300000  27.83300000  27.83300000  27.83300000  27.83300000  27.83300000  27.83300000  27.83300000  27.83300000  27.83300000  27.83300000  27.83300000  27.83300000  27.83300000  27.83300000  27.83300000  27.83300000  26.04900000  26.51900000  26.71300000  26.61400000  26.77300000  27.12200000  27.26300000
 25.43000000  25.30200000  25.48700000  25.15000000  24.91400000  25.37400000  25.43400000  25.41600000  25.35600000  25.28900000  25.30000000  25.28500000  25.11100000  24.30600000  24.23500000  25.17700000  25.50400000  25.41200000  25.31000000  25.19900000  25.26100000  25.13700000  25.06500000  24.64700000  24.17500000  23.73000000  24.05000000  24.24600000  24.31500000  24.60600000
 25.20300000  25.18300000  25.31500000  24.50600000  25.23400000  25.30800000  25.28700000  25.22800000  25.23300000  25.21200000  25.19500000  24.98200000  23.93500000  24.33500000  24.53200000  25.29600000  25.36700000  25.19000000  25.20100000  25.16100000  25.10600000  24.99600000  24.63500000  24.28600000  23.63200000  24.43000000  24.70900000  24.85400000  25.18500000  25.06500000
 25.18000000  25.20900000  25.31000000  24.66700000  25.14300000  25.23200000  25.17800000  25.11800000  25.04300000  24.92700000  24.49000000  23.79700000  24.16600000  24.68800000  24.78300000  25.48000000  25.26000000  25.18700000  25.16100000  25.06300000  24.99500000  24.80200000  24.17200000  25.28400000  25.54500000  25.29500000  25.29600000  24.91100000  24.84600000  24.95500000
 24.60300000  24.99500000  25.22600000  25.37400000  24.29700000  24.99000000  24.82300000  24.20100000  23.98300000  24.20000000  24.47500000  24.70400000  24.79600000  24.87900000  25.20300000  25.58100000  25.15600000  25.09900000  24.95100000  24.68700000  24.52900000  25.56900000  25.67700000  25.66900000  25.65600000  25.25600000  25.23800000  25.17500000  25.14600000  25.24400000
 24.20800000  24.13900000  25.08900000  25.24300000  25.35000000  24.63400000  24.07700000  23.98500000  24.14000000  24.75700000  24.83900000  24.98400000  25.23300000  25.42200000  25.57900000  25.60500000  25.05000000  24.92600000  24.70600000  25.37000000  25.61100000  25.53000000  25.50200000  25.46300000  25.60400000  25.79700000  25.68800000  25.08500000  24.94200000  25.12500000
 23.87300000  24.31400000  24.81000000  25.20900000  25.40200000  25.28200000  25.35900000  25.42000000  25.42700000  25.40600000  25.36100000  25.37100000  25.45200000  25.60400000  25.73500000  25.57600000  25.17100000  24.83800000  25.47300000  25.49800000  25.46500000  25.21200000  25.06700000  25.07900000  25.26800000  25.67600000  25.96800000  25.74300000  24.94000000  25.07100000
 23.64000000  23.83200000  24.35100000  24.68000000  25.36800000  25.68200000  25.47700000  25.44000000  25.46500000  25.44000000  25.63700000  25.55000000  25.52600000  25.61200000  25.69300000  25.57300000  25.44800000  25.19600000  25.54100000  25.41600000  25.28800000  24.97300000  24.75200000  24.96600000  25.27700000  25.76000000  26.26700000  26.08000000  25.83700000  25.18800000
 23.14500000  23.51600000  24.43500000  24.28500000  24.73200000  25.43700000  25.95500000  25.52100000  25.58300000  25.68000000  25.72400000  25.63400000  25.64600000  25.68000000  25.72600000  25.59000000  25.63900000  25.53600000  25.43300000  25.42000000  25.34700000  25.23700000  25.24000000  25.35100000  25.79900000  26.43100000  26.65900000  26.36600000  25.74400000  25.89100000
 21.33600000  23.07600000  23.83900000  24.16300000  24.29500000  24.35000000  24.78300000  26.02000000  26.11100000  25.68000000  25.47600000  25.55500000  25.61100000  25.68500000  25.65500000  25.60300000  25.68400000  25.69600000  25.75800000  25.78900000  25.80700000  25.82900000  26.04000000  26.55900000  26.54000000  26.48500000  26.52600000  26.38200000  25.78600000  25.98600000
 20.25800000  21.88800000  23.15500000  23.85000000  23.54100000  24.09600000  23.93900000  24.51900000  25.95600000  26.25900000  26.40100000  25.89900000  25.49800000  25.59500000  25.64400000  25.59600000  25.62500000  25.67400000  25.66000000  26.38100000  26.07000000  26.16900000  26.14300000  26.13100000  26.17800000  26.21200000  26.47000000  26.08900000  25.80900000  25.99800000
 22.05600000  27.83300000  18.90600000  20.52300000  23.06100000  23.41100000  23.59600000  23.90500000  24.27200000  25.75600000  26.19400000  26.51000000  26.26400000  25.54400000  25.56800000  25.54700000  25.55000000  26.34800000  26.42800000  26.55300000  26.37000000  26.00800000  26.25200000  26.29500000  26.42700000  26.40000000  26.05400000  25.83700000  26.10400000  26.10500000
 27.83300000  27.83300000  27.83300000  27.83300000  21.00100000  20.81400000  22.96700000  23.09500000  23.19700000  24.13700000  25.44800000  25.18500000  25.66900000  25.82000000  25.97300000  25.98000000  25.96800000  26.13900000  26.25900000  26.56900000  25.88800000  26.21200000  26.08400000  26.36800000  26.45900000  26.15700000  26.12200000  26.01100000  26.10800000  26.14000000
 27.83300000  27.83300000  27.83300000  27.83300000  27.83300000  20.56600000  20.81000000  20.48100000  21.29800000  22.80700000  23.95500000  25.20900000  24.60800000  24.24600000  24.27200000  24.42000000  24.44000000  25.13400000  26.05800000  26.60800000  25.83400000  26.05900000  26.05100000  26.18000000  26.29500000  26.62600000  26.33900000  26.30700000  26.29400000  26.20900000
 27.83300000  27.83300000  27.83300000  27.83300000  27.83300000  27.83300000  27.83300000  20.49700000  20.48900000  20.57100000  21.27400000  23.45500000  23.92200000  23.84500000  23.12100000  23.50500000  24.04800000  24.89100000  25.72200000  26.64900000  26.58100000  25.91500000  26.06100000  26.04700000  26.15200000  26.68200000  26.80000000  26.30400000  26.28100000  26.12600000
 27.83300000  27.83300000  27.83300000  27.83300000  27.83300000  27.83300000  27.83300000  27.83300000  27.83300000  27.83300000  27.83300000  27.83300000  27.83300000  27.83300000  27.83300000  21.83100000  23.92100000  24.57500000  25.44900000  26.60900000  26.61800000  26.64600000  26.49000000  26.36200000  26.24300000  26.78400000  26.77500000  26.85000000  26.25300000  26.20700000
 27.83300000  27.83300000  27.83300000  27.83300000  27.83300000  27.83300000  27.83300000  27.83300000  27.83300000  27.83300000  27.83300000  27.83300000  27.83300000  27.83300000  27.83300000  27.83300000  23.72900000  24.41000000  25.15700000  25.25400000  26.60500000  26.64700000  26.68900000  26.74700000  26.52000000  26.89500000  26.81000000  26.85100000  26.89100000  26.71200000
 27.83300000  27.83300000  27.83300000  27.83300000  27.83300000  27.83300000  27.83300000  27.83300000  27.83300000  27.83300000  27.83300000  27.83300000  27.83300000  27.83300000  27.83300000  27.83300000  27.83300000  21.72300000  24.49700000  25.00400000  25.03800000  26.71100000  26.71400000  26.73000000  26.68700000  26.99000000  26.93400000  26.84300000  26.92200000  27.03600000
 27.83300000  27.83300000  27.83300000  27.83300000  27.83300000  27.83300000  27.83300000  27.83300000  27.83300000  27.83300000  27.83300000  27.83300000  27.83300000  27.83300000  27.83300000  27.83300000  27.83300000  27.83300000  27.83300000  24.86300000  25.30500000  26.41000000  26.66700000  26.71300000  26.82200000  26.98300000  27.05000000  26.96800000  26.88300000  27.00300000
 27.83300000  27.83300000  27.83300000  27.83300000  27.83300000  27.83300000  27.83300000  27.83300000  27.83300000  27.83300000  27.83300000  27.83300000  27.83300000  27.83300000  27.83300000  27.83300000  27.83300000  27.83300000  27.83300000  27.83300000  24.16500000  26.76500000  26.63600000  26.57500000  26.93200000  27.01000000  26.92700000  27.01600000  26.91500000  27.04800000
 27.83300000  27.83300000  27.83300000  27.83300000  27.83300000  27.83300000  27.83300000  27.83300000  27.83300000  27.83300000  27.83300000  27.83300000  27.83300000  27.83300000  27.83300000  27.83300000  27.83300000  27.83300000  27.83300000  27.83300000  23.68600000  26.78900000  26.60300000  26.74500000  27.07400000  27.01000000  27.08800000  26.93100000  26.99600000  27.13100000
 27.83300000  27.83300000  27.83300000  27.83300000  27.83300000  27.83300000  27.83300000  27.83300000  27.83300000  27.83300000  27.83300000  27.83300000  27.83300000  27.83300000  27.83300000  27.83300000  27.83300000  27.83300000  27.83300000  27.83300000  23.90900000  26.85600000  26.69600000  26.88800000  27.11200000  26.86900000  27.05700000  27.12700000  27.04600000  27.11600000
 27.83300000  27.83300000  27.83300000  27.83300000  27.83300000  27.83300000  27.83300000  27.83300000  27.83300000  27.83300000  27.83300000  27.83300000  27.83300000  27.83300000  27.83300000  27.83300000  27.83300000  27.83300000  27.83300000  27.83300000  24.06900000  26.74200000  26.89500000  27.05600000  26.93400000  26.95300000  27.02500000  27.07600000  27.11500000  27.23600000
 27.83300000  27.83300000  27.83300000  27.83300000  27.83300000  27.83300000  27.83300000  27.83300000  27.83300000  27.83300000  27.83300000  27.83300000  27.83300000  27.83300000  27.83300000  27.83300000  27.83300000  27.83300000  27.83300000  27.83300000  27.83300000  24.61600000  26.88500000  26.98900000  26.87700000  26.96000000  26.91400000  26.90300000  27.04400000  27.16600000
 27.83300000  27.83300000  27.83300000  27.83300000  27.83300000  27.83300000  27.83300000  27.83300000  27.83300000  27.83300000  27.83300000  27.83300000  27.83300000  27.83300000  27.83300000  27.83300000  27.83300000  27.83300000  27.83300000  27.83300000  27.83300000  25.10900000  26.70300000  26.83800000  26.84500000  26.91800000  26.84200000  26.66700000  26.70900000  27.20100000
 27.83300000  27.83300000  27.83300000  27.83300000  27.83300000  27.83300000  27.83300000  27.83300000  27.83300000  27.83300000  27.83300000  27.83300000  27.83300000  27.83300000  27.83300000  27.83300000  27.83300000  27.83300000  27.83300000  27.83300000  27.83300000  27.83300000  26.30900000  26.72300000  26.81500000  26.72800000  26.70300000  26.64600000  26.55200000  26.95500000
 27.83300000  27.83300000  27.83300000  27.83300000  27.83300000  27.83300000  27.83300000  27.83300000  27.83300000  27.83300000  27.83300000  27.83300000  27.83300000  27.83300000  27.83300000  27.83300000  27.83300000  27.83300000  27.83300000  27.83300000  27.83300000  27.83300000  25.96900000  26.32900000  26.51600000  26.45300000  26.56600000  26.57600000  26.94100000  27.28700000
 27.83300000  27.83300000  27.83300000  27.83300000  27.83300000  27.83300000  27.83300000  27.83300000  27.83300000  27.83300000  27.83300000  27.83300000  27.83300000  27.83300000  27.83300000  27.83300000  27.83300000  27.83300000  27.83300000  27.83300000  27.83300000  27.83300000  27.83300000  26.07500000  26.53600000  26.73200000  26.63400000  26.79100000  27.15600000  27.28300000
