36.99300000 36.95400000 36.94800000 36.94600000 37.02100000 37.18800000 37.25800000 37.26400000 37.23100000 37.20500000 37.13600000 37.02100000 36.89200000 36.68300000 36.60600000 36.85700000 36.99800000 37.00500000 37.01700000 37.06100000 37.01400000 37.00000000 36.87600000 36.65100000 36.54100000 36.27000000 36.49100000 36.43000000 36.38100000 36.45500000
36.98700000 36.99700000 36.92300000 36.89300000 37.18200000 37.22000000 37.21300000 37.19200000 37.16500000 37.11000000 37.00800000 36.88700000 36.54900000 36.71200000 36.79700000 36.96000000 37.08000000 37.00300000 37.08400000 37.04200000 36.99900000 36.91200000 36.76700000 36.65300000 36.41000000 36.70200000 36.81300000 36.87800000 37.06200000 37.06500000
37.03000000 36.91100000 36.89000000 36.92400000 37.13900000 37.17100000 37.13900000 37.08700000 37.01600000 36.94600000 36.81500000 36.44200000 36.63300000 36.88000000 36.85400000 37.05800000 37.04200000 37.00500000 37.04800000 37.00000000 36.92900000 36.84400000 36.62300000 37.04600000 37.13600000 37.03800000 37.06600000 36.93800000 36.90900000 36.86400000
36.51700000 36.99400000 36.86500000 36.92400000 36.78200000 37.06200000 36.98000000 36.68600000 36.53000000 36.70800000 36.84200000 36.91600000 36.89500000 36.88200000 36.91200000 37.13200000 36.97600000 36.96900000 36.95300000 36.84200000 36.73100000 37.16300000 37.25100000 37.25600000 37.21600000 37.01700000 37.04500000 37.02900000 36.98700000 36.91900000
36.36800000 36.17500000 36.99500000 36.88200000 36.90300000 36.91500000 36.63000000 36.55800000 36.68500000 36.95200000 36.91500000 36.90000000 36.92100000 36.94300000 36.98500000 37.13700000 36.92000000 36.88300000 36.80300000 37.06900000 37.24000000 37.22800000 37.21300000 37.19300000 37.21700000 37.26500000 37.23300000 36.88300000 36.74700000 36.66700000
36.19300000 35.68700000 36.98100000 37.05600000 37.00900000 36.82500000 36.87200000 36.92900000 36.92600000 36.88600000 36.84600000 36.84900000 36.89100000 36.97700000 37.04200000 37.07600000 36.98200000 36.84500000 37.13200000 37.21000000 37.20600000 37.12700000 37.05700000 37.06300000 37.15100000 37.21700000 37.27900000 37.25600000 36.71700000 36.57300000
35.88700000 35.41800000 36.74800000 36.88400000 37.12800000 37.14600000 36.93200000 36.89700000 36.89000000 36.88100000 37.01900000 36.99700000 36.99500000 37.01800000 37.03500000 37.04800000 37.12100000 37.03900000 37.16600000 37.18900000 37.13600000 37.02700000 36.94600000 37.00700000 37.14900000 37.21800000 37.32700000 37.32500000 37.27200000 36.65400000
35.43500000 35.86900000 36.69500000 36.70000000 36.84700000 37.14800000 37.24700000 36.91900000 36.93600000 36.98100000 37.00700000 36.97500000 37.01700000 37.04800000 37.05300000 37.08300000 37.21900000 37.16800000 37.13100000 37.17300000 37.16600000 37.10800000 37.11900000 37.15800000 37.21300000 37.36200000 37.47000000 37.41200000 37.27200000 37.23300000
35.39400000 35.80100000 36.38800000 36.55600000 36.75700000 36.57000000 36.91000000 37.33300000 37.31600000 37.04300000 36.89700000 36.93000000 36.94800000 37.03100000 37.02000000 37.13100000 37.22500000 37.23200000 37.24400000 37.25300000 37.25700000 37.21800000 37.20100000 37.43300000 37.44600000 37.44500000 37.46500000 37.42900000 37.28500000 37.26700000
35.26000000 35.32700000 35.43000000 36.42400000 36.24600000 36.65700000 36.25900000 36.84200000 37.31400000 37.36300000 37.39900000 37.15400000 36.95000000 36.96200000 36.94900000 37.02000000 37.13100000 37.11800000 37.01100000 37.39000000 37.30400000 37.35700000 37.35200000 37.35600000 37.38900000 37.40000000 37.45700000 37.33100000 37.26400000 37.25600000
34.71300000 34.89400000 35.10100000 35.10800000 36.05100000 36.23100000 36.16400000 36.07600000 36.71400000 37.24900000 37.36100000 37.42500000 37.28600000 36.96100000 37.00200000 37.00800000 37.00800000 37.37900000 37.35200000 37.36500000 37.34200000 37.30800000 37.39200000 37.35900000 37.40600000 37.40800000 37.32200000 37.27100000 37.30400000 37.21600000
37.59700000 37.59700000 37.59700000 35.06700000 35.53900000 35.74800000 35.90900000 35.91200000 35.73200000 36.62200000 37.17700000 37.08800000 37.21900000 37.21800000 37.25500000 37.25900000 37.25600000 37.31600000 37.29800000 37.37100000 37.24700000 37.35300000 37.29100000 37.27800000 37.33100000 37.31500000 37.31300000 37.27800000 37.26900000 37.19100000
37.59700000 37.59700000 37.59700000 37.59700000 35.21500000 35.27000000 35.54300000 35.54600000 35.63300000 35.86000000 36.55800000 37.13200000 36.83100000 36.65600000 36.73900000 36.77000000 36.57000000 36.92500000 37.24700000 37.36800000 37.21000000 37.27900000 37.24400000 37.22000000 37.29600000 37.37500000 37.34800000 37.36500000 37.36700000 37.20300000
37.59700000 37.59700000 37.59700000 37.59700000 37.59700000 37.59700000 35.29900000 35.37500000 35.45100000 35.51200000 35.72900000 36.29900000 36.47700000 36.46200000 36.17800000 36.36300000 36.58200000 36.83700000 37.14700000 37.36200000 37.36600000 37.19300000 37.21300000 37.19300000 37.28000000 37.37300000 37.46200000 37.34400000 37.37100000 37.21600000
37.59700000 37.59700000 37.59700000 37.59700000 37.59700000 37.59700000 37.59700000 37.59700000 37.59700000 37.59700000 37.59700000 37.59700000 35.68800000 35.91300000 36.15000000 36.12600000 36.26700000 36.47000000 37.08600000 37.33900000 37.36700000 37.37500000 37.33300000 37.30200000 37.31100000 37.37500000 37.41000000 37.49100000 37.32700000 37.35500000
37.59700000 37.59700000 37.59700000 37.59700000 37.59700000 37.59700000 37.59700000 37.59700000 37.59700000 37.59700000 37.59700000 37.59700000 37.59700000 37.59700000 37.59700000 36.01400000 36.11500000 36.30900000 36.91700000 36.94400000 37.32300000 37.42400000 37.40300000 37.40500000 37.36400000 37.35800000 37.41000000 37.49700000 37.51700000 37.47600000
37.59700000 37.59700000 37.59700000 37.59700000 37.59700000 37.59700000 37.59700000 37.59700000 37.59700000 37.59700000 37.59700000 37.59700000 37.59700000 37.59700000 37.59700000 37.59700000 35.97200000 36.27900000 36.70700000 37.02600000 37.07000000 37.34300000 37.41500000 37.41200000 37.34800000 37.33700000 37.38400000 37.35700000 37.49300000 37.55900000
37.59700000 37.59700000 37.59700000 37.59700000 37.59700000 37.59700000 37.59700000 37.59700000 37.59700000 37.59700000 37.59700000 37.59700000 37.59700000 37.59700000 37.59700000 37.59700000 37.59700000 37.59700000 36.03700000 36.73800000 37.01000000 37.24700000 37.43100000 37.41800000 37.30300000 37.34000000 37.37900000 37.37000000 37.36600000 37.45100000
37.59700000 37.59700000 37.59700000 37.59700000 37.59700000 37.59700000 37.59700000 37.59700000 37.59700000 37.59700000 37.59700000 37.59700000 37.59700000 37.59700000 37.59700000 37.59700000 37.59700000 37.59700000 37.59700000 36.66100000 36.76900000 37.34800000 37.43300000 37.39300000 37.33000000 37.38700000 37.34600000 37.38200000 37.32400000 37.36600000
37.59700000 37.59700000 37.59700000 37.59700000 37.59700000 37.59700000 37.59700000 37.59700000 37.59700000 37.59700000 37.59700000 37.59700000 37.59700000 37.59700000 37.59700000 37.59700000 37.59700000 37.59700000 37.59700000 36.86400000 36.80700000 37.33800000 37.42500000 37.31800000 37.39100000 37.40100000 37.42800000 37.35300000 37.35200000 37.34900000
37.59700000 37.59700000 37.59700000 37.59700000 37.59700000 37.59700000 37.59700000 37.59700000 37.59700000 37.59700000 37.59700000 37.59700000 37.59700000 37.59700000 37.59700000 37.59700000 37.59700000 37.59700000 37.59700000 36.74500000 36.85100000 37.35300000 37.37100000 37.31600000 37.40600000 37.39100000 37.41100000 37.43200000 37.36000000 37.34400000
37.59700000 37.59700000 37.59700000 37.59700000 37.59700000 37.59700000 37.59700000 37.59700000 37.59700000 37.59700000 37.59700000 37.59700000 37.59700000 37.59700000 37.59700000 37.59700000 37.59700000 37.59700000 37.59700000 36.35000000 36.73300000 37.30400000 37.33700000 37.39100000 37.36900000 37.37500000 37.35800000 37.38700000 37.40400000 37.38000000
37.59700000 37.59700000 37.59700000 37.59700000 37.59700000 37.59700000 37.59700000 37.59700000 37.59700000 37.59700000 37.59700000 37.59700000 37.59700000 37.59700000 37.59700000 37.59700000 37.59700000 37.59700000 37.59700000 37.59700000 36.68800000 36.85300000 37.35700000 37.37500000 37.37100000 37.34500000 37.31900000 37.30300000 37.32700000 37.33400000
37.59700000 37.59700000 37.59700000 37.59700000 37.59700000 37.59700000 37.59700000 37.59700000 37.59700000 37.59700000 37.59700000 37.59700000 37.59700000 37.59700000 37.59700000 37.59700000 37.59700000 37.59700000 37.59700000 37.59700000 37.59700000 36.74600000 37.28200000 37.33500000 37.34200000 37.33400000 37.31800000 37.29700000 37.28100000 37.30600000
37.59700000 37.59700000 37.59700000 37.59700000 37.59700000 37.59700000 37.59700000 37.59700000 37.59700000 37.59700000 37.59700000 37.59700000 37.59700000 37.59700000 37.59700000 37.59700000 37.59700000 37.59700000 37.59700000 37.59700000 37.59700000 36.55100000 37.13600000 37.28200000 37.32500000 37.30700000 37.29200000 37.26800000 37.24300000 37.26400000
37.59700000 37.59700000 37.59700000 37.59700000 37.59700000 37.59700000 37.59700000 37.59700000 37.59700000 37.59700000 37.59700000 37.59700000 37.59700000 37.59700000 37.59700000 37.59700000 37.59700000 37.59700000 37.59700000 37.59700000 37.59700000 37.59700000 36.87600000 37.10800000 37.20200000 37.17600000 37.20200000 37.22300000 37.28700000 37.31100000
37.59700000 37.59700000 37.59700000 37.59700000 37.59700000 37.59700000 37.59700000 37.59700000 37.59700000 37.59700000 37.59700000 37.59700000 37.59700000 37.59700000 37.59700000 37.59700000 37.59700000 37.59700000 37.59700000 37.59700000 37.59700000 37.59700000 37.59700000 36.83600000 37.17600000 37.21900000 37.22400000 37.24900000 37.28400000 37.29900000
36.98700000 36.95300000 36.94700000 36.94500000 37.01900000 37.18700000 37.25700000 37.26300000 37.23000000 37.20500000 37.13800000 37.02000000 36.89300000 36.68400000 36.60400000 36.85600000 36.99700000 37.00400000 37.01500000 37.06100000 37.01300000 37.00100000 36.87900000 36.64900000 36.54000000 36.27000000 36.49100000 36.42900000 36.38000000 36.45500000
36.98500000 36.99600000 36.92200000 36.89200000 37.18100000 37.21900000 37.21200000 37.19100000 37.16500000 37.11000000 37.00700000 36.88700000 36.55100000 36.71100000 36.79700000 36.95900000 37.07900000 37.00200000 37.08300000 37.04200000 36.99900000 36.91200000 36.76600000 36.65300000 36.40900000 36.70100000 36.81300000 36.87700000 37.06100000 37.06400000
37.02900000 36.91100000 36.88900000 36.92300000 37.13800000 37.17000000 37.13900000 37.08600000 37.01500000 36.94500000 36.81600000 36.44200000 36.63200000 36.88000000 36.85300000 37.05700000 37.04100000 37.00300000 37.04700000 36.99900000 36.92800000 36.84400000 36.62200000 37.04400000 37.13500000 37.03700000 37.06500000 36.93800000 36.90800000 36.86300000
36.54100000 36.99300000 36.86400000 36.92400000 36.78100000 37.06100000 36.98000000 36.68700000 36.52900000 36.70700000 36.84100000 36.91500000 36.89400000 36.88200000 36.91100000 37.13000000 36.97500000 36.96800000 36.95200000 36.84100000 36.73100000 37.16200000 37.24900000 37.25500000 37.21600000 37.01700000 37.04400000 37.02800000 36.98600000 36.91800000
36.37000000 36.33300000 36.99500000 36.88200000 36.90300000 36.91400000 36.62900000 36.55700000 36.68400000 36.95100000 36.91500000 36.89900000 36.92000000 36.94200000 36.98400000 37.13600000 36.92000000 36.88200000 36.80200000 37.06800000 37.23900000 37.22700000 37.21200000 37.19200000 37.21500000 37.26300000 37.23200000 36.88300000 36.74600000 36.66600000
36.19300000 36.17500000 36.98000000 37.05600000 37.00800000 36.82400000 36.87200000 36.92800000 36.92500000 36.88600000 36.84500000 36.84800000 36.89000000 36.97600000 37.04100000 37.07600000 36.98200000 36.84400000 37.13100000 37.20900000 37.20500000 37.12500000 37.05700000 37.06200000 37.15000000 37.21500000 37.27800000 37.25500000 36.71800000 36.57300000
35.88600000 35.45800000 36.74900000 36.88500000 37.12700000 37.14600000 36.93200000 36.89700000 36.88900000 36.88000000 37.01800000 36.99600000 36.99400000 37.01700000 37.03400000 37.04700000 37.12200000 37.03900000 37.16600000 37.18900000 37.13600000 37.02700000 36.94600000 37.00600000 37.14800000 37.21700000 37.32600000 37.32400000 37.27100000 36.66400000
35.62300000 35.85500000 36.69500000 36.70000000 36.84700000 37.14800000 37.24700000 36.91900000 36.93500000 36.98000000 37.00600000 36.97400000 37.01600000 37.04700000 37.05200000 37.08100000 37.21800000 37.16700000 37.13100000 37.17200000 37.16500000 37.10800000 37.11800000 37.15700000 37.21100000 37.36000000 37.46900000 37.41100000 37.27200000 37.23300000
35.88500000 36.20400000 36.38900000 36.55600000 36.75800000 36.57200000 36.91100000 37.33200000 37.31600000 37.04200000 36.89600000 36.92900000 36.94700000 37.03000000 37.01900000 37.12900000 37.22400000 37.23100000 37.24300000 37.25200000 37.25600000 37.21800000 37.19900000 37.43200000 37.44400000 37.44400000 37.46400000 37.42800000 37.28300000 37.26600000
35.69100000 35.69600000 36.41700000 36.42700000 36.26200000 36.65700000 36.27300000 36.84200000 37.31300000 37.36200000 37.39800000 37.15300000 36.94900000 36.96100000 36.94800000 37.01900000 37.13000000 37.11700000 37.01000000 37.38900000 37.30200000 37.35600000 37.35100000 37.35400000 37.38800000 37.39800000 37.45600000 37.33000000 37.26300000 37.25500000
35.47500000 37.59700000 35.88700000 36.02500000 36.16700000 36.32300000 36.21700000 36.13800000 36.71500000 37.24800000 37.35900000 37.42400000 37.28500000 36.96000000 37.00100000 37.00600000 37.00800000 37.37800000 37.35100000 37.36400000 37.34000000 37.30600000 37.39000000 37.35800000 37.40400000 37.40600000 37.32100000 37.27000000 37.30300000 37.21600000
37.59700000 37.59700000 37.59700000 37.59700000 35.88900000 36.06000000 36.43400000 36.46100000 36.05300000 36.62200000 37.17600000 37.08600000 37.21800000 37.21700000 37.25400000 37.25800000 37.25300000 37.31400000 37.29700000 37.37000000 37.24600000 37.35200000 37.29100000 37.27700000 37.33000000 37.31400000 37.31300000 37.27600000 37.26900000 37.19100000
37.59700000 37.59700000 37.59700000 37.59700000 37.59700000 35.66800000 35.87200000 36.07500000 36.23900000 36.02800000 36.56000000 37.13200000 36.83100000 36.66000000 36.74100000 36.77000000 36.57000000 36.92200000 37.24600000 37.36600000 37.20900000 37.27800000 37.24400000 37.21900000 37.29500000 37.37400000 37.34700000 37.36400000 37.36700000 37.20300000
37.59700000 37.59700000 37.59700000 37.59700000 37.59700000 37.59700000 37.59700000 35.70300000 35.72600000 35.80200000 35.95700000 36.30500000 36.53800000 36.47100000 36.18100000 36.36200000 36.60500000 36.83100000 37.14700000 37.36100000 37.36500000 37.19200000 37.21300000 37.19200000 37.27800000 37.37200000 37.46100000 37.34400000 37.37000000 37.21600000
37.59700000 37.59700000 37.59700000 37.59700000 37.59700000 37.59700000 37.59700000 37.59700000 37.59700000 37.59700000 37.59700000 37.59700000 37.59700000 37.59700000 37.59700000 36.25500000 36.35100000 36.49300000 37.08500000 37.33800000 37.36600000 37.37400000 37.33200000 37.30100000 37.31000000 37.37400000 37.40900000 37.48900000 37.32600000 37.35500000
37.59700000 37.59700000 37.59700000 37.59700000 37.59700000 37.59700000 37.59700000 37.59700000 37.59700000 37.59700000 37.59700000 37.59700000 37.59700000 37.59700000 37.59700000 37.59700000 36.19800000 36.53400000 36.91300000 36.91600000 37.32100000 37.42300000 37.40200000 37.40400000 37.36400000 37.35800000 37.40900000 37.49600000 37.51600000 37.47600000
37.59700000 37.59700000 37.59700000 37.59700000 37.59700000 37.59700000 37.59700000 37.59700000 37.59700000 37.59700000 37.59700000 37.59700000 37.59700000 37.59700000 37.59700000 37.59700000 37.59700000 36.37500000 36.70300000 37.02100000 37.06400000 37.34100000 37.41400000 37.41100000 37.34800000 37.33700000 37.38300000 37.35600000 37.49200000 37.55800000
37.59700000 37.59700000 37.59700000 37.59700000 37.59700000 37.59700000 37.59700000 37.59700000 37.59700000 37.59700000 37.59700000 37.59700000 37.59700000 37.59700000 37.59700000 37.59700000 37.59700000 37.59700000 37.59700000 36.72900000 37.00900000 37.24500000 37.43000000 37.41700000 37.30300000 37.34000000 37.37800000 37.37000000 37.36600000 37.45100000
37.59700000 37.59700000 37.59700000 37.59700000 37.59700000 37.59700000 37.59700000 37.59700000 37.59700000 37.59700000 37.59700000 37.59700000 37.59700000 37.59700000 37.59700000 37.59700000 37.59700000 37.59700000 37.59700000 37.59700000 36.79600000 37.34800000 37.43200000 37.39300000 37.32900000 37.38700000 37.34500000 37.38100000 37.32300000 37.36500000
37.59700000 37.59700000 37.59700000 37.59700000 37.59700000 37.59700000 37.59700000 37.59700000 37.59700000 37.59700000 37.59700000 37.59700000 37.59700000 37.59700000 37.59700000 37.59700000 37.59700000 37.59700000 37.59700000 37.59700000 36.68100000 37.33900000 37.42400000 37.31700000 37.38900000 37.39900000 37.42600000 37.35200000 37.35100000 37.34700000
37.59700000 37.59700000 37.59700000 37.59700000 37.59700000 37.59700000 37.59700000 37.59700000 37.59700000 37.59700000 37.59700000 37.59700000 37.59700000 37.59700000 37.59700000 37.59700000 37.59700000 37.59700000 37.59700000 37.59700000 36.61300000 37.35200000 37.37000000 37.31500000 37.40500000 37.39000000 37.41000000 37.43100000 37.35900000 37.34300000
37.59700000 37.59700000 37.59700000 37.59700000 37.59700000 37.59700000 37.59700000 37.59700000 37.59700000 37.59700000 37.59700000 37.59700000 37.59700000 37.59700000 37.59700000 37.59700000 37.59700000 37.59700000 37.59700000 37.59700000 36.70800000 37.30400000 37.33600000 37.39000000 37.36800000 37.37300000 37.35700000 37.38600000 37.40300000 37.37900000
37.59700000 37.59700000 37.59700000 37.59700000 37.59700000 37.59700000 37.59700000 37.59700000 37.59700000 37.59700000 37.59700000 37.59700000 37.59700000 37.59700000 37.59700000 37.59700000 37.59700000 37.59700000 37.59700000 37.59700000 37.59700000 36.73900000 37.35600000 37.37400000 37.37000000 37.34400000 37.31800000 37.30200000 37.32500000 37.33200000
37.59700000 37.59700000 37.59700000 37.59700000 37.59700000 37.59700000 37.59700000 37.59700000 37.59700000 37.59700000 37.59700000 37.59700000 37.59700000 37.59700000 37.59700000 37.59700000 37.59700000 37.59700000 37.59700000 37.59700000 37.59700000 36.73100000 37.28100000 37.33400000 37.34100000 37.33300000 37.31700000 37.29600000 37.28000000 37.30400000
37.59700000 37.59700000 37.59700000 37.59700000 37.59700000 37.59700000 37.59700000 37.59700000 37.59700000 37.59700000 37.59700000 37.59700000 37.59700000 37.59700000 37.59700000 37.59700000 37.59700000 37.59700000 37.59700000 37.59700000 37.59700000 37.59700000 37.13600000 37.28100000 37.32400000 37.30700000 37.29100000 37.26800000 37.24200000 37.26300000
37.59700000 37.59700000 37.59700000 37.59700000 37.59700000 37.59700000 37.59700000 37.59700000 37.59700000 37.59700000 37.59700000 37.59700000 37.59700000 37.59700000 37.59700000 37.59700000 37.59700000 37.59700000 37.59700000 37.59700000 37.59700000 37.59700000 36.87400000 37.10800000 37.20100000 37.17500000 37.20200000 37.22200000 37.28600000 37.31000000
37.59700000 37.59700000 37.59700000 37.59700000 37.59700000 37.59700000 37.59700000 37.59700000 37.59700000 37.59700000 37.59700000 37.59700000 37.59700000 37.59700000 37.59700000 37.59700000 37.59700000 37.59700000 37.59700000 37.59700000 37.59700000 37.59700000 37.59700000 36.82900000 37.17600000 37.21800000 37.22300000 37.24800000 37.28400000 37.29800000
