25.37700000 25.25800000 25.44800000 25.10700000 24.91300000 25.34200000 25.40300000 25.39000000 25.32000000 25.25700000 25.27300000 25.26100000 25.07700000 24.27400000 24.23400000 25.15300000 25.48500000 25.37600000 25.25900000 25.17500000 25.23300000 25.10500000 25.03500000 24.60600000 24.15700000 23.71300000 24.02800000 24.23000000 24.29300000 24.58600000
25.19100000 25.16200000 25.28500000 24.44200000 25.21200000 25.27400000 25.24800000 25.19800000 25.20400000 25.18500000 25.17200000 24.95500000 23.90800000 24.32600000 24.50800000 25.27600000 25.32900000 25.15900000 25.17400000 25.12600000 25.07500000 24.96300000 24.60800000 24.26000000 23.59700000 24.41100000 24.68700000 24.82700000 25.15600000 25.04600000
25.18500000 25.17200000 25.28200000 24.59800000 25.11500000 25.19800000 25.15100000 25.08700000 25.02200000 24.90300000 24.47400000 23.77500000 24.15300000 24.66600000 24.76400000 25.44800000 25.22500000 25.15300000 25.13100000 25.03100000 24.96200000 24.76700000 24.13600000 25.24400000 25.51800000 25.26700000 25.26000000 24.88300000 24.81700000 24.92500000
24.51300000 24.96600000 25.19400000 25.34800000 24.28200000 24.96400000 24.79500000 24.17400000 23.96300000 24.17800000 24.44800000 24.67700000 24.77100000 24.85700000 25.17800000 25.54200000 25.10900000 25.06600000 24.91800000 24.66700000 24.49800000 25.52900000 25.63500000 25.63100000 25.62400000 25.21800000 25.20300000 25.14500000 25.11400000 25.20500000
24.21100000 24.02700000 25.07300000 25.22300000 25.32300000 24.58700000 24.05300000 23.95600000 24.10900000 24.73000000 24.81300000 24.95500000 25.20100000 25.38900000 25.54700000 25.56500000 25.00000000 24.90100000 24.68500000 25.32500000 25.58300000 25.50500000 25.47600000 25.42600000 25.57300000 25.76500000 25.66400000 25.05400000 24.90800000 25.09700000
23.85200000 23.71100000 24.78700000 25.17100000 25.38800000 25.26000000 25.32200000 25.39600000 25.40200000 25.37700000 25.32700000 25.33600000 25.41000000 25.55800000 25.69900000 25.53000000 25.12300000 24.79800000 25.43800000 25.46800000 25.43400000 25.17400000 25.03400000 25.04900000 25.23900000 25.64800000 25.93800000 25.71100000 24.91400000 25.04900000
23.42500000 23.58700000 24.29800000 24.62600000 25.32000000 25.67200000 25.44900000 25.41700000 25.43900000 25.41200000 25.60600000 25.51900000 25.49100000 25.57700000 25.65900000 25.52000000 25.40500000 25.15900000 25.51000000 25.38800000 25.26000000 24.93900000 24.72300000 24.94000000 25.24800000 25.73500000 26.24700000 26.06000000 25.80300000 25.15000000
23.45100000 23.68600000 24.39300000 24.25400000 24.68000000 25.41500000 25.94200000 25.49800000 25.55200000 25.64900000 25.69500000 25.60300000 25.61400000 25.64800000 25.68900000 25.54400000 25.60000000 25.49500000 25.40000000 25.38400000 25.31600000 25.20100000 25.20500000 25.31600000 25.77000000 26.40800000 26.62700000 26.34200000 25.71700000 25.86600000
23.21600000 23.37500000 23.81000000 24.09500000 24.25000000 24.30000000 24.73800000 25.96700000 26.12800000 25.68900000 25.45000000 25.51700000 25.57900000 25.65200000 25.62600000 25.56400000 25.64500000 25.65900000 25.71800000 25.74800000 25.76600000 25.80000000 25.99900000 26.52000000 26.47900000 26.43200000 26.49000000 26.35700000 25.75800000 25.95900000
23.09700000 22.34100000 23.13600000 23.78800000 23.49100000 24.06400000 23.88600000 24.46700000 25.90700000 26.21700000 26.35900000 25.88100000 25.46700000 25.56600000 25.60800000 25.55900000 25.59200000 25.64800000 25.62400000 26.33800000 26.01400000 26.12000000 26.09500000 26.09000000 26.15500000 26.18000000 26.43500000 26.06800000 25.78300000 25.96800000
24.01400000 23.27500000 23.18200000 23.15000000 23.27600000 23.40700000 23.51900000 23.72100000 24.23600000 25.69200000 26.15700000 26.46000000 26.20200000 25.49900000 25.53200000 25.51200000 25.51900000 26.31600000 26.39200000 26.51500000 26.34100000 25.97400000 26.22300000 26.25300000 26.39000000 26.36400000 26.02000000 25.81000000 26.07100000 26.08100000
27.83300000 27.83300000 27.83300000 23.73500000 23.17600000 22.93200000 23.20500000 23.17300000 23.25000000 24.09500000 25.37400000 25.12700000 25.63800000 25.77900000 25.93000000 25.95200000 25.93100000 26.10900000 26.22400000 26.54100000 25.84900000 26.18100000 26.04900000 26.34100000 26.42500000 26.12800000 26.07800000 25.98900000 26.07100000 26.11000000
27.83300000 27.83300000 27.83300000 27.83300000 23.52200000 23.35800000 23.13600000 22.91900000 23.09300000 23.27000000 23.91300000 25.13500000 24.47800000 24.22200000 24.29300000 24.35200000 24.41800000 25.15600000 26.02600000 26.57200000 25.80300000 26.03300000 26.03200000 26.14500000 26.26900000 26.59800000 26.29500000 26.27700000 26.25500000 26.18000000
27.83300000 27.83300000 27.83300000 27.83300000 27.83300000 27.83300000 24.26500000 23.88400000 23.28000000 23.06500000 23.16300000 23.41500000 23.75800000 23.75600000 23.06100000 23.49700000 23.94100000 24.95400000 25.67900000 26.61500000 26.55000000 25.88400000 26.03500000 26.01700000 26.12100000 26.65300000 26.76300000 26.26100000 26.26500000 26.11000000
27.83300000 27.83300000 27.83300000 27.83300000 27.83300000 27.83300000 27.83300000 27.83300000 27.83300000 27.83300000 27.83300000 27.83300000 23.20600000 23.07200000 22.81000000 23.42100000 23.80200000 24.60500000 25.36000000 26.57400000 26.58100000 26.61200000 26.44700000 26.33500000 26.21400000 26.74700000 26.74000000 26.81400000 26.21400000 26.18300000
27.83300000 27.83300000 27.83300000 27.83300000 27.83300000 27.83300000 27.83300000 27.83300000 27.83300000 27.83300000 27.83300000 27.83300000 27.83300000 27.83300000 27.83300000 23.42300000 23.77700000 24.72100000 25.14200000 25.26100000 26.58000000 26.61700000 26.65900000 26.72000000 26.49400000 26.86200000 26.77500000 26.81600000 26.85800000 26.69800000
27.83300000 27.83300000 27.83300000 27.83300000 27.83300000 27.83300000 27.83300000 27.83300000 27.83300000 27.83300000 27.83300000 27.83300000 27.83300000 27.83300000 27.83300000 27.83300000 23.70000000 24.12700000 24.91700000 24.95300000 25.09700000 26.66600000 26.68500000 26.69600000 26.66200000 26.95900000 26.90000000 26.81200000 26.89200000 27.00900000
27.83300000 27.83300000 27.83300000 27.83300000 27.83300000 27.83300000 27.83300000 27.83300000 27.83300000 27.83300000 27.83300000 27.83300000 27.83300000 27.83300000 27.83300000 27.83300000 27.83300000 27.83300000 23.62300000 24.88200000 25.24000000 26.45000000 26.63200000 26.67200000 26.79800000 26.94700000 27.01600000 26.93200000 26.85000000 26.97400000
27.83300000 27.83300000 27.83300000 27.83300000 27.83300000 27.83300000 27.83300000 27.83300000 27.83300000 27.83300000 27.83300000 27.83300000 27.83300000 27.83300000 27.83300000 27.83300000 27.83300000 27.83300000 27.83300000 25.18100000 24.15300000 26.72100000 26.60800000 26.55100000 26.91400000 26.97900000 26.89800000 26.98000000 26.88100000 27.01800000
27.83300000 27.83300000 27.83300000 27.83300000 27.83300000 27.83300000 27.83300000 27.83300000 27.83300000 27.83300000 27.83300000 27.83300000 27.83300000 27.83300000 27.83300000 27.83300000 27.83300000 27.83300000 27.83300000 25.48600000 24.98000000 26.74800000 26.57500000 26.71900000 27.03800000 26.97300000 27.05000000 26.90000000 26.96500000 27.10700000
27.83300000 27.83300000 27.83300000 27.83300000 27.83300000 27.83300000 27.83300000 27.83300000 27.83300000 27.83300000 27.83300000 27.83300000 27.83300000 27.83300000 27.83300000 27.83300000 27.83300000 27.83300000 27.83300000 25.40800000 25.44500000 26.82900000 26.66200000 26.85400000 27.07200000 26.82900000 27.02600000 27.09300000 27.02000000 27.08700000
27.83300000 27.83300000 27.83300000 27.83300000 27.83300000 27.83300000 27.83300000 27.83300000 27.83300000 27.83300000 27.83300000 27.83300000 27.83300000 27.83300000 27.83300000 27.83300000 27.83300000 27.83300000 27.83300000 24.75800000 24.66500000 26.70400000 26.85700000 27.01900000 26.90200000 26.92000000 26.99200000 27.04600000 27.07400000 27.21000000
27.83300000 27.83300000 27.83300000 27.83300000 27.83300000 27.83300000 27.83300000 27.83300000 27.83300000 27.83300000 27.83300000 27.83300000 27.83300000 27.83300000 27.83300000 27.83300000 27.83300000 27.83300000 27.83300000 27.83300000 25.26300000 25.47200000 26.85800000 26.95300000 26.83800000 26.93100000 26.87700000 26.85500000 27.00300000 27.12200000
27.83300000 27.83300000 27.83300000 27.83300000 27.83300000 27.83300000 27.83300000 27.83300000 27.83300000 27.83300000 27.83300000 27.83300000 27.83300000 27.83300000 27.83300000 27.83300000 27.83300000 27.83300000 27.83300000 27.83300000 27.83300000 25.13800000 26.67700000 26.80300000 26.81500000 26.88500000 26.80800000 26.63200000 26.67000000 27.16700000
27.83300000 27.83300000 27.83300000 27.83300000 27.83300000 27.83300000 27.83300000 27.83300000 27.83300000 27.83300000 27.83300000 27.83300000 27.83300000 27.83300000 27.83300000 27.83300000 27.83300000 27.83300000 27.83300000 27.83300000 27.83300000 24.93200000 26.27600000 26.69600000 26.78000000 26.69500000 26.66400000 26.60700000 26.51600000 26.91700000
27.83300000 27.83300000 27.83300000 27.83300000 27.83300000 27.83300000 27.83300000 27.83300000 27.83300000 27.83300000 27.83300000 27.83300000 27.83300000 27.83300000 27.83300000 27.83300000 27.83300000 27.83300000 27.83300000 27.83300000 27.83300000 27.83300000 25.93300000 26.30700000 26.45900000 26.41300000 26.54700000 26.54900000 26.90900000 27.24100000
27.83300000 27.83300000 27.83300000 27.83300000 27.83300000 27.83300000 27.83300000 27.83300000 27.83300000 27.83300000 27.83300000 27.83300000 27.83300000 27.83300000 27.83300000 27.83300000 27.83300000 27.83300000 27.83300000 27.83300000 27.83300000 27.83300000 27.83300000 26.04400000 26.49400000 26.69900000 26.59900000 26.75300000 27.13600000 27.25600000
25.41800000 25.30000000 25.47800000 25.12700000 24.92800000 25.36400000 25.42800000 25.41300000 25.34300000 25.28200000 25.29700000 25.28300000 25.10500000 24.31800000 24.24300000 25.16900000 25.49900000 25.39700000 25.30300000 25.19300000 25.25000000 25.12600000 25.06100000 24.61700000 24.17400000 23.72400000 24.04300000 24.24400000 24.32100000 24.60200000
25.20700000 25.17200000 25.30800000 24.46600000 25.23400000 25.29700000 25.27000000 25.21700000 25.22100000 25.20300000 25.18900000 24.97600000 23.92900000 24.34300000 24.52400000 25.29400000 25.35100000 25.18100000 25.19300000 25.14800000 25.09600000 24.98300000 24.62700000 24.27900000 23.61300000 24.42800000 24.70500000 24.84600000 25.17700000 25.06800000
25.19100000 25.19300000 25.30700000 24.61100000 25.13700000 25.21900000 25.17200000 25.10700000 25.04000000 24.92300000 24.49900000 23.78900000 24.17100000 24.68400000 24.77900000 25.47400000 25.24700000 25.17800000 25.15300000 25.05300000 24.98500000 24.78900000 24.15700000 25.26300000 25.53300000 25.29000000 25.28200000 24.90700000 24.83700000 24.94300000
24.57000000 24.98500000 25.21100000 25.36200000 24.30000000 24.98400000 24.81500000 24.19100000 23.97500000 24.19600000 24.46300000 24.69300000 24.79000000 24.87700000 25.19600000 25.57300000 25.13100000 25.08800000 24.93900000 24.68600000 24.51600000 25.55000000 25.65500000 25.65500000 25.64600000 25.24400000 25.22900000 25.16900000 25.13700000 25.22600000
24.20300000 24.35500000 25.08900000 25.23900000 25.33800000 24.59700000 24.06700000 23.97000000 24.12500000 24.74400000 24.83100000 24.97300000 25.22000000 25.40900000 25.56800000 25.59400000 25.02100000 24.92100000 24.70300000 25.34200000 25.60200000 25.52500000 25.49800000 25.44800000 25.59600000 25.79200000 25.67700000 25.07500000 24.92600000 25.11700000
23.87500000 24.38800000 24.80800000 25.19400000 25.40200000 25.27700000 25.33900000 25.40800000 25.41500000 25.39600000 25.34800000 25.35700000 25.43100000 25.58000000 25.71900000 25.56700000 25.14400000 24.81700000 25.45600000 25.48800000 25.45200000 25.19300000 25.05400000 25.07100000 25.25800000 25.66800000 25.96200000 25.72700000 24.93200000 25.06600000
23.64800000 23.67700000 24.32200000 24.64800000 25.34000000 25.69100000 25.46700000 25.43300000 25.45500000 25.42800000 25.62700000 25.54100000 25.51200000 25.59900000 25.68000000 25.56400000 25.42400000 25.18000000 25.53200000 25.40500000 25.28200000 24.96000000 24.74300000 24.95900000 25.26700000 25.75200000 26.26600000 26.08200000 25.82300000 25.17400000
23.10700000 23.59200000 24.42300000 24.27800000 24.70400000 25.43100000 25.95600000 25.51600000 25.57000000 25.66900000 25.71700000 25.61600000 25.63400000 25.66800000 25.70800000 25.57800000 25.62400000 25.51800000 25.42700000 25.40800000 25.33900000 25.22200000 25.22500000 25.33700000 25.79000000 26.42800000 26.65000000 26.36500000 25.73500000 25.87400000
21.31800000 23.21000000 23.83500000 24.12200000 24.27200000 24.32400000 24.75600000 25.98600000 26.14400000 25.70900000 25.46800000 25.53700000 25.59100000 25.67300000 25.64800000 25.59100000 25.66900000 25.68000000 25.74100000 25.77000000 25.78800000 25.81700000 26.02400000 26.53800000 26.50400000 26.45600000 26.51500000 26.38200000 25.78200000 25.97600000
20.27600000 21.97400000 23.08400000 23.80700000 23.51100000 24.08400000 23.92900000 24.48500000 25.92600000 26.23600000 26.37700000 25.90000000 25.48600000 25.58400000 25.63100000 25.58200000 25.61500000 25.66500000 25.64600000 26.36000000 26.04600000 26.14500000 26.12000000 26.11300000 26.17900000 26.20300000 26.45800000 26.09000000 25.80200000 25.98500000
22.00400000 27.83300000 18.82200000 20.45900000 23.05200000 23.43000000 23.58700000 23.84600000 24.25800000 25.71600000 26.17800000 26.48000000 26.22600000 25.51900000 25.55300000 25.53500000 25.54200000 26.33900000 26.41800000 26.54000000 26.37000000 25.99600000 26.24300000 26.27400000 26.41100000 26.38500000 26.04100000 25.83000000 26.09200000 26.10000000
27.83300000 27.83300000 27.83300000 27.83300000 21.12400000 20.79300000 22.69100000 23.03500000 23.12000000 24.12200000 25.40100000 25.15100000 25.65500000 25.80100000 25.95300000 25.97500000 25.94300000 26.13300000 26.24400000 26.56600000 25.87200000 26.19800000 26.07100000 26.36300000 26.44700000 26.14800000 26.10000000 26.00600000 26.09000000 26.12800000
27.83300000 27.83300000 27.83300000 27.83300000 27.83300000 20.69400000 20.89500000 20.39200000 21.40500000 22.81300000 23.94000000 25.16300000 24.50400000 24.25500000 24.32400000 24.37700000 24.44400000 25.17900000 26.04300000 26.59400000 25.82200000 26.05400000 26.04100000 26.16900000 26.29100000 26.62000000 26.31900000 26.29600000 26.27500000 26.19800000
27.83300000 27.83300000 27.83300000 27.83300000 27.83300000 27.83300000 27.83300000 20.37400000 20.31900000 20.49700000 21.29600000 23.42600000 23.90900000 23.79600000 23.08700000 23.50600000 24.01100000 24.97600000 25.69600000 26.63700000 26.57400000 25.90500000 26.05500000 26.04000000 26.14100000 26.67500000 26.78700000 26.28900000 26.28300000 26.12000000
27.83300000 27.83300000 27.83300000 27.83300000 27.83300000 27.83300000 27.83300000 27.83300000 27.83300000 27.83300000 27.83300000 27.83300000 27.83300000 27.83300000 27.83300000 21.82900000 23.90500000 24.63500000 25.38900000 26.59600000 26.60300000 26.63300000 26.46800000 26.35300000 26.23500000 26.77100000 26.76500000 26.83600000 26.23700000 26.20300000
27.83300000 27.83300000 27.83300000 27.83300000 27.83300000 27.83300000 27.83300000 27.83300000 27.83300000 27.83300000 27.83300000 27.83300000 27.83300000 27.83300000 27.83300000 27.83300000 23.68500000 24.37600000 25.17300000 25.18700000 26.59700000 26.63700000 26.67700000 26.74100000 26.50900000 26.88400000 26.80000000 26.83900000 26.88000000 26.72600000
27.83300000 27.83300000 27.83300000 27.83300000 27.83300000 27.83300000 27.83300000 27.83300000 27.83300000 27.83300000 27.83300000 27.83300000 27.83300000 27.83300000 27.83300000 27.83300000 27.83300000 21.65400000 24.74900000 24.97900000 25.11200000 26.68800000 26.70500000 26.71800000 26.68100000 26.98000000 26.92400000 26.83500000 26.91600000 27.03100000
27.83300000 27.83300000 27.83300000 27.83300000 27.83300000 27.83300000 27.83300000 27.83300000 27.83300000 27.83300000 27.83300000 27.83300000 27.83300000 27.83300000 27.83300000 27.83300000 27.83300000 27.83300000 27.83300000 24.85800000 25.26800000 26.47400000 26.65200000 26.69400000 26.81500000 26.96700000 27.03800000 26.95600000 26.87100000 26.99900000
27.83300000 27.83300000 27.83300000 27.83300000 27.83300000 27.83300000 27.83300000 27.83300000 27.83300000 27.83300000 27.83300000 27.83300000 27.83300000 27.83300000 27.83300000 27.83300000 27.83300000 27.83300000 27.83300000 27.83300000 24.14700000 26.75200000 26.62300000 26.56700000 26.93600000 27.00100000 26.91900000 27.00300000 26.90500000 27.03900000
27.83300000 27.83300000 27.83300000 27.83300000 27.83300000 27.83300000 27.83300000 27.83300000 27.83300000 27.83300000 27.83300000 27.83300000 27.83300000 27.83300000 27.83300000 27.83300000 27.83300000 27.83300000 27.83300000 27.83300000 23.78000000 26.77500000 26.59900000 26.73700000 27.06300000 26.99700000 27.07600000 26.92500000 26.98500000 27.12400000
27.83300000 27.83300000 27.83300000 27.83300000 27.83300000 27.83300000 27.83300000 27.83300000 27.83300000 27.83300000 27.83300000 27.83300000 27.83300000 27.83300000 27.83300000 27.83300000 27.83300000 27.83300000 27.83300000 27.83300000 23.73100000 26.84900000 26.68500000 26.87800000 27.09900000 26.85300000 27.05000000 27.11900000 27.03900000 27.10800000
27.83300000 27.83300000 27.83300000 27.83300000 27.83300000 27.83300000 27.83300000 27.83300000 27.83300000 27.83300000 27.83300000 27.83300000 27.83300000 27.83300000 27.83300000 27.83300000 27.83300000 27.83300000 27.83300000 27.83300000 23.92700000 26.72600000 26.88500000 27.04500000 26.92900000 26.94600000 27.01600000 27.06600000 27.09300000 27.22900000
27.83300000 27.83300000 27.83300000 27.83300000 27.83300000 27.83300000 27.83300000 27.83300000 27.83300000 27.83300000 27.83300000 27.83300000 27.83300000 27.83300000 27.83300000 27.83300000 27.83300000 27.83300000 27.83300000 27.83300000 27.83300000 24.85500000 26.87600000 26.97900000 26.86100000 26.95300000 26.89600000 26.86900000 27.01800000 27.14300000
27.83300000 27.83300000 27.83300000 27.83300000 27.83300000 27.83300000 27.83300000 27.83300000 27.83300000 27.83300000 27.83300000 27.83300000 27.83300000 27.83300000 27.83300000 27.83300000 27.83300000 27.83300000 27.83300000 27.83300000 27.83300000 25.08500000 26.70000000 26.82500000 26.83400000 26.90300000 26.82800000 26.65000000 26.68700000 27.19000000
27.83300000 27.83300000 27.83300000 27.83300000 27.83300000 27.83300000 27.83300000 27.83300000 27.83300000 27.83300000 27.83300000 27.83300000 27.83300000 27.83300000 27.83300000 27.83300000 27.83300000 27.83300000 27.83300000 27.83300000 27.83300000 27.83300000 26.30500000 26.70900000 26.79800000 26.71200000 26.68300000 26.62400000 26.53200000 26.93900000
27.83300000 27.83300000 27.83300000 27.83300000 27.83300000 27.83300000 27.83300000 27.83300000 27.83300000 27.83300000 27.83300000 27.83300000 27.83300000 27.83300000 27.83300000 27.83300000 27.83300000 27.83300000 27.83300000 27.83300000 27.83300000 27.83300000 25.97600000 26.32300000 26.47500000 26.43100000 26.56200000 26.56800000 26.94100000 27.26500000
27.83300000 27.83300000 27.83300000 27.83300000 27.83300000 27.83300000 27.83300000 27.83300000 27.83300000 27.83300000 27.83300000 27.83300000 27.83300000 27.83300000 27.83300000 27.83300000 27.83300000 27.83300000 27.83300000 27.83300000 27.83300000 27.83300000 27.83300000 26.07100000 26.51200000 26.71800000 26.61800000 26.77200000 27.17600000 27.28000000
