25.69300000 25.36600000 25.55800000 25.69000000 25.09700000 24.89600000 25.38400000 25.62200000 25.59500000 25.53800000 25.45800000 25.30300000 25.22000000 24.27600000 24.26300000 25.48000000 25.71100000 25.79800000 25.43600000 25.40900000 25.47500000 25.46500000 25.34600000 25.01500000 24.16400000 23.90300000 24.30600000 24.79100000 24.71000000 24.66500000
25.45900000 25.39800000 25.51300000 25.40200000 24.71100000 25.25500000 25.53700000 25.54800000 25.47600000 25.40300000 25.26600000 25.10400000 24.11700000 24.20500000 24.93800000 25.31200000 25.72800000 25.52500000 25.46100000 25.40600000 25.44400000 25.34800000 25.17800000 24.70000000 23.78200000 24.33700000 24.56500000 24.53800000 24.78700000 25.30800000
25.55500000 25.44800000 25.55100000 25.47600000 24.72400000 25.02500000 25.36100000 25.37100000 25.23900000 24.89400000 24.22400000 24.00200000 24.22400000 24.66600000 24.87400000 25.50500000 25.74500000 25.46000000 25.42300000 25.32200000 25.24500000 25.17600000 24.72500000 24.33800000 24.83200000 25.65000000 25.64200000 25.63800000 25.24700000 25.14300000
24.75400000 25.38200000 25.51900000 25.57800000 25.15600000 24.48800000 24.45000000 24.20600000 24.08300000 24.28000000 24.64200000 24.87000000 24.93200000 24.88800000 24.90200000 25.64700000 25.72700000 25.43700000 25.30200000 25.26400000 25.01000000 24.86900000 25.37200000 25.85300000 25.97600000 25.79400000 25.59800000 25.42600000 25.33200000 25.50400000
24.81400000 24.61700000 25.37700000 25.48700000 25.60300000 25.20200000 24.80700000 24.47900000 24.67500000 24.96500000 25.01400000 25.24900000 25.43100000 25.45400000 25.53300000 25.75500000 25.80800000 25.41100000 25.06000000 24.96300000 25.52500000 25.92200000 25.85600000 25.76800000 25.81000000 25.99500000 25.80100000 25.48900000 25.41800000 25.33800000
24.42800000 24.09700000 24.96300000 25.47700000 25.51200000 25.59900000 25.69200000 25.54100000 25.54700000 25.69100000 25.68500000 25.70500000 25.88200000 25.97100000 25.99900000 25.86900000 25.77600000 25.67200000 25.29800000 25.69200000 25.84400000 25.64800000 25.58000000 25.51400000 25.65600000 25.90400000 25.95900000 26.10300000 25.42500000 25.17700000
24.04400000 23.82300000 24.76400000 25.18700000 25.56100000 25.58900000 25.55200000 25.54200000 25.55600000 25.61100000 25.77200000 25.89700000 25.86600000 25.93700000 26.00900000 25.87200000 25.87800000 25.89400000 25.73600000 25.74000000 25.62400000 25.45500000 25.17200000 25.04200000 25.35000000 25.75400000 26.14900000 26.10800000 26.13800000 25.65100000
23.91500000 23.67400000 24.43200000 24.56100000 25.16600000 25.67400000 25.81400000 25.73300000 25.72900000 25.79300000 25.97200000 25.93300000 25.91700000 25.97300000 26.01800000 25.85500000 25.97200000 25.99300000 25.83000000 25.71100000 25.64100000 25.47400000 25.30100000 25.38200000 25.61700000 26.04300000 26.49100000 26.45400000 25.99800000 26.17700000
23.68700000 24.14400000 24.18200000 24.50300000 24.35000000 24.69600000 25.25100000 25.97900000 25.82700000 25.79800000 25.92800000 25.95000000 25.92400000 25.92200000 25.88800000 25.89400000 25.91600000 26.06100000 26.13000000 26.15500000 25.97500000 25.82400000 25.82100000 26.02800000 26.40900000 26.90600000 26.82600000 26.55100000 26.01500000 26.23700000
23.36200000 23.82100000 23.87100000 24.14300000 24.14100000 24.30400000 24.40700000 24.90200000 26.23800000 26.27300000 26.02400000 25.93600000 25.80500000 25.74900000 25.78200000 25.86600000 25.84200000 25.92100000 26.02400000 26.93400000 27.06800000 27.04700000 27.04500000 26.99600000 26.77000000 26.58500000 26.71400000 26.28600000 26.05600000 26.23900000
24.33400000 23.47500000 23.53800000 23.95400000 23.67800000 23.78600000 24.16800000 24.16800000 24.63200000 25.82400000 26.43300000 26.69700000 26.74300000 26.81000000 26.11300000 25.79400000 26.03800000 26.91600000 26.38500000 26.32600000 26.46500000 26.42400000 26.36900000 26.43800000 26.53000000 26.61300000 26.48000000 26.04800000 26.39100000 26.31500000
27.83300000 27.83300000 27.83300000 23.95700000 23.56600000 23.51900000 23.66800000 23.68800000 23.86500000 24.27400000 24.86600000 26.24500000 26.16900000 26.38400000 26.61700000 26.49900000 26.24500000 25.90300000 26.04400000 26.87500000 26.22100000 26.37200000 26.52700000 26.29700000 26.24800000 26.41000000 26.59700000 26.37400000 26.53500000 26.41300000
27.83300000 27.83300000 27.83300000 27.83300000 24.03100000 23.81900000 23.55000000 23.65300000 23.53700000 23.77800000 24.42000000 24.88600000 25.72500000 24.99400000 24.64000000 25.12000000 25.12300000 24.86100000 26.49300000 26.89300000 26.26900000 26.25200000 26.18000000 26.38800000 26.59600000 26.76500000 26.62500000 26.27500000 26.52900000 26.42000000
27.83300000 27.83300000 27.83300000 27.83300000 27.83300000 27.83300000 24.73100000 24.12500000 23.51000000 23.54300000 23.83900000 23.96100000 24.32400000 24.17100000 23.56500000 23.89600000 24.49400000 24.54500000 26.31300000 26.87700000 26.66100000 26.06200000 26.21800000 26.32300000 26.34600000 26.75000000 26.99000000 26.80200000 26.28200000 26.42300000
27.83300000 27.83300000 27.83300000 27.83300000 27.83300000 27.83300000 27.83300000 27.83300000 27.83300000 27.83300000 27.83300000 27.83300000 23.50800000 23.43300000 22.57700000 23.49900000 24.19200000 24.39100000 25.66400000 26.45300000 26.99100000 26.94300000 26.53100000 26.24800000 26.35000000 26.87600000 27.02100000 27.10000000 26.89200000 26.39700000
27.83300000 27.83300000 27.83300000 27.83300000 27.83300000 27.83300000 27.83300000 27.83300000 27.83300000 27.83300000 27.83300000 27.83300000 27.83300000 27.83300000 27.83300000 23.89800000 24.12100000 24.44900000 25.23100000 25.73400000 26.48600000 27.00900000 26.90200000 27.03000000 26.46200000 26.95700000 27.05700000 27.02400000 27.11200000 27.21600000
27.83300000 27.83300000 27.83300000 27.83300000 27.83300000 27.83300000 27.83300000 27.83300000 27.83300000 27.83300000 27.83300000 27.83300000 27.83300000 27.83300000 27.83300000 27.83300000 24.10800000 24.26300000 25.47400000 25.58600000 25.59200000 26.79600000 26.91600000 27.02000000 26.64000000 26.99400000 27.16400000 27.01700000 27.01500000 27.21600000
27.83300000 27.83300000 27.83300000 27.83300000 27.83300000 27.83300000 27.83300000 27.83300000 27.83300000 27.83300000 27.83300000 27.83300000 27.83300000 27.83300000 27.83300000 27.83300000 27.83300000 27.83300000 22.94300000 25.61100000 25.83400000 25.25800000 26.94000000 26.98500000 26.76000000 27.07600000 27.23800000 27.20400000 27.07400000 27.06500000
27.83300000 27.83300000 27.83300000 27.83300000 27.83300000 27.83300000 27.83300000 27.83300000 27.83300000 27.83300000 27.83300000 27.83300000 27.83300000 27.83300000 27.83300000 27.83300000 27.83300000 27.83300000 27.83300000 25.91400000 25.64500000 26.19700000 26.92500000 26.98700000 26.80800000 27.12900000 27.19800000 27.19500000 27.20800000 27.15200000
27.83300000 27.83300000 27.83300000 27.83300000 27.83300000 27.83300000 27.83300000 27.83300000 27.83300000 27.83300000 27.83300000 27.83300000 27.83300000 27.83300000 27.83300000 27.83300000 27.83300000 27.83300000 27.83300000 26.00600000 21.72600000 26.56900000 26.90200000 26.83400000 26.97600000 27.26300000 27.35400000 27.21200000 27.19500000 27.24100000
27.83300000 27.83300000 27.83300000 27.83300000 27.83300000 27.83300000 27.83300000 27.83300000 27.83300000 27.83300000 27.83300000 27.83300000 27.83300000 27.83300000 27.83300000 27.83300000 27.83300000 27.83300000 27.83300000 25.95100000 24.41500000 26.44800000 26.96600000 26.86000000 27.14900000 27.33600000 27.10900000 27.26800000 27.26000000 27.22500000
27.83300000 27.83300000 27.83300000 27.83300000 27.83300000 27.83300000 27.83300000 27.83300000 27.83300000 27.83300000 27.83300000 27.83300000 27.83300000 27.83300000 27.83300000 27.83300000 27.83300000 27.83300000 27.83300000 25.68400000 24.06300000 26.33100000 27.17200000 27.04700000 27.32200000 27.11900000 27.08500000 27.29200000 27.29200000 27.29700000
27.83300000 27.83300000 27.83300000 27.83300000 27.83300000 27.83300000 27.83300000 27.83300000 27.83300000 27.83300000 27.83300000 27.83300000 27.83300000 27.83300000 27.83300000 27.83300000 27.83300000 27.83300000 27.83300000 27.83300000 25.90700000 25.74200000 27.06900000 27.24600000 27.16500000 27.07900000 27.27600000 27.24200000 27.35800000 27.39100000
27.83300000 27.83300000 27.83300000 27.83300000 27.83300000 27.83300000 27.83300000 27.83300000 27.83300000 27.83300000 27.83300000 27.83300000 27.83300000 27.83300000 27.83300000 27.83300000 27.83300000 27.83300000 27.83300000 27.83300000 27.83300000 24.55500000 26.38700000 27.08300000 27.10400000 27.06000000 27.20400000 27.09500000 27.13000000 27.35400000
27.83300000 27.83300000 27.83300000 27.83300000 27.83300000 27.83300000 27.83300000 27.83300000 27.83300000 27.83300000 27.83300000 27.83300000 27.83300000 27.83300000 27.83300000 27.83300000 27.83300000 27.83300000 27.83300000 27.83300000 27.83300000 25.96200000 26.30500000 26.85900000 27.00300000 27.02000000 26.95200000 26.91200000 26.92300000 27.06000000
27.83300000 27.83300000 27.83300000 27.83300000 27.83300000 27.83300000 27.83300000 27.83300000 27.83300000 27.83300000 27.83300000 27.83300000 27.83300000 27.83300000 27.83300000 27.83300000 27.83300000 27.83300000 27.83300000 27.83300000 27.83300000 27.83300000 26.38400000 26.82800000 26.66200000 26.78100000 26.76500000 26.86000000 26.86200000 27.13500000
27.83300000 27.83300000 27.83300000 27.83300000 27.83300000 27.83300000 27.83300000 27.83300000 27.83300000 27.83300000 27.83300000 27.83300000 27.83300000 27.83300000 27.83300000 27.83300000 27.83300000 27.83300000 27.83300000 27.83300000 27.83300000 27.83300000 27.83300000 26.31500000 26.93200000 26.81900000 26.88600000 27.09600000 27.13400000 27.34200000
25.75800000 25.35400000 25.59700000 25.74400000 25.19900000 24.94600000 25.39900000 25.66200000 25.61200000 25.56500000 25.47600000 25.33700000 25.27300000 24.29000000 24.27800000 25.47900000 25.74000000 25.83300000 25.47500000 25.47700000 25.47700000 25.44900000 25.31100000 24.98900000 24.16300000 23.89600000 24.31500000 24.77300000 24.70400000 24.67700000
25.48200000 25.41900000 25.53700000 25.42300000 24.73000000 25.27600000 25.55800000 25.56900000 25.49900000 25.42300000 25.28900000 25.12200000 24.13500000 24.22200000 24.95700000 25.33200000 25.74900000 25.54200000 25.47700000 25.42900000 25.45800000 25.36200000 25.19100000 24.70400000 23.79000000 24.34600000 24.57700000 24.54900000 24.83800000 25.35000000
25.57700000 25.47100000 25.56500000 25.49900000 24.74400000 25.04300000 25.38000000 25.39000000 25.25800000 24.91000000 24.24400000 24.02000000 24.24100000 24.68300000 24.89200000 25.52600000 25.76300000 25.47500000 25.43700000 25.33800000 25.25600000 25.18400000 24.73500000 24.35000000 24.84600000 25.65700000 25.65500000 25.65100000 25.25600000 25.15600000
24.79300000 25.39700000 25.53800000 25.60100000 25.17700000 24.50300000 24.46700000 24.22700000 24.10100000 24.29700000 24.66100000 24.89000000 24.95300000 24.90900000 24.92100000 25.66200000 25.74400000 25.45200000 25.31500000 25.27500000 25.02600000 24.88100000 25.38400000 25.86800000 25.99100000 25.80800000 25.61100000 25.43900000 25.34800000 25.52100000
24.66400000 24.80500000 25.39800000 25.50600000 25.62300000 25.22300000 24.82900000 24.49600000 24.69500000 24.98600000 25.03900000 25.27800000 25.45600000 25.48000000 25.55400000 25.77200000 25.82200000 25.42200000 25.07100000 24.97700000 25.54300000 25.93800000 25.86600000 25.78300000 25.82400000 26.00700000 25.81400000 25.50200000 25.43200000 25.35100000
24.11400000 24.29000000 25.17600000 25.50400000 25.53300000 25.61700000 25.71200000 25.56700000 25.57500000 25.71400000 25.70500000 25.72200000 25.90000000 25.98800000 26.01500000 25.88400000 25.79300000 25.68600000 25.33200000 25.73000000 25.85100000 25.65900000 25.58900000 25.52300000 25.66600000 25.91800000 25.96900000 26.11500000 25.43700000 25.19300000
24.03800000 24.28100000 24.91300000 25.21400000 25.57900000 25.60900000 25.57000000 25.55900000 25.57200000 25.62600000 25.78700000 25.91100000 25.88200000 25.95400000 26.02700000 25.88300000 25.89100000 25.91000000 25.75300000 25.74500000 25.63500000 25.46700000 25.18400000 25.05000000 25.35900000 25.77200000 26.16700000 26.11400000 26.14800000 25.66500000
23.73700000 23.43200000 25.18600000 24.58500000 25.18700000 25.69100000 25.83000000 25.74900000 25.74400000 25.80800000 25.98700000 25.94900000 25.93500000 25.99000000 26.03500000 25.86900000 25.98600000 26.00800000 25.84300000 25.71800000 25.64900000 25.48500000 25.31000000 25.39100000 25.62600000 26.05800000 26.50800000 26.46300000 26.00300000 26.18700000
21.14300000 21.84400000 24.63400000 24.52300000 24.36900000 24.71200000 25.26700000 25.99100000 25.84200000 25.81300000 25.94300000 25.96700000 25.94200000 25.93900000 25.90500000 25.90800000 25.93000000 26.07600000 26.14300000 26.16800000 25.98700000 25.83200000 25.82800000 26.03700000 26.42400000 26.92200000 26.83000000 26.55800000 26.01700000 26.24500000
20.16100000 20.45500000 23.39800000 24.12500000 24.20900000 24.33500000 24.47100000 24.92300000 26.25900000 26.28800000 26.04100000 25.95700000 25.82500000 25.76700000 25.79800000 25.87900000 25.85400000 25.93600000 26.03900000 26.94700000 27.07600000 27.05500000 27.05700000 27.00900000 26.77600000 26.60000000 26.73400000 26.29000000 26.06900000 26.24700000
22.11500000 27.83300000 21.67100000 21.83600000 22.30600000 23.41400000 24.21000000 24.55000000 24.73400000 25.84200000 26.45500000 26.71900000 26.76600000 26.83000000 26.13200000 25.81100000 26.05800000 26.92600000 26.39700000 26.33200000 26.47400000 26.43100000 26.37600000 26.44800000 26.54100000 26.63200000 26.48900000 26.05600000 26.39900000 26.32200000
27.83300000 27.83300000 27.83300000 27.83300000 21.32600000 20.99000000 22.22000000 22.99300000 23.75000000 24.39800000 24.87700000 26.26200000 26.18100000 26.39300000 26.62400000 26.50800000 26.25500000 25.91200000 26.05400000 26.88400000 26.22700000 26.38500000 26.53600000 26.30400000 26.25700000 26.42600000 26.61000000 26.38100000 26.54300000 26.42000000
27.83300000 27.83300000 27.83300000 27.83300000 27.83300000 21.15600000 19.88800000 20.88900000 21.31400000 23.00600000 24.41100000 24.88900000 25.73900000 25.00500000 24.63600000 25.12800000 25.13200000 24.87100000 26.49900000 26.90400000 26.24600000 26.26200000 26.18900000 26.40300000 26.60200000 26.76900000 26.62600000 26.28400000 26.53900000 26.42900000
27.83300000 27.83300000 27.83300000 27.83300000 27.83300000 27.83300000 27.83300000 23.42200000 21.54700000 21.48400000 22.90000000 23.74700000 24.18900000 23.82500000 23.12900000 23.82300000 24.55200000 24.65100000 26.32800000 26.89300000 26.65100000 26.07200000 26.23300000 26.33000000 26.36100000 26.76400000 27.00100000 26.80300000 26.29100000 26.43300000
27.83300000 27.83300000 27.83300000 27.83300000 27.83300000 27.83300000 27.83300000 27.83300000 27.83300000 27.83300000 27.83300000 27.83300000 27.83300000 27.83300000 27.83300000 20.12100000 24.20100000 24.51500000 25.74800000 26.46800000 26.99700000 26.94800000 26.52400000 26.25500000 26.35900000 26.88700000 27.03200000 27.11100000 26.88900000 26.40600000
27.83300000 27.83300000 27.83300000 27.83300000 27.83300000 27.83300000 27.83300000 27.83300000 27.83300000 27.83300000 27.83300000 27.83300000 27.83300000 27.83300000 27.83300000 27.83300000 22.93600000 23.55100000 25.26300000 25.74900000 26.49700000 27.01600000 26.92400000 27.03500000 26.46700000 26.96700000 27.06600000 27.03400000 27.12300000 27.22500000
27.83300000 27.83300000 27.83300000 27.83300000 27.83300000 27.83300000 27.83300000 27.83300000 27.83300000 27.83300000 27.83300000 27.83300000 27.83300000 27.83300000 27.83300000 27.83300000 27.83300000 21.22100000 24.38400000 25.59200000 25.53500000 26.80900000 26.92300000 27.03200000 26.64600000 27.00500000 27.17500000 27.02700000 27.02500000 27.22800000
27.83300000 27.83300000 27.83300000 27.83300000 27.83300000 27.83300000 27.83300000 27.83300000 27.83300000 27.83300000 27.83300000 27.83300000 27.83300000 27.83300000 27.83300000 27.83300000 27.83300000 27.83300000 27.83300000 25.65400000 25.83800000 25.25800000 26.94600000 26.99600000 26.76600000 27.08900000 27.25300000 27.21900000 27.08800000 27.07300000
27.83300000 27.83300000 27.83300000 27.83300000 27.83300000 27.83300000 27.83300000 27.83300000 27.83300000 27.83300000 27.83300000 27.83300000 27.83300000 27.83300000 27.83300000 27.83300000 27.83300000 27.83300000 27.83300000 27.83300000 24.96200000 26.39700000 26.93000000 26.99600000 26.81500000 27.14400000 27.21400000 27.21000000 27.22100000 27.16100000
27.83300000 27.83300000 27.83300000 27.83300000 27.83300000 27.83300000 27.83300000 27.83300000 27.83300000 27.83300000 27.83300000 27.83300000 27.83300000 27.83300000 27.83300000 27.83300000 27.83300000 27.83300000 27.83300000 27.83300000 21.24200000 26.69700000 26.90700000 26.84400000 26.98900000 27.28000000 27.37000000 27.22400000 27.20600000 27.25200000
27.83300000 27.83300000 27.83300000 27.83300000 27.83300000 27.83300000 27.83300000 27.83300000 27.83300000 27.83300000 27.83300000 27.83300000 27.83300000 27.83300000 27.83300000 27.83300000 27.83300000 27.83300000 27.83300000 27.83300000 18.82700000 26.73200000 26.97100000 26.87100000 27.16100000 27.35000000 27.12300000 27.28100000 27.27100000 27.23800000
27.83300000 27.83300000 27.83300000 27.83300000 27.83300000 27.83300000 27.83300000 27.83300000 27.83300000 27.83300000 27.83300000 27.83300000 27.83300000 27.83300000 27.83300000 27.83300000 27.83300000 27.83300000 27.83300000 27.83300000 19.46800000 26.59300000 27.17900000 27.06000000 27.33600000 27.13300000 27.09800000 27.30400000 27.30400000 27.36100000
27.83300000 27.83300000 27.83300000 27.83300000 27.83300000 27.83300000 27.83300000 27.83300000 27.83300000 27.83300000 27.83300000 27.83300000 27.83300000 27.83300000 27.83300000 27.83300000 27.83300000 27.83300000 27.83300000 27.83300000 27.83300000 25.00500000 27.08100000 27.26000000 27.17800000 27.09400000 27.28800000 27.25400000 27.37200000 27.40200000
27.83300000 27.83300000 27.83300000 27.83300000 27.83300000 27.83300000 27.83300000 27.83300000 27.83300000 27.83300000 27.83300000 27.83300000 27.83300000 27.83300000 27.83300000 27.83300000 27.83300000 27.83300000 27.83300000 27.83300000 27.83300000 22.55500000 26.47100000 27.09800000 27.11700000 27.07200000 27.21600000 27.10700000 27.14300000 27.36500000
27.83300000 27.83300000 27.83300000 27.83300000 27.83300000 27.83300000 27.83300000 27.83300000 27.83300000 27.83300000 27.83300000 27.83300000 27.83300000 27.83300000 27.83300000 27.83300000 27.83300000 27.83300000 27.83300000 27.83300000 27.83300000 27.83300000 26.41600000 26.87300000 27.01600000 27.03300000 26.96500000 26.92300000 26.93300000 27.07500000
27.83300000 27.83300000 27.83300000 27.83300000 27.83300000 27.83300000 27.83300000 27.83300000 27.83300000 27.83300000 27.83300000 27.83300000 27.83300000 27.83300000 27.83300000 27.83300000 27.83300000 27.83300000 27.83300000 27.83300000 27.83300000 27.83300000 22.94900000 26.81700000 26.67000000 26.79300000 26.77800000 26.87100000 26.88000000 27.14800000
27.83300000 27.83300000 27.83300000 27.83300000 27.83300000 27.83300000 27.83300000 27.83300000 27.83300000 27.83300000 27.83300000 27.83300000 27.83300000 27.83300000 27.83300000 27.83300000 27.83300000 27.83300000 27.83300000 27.83300000 27.83300000 27.83300000 27.83300000 26.73400000 26.94200000 26.82900000 26.89700000 27.10600000 27.14900000 27.35500000
