36.99200000 36.95500000 36.94700000 36.95000000 37.02800000 37.19000000 37.25800000 37.26300000 37.22700000 37.20400000 37.13500000 37.01900000 36.89100000 36.68700000 36.61500000 36.85800000 36.99800000 37.00400000 37.01800000 37.06100000 37.01300000 37.00000000 36.87600000 36.64500000 36.54200000 36.27200000 36.49300000 36.43100000 36.38400000 36.45300000
36.98700000 36.98800000 36.92500000 36.88200000 37.18500000 37.21800000 37.21100000 37.19100000 37.16400000 37.10900000 37.00600000 36.88500000 36.54200000 36.72000000 36.80000000 36.96400000 37.07800000 37.00400000 37.08500000 37.04100000 36.99800000 36.91100000 36.76700000 36.65100000 36.41100000 36.71500000 36.82000000 36.88800000 37.06500000 37.07100000
37.02600000 36.90600000 36.89300000 36.90900000 37.13900000 37.16900000 37.13900000 37.08200000 37.01200000 36.94300000 36.81000000 36.44300000 36.64400000 36.88300000 36.85600000 37.06700000 37.03800000 37.00900000 37.04800000 37.00000000 36.92600000 36.84300000 36.62200000 37.05900000 37.13700000 37.03800000 37.06600000 36.93900000 36.91000000 36.86400000
36.51900000 36.99400000 36.86200000 36.92400000 36.79100000 37.06000000 36.97600000 36.68000000 36.53300000 36.71000000 36.84300000 36.91800000 36.89500000 36.88300000 36.91400000 37.13400000 36.97100000 36.97200000 36.95200000 36.84100000 36.72900000 37.16500000 37.24900000 37.25600000 37.21600000 37.01700000 37.04500000 37.02900000 36.98700000 36.91600000
36.35100000 36.23100000 36.99000000 36.89000000 36.90100000 36.90500000 36.63000000 36.55600000 36.68300000 36.95100000 36.91700000 36.90000000 36.92100000 36.94300000 36.98600000 37.13900000 36.91300000 36.88900000 36.80600000 37.07300000 37.24200000 37.22900000 37.21200000 37.19200000 37.21600000 37.26500000 37.23500000 36.88000000 36.74800000 36.66400000
36.17400000 35.71400000 36.98100000 37.05600000 37.01700000 36.83200000 36.86500000 36.92500000 36.92200000 36.88300000 36.84500000 36.84900000 36.88900000 36.97200000 37.04100000 37.07800000 36.97200000 36.84400000 37.13400000 37.21100000 37.20700000 37.12400000 37.05400000 37.06200000 37.15200000 37.21700000 37.27900000 37.25700000 36.71500000 36.57600000
35.83100000 35.45200000 36.74000000 36.87300000 37.12000000 37.15700000 36.93300000 36.90000000 36.89200000 36.88300000 37.02100000 36.99700000 36.99400000 37.01700000 37.03400000 37.04400000 37.11300000 37.03900000 37.16800000 37.19000000 37.13600000 37.02700000 36.94700000 37.01000000 37.15100000 37.21900000 37.33100000 37.32700000 37.27100000 36.65300000
35.45600000 35.91300000 36.71400000 36.69500000 36.82500000 37.15200000 37.25900000 36.92500000 36.93400000 36.98000000 37.00600000 36.97500000 37.01700000 37.04800000 37.05100000 37.07700000 37.21800000 37.16400000 37.13100000 37.17300000 37.16600000 37.10600000 37.12000000 37.15700000 37.21300000 37.37000000 37.47200000 37.41500000 37.27300000 37.23200000
35.39600000 35.81200000 36.39000000 36.54800000 36.75300000 36.55500000 36.89200000 37.32900000 37.34500000 37.07400000 36.90300000 36.92800000 36.94600000 37.03200000 37.02300000 37.13300000 37.22500000 37.23100000 37.24200000 37.25100000 37.25500000 37.21400000 37.20700000 37.44100000 37.44000000 37.44100000 37.46400000 37.43100000 37.28300000 37.26600000
35.23900000 35.33300000 35.36400000 36.40800000 36.24200000 36.64800000 36.25300000 36.83000000 37.30900000 37.36400000 37.39600000 37.16300000 36.95100000 36.96200000 36.94900000 37.02400000 37.13400000 37.12200000 37.01100000 37.38700000 37.30000000 37.35300000 37.35000000 37.35500000 37.39300000 37.40100000 37.45800000 37.33100000 37.26500000 37.25500000
34.72000000 34.88300000 35.14600000 35.14700000 36.02700000 36.25100000 36.15000000 36.05500000 36.70700000 37.24200000 37.35800000 37.42400000 37.28000000 36.96100000 37.00300000 37.00800000 37.01000000 37.37800000 37.35300000 37.36600000 37.34200000 37.30700000 37.39300000 37.35400000 37.40500000 37.40600000 37.32200000 37.27100000 37.30200000 37.21600000
37.59700000 37.59700000 37.59700000 35.07100000 35.57300000 35.74600000 35.90000000 35.89800000 35.73600000 36.63300000 37.16900000 37.08000000 37.21400000 37.21200000 37.25400000 37.26200000 37.25500000 37.31200000 37.29700000 37.37200000 37.24600000 37.35300000 37.29000000 37.27800000 37.33200000 37.31500000 37.31200000 37.27900000 37.26400000 37.19000000
37.59700000 37.59700000 37.59700000 37.59700000 35.21000000 35.26300000 35.54700000 35.54800000 35.62300000 35.91100000 36.56100000 37.12400000 36.78400000 36.66800000 36.74600000 36.75100000 36.54900000 36.97100000 37.24800000 37.36600000 37.21000000 37.28000000 37.24400000 37.22100000 37.30000000 37.37700000 37.34900000 37.36500000 37.36400000 37.20300000
37.59700000 37.59700000 37.59700000 37.59700000 37.59700000 37.59700000 35.30000000 35.38200000 35.45000000 35.51600000 35.72300000 36.28700000 36.45700000 36.44000000 36.17900000 36.38400000 36.52000000 36.92300000 37.14100000 37.36200000 37.36700000 37.19400000 37.21400000 37.19300000 37.28100000 37.37300000 37.46200000 37.34300000 37.37300000 37.21700000
37.59700000 37.59700000 37.59700000 37.59700000 37.59700000 37.59700000 37.59700000 37.59700000 37.59700000 37.59700000 37.59700000 37.59700000 35.68700000 35.92400000 36.15400000 36.11700000 36.23800000 36.51500000 37.07200000 37.34400000 37.37000000 37.37600000 37.33300000 37.30300000 37.31100000 37.37600000 37.41000000 37.49100000 37.32600000 37.35800000
37.59700000 37.59700000 37.59700000 37.59700000 37.59700000 37.59700000 37.59700000 37.59700000 37.59700000 37.59700000 37.59700000 37.59700000 37.59700000 37.59700000 37.59700000 36.01200000 36.10300000 36.31900000 36.94000000 36.93700000 37.32700000 37.42400000 37.40400000 37.40600000 37.36400000 37.35800000 37.41100000 37.49800000 37.51700000 37.48400000
37.59700000 37.59700000 37.59700000 37.59700000 37.59700000 37.59700000 37.59700000 37.59700000 37.59700000 37.59700000 37.59700000 37.59700000 37.59700000 37.59700000 37.59700000 37.59700000 35.96800000 36.29400000 36.71500000 37.00900000 37.07600000 37.34200000 37.41500000 37.41100000 37.34400000 37.33900000 37.38400000 37.35600000 37.49800000 37.55900000
37.59700000 37.59700000 37.59700000 37.59700000 37.59700000 37.59700000 37.59700000 37.59700000 37.59700000 37.59700000 37.59700000 37.59700000 37.59700000 37.59700000 37.59700000 37.59700000 37.59700000 37.59700000 36.03300000 36.72600000 37.00600000 37.27700000 37.43100000 37.41600000 37.30200000 37.34000000 37.37900000 37.37000000 37.36300000 37.45300000
37.59700000 37.59700000 37.59700000 37.59700000 37.59700000 37.59700000 37.59700000 37.59700000 37.59700000 37.59700000 37.59700000 37.59700000 37.59700000 37.59700000 37.59700000 37.59700000 37.59700000 37.59700000 37.59700000 36.69500000 36.77300000 37.34800000 37.43200000 37.39100000 37.33100000 37.38800000 37.34600000 37.38200000 37.32400000 37.36800000
37.59700000 37.59700000 37.59700000 37.59700000 37.59700000 37.59700000 37.59700000 37.59700000 37.59700000 37.59700000 37.59700000 37.59700000 37.59700000 37.59700000 37.59700000 37.59700000 37.59700000 37.59700000 37.59700000 36.86500000 36.81100000 37.33700000 37.42400000 37.31700000 37.39000000 37.40100000 37.42900000 37.35200000 37.35200000 37.35200000
37.59700000 37.59700000 37.59700000 37.59700000 37.59700000 37.59700000 37.59700000 37.59700000 37.59700000 37.59700000 37.59700000 37.59700000 37.59700000 37.59700000 37.59700000 37.59700000 37.59700000 37.59700000 37.59700000 36.73600000 36.85000000 37.35400000 37.37100000 37.31600000 37.40600000 37.39200000 37.41200000 37.43200000 37.36100000 37.34400000
37.59700000 37.59700000 37.59700000 37.59700000 37.59700000 37.59700000 37.59700000 37.59700000 37.59700000 37.59700000 37.59700000 37.59700000 37.59700000 37.59700000 37.59700000 37.59700000 37.59700000 37.59700000 37.59700000 36.35200000 36.73100000 37.29800000 37.33700000 37.39100000 37.37000000 37.37400000 37.35700000 37.38700000 37.39700000 37.38100000
37.59700000 37.59700000 37.59700000 37.59700000 37.59700000 37.59700000 37.59700000 37.59700000 37.59700000 37.59700000 37.59700000 37.59700000 37.59700000 37.59700000 37.59700000 37.59700000 37.59700000 37.59700000 37.59700000 37.59700000 36.68700000 36.85000000 37.35800000 37.37600000 37.37100000 37.34600000 37.31900000 37.30100000 37.32500000 37.33300000
37.59700000 37.59700000 37.59700000 37.59700000 37.59700000 37.59700000 37.59700000 37.59700000 37.59700000 37.59700000 37.59700000 37.59700000 37.59700000 37.59700000 37.59700000 37.59700000 37.59700000 37.59700000 37.59700000 37.59700000 37.59700000 36.74600000 37.28400000 37.33600000 37.34300000 37.33300000 37.31800000 37.29700000 37.28300000 37.30700000
37.59700000 37.59700000 37.59700000 37.59700000 37.59700000 37.59700000 37.59700000 37.59700000 37.59700000 37.59700000 37.59700000 37.59700000 37.59700000 37.59700000 37.59700000 37.59700000 37.59700000 37.59700000 37.59700000 37.59700000 37.59700000 36.55300000 37.14300000 37.28200000 37.32500000 37.30700000 37.28900000 37.26600000 37.24200000 37.26500000
37.59700000 37.59700000 37.59700000 37.59700000 37.59700000 37.59700000 37.59700000 37.59700000 37.59700000 37.59700000 37.59700000 37.59700000 37.59700000 37.59700000 37.59700000 37.59700000 37.59700000 37.59700000 37.59700000 37.59700000 37.59700000 37.59700000 36.88300000 37.10900000 37.19600000 37.17400000 37.20200000 37.22700000 37.29000000 37.31200000
37.59700000 37.59700000 37.59700000 37.59700000 37.59700000 37.59700000 37.59700000 37.59700000 37.59700000 37.59700000 37.59700000 37.59700000 37.59700000 37.59700000 37.59700000 37.59700000 37.59700000 37.59700000 37.59700000 37.59700000 37.59700000 37.59700000 37.59700000 36.80900000 37.17600000 37.22000000 37.22400000 37.25000000 37.29100000 37.30200000
36.98600000 36.95400000 36.94500000 36.94900000 37.02600000 37.18900000 37.25700000 37.26300000 37.22600000 37.20400000 37.13700000 37.01800000 36.89200000 36.68800000 36.61300000 36.85600000 36.99700000 37.00300000 37.01700000 37.06100000 37.01200000 37.00100000 36.87800000 36.64300000 36.54100000 36.27200000 36.49200000 36.43000000 36.38400000 36.45300000
36.98500000 36.98700000 36.92400000 36.88100000 37.18300000 37.21700000 37.21000000 37.19000000 37.16400000 37.10900000 37.00600000 36.88500000 36.54300000 36.71800000 36.79900000 36.96300000 37.07700000 37.00400000 37.08400000 37.04100000 36.99800000 36.91100000 36.76600000 36.65100000 36.41000000 36.71400000 36.81900000 36.88700000 37.06500000 37.07000000
37.02600000 36.90500000 36.89100000 36.90900000 37.13800000 37.16800000 37.13800000 37.08100000 37.01100000 36.94300000 36.81000000 36.44200000 36.64200000 36.88200000 36.85500000 37.06500000 37.03700000 37.00800000 37.04700000 36.99900000 36.92500000 36.84200000 36.62200000 37.05700000 37.13600000 37.03700000 37.06400000 36.93800000 36.90900000 36.86400000
36.53700000 36.99300000 36.86100000 36.92400000 36.79000000 37.05900000 36.97500000 36.68000000 36.53200000 36.70900000 36.84200000 36.91700000 36.89400000 36.88200000 36.91300000 37.13300000 36.97000000 36.97100000 36.95200000 36.84000000 36.72900000 37.16400000 37.24800000 37.25500000 37.21600000 37.01600000 37.04400000 37.02800000 36.98600000 36.91600000
36.35300000 36.40400000 36.99000000 36.88900000 36.90100000 36.90500000 36.63000000 36.55500000 36.68200000 36.95000000 36.91600000 36.89900000 36.92000000 36.94200000 36.98500000 37.13800000 36.91200000 36.88800000 36.80600000 37.07100000 37.24200000 37.22800000 37.21100000 37.19100000 37.21500000 37.26400000 37.23400000 36.87900000 36.74700000 36.66300000
36.17200000 36.24800000 36.98100000 37.05500000 37.01600000 36.83100000 36.86500000 36.92500000 36.92200000 36.88300000 36.84400000 36.84900000 36.88800000 36.97200000 37.04100000 37.07800000 36.97300000 36.84300000 37.13300000 37.21000000 37.20600000 37.12300000 37.05300000 37.06100000 37.15100000 37.21600000 37.27800000 37.25600000 36.71500000 36.57500000
35.85600000 35.47400000 36.74100000 36.87400000 37.12000000 37.15700000 36.93300000 36.89900000 36.89100000 36.88300000 37.02000000 36.99600000 36.99300000 37.01600000 37.03300000 37.04400000 37.11300000 37.03900000 37.16800000 37.18900000 37.13500000 37.02600000 36.94600000 37.00900000 37.15000000 37.21800000 37.33000000 37.32600000 37.27000000 36.66100000
35.58700000 35.90500000 36.71400000 36.69600000 36.82500000 37.15100000 37.25900000 36.92500000 36.93300000 36.97900000 37.00500000 36.97500000 37.01600000 37.04700000 37.05000000 37.07600000 37.21700000 37.16400000 37.13100000 37.17300000 37.16600000 37.10600000 37.11900000 37.15600000 37.21200000 37.36800000 37.47200000 37.41500000 37.27200000 37.23300000
35.88100000 35.99400000 36.39000000 36.54800000 36.75300000 36.55600000 36.89200000 37.32800000 37.34400000 37.07400000 36.90200000 36.92700000 36.94500000 37.03100000 37.02300000 37.13200000 37.22300000 37.23000000 37.24000000 37.25000000 37.25400000 37.21400000 37.20500000 37.44000000 37.43900000 37.44000000 37.46300000 37.43000000 37.28200000 37.26600000
35.69800000 35.73300000 36.45300000 36.41400000 36.25400000 36.64800000 36.26700000 36.83000000 37.30700000 37.36200000 37.39400000 37.16100000 36.95000000 36.96100000 36.94800000 37.02200000 37.13200000 37.12100000 37.01000000 37.38600000 37.29800000 37.35200000 37.34900000 37.35400000 37.39200000 37.40000000 37.45700000 37.33000000 37.26500000 37.25400000
35.48300000 37.59700000 35.89200000 36.01200000 36.12300000 36.33500000 36.24200000 36.09400000 36.70700000 37.24100000 37.35700000 37.42200000 37.27900000 36.95900000 37.00100000 37.00700000 37.01000000 37.37800000 37.35200000 37.36500000 37.34100000 37.30600000 37.39200000 37.35300000 37.40300000 37.40500000 37.32100000 37.27000000 37.30100000 37.21500000
37.59700000 37.59700000 37.59700000 37.59700000 35.88100000 36.05700000 36.49100000 36.48500000 36.03800000 36.63300000 37.16800000 37.07900000 37.21300000 37.21100000 37.25300000 37.26100000 37.25300000 37.31100000 37.29600000 37.37100000 37.24500000 37.35200000 37.28900000 37.27700000 37.33100000 37.31400000 37.31100000 37.27800000 37.26300000 37.19000000
37.59700000 37.59700000 37.59700000 37.59700000 37.59700000 35.65900000 35.87100000 36.07600000 36.21100000 36.08500000 36.56200000 37.12300000 36.78400000 36.67100000 36.74700000 36.75100000 36.55200000 36.96800000 37.24700000 37.36500000 37.20900000 37.27900000 37.24400000 37.22000000 37.29900000 37.37600000 37.34800000 37.36400000 37.36300000 37.20300000
37.59700000 37.59700000 37.59700000 37.59700000 37.59700000 37.59700000 37.59700000 35.70500000 35.72900000 35.80900000 35.97500000 36.29100000 36.53400000 36.44800000 36.18300000 36.38200000 36.55700000 36.91300000 37.14000000 37.36100000 37.36500000 37.19300000 37.21300000 37.19200000 37.27900000 37.37200000 37.46100000 37.34300000 37.37200000 37.21600000
37.59700000 37.59700000 37.59700000 37.59700000 37.59700000 37.59700000 37.59700000 37.59700000 37.59700000 37.59700000 37.59700000 37.59700000 37.59700000 37.59700000 37.59700000 36.25800000 36.32000000 36.51900000 37.07100000 37.34300000 37.36900000 37.37500000 37.33200000 37.30200000 37.31000000 37.37400000 37.41000000 37.49000000 37.32500000 37.35700000
37.59700000 37.59700000 37.59700000 37.59700000 37.59700000 37.59700000 37.59700000 37.59700000 37.59700000 37.59700000 37.59700000 37.59700000 37.59700000 37.59700000 37.59700000 37.59700000 36.20400000 36.52600000 36.93700000 36.92100000 37.32500000 37.42300000 37.40300000 37.40500000 37.36400000 37.35700000 37.41000000 37.49700000 37.51600000 37.48400000
37.59700000 37.59700000 37.59700000 37.59700000 37.59700000 37.59700000 37.59700000 37.59700000 37.59700000 37.59700000 37.59700000 37.59700000 37.59700000 37.59700000 37.59700000 37.59700000 37.59700000 36.36700000 36.71300000 37.00600000 37.07400000 37.34000000 37.41400000 37.41100000 37.34400000 37.33800000 37.38300000 37.35500000 37.49700000 37.55800000
37.59700000 37.59700000 37.59700000 37.59700000 37.59700000 37.59700000 37.59700000 37.59700000 37.59700000 37.59700000 37.59700000 37.59700000 37.59700000 37.59700000 37.59700000 37.59700000 37.59700000 37.59700000 37.59700000 36.71800000 37.00400000 37.27400000 37.43000000 37.41600000 37.30200000 37.33900000 37.37800000 37.37000000 37.36300000 37.45200000
37.59700000 37.59700000 37.59700000 37.59700000 37.59700000 37.59700000 37.59700000 37.59700000 37.59700000 37.59700000 37.59700000 37.59700000 37.59700000 37.59700000 37.59700000 37.59700000 37.59700000 37.59700000 37.59700000 37.59700000 36.79200000 37.34800000 37.43200000 37.39100000 37.33000000 37.38700000 37.34500000 37.38100000 37.32300000 37.36700000
37.59700000 37.59700000 37.59700000 37.59700000 37.59700000 37.59700000 37.59700000 37.59700000 37.59700000 37.59700000 37.59700000 37.59700000 37.59700000 37.59700000 37.59700000 37.59700000 37.59700000 37.59700000 37.59700000 37.59700000 36.68000000 37.33700000 37.42400000 37.31700000 37.38900000 37.40000000 37.42800000 37.35100000 37.35100000 37.35100000
37.59700000 37.59700000 37.59700000 37.59700000 37.59700000 37.59700000 37.59700000 37.59700000 37.59700000 37.59700000 37.59700000 37.59700000 37.59700000 37.59700000 37.59700000 37.59700000 37.59700000 37.59700000 37.59700000 37.59700000 36.61000000 37.35400000 37.37000000 37.31400000 37.40500000 37.39100000 37.41100000 37.43100000 37.36000000 37.34300000
37.59700000 37.59700000 37.59700000 37.59700000 37.59700000 37.59700000 37.59700000 37.59700000 37.59700000 37.59700000 37.59700000 37.59700000 37.59700000 37.59700000 37.59700000 37.59700000 37.59700000 37.59700000 37.59700000 37.59700000 36.69900000 37.29800000 37.33700000 37.39000000 37.36800000 37.37300000 37.35600000 37.38600000 37.39600000 37.38000000
37.59700000 37.59700000 37.59700000 37.59700000 37.59700000 37.59700000 37.59700000 37.59700000 37.59700000 37.59700000 37.59700000 37.59700000 37.59700000 37.59700000 37.59700000 37.59700000 37.59700000 37.59700000 37.59700000 37.59700000 37.59700000 36.74000000 37.35700000 37.37500000 37.37000000 37.34500000 37.31900000 37.30000000 37.32400000 37.33100000
37.59700000 37.59700000 37.59700000 37.59700000 37.59700000 37.59700000 37.59700000 37.59700000 37.59700000 37.59700000 37.59700000 37.59700000 37.59700000 37.59700000 37.59700000 37.59700000 37.59700000 37.59700000 37.59700000 37.59700000 37.59700000 36.72900000 37.28300000 37.33400000 37.34200000 37.33200000 37.31700000 37.29600000 37.28200000 37.30500000
37.59700000 37.59700000 37.59700000 37.59700000 37.59700000 37.59700000 37.59700000 37.59700000 37.59700000 37.59700000 37.59700000 37.59700000 37.59700000 37.59700000 37.59700000 37.59700000 37.59700000 37.59700000 37.59700000 37.59700000 37.59700000 37.59700000 37.14300000 37.28100000 37.32400000 37.30700000 37.28900000 37.26500000 37.24100000 37.26400000
37.59700000 37.59700000 37.59700000 37.59700000 37.59700000 37.59700000 37.59700000 37.59700000 37.59700000 37.59700000 37.59700000 37.59700000 37.59700000 37.59700000 37.59700000 37.59700000 37.59700000 37.59700000 37.59700000 37.59700000 37.59700000 37.59700000 36.88100000 37.10800000 37.19500000 37.17300000 37.20200000 37.22600000 37.28800000 37.31100000
37.59700000 37.59700000 37.59700000 37.59700000 37.59700000 37.59700000 37.59700000 37.59700000 37.59700000 37.59700000 37.59700000 37.59700000 37.59700000 37.59700000 37.59700000 37.59700000 37.59700000 37.59700000 37.59700000 37.59700000 37.59700000 37.59700000 37.59700000 36.80200000 37.17500000 37.21900000 37.22300000 37.24800000 37.29000000 37.30000000
