36.99200000 36.95500000 36.94600000 36.95200000 37.03100000 37.19000000 37.25800000 37.26300000 37.22600000 37.20400000 37.13500000 37.01900000 36.89100000 36.68700000 36.62100000 36.85800000 36.99800000 37.00300000 37.01900000 37.06000000 37.01200000 36.99900000 36.87500000 36.64200000 36.54200000 36.27400000 36.49500000 36.43200000 36.38700000 36.45200000
36.98700000 36.98200000 36.92600000 36.87800000 37.18600000 37.21700000 37.20900000 37.19100000 37.16400000 37.10800000 37.00500000 36.88400000 36.53500000 36.72300000 36.80100000 36.96600000 37.07700000 37.00500000 37.08500000 37.04100000 36.99800000 36.91000000 36.76600000 36.65000000 36.41400000 36.72500000 36.82500000 36.89500000 37.06700000 37.07400000
37.02600000 36.90400000 36.89400000 36.90200000 37.14000000 37.16700000 37.13800000 37.07900000 37.00900000 36.94200000 36.80500000 36.44300000 36.65100000 36.88400000 36.85700000 37.07100000 37.03500000 37.01200000 37.04800000 36.99900000 36.92400000 36.84100000 36.62200000 37.07100000 37.13600000 37.03800000 37.06500000 36.93900000 36.91100000 36.86400000
36.52500000 36.99300000 36.86100000 36.92400000 36.79700000 37.05900000 36.97300000 36.67500000 36.53600000 36.71100000 36.84500000 36.91800000 36.89400000 36.88300000 36.91600000 37.13600000 36.96800000 36.97400000 36.95200000 36.84000000 36.72800000 37.17000000 37.25000000 37.25600000 37.21600000 37.01600000 37.04500000 37.02900000 36.98700000 36.91500000
36.34400000 36.25100000 36.98900000 36.89500000 36.90000000 36.90000000 36.63000000 36.55600000 36.68300000 36.95200000 36.91700000 36.90000000 36.92100000 36.94300000 36.98700000 37.14100000 36.90800000 36.89100000 36.80600000 37.07900000 37.24400000 37.23000000 37.21000000 37.19200000 37.21500000 37.26500000 37.23500000 36.87800000 36.74800000 36.66200000
36.16500000 35.71900000 36.97900000 37.05500000 37.02200000 36.83600000 36.86200000 36.92400000 36.92000000 36.88200000 36.84400000 36.84900000 36.88800000 36.97000000 37.04100000 37.08200000 36.96700000 36.84500000 37.13600000 37.21200000 37.20800000 37.12400000 37.05300000 37.06100000 37.15200000 37.21700000 37.27900000 37.25700000 36.71200000 36.57700000
35.80400000 35.46400000 36.74000000 36.86900000 37.11600000 37.16300000 36.93400000 36.90100000 36.89300000 36.88500000 37.02200000 36.99700000 36.99400000 37.01700000 37.03400000 37.04200000 37.10800000 37.04100000 37.17000000 37.19000000 37.13500000 37.02700000 36.94800000 37.01300000 37.15200000 37.22000000 37.33200000 37.32700000 37.27000000 36.65400000
35.46500000 35.93500000 36.71600000 36.68800000 36.81100000 37.15300000 37.26500000 36.92900000 36.93300000 36.98000000 37.00500000 36.97600000 37.01800000 37.04800000 37.05000000 37.07500000 37.21700000 37.16200000 37.13100000 37.17400000 37.16700000 37.10700000 37.12100000 37.15700000 37.21300000 37.37500000 37.47300000 37.41700000 37.27200000 37.23100000
35.39700000 35.80600000 36.38800000 36.54500000 36.74900000 36.54500000 36.88000000 37.32700000 37.35700000 37.09000000 36.90600000 36.92800000 36.94600000 37.03200000 37.02500000 37.13500000 37.22500000 37.23100000 37.24000000 37.25000000 37.25500000 37.21000000 37.21400000 37.44500000 37.43800000 37.44000000 37.46400000 37.43200000 37.28300000 37.26600000
35.23400000 35.32500000 35.32600000 36.39800000 36.23900000 36.64100000 36.25000000 36.82200000 37.30600000 37.36400000 37.39500000 37.16500000 36.95200000 36.96200000 36.94900000 37.02600000 37.13500000 37.12400000 37.01200000 37.38500000 37.29700000 37.35100000 37.34900000 37.35500000 37.39500000 37.40200000 37.45800000 37.33100000 37.26600000 37.25400000
34.72300000 34.87100000 35.16000000 35.16400000 36.01500000 36.25600000 36.14400000 36.04300000 36.70000000 37.23900000 37.35500000 37.42300000 37.27900000 36.96100000 37.00300000 37.00900000 37.01100000 37.37800000 37.35400000 37.36600000 37.34200000 37.30700000 37.39400000 37.35200000 37.40400000 37.40500000 37.32200000 37.27100000 37.30000000 37.21500000
37.59700000 37.59700000 37.59700000 35.07300000 35.58400000 35.74300000 35.89000000 35.89300000 35.73600000 36.63700000 37.16600000 37.07600000 37.21000000 37.20900000 37.25400000 37.26300000 37.25500000 37.30800000 37.29700000 37.37300000 37.24500000 37.35400000 37.28800000 37.27800000 37.33200000 37.31500000 37.31200000 37.28000000 37.26200000 37.19000000
37.59700000 37.59700000 37.59700000 37.59700000 35.20700000 35.25900000 35.54500000 35.54600000 35.61600000 35.92700000 36.56000000 37.12000000 36.76200000 36.66800000 36.73500000 36.74200000 36.53700000 36.99500000 37.24800000 37.36500000 37.21000000 37.28100000 37.24400000 37.22100000 37.30200000 37.37700000 37.35000000 37.36400000 37.36300000 37.20400000
37.59700000 37.59700000 37.59700000 37.59700000 37.59700000 37.59700000 35.30100000 35.38600000 35.45000000 35.51700000 35.71600000 36.28000000 36.44300000 36.42700000 36.17800000 36.39700000 36.48800000 36.96100000 37.13700000 37.36200000 37.36500000 37.19400000 37.21400000 37.19300000 37.28100000 37.37300000 37.46100000 37.34300000 37.37400000 37.21800000
37.59700000 37.59700000 37.59700000 37.59700000 37.59700000 37.59700000 37.59700000 37.59700000 37.59700000 37.59700000 37.59700000 37.59700000 35.68600000 35.93000000 36.15700000 36.11200000 36.22200000 36.53800000 37.06300000 37.34800000 37.37100000 37.37600000 37.33400000 37.30500000 37.31200000 37.37600000 37.41100000 37.49200000 37.32600000 37.35900000
37.59700000 37.59700000 37.59700000 37.59700000 37.59700000 37.59700000 37.59700000 37.59700000 37.59700000 37.59700000 37.59700000 37.59700000 37.59700000 37.59700000 37.59700000 36.01000000 36.09700000 36.32400000 36.95300000 36.93400000 37.32700000 37.42400000 37.40400000 37.40600000 37.36500000 37.35800000 37.41200000 37.49800000 37.51800000 37.48900000
37.59700000 37.59700000 37.59700000 37.59700000 37.59700000 37.59700000 37.59700000 37.59700000 37.59700000 37.59700000 37.59700000 37.59700000 37.59700000 37.59700000 37.59700000 37.59700000 35.96500000 36.30000000 36.72000000 37.00600000 37.08000000 37.34200000 37.41400000 37.41100000 37.34200000 37.34000000 37.38500000 37.35600000 37.50100000 37.56000000
37.59700000 37.59700000 37.59700000 37.59700000 37.59700000 37.59700000 37.59700000 37.59700000 37.59700000 37.59700000 37.59700000 37.59700000 37.59700000 37.59700000 37.59700000 37.59700000 37.59700000 37.59700000 36.03200000 36.71300000 37.00400000 37.28700000 37.43000000 37.41500000 37.30200000 37.34000000 37.38000000 37.37000000 37.36200000 37.45400000
37.59700000 37.59700000 37.59700000 37.59700000 37.59700000 37.59700000 37.59700000 37.59700000 37.59700000 37.59700000 37.59700000 37.59700000 37.59700000 37.59700000 37.59700000 37.59700000 37.59700000 37.59700000 37.59700000 36.71300000 36.77800000 37.34800000 37.43200000 37.38900000 37.33100000 37.38800000 37.34600000 37.38200000 37.32400000 37.36900000
37.59700000 37.59700000 37.59700000 37.59700000 37.59700000 37.59700000 37.59700000 37.59700000 37.59700000 37.59700000 37.59700000 37.59700000 37.59700000 37.59700000 37.59700000 37.59700000 37.59700000 37.59700000 37.59700000 36.86200000 36.81100000 37.33700000 37.42400000 37.31700000 37.39000000 37.40200000 37.42900000 37.35200000 37.35200000 37.35300000
37.59700000 37.59700000 37.59700000 37.59700000 37.59700000 37.59700000 37.59700000 37.59700000 37.59700000 37.59700000 37.59700000 37.59700000 37.59700000 37.59700000 37.59700000 37.59700000 37.59700000 37.59700000 37.59700000 36.72300000 36.84600000 37.35500000 37.37000000 37.31600000 37.40500000 37.39300000 37.41200000 37.43200000 37.36200000 37.34400000
37.59700000 37.59700000 37.59700000 37.59700000 37.59700000 37.59700000 37.59700000 37.59700000 37.59700000 37.59700000 37.59700000 37.59700000 37.59700000 37.59700000 37.59700000 37.59700000 37.59700000 37.59700000 37.59700000 36.35100000 36.72800000 37.29600000 37.33800000 37.39100000 37.37000000 37.37500000 37.35700000 37.38700000 37.39300000 37.38100000
37.59700000 37.59700000 37.59700000 37.59700000 37.59700000 37.59700000 37.59700000 37.59700000 37.59700000 37.59700000 37.59700000 37.59700000 37.59700000 37.59700000 37.59700000 37.59700000 37.59700000 37.59700000 37.59700000 37.59700000 36.68400000 36.84400000 37.35900000 37.37700000 37.37200000 37.34600000 37.32000000 37.30100000 37.32400000 37.33300000
37.59700000 37.59700000 37.59700000 37.59700000 37.59700000 37.59700000 37.59700000 37.59700000 37.59700000 37.59700000 37.59700000 37.59700000 37.59700000 37.59700000 37.59700000 37.59700000 37.59700000 37.59700000 37.59700000 37.59700000 37.59700000 36.74600000 37.28400000 37.33500000 37.34300000 37.33300000 37.31800000 37.29700000 37.28400000 37.30700000
37.59700000 37.59700000 37.59700000 37.59700000 37.59700000 37.59700000 37.59700000 37.59700000 37.59700000 37.59700000 37.59700000 37.59700000 37.59700000 37.59700000 37.59700000 37.59700000 37.59700000 37.59700000 37.59700000 37.59700000 37.59700000 36.55300000 37.14600000 37.28200000 37.32600000 37.30700000 37.28800000 37.26500000 37.24200000 37.26500000
37.59700000 37.59700000 37.59700000 37.59700000 37.59700000 37.59700000 37.59700000 37.59700000 37.59700000 37.59700000 37.59700000 37.59700000 37.59700000 37.59700000 37.59700000 37.59700000 37.59700000 37.59700000 37.59700000 37.59700000 37.59700000 37.59700000 36.88100000 37.10900000 37.19500000 37.17300000 37.20300000 37.22900000 37.29000000 37.31300000
37.59700000 37.59700000 37.59700000 37.59700000 37.59700000 37.59700000 37.59700000 37.59700000 37.59700000 37.59700000 37.59700000 37.59700000 37.59700000 37.59700000 37.59700000 37.59700000 37.59700000 37.59700000 37.59700000 37.59700000 37.59700000 37.59700000 37.59700000 36.78500000 37.17600000 37.22000000 37.22400000 37.25000000 37.29200000 37.30300000
36.98600000 36.95400000 36.94500000 36.95100000 37.03000000 37.19000000 37.25700000 37.26200000 37.22500000 37.20400000 37.13600000 37.01800000 36.89200000 36.68800000 36.61800000 36.85700000 36.99700000 37.00200000 37.01800000 37.06100000 37.01200000 37.00100000 36.87700000 36.64000000 36.54100000 36.27400000 36.49400000 36.43100000 36.38700000 36.45200000
36.98500000 36.98200000 36.92500000 36.87700000 37.18500000 37.21600000 37.20800000 37.19000000 37.16300000 37.10800000 37.00500000 36.88400000 36.53600000 36.72100000 36.80000000 36.96500000 37.07600000 37.00500000 37.08400000 37.04000000 36.99800000 36.90900000 36.76500000 36.65000000 36.41300000 36.72400000 36.82500000 36.89400000 37.06700000 37.07300000
37.02500000 36.90300000 36.89300000 36.90100000 37.13800000 37.16600000 37.13700000 37.07800000 37.00900000 36.94100000 36.80500000 36.44200000 36.64900000 36.88300000 36.85600000 37.07000000 37.03500000 37.01000000 37.04700000 36.99800000 36.92400000 36.84100000 36.62200000 37.07000000 37.13600000 37.03700000 37.06400000 36.93800000 36.91000000 36.86300000
36.54200000 36.99200000 36.86000000 36.92400000 36.79600000 37.05800000 36.97300000 36.67500000 36.53500000 36.71000000 36.84300000 36.91700000 36.89400000 36.88200000 36.91500000 37.13400000 36.96700000 36.97300000 36.95100000 36.83900000 36.72700000 37.16800000 37.24900000 37.25400000 37.21600000 37.01500000 37.04400000 37.02800000 36.98600000 36.91400000
36.34600000 36.39100000 36.98900000 36.89400000 36.90000000 36.90000000 36.63000000 36.55500000 36.68200000 36.95000000 36.91600000 36.90000000 36.92100000 36.94200000 36.98600000 37.14000000 36.90800000 36.89100000 36.80600000 37.07800000 37.24300000 37.22900000 37.20900000 37.19100000 37.21400000 37.26400000 37.23500000 36.87700000 36.74700000 36.66100000
36.16200000 36.28800000 36.97900000 37.05400000 37.02000000 36.83500000 36.86100000 36.92300000 36.91900000 36.88100000 36.84400000 36.84900000 36.88700000 36.97000000 37.04100000 37.08100000 36.96700000 36.84400000 37.13400000 37.21100000 37.20700000 37.12200000 37.05100000 37.06000000 37.15100000 37.21600000 37.27800000 37.25600000 36.71200000 36.57600000
35.85200000 35.49600000 36.74100000 36.86900000 37.11500000 37.16300000 36.93300000 36.90000000 36.89200000 36.88400000 37.02100000 36.99600000 36.99300000 37.01600000 37.03300000 37.04300000 37.10800000 37.04000000 37.16900000 37.19000000 37.13500000 37.02600000 36.94700000 37.01100000 37.15100000 37.21900000 37.33100000 37.32700000 37.26900000 36.66100000
35.57300000 35.93000000 36.71600000 36.68800000 36.81200000 37.15200000 37.26500000 36.92800000 36.93200000 36.97900000 37.00400000 36.97500000 37.01700000 37.04700000 37.04900000 37.07400000 37.21600000 37.16200000 37.13100000 37.17400000 37.16600000 37.10600000 37.12000000 37.15600000 37.21300000 37.37400000 37.47300000 37.41700000 37.27200000 37.23200000
35.88000000 35.89300000 36.38800000 36.54500000 36.74900000 36.54700000 36.88000000 37.32600000 37.35600000 37.08900000 36.90500000 36.92600000 36.94500000 37.03100000 37.02400000 37.13400000 37.22300000 37.23000000 37.23900000 37.24800000 37.25400000 37.21000000 37.21300000 37.44300000 37.43700000 37.43900000 37.46300000 37.43100000 37.28100000 37.26600000
35.71600000 35.73800000 36.44500000 36.40500000 36.24800000 36.64200000 36.26300000 36.82200000 37.30500000 37.36300000 37.39400000 37.16400000 36.95100000 36.96100000 36.94800000 37.02400000 37.13400000 37.12300000 37.01000000 37.38500000 37.29600000 37.35000000 37.34800000 37.35400000 37.39400000 37.40100000 37.45700000 37.33000000 37.26500000 37.25300000
35.48700000 37.59700000 35.89500000 36.00200000 36.10200000 36.34200000 36.25600000 36.07600000 36.70000000 37.23800000 37.35400000 37.42200000 37.27700000 36.95900000 37.00200000 37.00800000 37.01100000 37.37700000 37.35200000 37.36500000 37.34100000 37.30600000 37.39300000 37.35100000 37.40200000 37.40400000 37.32100000 37.27000000 37.29900000 37.21400000
37.59700000 37.59700000 37.59700000 37.59700000 35.87500000 36.05400000 36.49700000 36.49800000 36.01900000 36.63600000 37.16400000 37.07400000 37.20900000 37.20700000 37.25300000 37.26200000 37.25300000 37.30700000 37.29600000 37.37200000 37.24400000 37.35200000 37.28700000 37.27700000 37.33100000 37.31400000 37.31100000 37.27800000 37.26100000 37.18900000
37.59700000 37.59700000 37.59700000 37.59700000 37.59700000 35.65500000 35.87100000 36.07700000 36.19600000 36.11000000 36.56200000 37.11800000 36.76200000 36.66900000 36.73600000 36.74200000 36.54400000 36.99200000 37.24600000 37.36400000 37.20900000 37.28000000 37.24400000 37.22000000 37.30100000 37.37700000 37.34900000 37.36300000 37.36200000 37.20300000
37.59700000 37.59700000 37.59700000 37.59700000 37.59700000 37.59700000 37.59700000 35.70600000 35.73100000 35.81300000 35.98200000 36.28500000 36.52400000 36.43400000 36.18300000 36.39500000 36.53200000 36.95100000 37.13600000 37.36100000 37.36400000 37.19400000 37.21300000 37.19200000 37.28000000 37.37300000 37.46100000 37.34200000 37.37300000 37.21700000
37.59700000 37.59700000 37.59700000 37.59700000 37.59700000 37.59700000 37.59700000 37.59700000 37.59700000 37.59700000 37.59700000 37.59700000 37.59700000 37.59700000 37.59700000 36.25900000 36.30100000 36.54100000 37.06200000 37.34500000 37.37100000 37.37500000 37.33300000 37.30400000 37.31100000 37.37500000 37.41000000 37.49100000 37.32500000 37.35800000
37.59700000 37.59700000 37.59700000 37.59700000 37.59700000 37.59700000 37.59700000 37.59700000 37.59700000 37.59700000 37.59700000 37.59700000 37.59700000 37.59700000 37.59700000 37.59700000 36.20200000 36.50500000 36.95000000 36.92500000 37.32600000 37.42300000 37.40300000 37.40500000 37.36400000 37.35700000 37.41100000 37.49700000 37.51700000 37.48900000
37.59700000 37.59700000 37.59700000 37.59700000 37.59700000 37.59700000 37.59700000 37.59700000 37.59700000 37.59700000 37.59700000 37.59700000 37.59700000 37.59700000 37.59700000 37.59700000 37.59700000 36.36000000 36.71900000 37.00200000 37.07800000 37.34000000 37.41400000 37.41000000 37.34200000 37.33900000 37.38300000 37.35500000 37.49900000 37.55900000
37.59700000 37.59700000 37.59700000 37.59700000 37.59700000 37.59700000 37.59700000 37.59700000 37.59700000 37.59700000 37.59700000 37.59700000 37.59700000 37.59700000 37.59700000 37.59700000 37.59700000 37.59700000 37.59700000 36.70600000 37.00200000 37.28300000 37.43000000 37.41500000 37.30200000 37.33900000 37.37900000 37.37000000 37.36100000 37.45300000
37.59700000 37.59700000 37.59700000 37.59700000 37.59700000 37.59700000 37.59700000 37.59700000 37.59700000 37.59700000 37.59700000 37.59700000 37.59700000 37.59700000 37.59700000 37.59700000 37.59700000 37.59700000 37.59700000 37.59700000 36.79200000 37.34800000 37.43200000 37.39000000 37.33100000 37.38700000 37.34600000 37.38100000 37.32300000 37.36800000
37.59700000 37.59700000 37.59700000 37.59700000 37.59700000 37.59700000 37.59700000 37.59700000 37.59700000 37.59700000 37.59700000 37.59700000 37.59700000 37.59700000 37.59700000 37.59700000 37.59700000 37.59700000 37.59700000 37.59700000 36.67000000 37.33700000 37.42300000 37.31700000 37.38900000 37.40100000 37.42900000 37.35100000 37.35100000 37.35200000
37.59700000 37.59700000 37.59700000 37.59700000 37.59700000 37.59700000 37.59700000 37.59700000 37.59700000 37.59700000 37.59700000 37.59700000 37.59700000 37.59700000 37.59700000 37.59700000 37.59700000 37.59700000 37.59700000 37.59700000 36.61300000 37.35400000 37.36900000 37.31400000 37.40400000 37.39200000 37.41100000 37.43100000 37.36100000 37.34300000
37.59700000 37.59700000 37.59700000 37.59700000 37.59700000 37.59700000 37.59700000 37.59700000 37.59700000 37.59700000 37.59700000 37.59700000 37.59700000 37.59700000 37.59700000 37.59700000 37.59700000 37.59700000 37.59700000 37.59700000 36.70000000 37.29400000 37.33700000 37.39000000 37.36900000 37.37300000 37.35500000 37.38500000 37.39200000 37.38000000
37.59700000 37.59700000 37.59700000 37.59700000 37.59700000 37.59700000 37.59700000 37.59700000 37.59700000 37.59700000 37.59700000 37.59700000 37.59700000 37.59700000 37.59700000 37.59700000 37.59700000 37.59700000 37.59700000 37.59700000 37.59700000 36.73400000 37.35700000 37.37600000 37.37000000 37.34500000 37.31900000 37.30000000 37.32300000 37.33100000
37.59700000 37.59700000 37.59700000 37.59700000 37.59700000 37.59700000 37.59700000 37.59700000 37.59700000 37.59700000 37.59700000 37.59700000 37.59700000 37.59700000 37.59700000 37.59700000 37.59700000 37.59700000 37.59700000 37.59700000 37.59700000 36.72900000 37.28300000 37.33400000 37.34200000 37.33200000 37.31700000 37.29600000 37.28300000 37.30500000
37.59700000 37.59700000 37.59700000 37.59700000 37.59700000 37.59700000 37.59700000 37.59700000 37.59700000 37.59700000 37.59700000 37.59700000 37.59700000 37.59700000 37.59700000 37.59700000 37.59700000 37.59700000 37.59700000 37.59700000 37.59700000 37.59700000 37.14500000 37.28100000 37.32500000 37.30700000 37.28700000 37.26400000 37.24100000 37.26400000
37.59700000 37.59700000 37.59700000 37.59700000 37.59700000 37.59700000 37.59700000 37.59700000 37.59700000 37.59700000 37.59700000 37.59700000 37.59700000 37.59700000 37.59700000 37.59700000 37.59700000 37.59700000 37.59700000 37.59700000 37.59700000 37.59700000 36.87800000 37.10900000 37.19300000 37.17200000 37.20200000 37.22800000 37.28600000 37.31200000
37.59700000 37.59700000 37.59700000 37.59700000 37.59700000 37.59700000 37.59700000 37.59700000 37.59700000 37.59700000 37.59700000 37.59700000 37.59700000 37.59700000 37.59700000 37.59700000 37.59700000 37.59700000 37.59700000 37.59700000 37.59700000 37.59700000 37.59700000 36.77700000 37.17600000 37.21900000 37.22300000 37.24900000 37.28900000 37.30200000
