25.36300000 25.25900000 25.43700000 25.07400000 24.93500000 25.32700000 25.39500000 25.38800000 25.30300000 25.24300000 25.26600000 25.25800000 25.06700000 24.26900000 24.23300000 25.14800000 25.47600000 25.35500000 25.25000000 25.17100000 25.21400000 25.09300000 25.03000000 24.56200000 24.14400000 23.70300000 24.01900000 24.22500000 24.30100000 24.58200000
25.19600000 25.14900000 25.27900000 24.40200000 25.21300000 25.25900000 25.22200000 25.18300000 25.18900000 25.16900000 25.16400000 24.93000000 23.87600000 24.32900000 24.49500000 25.27900000 25.29300000 25.14900000 25.16200000 25.10300000 25.07200000 24.94300000 24.58700000 24.23500000 23.59600000 24.44500000 24.69300000 24.83900000 25.14400000 25.03800000
25.20100000 25.15300000 25.27900000 24.51600000 25.10900000 25.17500000 25.14500000 25.07400000 25.01200000 24.89500000 24.43900000 23.76400000 24.16300000 24.65800000 24.77700000 25.44200000 25.19500000 25.13400000 25.11600000 25.01200000 24.94000000 24.73800000 24.12400000 25.29500000 25.49600000 25.25600000 25.24400000 24.87300000 24.80500000 24.91600000
24.53900000 24.94400000 25.17200000 25.33000000 24.30700000 24.95000000 24.77700000 24.14500000 23.95600000 24.16800000 24.43400000 24.66500000 24.76100000 24.85700000 25.18300000 25.52900000 25.07700000 25.05000000 24.89900000 24.65000000 24.47300000 25.51500000 25.62800000 25.61100000 25.60800000 25.20200000 25.18800000 25.13800000 25.09700000 25.19300000
24.19900000 24.05000000 25.06600000 25.21800000 25.30200000 24.53700000 24.04400000 23.93800000 24.09700000 24.72000000 24.80500000 24.94700000 25.18600000 25.37700000 25.53700000 25.55700000 24.96300000 24.89300000 24.67200000 25.33100000 25.55900000 25.49300000 25.45400000 25.40700000 25.56100000 25.75700000 25.64100000 25.02700000 24.88500000 25.08300000
23.85600000 23.68600000 24.76200000 25.13000000 25.38400000 25.25700000 25.28800000 25.37500000 25.38000000 25.35600000 25.30700000 25.31600000 25.38500000 25.53300000 25.68100000 25.53700000 25.07700000 24.77700000 25.42700000 25.44800000 25.42500000 25.14700000 24.99900000 25.02600000 25.22500000 25.64100000 25.93500000 25.69100000 24.89300000 25.04200000
23.43800000 23.59600000 24.27200000 24.57700000 25.26600000 25.68600000 25.43300000 25.39900000 25.42600000 25.39500000 25.58900000 25.51200000 25.47700000 25.56200000 25.64200000 25.51800000 25.36600000 25.14900000 25.49500000 25.37000000 25.23400000 24.91300000 24.71100000 24.93000000 25.24000000 25.73200000 26.24600000 26.05300000 25.78200000 25.13700000
23.43900000 23.67700000 24.35000000 24.21400000 24.59600000 25.40800000 25.95000000 25.49100000 25.52900000 25.63500000 25.68000000 25.57500000 25.59400000 25.63000000 25.66300000 25.53000000 25.57900000 25.46600000 25.38900000 25.36500000 25.30600000 25.18100000 25.19000000 25.31100000 25.78300000 26.42800000 26.61600000 26.34100000 25.70200000 25.83000000
23.19000000 23.32900000 23.80200000 24.03800000 24.20900000 24.24200000 24.64800000 25.90300000 26.16600000 25.74100000 25.44100000 25.49000000 25.55000000 25.63200000 25.61900000 25.54500000 25.62700000 25.63500000 25.68900000 25.72200000 25.75300000 25.78300000 26.02600000 26.48500000 26.44700000 26.40600000 26.47300000 26.36100000 25.76000000 25.93800000
23.08500000 22.32600000 23.09900000 23.71000000 23.44200000 24.00400000 23.86000000 24.40200000 25.86000000 26.19400000 26.32800000 25.88800000 25.44300000 25.54500000 25.58200000 25.53200000 25.58500000 25.63500000 25.59800000 26.30100000 25.99200000 26.08300000 26.06400000 26.06400000 26.15700000 26.17000000 26.42100000 26.06300000 25.77900000 25.95300000
23.98000000 23.29900000 22.91900000 23.08000000 23.18800000 23.38600000 23.47000000 23.65100000 24.19000000 25.62700000 26.10700000 26.41700000 26.16200000 25.46700000 25.50700000 25.49400000 25.50300000 26.29300000 26.37600000 26.49500000 26.33000000 25.95300000 26.20800000 26.21600000 26.36700000 26.34200000 25.99700000 25.80000000 26.05200000 26.07400000
27.83300000 27.83300000 27.83300000 23.67800000 23.15200000 22.87700000 23.16200000 23.11700000 23.21200000 24.06400000 25.30600000 25.06400000 25.59600000 25.73500000 25.89800000 25.93200000 25.90700000 26.07700000 26.20400000 26.53200000 25.82000000 26.15900000 26.02100000 26.33200000 26.40800000 26.11400000 26.04900000 25.98000000 26.04600000 26.09600000
27.83300000 27.83300000 27.83300000 27.83300000 23.49200000 23.34900000 23.10500000 22.88000000 23.04500000 23.28400000 23.88500000 25.06700000 24.34100000 24.20600000 24.25500000 24.28800000 24.39700000 25.21700000 26.01000000 26.55000000 25.78300000 26.02200000 26.02700000 26.12300000 26.26500000 26.58900000 26.28300000 26.25600000 26.22600000 26.16500000
27.83300000 27.83300000 27.83300000 27.83300000 27.83300000 27.83300000 24.19700000 23.80400000 23.23300000 23.02100000 23.10200000 23.35900000 23.66100000 23.66200000 22.94800000 23.52500000 23.88700000 25.06200000 25.63600000 26.59100000 26.53300000 25.87400000 26.02500000 26.00600000 26.10700000 26.64000000 26.74600000 26.24000000 26.25800000 26.09600000
27.83300000 27.83300000 27.83300000 27.83300000 27.83300000 27.83300000 27.83300000 27.83300000 27.83300000 27.83300000 27.83300000 27.83300000 23.16000000 23.04900000 22.75400000 23.38300000 23.79000000 24.62300000 25.25100000 26.56500000 26.55700000 26.59400000 26.43500000 26.32100000 26.19800000 26.73300000 26.73000000 26.79500000 26.19300000 26.17500000
27.83300000 27.83300000 27.83300000 27.83300000 27.83300000 27.83300000 27.83300000 27.83300000 27.83300000 27.83300000 27.83300000 27.83300000 27.83300000 27.83300000 27.83300000 23.40500000 23.76700000 24.69500000 25.14500000 25.15300000 26.57000000 26.59900000 26.63900000 26.69800000 26.48500000 26.84700000 26.76100000 26.80100000 26.84300000 26.72600000
27.83300000 27.83300000 27.83300000 27.83300000 27.83300000 27.83300000 27.83300000 27.83300000 27.83300000 27.83300000 27.83300000 27.83300000 27.83300000 27.83300000 27.83300000 27.83300000 23.69000000 24.07600000 24.88600000 24.83100000 25.12200000 26.62800000 26.66700000 26.66500000 26.66000000 26.94300000 26.88600000 26.80300000 26.88300000 27.00300000
27.83300000 27.83300000 27.83300000 27.83300000 27.83300000 27.83300000 27.83300000 27.83300000 27.83300000 27.83300000 27.83300000 27.83300000 27.83300000 27.83300000 27.83300000 27.83300000 27.83300000 27.83300000 23.58500000 24.78700000 25.17500000 26.52000000 26.61200000 26.63700000 26.78700000 26.92500000 26.99700000 26.91800000 26.83100000 26.96200000
27.83300000 27.83300000 27.83300000 27.83300000 27.83300000 27.83300000 27.83300000 27.83300000 27.83300000 27.83300000 27.83300000 27.83300000 27.83300000 27.83300000 27.83300000 27.83300000 27.83300000 27.83300000 27.83300000 25.21800000 24.25800000 26.70600000 26.58300000 26.53800000 26.90200000 26.95700000 26.88500000 26.96000000 26.86600000 26.99900000
27.83300000 27.83300000 27.83300000 27.83300000 27.83300000 27.83300000 27.83300000 27.83300000 27.83300000 27.83300000 27.83300000 27.83300000 27.83300000 27.83300000 27.83300000 27.83300000 27.83300000 27.83300000 27.83300000 25.45200000 25.00900000 26.73100000 26.56100000 26.70300000 27.01500000 26.94500000 27.03600000 26.89600000 26.95000000 27.09600000
27.83300000 27.83300000 27.83300000 27.83300000 27.83300000 27.83300000 27.83300000 27.83300000 27.83300000 27.83300000 27.83300000 27.83300000 27.83300000 27.83300000 27.83300000 27.83300000 27.83300000 27.83300000 27.83300000 25.35500000 25.38000000 26.81500000 26.64000000 26.83700000 27.04200000 26.80900000 27.01600000 27.07300000 27.00400000 27.07100000
27.83300000 27.83300000 27.83300000 27.83300000 27.83300000 27.83300000 27.83300000 27.83300000 27.83300000 27.83300000 27.83300000 27.83300000 27.83300000 27.83300000 27.83300000 27.83300000 27.83300000 27.83300000 27.83300000 24.66000000 24.57800000 26.66300000 26.84000000 27.00400000 26.89400000 26.89500000 26.97000000 27.02200000 27.01800000 27.19500000
27.83300000 27.83300000 27.83300000 27.83300000 27.83300000 27.83300000 27.83300000 27.83300000 27.83300000 27.83300000 27.83300000 27.83300000 27.83300000 27.83300000 27.83300000 27.83300000 27.83300000 27.83300000 27.83300000 27.83300000 25.17300000 25.41300000 26.84200000 26.93900000 26.83000000 26.91600000 26.86000000 26.80400000 26.96500000 27.08900000
27.83300000 27.83300000 27.83300000 27.83300000 27.83300000 27.83300000 27.83300000 27.83300000 27.83300000 27.83300000 27.83300000 27.83300000 27.83300000 27.83300000 27.83300000 27.83300000 27.83300000 27.83300000 27.83300000 27.83300000 27.83300000 25.08700000 26.66300000 26.78200000 26.80000000 26.86300000 26.78700000 26.60100000 26.63600000 27.15200000
27.83300000 27.83300000 27.83300000 27.83300000 27.83300000 27.83300000 27.83300000 27.83300000 27.83300000 27.83300000 27.83300000 27.83300000 27.83300000 27.83300000 27.83300000 27.83300000 27.83300000 27.83300000 27.83300000 27.83300000 27.83300000 24.85100000 26.27100000 26.66800000 26.75800000 26.68000000 26.63900000 26.57000000 26.49000000 26.90100000
27.83300000 27.83300000 27.83300000 27.83300000 27.83300000 27.83300000 27.83300000 27.83300000 27.83300000 27.83300000 27.83300000 27.83300000 27.83300000 27.83300000 27.83300000 27.83300000 27.83300000 27.83300000 27.83300000 27.83300000 27.83300000 27.83300000 25.90700000 26.28600000 26.41500000 26.37900000 26.53700000 26.53500000 26.97600000 27.21800000
27.83300000 27.83300000 27.83300000 27.83300000 27.83300000 27.83300000 27.83300000 27.83300000 27.83300000 27.83300000 27.83300000 27.83300000 27.83300000 27.83300000 27.83300000 27.83300000 27.83300000 27.83300000 27.83300000 27.83300000 27.83300000 27.83300000 27.83300000 25.96400000 26.46500000 26.67600000 26.57000000 26.73700000 27.16200000 27.24500000
25.39600000 25.29800000 25.46500000 25.09300000 24.95000000 25.35700000 25.41900000 25.40900000 25.32500000 25.26900000 25.29000000 25.27900000 25.09500000 24.31200000 24.24300000 25.16000000 25.49000000 25.37600000 25.29100000 25.19000000 25.23300000 25.11200000 25.04900000 24.57300000 24.15900000 23.71500000 24.03400000 24.23800000 24.32800000 24.59900000
25.21100000 25.16100000 25.30100000 24.42100000 25.23400000 25.28000000 25.24300000 25.20200000 25.20600000 25.18800000 25.18200000 24.95200000 23.89400000 24.34800000 24.51300000 25.30100000 25.31700000 25.17000000 25.18100000 25.12400000 25.09100000 24.96300000 24.60200000 24.25200000 23.61400000 24.46200000 24.71200000 24.85900000 25.16500000 25.06000000
25.20700000 25.17600000 25.30300000 24.52900000 25.13100000 25.19600000 25.16700000 25.09400000 25.03200000 24.92000000 24.46400000 23.78100000 24.18400000 24.67800000 24.78700000 25.47200000 25.21900000 25.16100000 25.13800000 25.03400000 24.96000000 24.75800000 24.14000000 25.31300000 25.51600000 25.27800000 25.26800000 24.89500000 24.82400000 24.93300000
24.56200000 24.96200000 25.18800000 25.34200000 24.32400000 24.97000000 24.79700000 24.16100000 23.97200000 24.18700000 24.45400000 24.68400000 24.77900000 24.87700000 25.20100000 25.55700000 25.10000000 25.07200000 24.92000000 24.67000000 24.49200000 25.53900000 25.65300000 25.63400000 25.62900000 25.22600000 25.21000000 25.16300000 25.11700000 25.21300000
24.19300000 24.37000000 25.08300000 25.23400000 25.31700000 24.54700000 24.06100000 23.95200000 24.11200000 24.73600000 24.82300000 24.96500000 25.20400000 25.39600000 25.55700000 25.57900000 24.98400000 24.91000000 24.68800000 25.34900000 25.58100000 25.51700000 25.47800000 25.42900000 25.58200000 25.78100000 25.65700000 25.04600000 24.90700000 25.10300000
23.87700000 24.50700000 24.78500000 25.15400000 25.39400000 25.27400000 25.30700000 25.38800000 25.39400000 25.37600000 25.32800000 25.33600000 25.40500000 25.55400000 25.70000000 25.55200000 25.09500000 24.79300000 25.44400000 25.46800000 25.44700000 25.16900000 25.01800000 25.04600000 25.24400000 25.66100000 25.95900000 25.70800000 24.91300000 25.06100000
23.65500000 23.68700000 24.29600000 24.59900000 25.28600000 25.70500000 25.45200000 25.41700000 25.44500000 25.41600000 25.61100000 25.53400000 25.50000000 25.58300000 25.66300000 25.55000000 25.38200000 25.16600000 25.51600000 25.38800000 25.25600000 24.93200000 24.73000000 24.94900000 25.25900000 25.75000000 26.26800000 26.07700000 25.80500000 25.15800000
23.10500000 23.68700000 24.37800000 24.23900000 24.61900000 25.42400000 25.96500000 25.50900000 25.54800000 25.65600000 25.70200000 25.59500000 25.61500000 25.65100000 25.68400000 25.56000000 25.60100000 25.48700000 25.41200000 25.38500000 25.32800000 25.20300000 25.21000000 25.32800000 25.79800000 26.44600000 26.63900000 26.36300000 25.72300000 25.84200000
21.29100000 23.43200000 23.82400000 24.06400000 24.22900000 24.26500000 24.66600000 25.92300000 26.18600000 25.76000000 25.46000000 25.51200000 25.56500000 25.65500000 25.63800000 25.57300000 25.65300000 25.65600000 25.71200000 25.74500000 25.77600000 25.80300000 26.04700000 26.51000000 26.46900000 26.42800000 26.49300000 26.38400000 25.78400000 25.95400000
20.07700000 22.05600000 23.00400000 23.72200000 23.47200000 24.02600000 23.90200000 24.41800000 25.87800000 26.21200000 26.34900000 25.90100000 25.46500000 25.56600000 25.60800000 25.55900000 25.61100000 25.65000000 25.62300000 26.32800000 26.02200000 26.10700000 26.08700000 26.08700000 26.17900000 26.19200000 26.44200000 26.08400000 25.79700000 25.97100000
21.91900000 27.83300000 18.73700000 20.55900000 23.04900000 23.39100000 23.55000000 23.73600000 24.21200000 25.65000000 26.12600000 26.43800000 26.18600000 25.49100000 25.53100000 25.51900000 25.52700000 26.32100000 26.40300000 26.52100000 26.35600000 25.97500000 26.23000000 26.23500000 26.39000000 26.36500000 26.01900000 25.82100000 26.07500000 26.09200000
27.83300000 27.83300000 27.83300000 27.83300000 21.41800000 21.03700000 22.21200000 22.87400000 23.09800000 24.08800000 25.33100000 25.08600000 25.61500000 25.76000000 25.92400000 25.95700000 25.92000000 26.09300000 26.22500000 26.55800000 25.84100000 26.17800000 26.04100000 26.35300000 26.43000000 26.13500000 26.07300000 25.99900000 26.06700000 26.11300000
27.83300000 27.83300000 27.83300000 27.83300000 27.83300000 20.86200000 20.83900000 20.35200000 21.62300000 22.76000000 23.91300000 25.09000000 24.36500000 24.23500000 24.28000000 24.31100000 24.43200000 25.23900000 26.02800000 26.57300000 25.80200000 26.04100000 26.03600000 26.14300000 26.28400000 26.61000000 26.30900000 26.27800000 26.24600000 26.18300000
27.83300000 27.83300000 27.83300000 27.83300000 27.83300000 27.83300000 27.83300000 20.26400000 20.14900000 20.34200000 21.24400000 23.37400000 23.83900000 23.70100000 22.96300000 23.53300000 23.98400000 25.07900000 25.65400000 26.61400000 26.55600000 25.89400000 26.04500000 26.02800000 26.12700000 26.66200000 26.76700000 26.26200000 26.27800000 26.11000000
27.83300000 27.83300000 27.83300000 27.83300000 27.83300000 27.83300000 27.83300000 27.83300000 27.83300000 27.83300000 27.83300000 27.83300000 27.83300000 27.83300000 27.83300000 21.63300000 23.89800000 24.66700000 25.28000000 26.59000000 26.57700000 26.61200000 26.45600000 26.34200000 26.22100000 26.75700000 26.75000000 26.81500000 26.21700000 26.19700000
27.83300000 27.83300000 27.83300000 27.83300000 27.83300000 27.83300000 27.83300000 27.83300000 27.83300000 27.83300000 27.83300000 27.83300000 27.83300000 27.83300000 27.83300000 27.83300000 23.62300000 24.51000000 25.18000000 25.14400000 26.58400000 26.61800000 26.66000000 26.72200000 26.50300000 26.87000000 26.78000000 26.82000000 26.86300000 26.75000000
27.83300000 27.83300000 27.83300000 27.83300000 27.83300000 27.83300000 27.83300000 27.83300000 27.83300000 27.83300000 27.83300000 27.83300000 27.83300000 27.83300000 27.83300000 27.83300000 27.83300000 21.81400000 24.88400000 24.85100000 25.13700000 26.65400000 26.69000000 26.68900000 26.67900000 26.96600000 26.90900000 26.82400000 26.90500000 27.02600000
27.83300000 27.83300000 27.83300000 27.83300000 27.83300000 27.83300000 27.83300000 27.83300000 27.83300000 27.83300000 27.83300000 27.83300000 27.83300000 27.83300000 27.83300000 27.83300000 27.83300000 27.83300000 27.83300000 24.79600000 25.20400000 26.54700000 26.63400000 26.66000000 26.80700000 26.94900000 27.02000000 26.94000000 26.85400000 26.98900000
27.83300000 27.83300000 27.83300000 27.83300000 27.83300000 27.83300000 27.83300000 27.83300000 27.83300000 27.83300000 27.83300000 27.83300000 27.83300000 27.83300000 27.83300000 27.83300000 27.83300000 27.83300000 27.83300000 27.83300000 24.16900000 26.73800000 26.60400000 26.55700000 26.92500000 26.98000000 26.90600000 26.98100000 26.88800000 27.01900000
27.83300000 27.83300000 27.83300000 27.83300000 27.83300000 27.83300000 27.83300000 27.83300000 27.83300000 27.83300000 27.83300000 27.83300000 27.83300000 27.83300000 27.83300000 27.83300000 27.83300000 27.83300000 27.83300000 27.83300000 23.72400000 26.75700000 26.58300000 26.72100000 27.03800000 26.96800000 27.05900000 26.92100000 26.97100000 27.11400000
27.83300000 27.83300000 27.83300000 27.83300000 27.83300000 27.83300000 27.83300000 27.83300000 27.83300000 27.83300000 27.83300000 27.83300000 27.83300000 27.83300000 27.83300000 27.83300000 27.83300000 27.83300000 27.83300000 27.83300000 23.72600000 26.83300000 26.66200000 26.86100000 27.06700000 26.83500000 27.04200000 27.09700000 27.02300000 27.09200000
27.83300000 27.83300000 27.83300000 27.83300000 27.83300000 27.83300000 27.83300000 27.83300000 27.83300000 27.83300000 27.83300000 27.83300000 27.83300000 27.83300000 27.83300000 27.83300000 27.83300000 27.83300000 27.83300000 27.83300000 23.88400000 26.68600000 26.86400000 27.03200000 26.92000000 26.92400000 26.99400000 27.04200000 27.04000000 27.21600000
27.83300000 27.83300000 27.83300000 27.83300000 27.83300000 27.83300000 27.83300000 27.83300000 27.83300000 27.83300000 27.83300000 27.83300000 27.83300000 27.83300000 27.83300000 27.83300000 27.83300000 27.83300000 27.83300000 27.83300000 27.83300000 24.81900000 26.86400000 26.96400000 26.85800000 26.93900000 26.88100000 26.82200000 26.98500000 27.10900000
27.83300000 27.83300000 27.83300000 27.83300000 27.83300000 27.83300000 27.83300000 27.83300000 27.83300000 27.83300000 27.83300000 27.83300000 27.83300000 27.83300000 27.83300000 27.83300000 27.83300000 27.83300000 27.83300000 27.83300000 27.83300000 25.08600000 26.68600000 26.80700000 26.81900000 26.87800000 26.80500000 26.62200000 26.65400000 27.17400000
27.83300000 27.83300000 27.83300000 27.83300000 27.83300000 27.83300000 27.83300000 27.83300000 27.83300000 27.83300000 27.83300000 27.83300000 27.83300000 27.83300000 27.83300000 27.83300000 27.83300000 27.83300000 27.83300000 27.83300000 27.83300000 27.83300000 26.30100000 26.68500000 26.77800000 26.69800000 26.65800000 26.58900000 26.50400000 26.92100000
27.83300000 27.83300000 27.83300000 27.83300000 27.83300000 27.83300000 27.83300000 27.83300000 27.83300000 27.83300000 27.83300000 27.83300000 27.83300000 27.83300000 27.83300000 27.83300000 27.83300000 27.83300000 27.83300000 27.83300000 27.83300000 27.83300000 25.95000000 26.30600000 26.43000000 26.39500000 26.55600000 26.55500000 26.99800000 27.23700000
27.83300000 27.83300000 27.83300000 27.83300000 27.83300000 27.83300000 27.83300000 27.83300000 27.83300000 27.83300000 27.83300000 27.83300000 27.83300000 27.83300000 27.83300000 27.83300000 27.83300000 27.83300000 27.83300000 27.83300000 27.83300000 27.83300000 27.83300000 25.99700000 26.48300000 26.69300000 26.58800000 26.75400000 27.18000000 27.27000000
