36.99200000 36.95500000 36.94600000 36.95400000 37.03500000 37.19100000 37.25700000 37.26200000 37.22400000 37.20300000 37.13400000 37.01800000 36.89000000 36.68500000 36.62500000 36.85800000 36.99900000 37.00300000 37.02000000 37.06000000 37.01200000 36.99900000 36.87500000 36.63900000 36.54200000 36.27700000 36.49700000 36.43300000 36.39100000 36.45100000
36.98700000 36.97600000 36.92800000 36.87400000 37.18700000 37.21600000 37.20700000 37.19000000 37.16400000 37.10700000 37.00400000 36.88300000 36.52700000 36.72600000 36.80200000 36.96800000 37.07500000 37.00700000 37.08500000 37.04000000 36.99700000 36.90800000 36.76400000 36.65000000 36.42000000 36.73600000 36.83300000 36.90300000 37.07000000 37.07600000
37.02800000 36.90300000 36.89500000 36.89300000 37.14000000 37.16600000 37.13700000 37.07600000 37.00700000 36.94000000 36.79800000 36.44300000 36.65700000 36.88500000 36.85900000 37.07600000 37.03300000 37.01400000 37.04800000 36.99800000 36.92200000 36.84000000 36.62300000 37.08600000 37.13600000 37.03800000 37.06500000 36.93900000 36.91200000 36.86400000
36.53100000 36.99300000 36.86000000 36.92400000 36.80500000 37.05800000 36.97100000 36.67000000 36.54000000 36.71200000 36.84600000 36.91900000 36.89400000 36.88300000 36.91800000 37.13700000 36.96500000 36.97600000 36.95100000 36.83700000 36.72700000 37.17600000 37.25100000 37.25600000 37.21600000 37.01600000 37.04500000 37.02900000 36.98600000 36.91400000
36.33600000 36.27000000 36.98800000 36.90100000 36.89900000 36.89600000 36.63100000 36.55600000 36.68400000 36.95200000 36.91700000 36.90100000 36.92200000 36.94300000 36.98800000 37.14300000 36.90300000 36.89400000 36.80500000 37.08800000 37.24500000 37.23100000 37.20900000 37.19100000 37.21400000 37.26500000 37.23600000 36.87600000 36.74800000 36.65900000
36.15600000 35.72300000 36.97700000 37.05400000 37.02800000 36.84100000 36.85900000 36.92200000 36.91700000 36.87900000 36.84400000 36.84900000 36.88700000 36.96900000 37.04100000 37.08600000 36.96100000 36.84600000 37.13800000 37.21300000 37.20800000 37.12300000 37.05000000 37.06000000 37.15300000 37.21700000 37.27900000 37.25700000 36.70900000 36.57900000
35.77700000 35.47500000 36.74100000 36.86500000 37.11100000 37.17000000 36.93400000 36.90200000 36.89500000 36.88600000 37.02200000 36.99800000 36.99400000 37.01600000 37.03300000 37.04300000 37.10300000 37.04300000 37.17200000 37.19100000 37.13400000 37.02600000 36.94900000 37.01500000 37.15300000 37.22100000 37.33400000 37.32800000 37.26900000 36.65500000
35.47200000 35.95600000 36.71400000 36.67900000 36.79800000 37.15300000 37.27100000 36.93300000 36.93100000 36.98000000 37.00400000 36.97600000 37.01800000 37.04800000 37.04900000 37.07400000 37.21600000 37.16100000 37.13200000 37.17500000 37.16700000 37.10800000 37.12400000 37.15700000 37.21400000 37.38100000 37.47400000 37.41900000 37.27300000 37.23000000
35.39800000 35.79600000 36.38400000 36.54200000 36.74400000 36.53600000 36.86900000 37.32500000 37.36600000 37.10400000 36.90900000 36.92700000 36.94600000 37.03300000 37.02700000 37.13800000 37.22500000 37.23000000 37.23900000 37.24800000 37.25500000 37.20500000 37.22400000 37.44800000 37.43600000 37.43800000 37.46300000 37.43200000 37.28300000 37.26500000
35.23300000 35.31200000 35.29200000 36.38800000 36.23500000 36.63500000 36.24800000 36.81300000 37.30300000 37.36500000 37.39500000 37.16900000 36.95200000 36.96200000 36.95000000 37.02700000 37.13700000 37.12600000 37.01200000 37.38600000 37.29500000 37.34900000 37.34800000 37.35500000 37.39700000 37.40300000 37.45800000 37.33100000 37.26600000 37.25400000
34.72500000 34.85700000 35.17100000 35.17900000 36.00200000 36.25800000 36.14100000 36.03200000 36.69200000 37.23600000 37.35200000 37.42200000 37.27900000 36.96000000 37.00400000 37.00900000 37.01300000 37.37600000 37.35400000 37.36700000 37.34200000 37.30700000 37.39500000 37.34900000 37.40200000 37.40300000 37.32100000 37.27000000 37.29900000 37.21500000
37.59700000 37.59700000 37.59700000 35.07500000 35.59000000 35.73900000 35.87800000 35.88900000 35.73600000 36.63900000 37.16200000 37.07100000 37.20400000 37.20500000 37.25400000 37.26400000 37.25500000 37.30300000 37.29700000 37.37400000 37.24400000 37.35400000 37.28600000 37.27800000 37.33300000 37.31600000 37.31100000 37.28000000 37.25900000 37.18900000
37.59700000 37.59700000 37.59700000 37.59700000 35.20400000 35.25400000 35.53900000 35.54300000 35.61100000 35.93800000 36.56000000 37.11500000 36.74100000 36.66200000 36.71800000 36.73200000 36.52600000 37.01800000 37.24700000 37.36400000 37.20900000 37.28000000 37.24400000 37.22200000 37.30400000 37.37800000 37.35000000 37.36400000 37.36100000 37.20400000
37.59700000 37.59700000 37.59700000 37.59700000 37.59700000 37.59700000 35.30100000 35.39000000 35.45000000 35.51800000 35.70900000 36.27500000 36.42900000 36.41200000 36.17600000 36.41200000 36.45800000 36.99400000 37.13200000 37.36200000 37.36400000 37.19500000 37.21400000 37.19300000 37.28200000 37.37400000 37.46100000 37.34200000 37.37500000 37.21800000
37.59700000 37.59700000 37.59700000 37.59700000 37.59700000 37.59700000 37.59700000 37.59700000 37.59700000 37.59700000 37.59700000 37.59700000 35.68600000 35.93500000 36.15800000 36.10600000 36.20400000 36.56200000 37.05300000 37.35000000 37.37400000 37.37700000 37.33500000 37.30700000 37.31300000 37.37700000 37.41100000 37.49200000 37.32600000 37.36000000
37.59700000 37.59700000 37.59700000 37.59700000 37.59700000 37.59700000 37.59700000 37.59700000 37.59700000 37.59700000 37.59700000 37.59700000 37.59700000 37.59700000 37.59700000 36.00600000 36.08800000 36.33000000 36.96900000 36.93400000 37.32600000 37.42400000 37.40400000 37.40600000 37.36500000 37.35800000 37.41300000 37.49900000 37.51800000 37.49300000
37.59700000 37.59700000 37.59700000 37.59700000 37.59700000 37.59700000 37.59700000 37.59700000 37.59700000 37.59700000 37.59700000 37.59700000 37.59700000 37.59700000 37.59700000 37.59700000 35.95900000 36.30600000 36.72500000 37.00500000 37.08300000 37.34100000 37.41400000 37.41000000 37.34100000 37.34000000 37.38500000 37.35500000 37.50400000 37.56000000
37.59700000 37.59700000 37.59700000 37.59700000 37.59700000 37.59700000 37.59700000 37.59700000 37.59700000 37.59700000 37.59700000 37.59700000 37.59700000 37.59700000 37.59700000 37.59700000 37.59700000 37.59700000 36.03100000 36.69800000 37.00200000 37.29200000 37.43000000 37.41400000 37.30200000 37.34000000 37.38000000 37.37000000 37.36000000 37.45500000
37.59700000 37.59700000 37.59700000 37.59700000 37.59700000 37.59700000 37.59700000 37.59700000 37.59700000 37.59700000 37.59700000 37.59700000 37.59700000 37.59700000 37.59700000 37.59700000 37.59700000 37.59700000 37.59700000 36.72800000 36.78300000 37.34800000 37.43200000 37.38800000 37.33200000 37.38800000 37.34700000 37.38200000 37.32400000 37.37000000
37.59700000 37.59700000 37.59700000 37.59700000 37.59700000 37.59700000 37.59700000 37.59700000 37.59700000 37.59700000 37.59700000 37.59700000 37.59700000 37.59700000 37.59700000 37.59700000 37.59700000 37.59700000 37.59700000 36.85700000 36.81100000 37.33700000 37.42300000 37.31700000 37.39000000 37.40200000 37.43000000 37.35200000 37.35200000 37.35500000
37.59700000 37.59700000 37.59700000 37.59700000 37.59700000 37.59700000 37.59700000 37.59700000 37.59700000 37.59700000 37.59700000 37.59700000 37.59700000 37.59700000 37.59700000 37.59700000 37.59700000 37.59700000 37.59700000 36.71000000 36.84000000 37.35600000 37.37000000 37.31600000 37.40400000 37.39300000 37.41300000 37.43200000 37.36300000 37.34300000
37.59700000 37.59700000 37.59700000 37.59700000 37.59700000 37.59700000 37.59700000 37.59700000 37.59700000 37.59700000 37.59700000 37.59700000 37.59700000 37.59700000 37.59700000 37.59700000 37.59700000 37.59700000 37.59700000 36.35100000 36.72400000 37.29300000 37.33900000 37.39100000 37.37000000 37.37500000 37.35600000 37.38600000 37.38900000 37.38100000
37.59700000 37.59700000 37.59700000 37.59700000 37.59700000 37.59700000 37.59700000 37.59700000 37.59700000 37.59700000 37.59700000 37.59700000 37.59700000 37.59700000 37.59700000 37.59700000 37.59700000 37.59700000 37.59700000 37.59700000 36.68000000 36.83900000 37.35800000 37.37800000 37.37200000 37.34700000 37.32000000 37.30100000 37.32200000 37.33300000
37.59700000 37.59700000 37.59700000 37.59700000 37.59700000 37.59700000 37.59700000 37.59700000 37.59700000 37.59700000 37.59700000 37.59700000 37.59700000 37.59700000 37.59700000 37.59700000 37.59700000 37.59700000 37.59700000 37.59700000 37.59700000 36.74500000 37.28300000 37.33600000 37.34300000 37.33300000 37.31900000 37.29600000 37.28500000 37.30700000
37.59700000 37.59700000 37.59700000 37.59700000 37.59700000 37.59700000 37.59700000 37.59700000 37.59700000 37.59700000 37.59700000 37.59700000 37.59700000 37.59700000 37.59700000 37.59700000 37.59700000 37.59700000 37.59700000 37.59700000 37.59700000 36.55300000 37.14700000 37.28200000 37.32600000 37.30800000 37.28700000 37.26500000 37.24100000 37.26600000
37.59700000 37.59700000 37.59700000 37.59700000 37.59700000 37.59700000 37.59700000 37.59700000 37.59700000 37.59700000 37.59700000 37.59700000 37.59700000 37.59700000 37.59700000 37.59700000 37.59700000 37.59700000 37.59700000 37.59700000 37.59700000 37.59700000 36.87800000 37.11000000 37.19500000 37.17200000 37.20300000 37.23200000 37.28800000 37.31300000
37.59700000 37.59700000 37.59700000 37.59700000 37.59700000 37.59700000 37.59700000 37.59700000 37.59700000 37.59700000 37.59700000 37.59700000 37.59700000 37.59700000 37.59700000 37.59700000 37.59700000 37.59700000 37.59700000 37.59700000 37.59700000 37.59700000 37.59700000 36.76200000 37.17700000 37.22200000 37.22400000 37.24900000 37.29200000 37.30400000
36.98600000 36.95400000 36.94500000 36.95300000 37.03300000 37.19000000 37.25600000 37.26200000 37.22300000 37.20300000 37.13500000 37.01700000 36.89100000 36.68600000 36.62300000 36.85700000 36.99700000 37.00200000 37.01900000 37.06000000 37.01100000 37.00000000 36.87700000 36.63700000 36.54100000 36.27700000 36.49600000 36.43300000 36.39000000 36.45100000
36.98500000 36.97600000 36.92600000 36.87400000 37.18600000 37.21500000 37.20600000 37.18900000 37.16300000 37.10700000 37.00400000 36.88200000 36.52800000 36.72500000 36.80200000 36.96700000 37.07500000 37.00700000 37.08400000 37.03900000 36.99700000 36.90800000 36.76300000 36.64900000 36.41900000 36.73500000 36.83200000 36.90200000 37.06900000 37.07500000
37.02600000 36.90200000 36.89400000 36.89300000 37.13900000 37.16500000 37.13600000 37.07600000 37.00700000 36.93900000 36.79800000 36.44300000 36.65600000 36.88400000 36.85800000 37.07400000 37.03200000 37.01300000 37.04700000 36.99700000 36.92200000 36.83900000 36.62200000 37.08500000 37.13500000 37.03700000 37.06400000 36.93800000 36.91100000 36.86300000
36.54600000 36.99200000 36.85900000 36.92400000 36.80400000 37.05700000 36.97000000 36.67000000 36.53900000 36.71100000 36.84500000 36.91800000 36.89400000 36.88200000 36.91700000 37.13500000 36.96400000 36.97500000 36.95100000 36.83600000 36.72600000 37.17400000 37.25000000 37.25500000 37.21500000 37.01500000 37.04400000 37.02800000 36.98500000 36.91300000
36.33900000 36.36300000 36.98800000 36.90000000 36.89900000 36.89600000 36.63000000 36.55500000 36.68300000 36.95100000 36.91700000 36.90000000 36.92100000 36.94300000 36.98700000 37.14200000 36.90200000 36.89300000 36.80400000 37.08700000 37.24400000 37.23000000 37.20800000 37.19000000 37.21400000 37.26400000 37.23500000 36.87500000 36.74700000 36.65900000
36.15300000 36.32500000 36.97600000 37.05200000 37.02700000 36.84000000 36.85800000 36.92100000 36.91600000 36.87900000 36.84300000 36.84900000 36.88600000 36.96900000 37.04100000 37.08600000 36.96000000 36.84500000 37.13700000 37.21200000 37.20700000 37.12200000 37.04900000 37.05900000 37.15100000 37.21600000 37.27800000 37.25600000 36.70900000 36.57800000
35.84900000 35.54000000 36.74200000 36.86500000 37.11100000 37.16900000 36.93300000 36.90100000 36.89400000 36.88500000 37.02100000 36.99700000 36.99300000 37.01600000 37.03300000 37.04300000 37.10300000 37.04200000 37.17100000 37.19000000 37.13400000 37.02500000 36.94800000 37.01400000 37.15200000 37.22000000 37.33300000 37.32800000 37.26800000 36.66200000
35.56400000 35.95100000 36.71400000 36.67900000 36.79800000 37.15200000 37.27000000 36.93200000 36.93000000 36.97900000 37.00300000 36.97500000 37.01700000 37.04700000 37.04800000 37.07400000 37.21600000 37.16000000 37.13100000 37.17500000 37.16600000 37.10700000 37.12300000 37.15600000 37.21300000 37.37900000 37.47300000 37.41900000 37.27200000 37.23100000
35.87900000 35.84000000 36.38300000 36.54200000 36.74300000 36.53700000 36.86900000 37.32400000 37.36500000 37.10300000 36.90800000 36.92600000 36.94500000 37.03200000 37.02600000 37.13600000 37.22400000 37.22900000 37.23700000 37.24700000 37.25400000 37.20500000 37.22300000 37.44700000 37.43500000 37.43700000 37.46200000 37.43200000 37.28100000 37.26400000
35.72500000 35.74200000 36.42800000 36.39500000 36.24200000 36.63500000 36.25900000 36.81300000 37.30200000 37.36300000 37.39300000 37.16800000 36.95100000 36.96100000 36.94800000 37.02600000 37.13600000 37.12600000 37.01100000 37.38600000 37.29300000 37.34700000 37.34700000 37.35400000 37.39600000 37.40200000 37.45700000 37.33000000 37.26500000 37.25300000
35.49100000 37.59700000 35.89800000 35.99000000 36.08500000 36.35300000 36.26700000 36.06300000 36.69100000 37.23400000 37.35100000 37.42100000 37.27700000 36.95900000 37.00200000 37.00800000 37.01200000 37.37600000 37.35300000 37.36500000 37.34100000 37.30600000 37.39400000 37.34800000 37.40100000 37.40200000 37.32100000 37.26900000 37.29800000 37.21400000
37.59700000 37.59700000 37.59700000 37.59700000 35.87000000 36.05100000 36.49700000 36.50700000 35.99800000 36.63800000 37.16100000 37.07000000 37.20300000 37.20400000 37.25300000 37.26200000 37.25300000 37.30200000 37.29600000 37.37300000 37.24300000 37.35300000 37.28500000 37.27700000 37.33100000 37.31500000 37.31000000 37.27900000 37.25900000 37.18900000
37.59700000 37.59700000 37.59700000 37.59700000 37.59700000 35.65200000 35.87000000 36.07900000 36.18500000 36.13300000 36.56200000 37.11400000 36.74200000 36.66400000 36.71900000 36.73200000 36.53600000 37.01600000 37.24600000 37.36300000 37.20800000 37.27900000 37.24300000 37.22100000 37.30200000 37.37700000 37.34900000 37.36300000 37.36100000 37.20300000
37.59700000 37.59700000 37.59700000 37.59700000 37.59700000 37.59700000 37.59700000 35.70700000 35.73200000 35.81700000 35.98900000 36.27900000 36.50900000 36.42000000 36.18200000 36.41000000 36.50600000 36.98600000 37.13200000 37.36100000 37.36200000 37.19400000 37.21300000 37.19200000 37.28100000 37.37300000 37.46100000 37.34200000 37.37400000 37.21700000
37.59700000 37.59700000 37.59700000 37.59700000 37.59700000 37.59700000 37.59700000 37.59700000 37.59700000 37.59700000 37.59700000 37.59700000 37.59700000 37.59700000 37.59700000 36.25800000 36.28100000 36.56500000 37.05300000 37.34800000 37.37300000 37.37600000 37.33400000 37.30600000 37.31200000 37.37600000 37.41000000 37.49100000 37.32600000 37.36000000
37.59700000 37.59700000 37.59700000 37.59700000 37.59700000 37.59700000 37.59700000 37.59700000 37.59700000 37.59700000 37.59700000 37.59700000 37.59700000 37.59700000 37.59700000 37.59700000 36.19700000 36.47700000 36.96500000 36.92700000 37.32500000 37.42300000 37.40300000 37.40500000 37.36400000 37.35700000 37.41100000 37.49800000 37.51700000 37.49300000
37.59700000 37.59700000 37.59700000 37.59700000 37.59700000 37.59700000 37.59700000 37.59700000 37.59700000 37.59700000 37.59700000 37.59700000 37.59700000 37.59700000 37.59700000 37.59700000 37.59700000 36.35200000 36.72600000 37.00100000 37.08100000 37.34000000 37.41300000 37.40900000 37.34000000 37.33900000 37.38400000 37.35400000 37.50200000 37.55900000
37.59700000 37.59700000 37.59700000 37.59700000 37.59700000 37.59700000 37.59700000 37.59700000 37.59700000 37.59700000 37.59700000 37.59700000 37.59700000 37.59700000 37.59700000 37.59700000 37.59700000 37.59700000 37.59700000 36.69100000 37.00000000 37.28800000 37.43000000 37.41400000 37.30100000 37.33900000 37.37900000 37.36900000 37.35900000 37.45400000
37.59700000 37.59700000 37.59700000 37.59700000 37.59700000 37.59700000 37.59700000 37.59700000 37.59700000 37.59700000 37.59700000 37.59700000 37.59700000 37.59700000 37.59700000 37.59700000 37.59700000 37.59700000 37.59700000 37.59700000 36.79200000 37.34800000 37.43200000 37.38900000 37.33200000 37.38800000 37.34600000 37.38100000 37.32300000 37.36900000
37.59700000 37.59700000 37.59700000 37.59700000 37.59700000 37.59700000 37.59700000 37.59700000 37.59700000 37.59700000 37.59700000 37.59700000 37.59700000 37.59700000 37.59700000 37.59700000 37.59700000 37.59700000 37.59700000 37.59700000 36.65900000 37.33700000 37.42300000 37.31700000 37.39000000 37.40100000 37.42900000 37.35100000 37.35100000 37.35400000
37.59700000 37.59700000 37.59700000 37.59700000 37.59700000 37.59700000 37.59700000 37.59700000 37.59700000 37.59700000 37.59700000 37.59700000 37.59700000 37.59700000 37.59700000 37.59700000 37.59700000 37.59700000 37.59700000 37.59700000 36.61800000 37.35500000 37.36900000 37.31500000 37.40300000 37.39200000 37.41200000 37.43100000 37.36200000 37.34300000
37.59700000 37.59700000 37.59700000 37.59700000 37.59700000 37.59700000 37.59700000 37.59700000 37.59700000 37.59700000 37.59700000 37.59700000 37.59700000 37.59700000 37.59700000 37.59700000 37.59700000 37.59700000 37.59700000 37.59700000 36.70100000 37.29200000 37.33800000 37.39000000 37.36900000 37.37400000 37.35500000 37.38400000 37.38800000 37.38000000
37.59700000 37.59700000 37.59700000 37.59700000 37.59700000 37.59700000 37.59700000 37.59700000 37.59700000 37.59700000 37.59700000 37.59700000 37.59700000 37.59700000 37.59700000 37.59700000 37.59700000 37.59700000 37.59700000 37.59700000 37.59700000 36.72400000 37.35700000 37.37700000 37.37100000 37.34600000 37.31900000 37.30000000 37.32100000 37.33200000
37.59700000 37.59700000 37.59700000 37.59700000 37.59700000 37.59700000 37.59700000 37.59700000 37.59700000 37.59700000 37.59700000 37.59700000 37.59700000 37.59700000 37.59700000 37.59700000 37.59700000 37.59700000 37.59700000 37.59700000 37.59700000 36.72900000 37.28200000 37.33400000 37.34200000 37.33200000 37.31800000 37.29500000 37.28400000 37.30600000
37.59700000 37.59700000 37.59700000 37.59700000 37.59700000 37.59700000 37.59700000 37.59700000 37.59700000 37.59700000 37.59700000 37.59700000 37.59700000 37.59700000 37.59700000 37.59700000 37.59700000 37.59700000 37.59700000 37.59700000 37.59700000 37.59700000 37.14500000 37.28100000 37.32500000 37.30700000 37.28700000 37.26400000 37.24100000 37.26500000
37.59700000 37.59700000 37.59700000 37.59700000 37.59700000 37.59700000 37.59700000 37.59700000 37.59700000 37.59700000 37.59700000 37.59700000 37.59700000 37.59700000 37.59700000 37.59700000 37.59700000 37.59700000 37.59700000 37.59700000 37.59700000 37.59700000 36.87500000 37.10900000 37.19400000 37.17100000 37.20300000 37.23000000 37.27500000 37.31200000
37.59700000 37.59700000 37.59700000 37.59700000 37.59700000 37.59700000 37.59700000 37.59700000 37.59700000 37.59700000 37.59700000 37.59700000 37.59700000 37.59700000 37.59700000 37.59700000 37.59700000 37.59700000 37.59700000 37.59700000 37.59700000 37.59700000 37.59700000 36.75400000 37.17600000 37.22000000 37.22300000 37.24800000 37.27700000 37.30200000
