36.99200000 36.95600000 36.94600000 36.95500000 37.03800000 37.19200000 37.25700000 37.26200000 37.22200000 37.20300000 37.13300000 37.01700000 36.89000000 36.68300000 36.62900000 36.85900000 36.99900000 37.00300000 37.02100000 37.06000000 37.01100000 36.99900000 36.87500000 36.63700000 36.54200000 36.28100000 36.49900000 36.43500000 36.39400000 36.45000000
36.98700000 36.97100000 36.92900000 36.87200000 37.18800000 37.21500000 37.20500000 37.19000000 37.16400000 37.10600000 37.00400000 36.88200000 36.51900000 36.73000000 36.80400000 36.97000000 37.07400000 37.00900000 37.08500000 37.03900000 36.99600000 36.90700000 36.76200000 36.64900000 36.42700000 36.74700000 36.84200000 36.91100000 37.07200000 37.07800000
37.02900000 36.90100000 36.89600000 36.88500000 37.14100000 37.16400000 37.13500000 37.07400000 37.00500000 36.93800000 36.79200000 36.44400000 36.66400000 36.88700000 36.86100000 37.08100000 37.03000000 37.01700000 37.04800000 36.99700000 36.92100000 36.83800000 36.62400000 37.10200000 37.13400000 37.03800000 37.06500000 36.93800000 36.91300000 36.86300000
36.53700000 36.99300000 36.85900000 36.92500000 36.81300000 37.05600000 36.96800000 36.66600000 36.54400000 36.71400000 36.84800000 36.91900000 36.89400000 36.88400000 36.92000000 37.13700000 36.96100000 36.97800000 36.95000000 36.83300000 36.72600000 37.18200000 37.25100000 37.25600000 37.21500000 37.01500000 37.04500000 37.02900000 36.98500000 36.91200000
36.32800000 36.28900000 36.98800000 36.90700000 36.89800000 36.89300000 36.63100000 36.55500000 36.68500000 36.95200000 36.91700000 36.90100000 36.92200000 36.94400000 36.98900000 37.14400000 36.89700000 36.89600000 36.80300000 37.09900000 37.24500000 37.23100000 37.20600000 37.19100000 37.21400000 37.26500000 37.23500000 36.87400000 36.74700000 36.65800000
36.14700000 35.72800000 36.97400000 37.05200000 37.03700000 36.84600000 36.85600000 36.92000000 36.91400000 36.87700000 36.84300000 36.84900000 36.88600000 36.96900000 37.04100000 37.09200000 36.95300000 36.84800000 37.14100000 37.21400000 37.20900000 37.12200000 37.04800000 37.05900000 37.15300000 37.21700000 37.28000000 37.25700000 36.70600000 36.58000000
35.75200000 35.48700000 36.74300000 36.86100000 37.10700000 37.17600000 36.93500000 36.90300000 36.89600000 36.88700000 37.02300000 36.99800000 36.99300000 37.01600000 37.03300000 37.04500000 37.09900000 37.04500000 37.17400000 37.19100000 37.13300000 37.02500000 36.95000000 37.01800000 37.15400000 37.22100000 37.33600000 37.32900000 37.26800000 36.65700000
35.48000000 35.97300000 36.71100000 36.67000000 36.78700000 37.15200000 37.27600000 36.93700000 36.93000000 36.97900000 37.00300000 36.97700000 37.01800000 37.04800000 37.04800000 37.07400000 37.21500000 37.15900000 37.13200000 37.17700000 37.16700000 37.10900000 37.12600000 37.15700000 37.21500000 37.38600000 37.47500000 37.42100000 37.27300000 37.22900000
35.40000000 35.78700000 36.37900000 36.53800000 36.73700000 36.52700000 36.85900000 37.32400000 37.37300000 37.11700000 36.91200000 36.92700000 36.94600000 37.03400000 37.02900000 37.14000000 37.22500000 37.22900000 37.23700000 37.24800000 37.25500000 37.20000000 37.23400000 37.45000000 37.43400000 37.43700000 37.46200000 37.43300000 37.28300000 37.26500000
35.23600000 35.29300000 35.26400000 36.37700000 36.23100000 36.62900000 36.24700000 36.80500000 37.30000000 37.36500000 37.39500000 37.17400000 36.95300000 36.96200000 36.95000000 37.02900000 37.13900000 37.12900000 37.01200000 37.38500000 37.29300000 37.34600000 37.34700000 37.35400000 37.39800000 37.40300000 37.45800000 37.33000000 37.26600000 37.25300000
34.72700000 34.84500000 35.17900000 35.19100000 35.98900000 36.25800000 36.13800000 36.02200000 36.68500000 37.23300000 37.34800000 37.42100000 37.27900000 36.96000000 37.00400000 37.01000000 37.01400000 37.37400000 37.35500000 37.36700000 37.34200000 37.30700000 37.39600000 37.34500000 37.40100000 37.40100000 37.32100000 37.27000000 37.29800000 37.21400000
37.59700000 37.59700000 37.59700000 35.07700000 35.59300000 35.73400000 35.86400000 35.88700000 35.73700000 36.64100000 37.15900000 37.06700000 37.19700000 37.20300000 37.25300000 37.26400000 37.25500000 37.29800000 37.29700000 37.37500000 37.24300000 37.35500000 37.28400000 37.27700000 37.33300000 37.31600000 37.31100000 37.28100000 37.25700000 37.18900000
37.59700000 37.59700000 37.59700000 37.59700000 35.20100000 35.25000000 35.53200000 35.53900000 35.60600000 35.94400000 36.55900000 37.11100000 36.72100000 36.65300000 36.69900000 36.72200000 36.51500000 37.04000000 37.24600000 37.36400000 37.20900000 37.28000000 37.24400000 37.22200000 37.30500000 37.37900000 37.35100000 37.36300000 37.36000000 37.20400000
37.59700000 37.59700000 37.59700000 37.59700000 37.59700000 37.59700000 35.30200000 35.39400000 35.45000000 35.51900000 35.70400000 36.26900000 36.41500000 36.39700000 36.17100000 36.42700000 36.42800000 37.02300000 37.12800000 37.36200000 37.36300000 37.19600000 37.21400000 37.19400000 37.28300000 37.37400000 37.46200000 37.34200000 37.37600000 37.21800000
37.59700000 37.59700000 37.59700000 37.59700000 37.59700000 37.59700000 37.59700000 37.59700000 37.59700000 37.59700000 37.59700000 37.59700000 35.68500000 35.94000000 36.15900000 36.10100000 36.18500000 36.58600000 37.04200000 37.35200000 37.37600000 37.37700000 37.33600000 37.31000000 37.31500000 37.37800000 37.41200000 37.49200000 37.32700000 37.36100000
37.59700000 37.59700000 37.59700000 37.59700000 37.59700000 37.59700000 37.59700000 37.59700000 37.59700000 37.59700000 37.59700000 37.59700000 37.59700000 37.59700000 37.59700000 36.00100000 36.07800000 36.33700000 36.98700000 36.93600000 37.32400000 37.42500000 37.40400000 37.40600000 37.36600000 37.35800000 37.41300000 37.49900000 37.51800000 37.49700000
37.59700000 37.59700000 37.59700000 37.59700000 37.59700000 37.59700000 37.59700000 37.59700000 37.59700000 37.59700000 37.59700000 37.59700000 37.59700000 37.59700000 37.59700000 37.59700000 35.95300000 36.31200000 36.73200000 37.00500000 37.08500000 37.34100000 37.41300000 37.40900000 37.33900000 37.34100000 37.38500000 37.35500000 37.50600000 37.56000000
37.59700000 37.59700000 37.59700000 37.59700000 37.59700000 37.59700000 37.59700000 37.59700000 37.59700000 37.59700000 37.59700000 37.59700000 37.59700000 37.59700000 37.59700000 37.59700000 37.59700000 37.59700000 36.03300000 36.68100000 37.00000000 37.29400000 37.43100000 37.41400000 37.30200000 37.34100000 37.38100000 37.37000000 37.35800000 37.45600000
37.59700000 37.59700000 37.59700000 37.59700000 37.59700000 37.59700000 37.59700000 37.59700000 37.59700000 37.59700000 37.59700000 37.59700000 37.59700000 37.59700000 37.59700000 37.59700000 37.59700000 37.59700000 37.59700000 36.74100000 36.78600000 37.34700000 37.43100000 37.38800000 37.33300000 37.39000000 37.34700000 37.38200000 37.32400000 37.37000000
37.59700000 37.59700000 37.59700000 37.59700000 37.59700000 37.59700000 37.59700000 37.59700000 37.59700000 37.59700000 37.59700000 37.59700000 37.59700000 37.59700000 37.59700000 37.59700000 37.59700000 37.59700000 37.59700000 36.85300000 36.81000000 37.33800000 37.42300000 37.31700000 37.39200000 37.40200000 37.43000000 37.35300000 37.35200000 37.35700000
37.59700000 37.59700000 37.59700000 37.59700000 37.59700000 37.59700000 37.59700000 37.59700000 37.59700000 37.59700000 37.59700000 37.59700000 37.59700000 37.59700000 37.59700000 37.59700000 37.59700000 37.59700000 37.59700000 36.70000000 36.83600000 37.35600000 37.36900000 37.31700000 37.40300000 37.39300000 37.41300000 37.43300000 37.36400000 37.34300000
37.59700000 37.59700000 37.59700000 37.59700000 37.59700000 37.59700000 37.59700000 37.59700000 37.59700000 37.59700000 37.59700000 37.59700000 37.59700000 37.59700000 37.59700000 37.59700000 37.59700000 37.59700000 37.59700000 36.35100000 36.72000000 37.29200000 37.34000000 37.39200000 37.37100000 37.37500000 37.35600000 37.38500000 37.38400000 37.38100000
37.59700000 37.59700000 37.59700000 37.59700000 37.59700000 37.59700000 37.59700000 37.59700000 37.59700000 37.59700000 37.59700000 37.59700000 37.59700000 37.59700000 37.59700000 37.59700000 37.59700000 37.59700000 37.59700000 37.59700000 36.67600000 36.83400000 37.35800000 37.37900000 37.37200000 37.34800000 37.32000000 37.30100000 37.31900000 37.33300000
37.59700000 37.59700000 37.59700000 37.59700000 37.59700000 37.59700000 37.59700000 37.59700000 37.59700000 37.59700000 37.59700000 37.59700000 37.59700000 37.59700000 37.59700000 37.59700000 37.59700000 37.59700000 37.59700000 37.59700000 37.59700000 36.74500000 37.28200000 37.33600000 37.34300000 37.33300000 37.31900000 37.29500000 37.28600000 37.30800000
37.59700000 37.59700000 37.59700000 37.59700000 37.59700000 37.59700000 37.59700000 37.59700000 37.59700000 37.59700000 37.59700000 37.59700000 37.59700000 37.59700000 37.59700000 37.59700000 37.59700000 37.59700000 37.59700000 37.59700000 37.59700000 36.55300000 37.14600000 37.28200000 37.32600000 37.30800000 37.28700000 37.26400000 37.24100000 37.26600000
37.59700000 37.59700000 37.59700000 37.59700000 37.59700000 37.59700000 37.59700000 37.59700000 37.59700000 37.59700000 37.59700000 37.59700000 37.59700000 37.59700000 37.59700000 37.59700000 37.59700000 37.59700000 37.59700000 37.59700000 37.59700000 37.59700000 36.87500000 37.11000000 37.19600000 37.17200000 37.20400000 37.23500000 37.28700000 37.31400000
37.59700000 37.59700000 37.59700000 37.59700000 37.59700000 37.59700000 37.59700000 37.59700000 37.59700000 37.59700000 37.59700000 37.59700000 37.59700000 37.59700000 37.59700000 37.59700000 37.59700000 37.59700000 37.59700000 37.59700000 37.59700000 37.59700000 37.59700000 36.74700000 37.17800000 37.22200000 37.22500000 37.24900000 37.29000000 37.30500000
36.98600000 36.95400000 36.94400000 36.95400000 37.03700000 37.19100000 37.25600000 37.26100000 37.22100000 37.20300000 37.13400000 37.01600000 36.89100000 36.68400000 36.62700000 36.85700000 36.99700000 37.00100000 37.02000000 37.06000000 37.01000000 37.00000000 36.87600000 36.63500000 36.54100000 36.28100000 36.49900000 36.43500000 36.39400000 36.45000000
36.98500000 36.97000000 36.92800000 36.87200000 37.18700000 37.21400000 37.20400000 37.18900000 37.16300000 37.10600000 37.00300000 36.88100000 36.52000000 36.72800000 36.80300000 36.96800000 37.07300000 37.00800000 37.08400000 37.03800000 36.99500000 36.90700000 36.76100000 36.64800000 36.42600000 36.74600000 36.84200000 36.91000000 37.07100000 37.07800000
37.02800000 36.90000000 36.89500000 36.88400000 37.14000000 37.16300000 37.13400000 37.07300000 37.00500000 36.93800000 36.79200000 36.44300000 36.66300000 36.88500000 36.86000000 37.07900000 37.02900000 37.01600000 37.04700000 36.99600000 36.92000000 36.83700000 36.62300000 37.10100000 37.13300000 37.03700000 37.06400000 36.93800000 36.91200000 36.86200000
36.55100000 36.99200000 36.85900000 36.92400000 36.81200000 37.05600000 36.96800000 36.66600000 36.54300000 36.71300000 36.84700000 36.91800000 36.89400000 36.88300000 36.91900000 37.13600000 36.96100000 36.97700000 36.95000000 36.83200000 36.72500000 37.18100000 37.25100000 37.25500000 37.21400000 37.01400000 37.04400000 37.02800000 36.98400000 36.91200000
36.33000000 36.34000000 36.98800000 36.90700000 36.89800000 36.89200000 36.63100000 36.55500000 36.68400000 36.95100000 36.91700000 36.90000000 36.92100000 36.94300000 36.98800000 37.14300000 36.89700000 36.89500000 36.80200000 37.09700000 37.24400000 37.23100000 37.20600000 37.19000000 37.21300000 37.26400000 37.23500000 36.87400000 36.74600000 36.65700000
36.14300000 36.35600000 36.97400000 37.05100000 37.03600000 36.84600000 36.85500000 36.91900000 36.91300000 36.87700000 36.84300000 36.84800000 36.88600000 36.96800000 37.04000000 37.09200000 36.95300000 36.84700000 37.14000000 37.21300000 37.20800000 37.12100000 37.04700000 37.05800000 37.15100000 37.21600000 37.27900000 37.25600000 36.70600000 36.57900000
35.84600000 35.61500000 36.74400000 36.86100000 37.10600000 37.17500000 36.93400000 36.90200000 36.89500000 36.88600000 37.02100000 36.99700000 36.99300000 37.01600000 37.03300000 37.04400000 37.09800000 37.04400000 37.17300000 37.19000000 37.13300000 37.02400000 36.94900000 37.01700000 37.15300000 37.22000000 37.33500000 37.32900000 37.26700000 36.66300000
35.55800000 35.96800000 36.71000000 36.67000000 36.78700000 37.15100000 37.27500000 36.93600000 36.92900000 36.97800000 37.00200000 36.97600000 37.01700000 37.04700000 37.04700000 37.07300000 37.21500000 37.15800000 37.13200000 37.17600000 37.16600000 37.10900000 37.12500000 37.15700000 37.21400000 37.38400000 37.47400000 37.42100000 37.27200000 37.23000000
35.87800000 35.81800000 36.37800000 36.53800000 36.73600000 36.52800000 36.85800000 37.32200000 37.37200000 37.11600000 36.91100000 36.92600000 36.94600000 37.03300000 37.02800000 37.13800000 37.22400000 37.22800000 37.23600000 37.24700000 37.25400000 37.20000000 37.23300000 37.45000000 37.43300000 37.43600000 37.46200000 37.43300000 37.28200000 37.26400000
35.72400000 35.75100000 36.41100000 36.38400000 36.23800000 36.62900000 36.25600000 36.80500000 37.29800000 37.36200000 37.39300000 37.17300000 36.95200000 36.96100000 36.94800000 37.02700000 37.13800000 37.12800000 37.01100000 37.38400000 37.29200000 37.34500000 37.34600000 37.35300000 37.39700000 37.40200000 37.45700000 37.32900000 37.26500000 37.25200000
35.49600000 37.59700000 35.90200000 35.97600000 36.07200000 36.36600000 36.27200000 36.05800000 36.68400000 37.23100000 37.34700000 37.42000000 37.27800000 36.95800000 37.00300000 37.00900000 37.01400000 37.37400000 37.35400000 37.36500000 37.34100000 37.30500000 37.39500000 37.34400000 37.40000000 37.40000000 37.32000000 37.26900000 37.29700000 37.21300000
37.59700000 37.59700000 37.59700000 37.59700000 35.86600000 36.05000000 36.49400000 36.50900000 35.97800000 36.64100000 37.15700000 37.06600000 37.19600000 37.20100000 37.25200000 37.26300000 37.25400000 37.29700000 37.29600000 37.37400000 37.24200000 37.35300000 37.28300000 37.27600000 37.33200000 37.31500000 37.31000000 37.28000000 37.25700000 37.18800000
37.59700000 37.59700000 37.59700000 37.59700000 37.59700000 35.65200000 35.86900000 36.08200000 36.18000000 36.15600000 36.56200000 37.11000000 36.72100000 36.65500000 36.69900000 36.72200000 36.52800000 37.03800000 37.24500000 37.36300000 37.20800000 37.27900000 37.24400000 37.22100000 37.30400000 37.37800000 37.35000000 37.36200000 37.36000000 37.20300000
37.59700000 37.59700000 37.59700000 37.59700000 37.59700000 37.59700000 37.59700000 35.70900000 35.73300000 35.82100000 35.99900000 36.27500000 36.49200000 36.40600000 36.17900000 36.42600000 36.47900000 37.01800000 37.12700000 37.36100000 37.36100000 37.19500000 37.21300000 37.19300000 37.28200000 37.37400000 37.46100000 37.34100000 37.37500000 37.21800000
37.59700000 37.59700000 37.59700000 37.59700000 37.59700000 37.59700000 37.59700000 37.59700000 37.59700000 37.59700000 37.59700000 37.59700000 37.59700000 37.59700000 37.59700000 36.25600000 36.26100000 36.58800000 37.04100000 37.35000000 37.37500000 37.37600000 37.33500000 37.30900000 37.31400000 37.37700000 37.41100000 37.49100000 37.32700000 37.36100000
37.59700000 37.59700000 37.59700000 37.59700000 37.59700000 37.59700000 37.59700000 37.59700000 37.59700000 37.59700000 37.59700000 37.59700000 37.59700000 37.59700000 37.59700000 37.59700000 36.18900000 36.44900000 36.98200000 36.93000000 37.32200000 37.42400000 37.40300000 37.40600000 37.36500000 37.35700000 37.41200000 37.49800000 37.51800000 37.49700000
37.59700000 37.59700000 37.59700000 37.59700000 37.59700000 37.59700000 37.59700000 37.59700000 37.59700000 37.59700000 37.59700000 37.59700000 37.59700000 37.59700000 37.59700000 37.59700000 37.59700000 36.34400000 36.73200000 36.99900000 37.08300000 37.33900000 37.41300000 37.40900000 37.33900000 37.34000000 37.38400000 37.35400000 37.50500000 37.55900000
37.59700000 37.59700000 37.59700000 37.59700000 37.59700000 37.59700000 37.59700000 37.59700000 37.59700000 37.59700000 37.59700000 37.59700000 37.59700000 37.59700000 37.59700000 37.59700000 37.59700000 37.59700000 37.59700000 36.67500000 36.99900000 37.29100000 37.43000000 37.41300000 37.30100000 37.34000000 37.37900000 37.36900000 37.35700000 37.45500000
37.59700000 37.59700000 37.59700000 37.59700000 37.59700000 37.59700000 37.59700000 37.59700000 37.59700000 37.59700000 37.59700000 37.59700000 37.59700000 37.59700000 37.59700000 37.59700000 37.59700000 37.59700000 37.59700000 37.59700000 36.79300000 37.34700000 37.43100000 37.38800000 37.33200000 37.38900000 37.34700000 37.38100000 37.32300000 37.36900000
37.59700000 37.59700000 37.59700000 37.59700000 37.59700000 37.59700000 37.59700000 37.59700000 37.59700000 37.59700000 37.59700000 37.59700000 37.59700000 37.59700000 37.59700000 37.59700000 37.59700000 37.59700000 37.59700000 37.59700000 36.65100000 37.33800000 37.42300000 37.31700000 37.39100000 37.40200000 37.42900000 37.35200000 37.35100000 37.35600000
37.59700000 37.59700000 37.59700000 37.59700000 37.59700000 37.59700000 37.59700000 37.59700000 37.59700000 37.59700000 37.59700000 37.59700000 37.59700000 37.59700000 37.59700000 37.59700000 37.59700000 37.59700000 37.59700000 37.59700000 36.62400000 37.35600000 37.36700000 37.31600000 37.40300000 37.39200000 37.41200000 37.43200000 37.36300000 37.34200000
37.59700000 37.59700000 37.59700000 37.59700000 37.59700000 37.59700000 37.59700000 37.59700000 37.59700000 37.59700000 37.59700000 37.59700000 37.59700000 37.59700000 37.59700000 37.59700000 37.59700000 37.59700000 37.59700000 37.59700000 36.70000000 37.29100000 37.33900000 37.39000000 37.37000000 37.37400000 37.35500000 37.38400000 37.38300000 37.38000000
37.59700000 37.59700000 37.59700000 37.59700000 37.59700000 37.59700000 37.59700000 37.59700000 37.59700000 37.59700000 37.59700000 37.59700000 37.59700000 37.59700000 37.59700000 37.59700000 37.59700000 37.59700000 37.59700000 37.59700000 37.59700000 36.71000000 37.35700000 37.37800000 37.37100000 37.34600000 37.31900000 37.30000000 37.31800000 37.33200000
37.59700000 37.59700000 37.59700000 37.59700000 37.59700000 37.59700000 37.59700000 37.59700000 37.59700000 37.59700000 37.59700000 37.59700000 37.59700000 37.59700000 37.59700000 37.59700000 37.59700000 37.59700000 37.59700000 37.59700000 37.59700000 36.72800000 37.28100000 37.33500000 37.34200000 37.33200000 37.31800000 37.29400000 37.28500000 37.30600000
37.59700000 37.59700000 37.59700000 37.59700000 37.59700000 37.59700000 37.59700000 37.59700000 37.59700000 37.59700000 37.59700000 37.59700000 37.59700000 37.59700000 37.59700000 37.59700000 37.59700000 37.59700000 37.59700000 37.59700000 37.59700000 37.59700000 37.14500000 37.28100000 37.32500000 37.30700000 37.28600000 37.26300000 37.24000000 37.26600000
37.59700000 37.59700000 37.59700000 37.59700000 37.59700000 37.59700000 37.59700000 37.59700000 37.59700000 37.59700000 37.59700000 37.59700000 37.59700000 37.59700000 37.59700000 37.59700000 37.59700000 37.59700000 37.59700000 37.59700000 37.59700000 37.59700000 36.87000000 37.10900000 37.19500000 37.17100000 37.20300000 37.23300000 37.25900000 37.31300000
37.59700000 37.59700000 37.59700000 37.59700000 37.59700000 37.59700000 37.59700000 37.59700000 37.59700000 37.59700000 37.59700000 37.59700000 37.59700000 37.59700000 37.59700000 37.59700000 37.59700000 37.59700000 37.59700000 37.59700000 37.59700000 37.59700000 37.59700000 36.74200000 37.17700000 37.22000000 37.22400000 37.24800000 37.26600000 37.30300000
