36.99200000 36.95600000 36.94500000 36.95600000 37.04200000 37.19200000 37.25600000 37.26100000 37.22100000 37.20300000 37.13300000 37.01700000 36.89000000 36.68100000 36.63200000 36.85900000 36.99900000 37.00200000 37.02200000 37.06000000 37.01000000 36.99800000 36.87400000 36.63400000 36.54100000 36.28400000 36.50200000 36.43700000 36.39900000 36.44900000
36.98600000 36.96500000 36.93000000 36.87200000 37.18900000 37.21300000 37.20300000 37.18900000 37.16400000 37.10600000 37.00400000 36.88100000 36.51200000 36.73400000 36.80500000 36.97100000 37.07300000 37.01200000 37.08500000 37.03800000 36.99500000 36.90700000 36.76000000 36.64800000 36.43500000 36.75900000 36.85400000 36.92000000 37.07400000 37.08000000
37.03100000 36.89900000 36.89800000 36.87600000 37.14200000 37.16200000 37.13400000 37.07200000 37.00400000 36.93700000 36.78600000 36.44400000 36.67100000 36.88700000 36.86200000 37.08400000 37.02700000 37.02000000 37.04800000 36.99600000 36.91900000 36.83600000 36.62600000 37.11600000 37.13200000 37.03700000 37.06600000 36.93800000 36.91400000 36.86200000
36.54200000 36.99300000 36.85900000 36.92500000 36.82200000 37.05500000 36.96700000 36.66300000 36.54800000 36.71500000 36.85000000 36.92000000 36.89400000 36.88400000 36.92200000 37.13700000 36.95800000 36.98000000 36.94900000 36.82900000 36.72600000 37.18900000 37.25200000 37.25600000 37.21400000 37.01400000 37.04500000 37.02900000 36.98400000 36.91100000
36.31700000 36.31500000 36.98800000 36.91400000 36.89700000 36.89000000 36.63100000 36.55500000 36.68600000 36.95200000 36.91700000 36.90100000 36.92200000 36.94400000 36.99000000 37.14500000 36.89100000 36.89800000 36.80000000 37.11000000 37.24600000 37.23200000 37.20400000 37.19000000 37.21400000 37.26500000 37.23500000 36.87200000 36.74600000 36.65600000
36.13600000 35.73700000 36.97200000 37.05200000 37.04700000 36.85200000 36.85300000 36.91800000 36.91100000 36.87500000 36.84200000 36.84800000 36.88500000 36.96800000 37.04100000 37.09900000 36.94400000 36.85000000 37.14400000 37.21500000 37.20900000 37.12100000 37.04600000 37.05800000 37.15300000 37.21700000 37.28000000 37.25700000 36.70200000 36.58100000
35.72600000 35.50100000 36.74400000 36.85700000 37.10300000 37.18300000 36.93500000 36.90300000 36.89700000 36.88800000 37.02200000 36.99800000 36.99300000 37.01600000 37.03300000 37.04800000 37.09400000 37.04800000 37.17600000 37.19200000 37.13200000 37.02400000 36.95100000 37.02100000 37.15500000 37.22200000 37.33700000 37.33000000 37.26700000 36.65900000
35.48900000 35.98800000 36.70700000 36.66200000 36.77800000 37.15000000 37.28000000 36.94100000 36.92800000 36.97900000 37.00200000 36.97700000 37.01700000 37.04700000 37.04700000 37.07500000 37.21500000 37.15800000 37.13300000 37.17800000 37.16700000 37.11100000 37.12900000 37.15800000 37.21500000 37.39000000 37.47500000 37.42200000 37.27400000 37.22800000
35.40200000 35.78200000 36.37400000 36.53500000 36.72900000 36.52000000 36.85100000 37.32300000 37.37800000 37.12700000 36.91500000 36.92600000 36.94700000 37.03600000 37.03100000 37.14100000 37.22500000 37.22800000 37.23600000 37.24700000 37.25500000 37.19500000 37.24400000 37.45200000 37.43200000 37.43500000 37.46100000 37.43400000 37.28300000 37.26500000
35.23900000 35.27100000 35.24400000 36.36500000 36.22600000 36.62300000 36.24700000 36.79800000 37.29700000 37.36400000 37.39500000 37.17900000 36.95300000 36.96200000 36.95000000 37.03000000 37.14200000 37.13200000 37.01300000 37.38300000 37.29200000 37.34400000 37.34600000 37.35400000 37.39900000 37.40400000 37.45800000 37.32900000 37.26600000 37.25300000
34.73100000 34.83700000 35.18700000 35.20100000 35.97600000 36.25600000 36.13700000 36.01300000 36.68000000 37.23000000 37.34400000 37.42000000 37.28000000 36.95900000 37.00400000 37.01000000 37.01600000 37.37300000 37.35600000 37.36700000 37.34200000 37.30700000 37.39800000 37.34200000 37.40000000 37.39900000 37.32100000 37.26900000 37.29700000 37.21300000
37.59700000 37.59700000 37.59700000 35.07900000 35.59400000 35.72600000 35.85000000 35.88600000 35.73900000 36.64400000 37.15500000 37.06300000 37.18900000 37.20100000 37.25200000 37.26500000 37.25400000 37.29300000 37.29700000 37.37600000 37.24200000 37.35500000 37.28200000 37.27700000 37.33300000 37.31600000 37.31100000 37.28200000 37.25500000 37.18800000
37.59700000 37.59700000 37.59700000 37.59700000 35.19900000 35.24600000 35.52400000 35.53600000 35.60200000 35.94500000 36.56000000 37.10700000 36.70000000 36.64000000 36.68100000 36.71200000 36.50500000 37.06000000 37.24500000 37.36400000 37.20900000 37.27900000 37.24400000 37.22200000 37.30700000 37.38000000 37.35100000 37.36300000 37.35900000 37.20400000
37.59700000 37.59700000 37.59700000 37.59700000 37.59700000 37.59700000 35.30300000 35.39800000 35.45000000 35.52000000 35.70000000 36.26500000 36.40100000 36.38200000 36.16500000 36.44300000 36.40100000 37.04700000 37.12400000 37.36200000 37.36200000 37.19700000 37.21400000 37.19400000 37.28400000 37.37500000 37.46200000 37.34100000 37.37600000 37.21800000
37.59700000 37.59700000 37.59700000 37.59700000 37.59700000 37.59700000 37.59700000 37.59700000 37.59700000 37.59700000 37.59700000 37.59700000 35.68500000 35.94500000 36.16000000 36.09500000 36.16600000 36.61000000 37.03000000 37.35400000 37.37900000 37.37800000 37.33800000 37.31400000 37.31600000 37.37900000 37.41200000 37.49200000 37.32800000 37.36100000
37.59700000 37.59700000 37.59700000 37.59700000 37.59700000 37.59700000 37.59700000 37.59700000 37.59700000 37.59700000 37.59700000 37.59700000 37.59700000 37.59700000 37.59700000 35.99600000 36.06500000 36.34500000 37.00500000 36.94000000 37.31900000 37.42500000 37.40400000 37.40700000 37.36600000 37.35700000 37.41400000 37.50000000 37.51900000 37.50000000
37.59700000 37.59700000 37.59700000 37.59700000 37.59700000 37.59700000 37.59700000 37.59700000 37.59700000 37.59700000 37.59700000 37.59700000 37.59700000 37.59700000 37.59700000 37.59700000 35.94500000 36.31900000 36.73900000 37.00600000 37.08700000 37.34100000 37.41300000 37.40900000 37.33800000 37.34200000 37.38600000 37.35400000 37.50900000 37.55900000
37.59700000 37.59700000 37.59700000 37.59700000 37.59700000 37.59700000 37.59700000 37.59700000 37.59700000 37.59700000 37.59700000 37.59700000 37.59700000 37.59700000 37.59700000 37.59700000 37.59700000 37.59700000 36.03600000 36.66600000 36.99900000 37.29600000 37.43100000 37.41400000 37.30200000 37.34100000 37.38100000 37.36900000 37.35600000 37.45700000
37.59700000 37.59700000 37.59700000 37.59700000 37.59700000 37.59700000 37.59700000 37.59700000 37.59700000 37.59700000 37.59700000 37.59700000 37.59700000 37.59700000 37.59700000 37.59700000 37.59700000 37.59700000 37.59700000 36.75200000 36.78700000 37.34600000 37.43100000 37.38700000 37.33400000 37.39100000 37.34800000 37.38200000 37.32500000 37.37100000
37.59700000 37.59700000 37.59700000 37.59700000 37.59700000 37.59700000 37.59700000 37.59700000 37.59700000 37.59700000 37.59700000 37.59700000 37.59700000 37.59700000 37.59700000 37.59700000 37.59700000 37.59700000 37.59700000 36.85100000 36.81000000 37.33800000 37.42300000 37.31600000 37.39400000 37.40200000 37.43000000 37.35300000 37.35300000 37.35900000
37.59700000 37.59700000 37.59700000 37.59700000 37.59700000 37.59700000 37.59700000 37.59700000 37.59700000 37.59700000 37.59700000 37.59700000 37.59700000 37.59700000 37.59700000 37.59700000 37.59700000 37.59700000 37.59700000 36.69300000 36.83400000 37.35700000 37.36700000 37.31800000 37.40300000 37.39200000 37.41300000 37.43300000 37.36500000 37.34300000
37.59700000 37.59700000 37.59700000 37.59700000 37.59700000 37.59700000 37.59700000 37.59700000 37.59700000 37.59700000 37.59700000 37.59700000 37.59700000 37.59700000 37.59700000 37.59700000 37.59700000 37.59700000 37.59700000 36.35100000 36.71600000 37.29300000 37.34200000 37.39300000 37.37100000 37.37600000 37.35600000 37.38500000 37.37900000 37.38100000
37.59700000 37.59700000 37.59700000 37.59700000 37.59700000 37.59700000 37.59700000 37.59700000 37.59700000 37.59700000 37.59700000 37.59700000 37.59700000 37.59700000 37.59700000 37.59700000 37.59700000 37.59700000 37.59700000 37.59700000 36.67400000 36.83000000 37.35800000 37.38000000 37.37300000 37.34800000 37.32000000 37.30100000 37.31800000 37.33300000
37.59700000 37.59700000 37.59700000 37.59700000 37.59700000 37.59700000 37.59700000 37.59700000 37.59700000 37.59700000 37.59700000 37.59700000 37.59700000 37.59700000 37.59700000 37.59700000 37.59700000 37.59700000 37.59700000 37.59700000 37.59700000 36.74500000 37.28200000 37.33600000 37.34300000 37.33300000 37.31900000 37.29500000 37.28700000 37.30700000
37.59700000 37.59700000 37.59700000 37.59700000 37.59700000 37.59700000 37.59700000 37.59700000 37.59700000 37.59700000 37.59700000 37.59700000 37.59700000 37.59700000 37.59700000 37.59700000 37.59700000 37.59700000 37.59700000 37.59700000 37.59700000 36.55400000 37.14500000 37.28300000 37.32700000 37.30900000 37.28700000 37.26400000 37.24100000 37.26700000
37.59700000 37.59700000 37.59700000 37.59700000 37.59700000 37.59700000 37.59700000 37.59700000 37.59700000 37.59700000 37.59700000 37.59700000 37.59700000 37.59700000 37.59700000 37.59700000 37.59700000 37.59700000 37.59700000 37.59700000 37.59700000 37.59700000 36.87200000 37.11000000 37.19800000 37.17200000 37.20500000 37.23900000 37.28500000 37.31400000
37.59700000 37.59700000 37.59700000 37.59700000 37.59700000 37.59700000 37.59700000 37.59700000 37.59700000 37.59700000 37.59700000 37.59700000 37.59700000 37.59700000 37.59700000 37.59700000 37.59700000 37.59700000 37.59700000 37.59700000 37.59700000 37.59700000 37.59700000 36.74500000 37.17900000 37.22300000 37.22600000 37.24800000 37.28800000 37.30500000
36.98600000 36.95500000 36.94400000 36.95500000 37.04000000 37.19100000 37.25500000 37.26100000 37.22000000 37.20300000 37.13300000 37.01600000 36.89100000 36.68200000 36.63100000 36.85700000 36.99700000 37.00100000 37.02100000 37.06000000 37.00900000 36.99900000 36.87600000 36.63200000 36.54000000 36.28400000 36.50200000 36.43700000 36.39800000 36.45000000
36.98500000 36.96400000 36.92900000 36.87100000 37.18800000 37.21200000 37.20200000 37.18900000 37.16400000 37.10500000 37.00300000 36.88000000 36.51200000 36.73200000 36.80400000 36.97000000 37.07200000 37.01000000 37.08400000 37.03600000 36.99500000 36.90600000 36.76000000 36.64800000 36.43400000 36.75800000 36.85300000 36.91900000 37.07300000 37.07900000
37.03000000 36.89900000 36.89700000 36.87500000 37.14100000 37.16100000 37.13300000 37.07100000 37.00300000 36.93600000 36.78600000 36.44400000 36.66900000 36.88600000 36.86100000 37.08300000 37.02600000 37.01900000 37.04700000 36.99500000 36.91800000 36.83500000 36.62600000 37.11500000 37.13100000 37.03700000 37.06500000 36.93700000 36.91300000 36.86200000
36.55500000 36.99200000 36.85800000 36.92500000 36.82100000 37.05500000 36.96600000 36.66300000 36.54700000 36.71400000 36.84900000 36.91900000 36.89400000 36.88300000 36.92100000 37.13600000 36.95700000 36.97900000 36.94800000 36.82800000 36.72500000 37.18800000 37.25200000 37.25500000 37.21300000 37.01400000 37.04400000 37.02800000 36.98300000 36.91100000
36.32000000 36.33800000 36.98800000 36.91300000 36.89600000 36.88900000 36.63100000 36.55400000 36.68500000 36.95200000 36.91700000 36.90000000 36.92100000 36.94300000 36.99000000 37.14400000 36.89100000 36.89700000 36.79900000 37.10800000 37.24500000 37.23100000 37.20300000 37.18900000 37.21300000 37.26400000 37.23500000 36.87200000 36.74500000 36.65500000
36.13200000 36.38400000 36.97200000 37.05100000 37.04600000 36.85100000 36.85200000 36.91700000 36.91000000 36.87500000 36.84300000 36.84800000 36.88500000 36.96800000 37.04000000 37.09800000 36.94400000 36.84900000 37.14300000 37.21300000 37.20800000 37.12000000 37.04500000 37.05700000 37.15100000 37.21600000 37.27900000 37.25600000 36.70200000 36.58100000
35.84300000 35.71200000 36.74500000 36.85700000 37.10200000 37.18200000 36.93500000 36.90200000 36.89600000 36.88700000 37.02100000 36.99700000 36.99300000 37.01600000 37.03300000 37.04700000 37.09300000 37.04600000 37.17400000 37.19100000 37.13200000 37.02400000 36.95000000 37.02000000 37.15400000 37.22100000 37.33600000 37.33000000 37.26600000 36.66500000
35.55300000 35.98100000 36.70600000 36.66200000 36.77800000 37.14900000 37.27900000 36.94100000 36.92700000 36.97800000 37.00200000 36.97600000 37.01600000 37.04700000 37.04600000 37.07400000 37.21400000 37.15700000 37.13200000 37.17700000 37.16600000 37.11000000 37.12800000 37.15700000 37.21500000 37.38900000 37.47500000 37.42200000 37.27300000 37.22900000
35.87700000 35.82000000 36.37400000 36.53500000 36.72800000 36.52100000 36.85100000 37.32200000 37.37700000 37.12600000 36.91400000 36.92500000 36.94600000 37.03500000 37.03000000 37.13900000 37.22400000 37.22700000 37.23500000 37.24600000 37.25400000 37.19500000 37.24300000 37.45100000 37.43200000 37.43500000 37.46100000 37.43300000 37.28200000 37.26400000
35.72400000 35.77300000 36.39900000 36.37200000 36.23700000 36.62400000 36.25600000 36.79800000 37.29500000 37.36200000 37.39400000 37.17800000 36.95200000 36.96100000 36.94900000 37.02900000 37.14100000 37.13100000 37.01200000 37.38200000 37.29100000 37.34300000 37.34500000 37.35300000 37.39800000 37.40300000 37.45700000 37.32900000 37.26600000 37.25200000
35.50000000 37.59700000 35.90600000 35.96000000 36.06400000 36.38300000 36.27000000 36.06000000 36.67900000 37.22800000 37.34300000 37.41800000 37.27800000 36.95800000 37.00400000 37.00900000 37.01500000 37.37200000 37.35500000 37.36600000 37.34100000 37.30500000 37.39700000 37.34100000 37.39900000 37.39800000 37.32000000 37.26900000 37.29700000 37.21300000
37.59700000 37.59700000 37.59700000 37.59700000 35.86400000 36.05000000 36.49200000 36.50500000 35.96300000 36.64300000 37.15400000 37.06200000 37.18800000 37.20000000 37.25100000 37.26400000 37.25300000 37.29200000 37.29600000 37.37500000 37.24100000 37.35400000 37.28100000 37.27600000 37.33200000 37.31500000 37.31000000 37.28000000 37.25500000 37.18700000
37.59700000 37.59700000 37.59700000 37.59700000 37.59700000 35.65300000 35.86800000 36.08600000 36.18100000 36.17700000 36.56200000 37.10600000 36.70100000 36.64200000 36.68100000 36.71200000 36.51800000 37.05700000 37.24400000 37.36300000 37.20700000 37.27800000 37.24400000 37.22100000 37.30600000 37.37900000 37.35000000 37.36200000 37.35900000 37.20400000
37.59700000 37.59700000 37.59700000 37.59700000 37.59700000 37.59700000 37.59700000 35.71100000 35.73400000 35.82600000 36.01300000 36.27200000 36.47600000 36.39300000 36.17400000 36.44200000 36.45100000 37.04300000 37.12300000 37.36000000 37.36100000 37.19600000 37.21300000 37.19300000 37.28300000 37.37400000 37.46100000 37.34000000 37.37500000 37.21800000
37.59700000 37.59700000 37.59700000 37.59700000 37.59700000 37.59700000 37.59700000 37.59700000 37.59700000 37.59700000 37.59700000 37.59700000 37.59700000 37.59700000 37.59700000 36.25400000 36.24100000 36.61100000 37.02900000 37.35200000 37.37800000 37.37700000 37.33700000 37.31200000 37.31500000 37.37800000 37.41100000 37.49100000 37.32800000 37.36200000
37.59700000 37.59700000 37.59700000 37.59700000 37.59700000 37.59700000 37.59700000 37.59700000 37.59700000 37.59700000 37.59700000 37.59700000 37.59700000 37.59700000 37.59700000 37.59700000 36.18000000 36.42900000 37.00100000 36.93300000 37.31800000 37.42400000 37.40300000 37.40600000 37.36600000 37.35600000 37.41300000 37.49800000 37.51800000 37.50000000
37.59700000 37.59700000 37.59700000 37.59700000 37.59700000 37.59700000 37.59700000 37.59700000 37.59700000 37.59700000 37.59700000 37.59700000 37.59700000 37.59700000 37.59700000 37.59700000 37.59700000 36.33800000 36.73900000 36.99100000 37.08400000 37.34000000 37.41200000 37.40800000 37.33700000 37.34100000 37.38500000 37.35300000 37.50800000 37.55800000
37.59700000 37.59700000 37.59700000 37.59700000 37.59700000 37.59700000 37.59700000 37.59700000 37.59700000 37.59700000 37.59700000 37.59700000 37.59700000 37.59700000 37.59700000 37.59700000 37.59700000 37.59700000 37.59700000 36.65900000 36.99800000 37.29400000 37.43000000 37.41300000 37.30100000 37.34000000 37.38000000 37.36900000 37.35600000 37.45600000
37.59700000 37.59700000 37.59700000 37.59700000 37.59700000 37.59700000 37.59700000 37.59700000 37.59700000 37.59700000 37.59700000 37.59700000 37.59700000 37.59700000 37.59700000 37.59700000 37.59700000 37.59700000 37.59700000 37.59700000 36.79400000 37.34600000 37.43000000 37.38700000 37.33300000 37.39000000 37.34700000 37.38100000 37.32300000 37.36900000
37.59700000 37.59700000 37.59700000 37.59700000 37.59700000 37.59700000 37.59700000 37.59700000 37.59700000 37.59700000 37.59700000 37.59700000 37.59700000 37.59700000 37.59700000 37.59700000 37.59700000 37.59700000 37.59700000 37.59700000 36.64700000 37.33800000 37.42200000 37.31600000 37.39300000 37.40100000 37.42900000 37.35200000 37.35200000 37.35800000
37.59700000 37.59700000 37.59700000 37.59700000 37.59700000 37.59700000 37.59700000 37.59700000 37.59700000 37.59700000 37.59700000 37.59700000 37.59700000 37.59700000 37.59700000 37.59700000 37.59700000 37.59700000 37.59700000 37.59700000 36.63100000 37.35600000 37.36600000 37.31700000 37.40200000 37.39200000 37.41200000 37.43200000 37.36400000 37.34200000
37.59700000 37.59700000 37.59700000 37.59700000 37.59700000 37.59700000 37.59700000 37.59700000 37.59700000 37.59700000 37.59700000 37.59700000 37.59700000 37.59700000 37.59700000 37.59700000 37.59700000 37.59700000 37.59700000 37.59700000 36.69600000 37.29100000 37.34100000 37.39100000 37.37000000 37.37500000 37.35500000 37.38400000 37.37800000 37.37900000
37.59700000 37.59700000 37.59700000 37.59700000 37.59700000 37.59700000 37.59700000 37.59700000 37.59700000 37.59700000 37.59700000 37.59700000 37.59700000 37.59700000 37.59700000 37.59700000 37.59700000 37.59700000 37.59700000 37.59700000 37.59700000 36.69500000 37.35700000 37.37900000 37.37200000 37.34700000 37.31900000 37.30000000 37.31700000 37.33200000
37.59700000 37.59700000 37.59700000 37.59700000 37.59700000 37.59700000 37.59700000 37.59700000 37.59700000 37.59700000 37.59700000 37.59700000 37.59700000 37.59700000 37.59700000 37.59700000 37.59700000 37.59700000 37.59700000 37.59700000 37.59700000 36.72800000 37.28000000 37.33500000 37.34300000 37.33200000 37.31800000 37.29400000 37.28600000 37.30600000
37.59700000 37.59700000 37.59700000 37.59700000 37.59700000 37.59700000 37.59700000 37.59700000 37.59700000 37.59700000 37.59700000 37.59700000 37.59700000 37.59700000 37.59700000 37.59700000 37.59700000 37.59700000 37.59700000 37.59700000 37.59700000 37.59700000 37.14400000 37.28100000 37.32600000 37.30800000 37.28600000 37.26300000 37.24000000 37.26600000
37.59700000 37.59700000 37.59700000 37.59700000 37.59700000 37.59700000 37.59700000 37.59700000 37.59700000 37.59700000 37.59700000 37.59700000 37.59700000 37.59700000 37.59700000 37.59700000 37.59700000 37.59700000 37.59700000 37.59700000 37.59700000 37.59700000 36.86800000 37.11000000 37.19700000 37.17100000 37.20300000 37.23800000 37.26600000 37.31400000
37.59700000 37.59700000 37.59700000 37.59700000 37.59700000 37.59700000 37.59700000 37.59700000 37.59700000 37.59700000 37.59700000 37.59700000 37.59700000 37.59700000 37.59700000 37.59700000 37.59700000 37.59700000 37.59700000 37.59700000 37.59700000 37.59700000 37.59700000 36.74000000 37.17800000 37.22200000 37.22400000 37.24700000 37.27700000 37.30300000
