25.34800000 25.25800000 25.41100000 25.04100000 24.95900000 25.31600000 25.38700000 25.38200000 25.28600000 25.23200000 25.25500000 25.25600000 25.05900000 24.24300000 24.23200000 25.13600000 25.46600000 25.33500000 25.24000000 25.16900000 25.20600000 25.07700000 25.01700000 24.52400000 24.10800000 23.69300000 24.01300000 24.21800000 24.30800000 24.58100000
25.19800000 25.13900000 25.27700000 24.39200000 25.21700000 25.24400000 25.19900000 25.16700000 25.17500000 25.16300000 25.16000000 24.90000000 23.82700000 24.33500000 24.49200000 25.28300000 25.25500000 25.13500000 25.15400000 25.09200000 25.05400000 24.92700000 24.55200000 24.20500000 23.62800000 24.50800000 24.74100000 24.87800000 25.13900000 25.03000000
25.21700000 25.14800000 25.27800000 24.43300000 25.11100000 25.16000000 25.13600000 25.06400000 25.00800000 24.88800000 24.38400000 23.76700000 24.18300000 24.65300000 24.80200000 25.44200000 25.16100000 25.12000000 25.10400000 24.99600000 24.91700000 24.69800000 24.14000000 25.39300000 25.47800000 25.24100000 25.23800000 24.85700000 24.79700000 24.92300000
24.56600000 24.92800000 25.15500000 25.30100000 24.36300000 24.93700000 24.76000000 24.11700000 23.96800000 24.16100000 24.43700000 24.66400000 24.75100000 24.86100000 25.20300000 25.51400000 25.04600000 25.03700000 24.87700000 24.61400000 24.46700000 25.54500000 25.62000000 25.59800000 25.58700000 25.19300000 25.17900000 25.13300000 25.08700000 25.19100000
24.18500000 24.07100000 25.05600000 25.21800000 25.28500000 24.50800000 24.04100000 23.92800000 24.09200000 24.72200000 24.80400000 24.93900000 25.17100000 25.37200000 25.53600000 25.54600000 24.91700000 24.87800000 24.64500000 25.38500000 25.53100000 25.49200000 25.42100000 25.38200000 25.54200000 25.75100000 25.62400000 25.02700000 24.87700000 25.07700000
23.85700000 23.66100000 24.72900000 25.09600000 25.38800000 25.25900000 25.26400000 25.35500000 25.35800000 25.33700000 25.29800000 25.30100000 25.36800000 25.51700000 25.67100000 25.52900000 25.01300000 24.77700000 25.43300000 25.42100000 25.41200000 25.12800000 24.97800000 25.00700000 25.21400000 25.63600000 25.93800000 25.68100000 24.86700000 25.04300000
23.46500000 23.60700000 24.26400000 24.53300000 25.21700000 25.70300000 25.42700000 25.38800000 25.42100000 25.38700000 25.58100000 25.51300000 25.47400000 25.54700000 25.62900000 25.51600000 25.31800000 25.15000000 25.48100000 25.35600000 25.20200000 24.89300000 24.70400000 24.93700000 25.24100000 25.73700000 26.24800000 26.05200000 25.77800000 25.13500000
23.42600000 23.64800000 24.29200000 24.16100000 24.51800000 25.37700000 25.95400000 25.49300000 25.50900000 25.62200000 25.66400000 25.55900000 25.57800000 25.61300000 25.64200000 25.52000000 25.55700000 25.43700000 25.37400000 25.33900000 25.29300000 25.17900000 25.19500000 25.32300000 25.81300000 26.45100000 26.60700000 26.33500000 25.70300000 25.79400000
23.16300000 23.26000000 23.78000000 23.98600000 24.15000000 24.18100000 24.56500000 25.85700000 26.17400000 25.78400000 25.43400000 25.47300000 25.52700000 25.62000000 25.61100000 25.54100000 25.62100000 25.61100000 25.66600000 25.70100000 25.74800000 25.77200000 26.09100000 26.45400000 26.40900000 26.38100000 26.45000000 26.35500000 25.75200000 25.93200000
23.05400000 22.38300000 23.12100000 23.62800000 23.39100000 23.93500000 23.84200000 24.34000000 25.81500000 26.17200000 26.31200000 25.89800000 25.42300000 25.53200000 25.56800000 25.52200000 25.58600000 25.61800000 25.58300000 26.28000000 25.99000000 26.05400000 26.03900000 26.05300000 26.16200000 26.16600000 26.41300000 26.04500000 25.77300000 25.94200000
23.93500000 23.32900000 22.76400000 23.04800000 23.12100000 23.34500000 23.42600000 23.59000000 24.14400000 25.56900000 26.03900000 26.37800000 26.14400000 25.44600000 25.49400000 25.48100000 25.49300000 26.26400000 26.36100000 26.48800000 26.31000000 25.93900000 26.20400000 26.17200000 26.35300000 26.31800000 25.97800000 25.79700000 26.04200000 26.05800000
27.83300000 27.83300000 27.83300000 23.62800000 23.11800000 22.84100000 23.10800000 23.06800000 23.18200000 24.03700000 25.24500000 25.00500000 25.52200000 25.70000000 25.88400000 25.91100000 25.88700000 26.00900000 26.18900000 26.52300000 25.79100000 26.15600000 25.98900000 26.32200000 26.39600000 26.10400000 26.03100000 25.98000000 26.03100000 26.09000000
27.83300000 27.83300000 27.83300000 27.83300000 23.47800000 23.34900000 23.08600000 22.83200000 23.00200000 23.26600000 23.86600000 25.00100000 24.22500000 24.13200000 24.13900000 24.22700000 24.35300000 25.27100000 25.99100000 26.53300000 25.77800000 26.00700000 26.02600000 26.09900000 26.25500000 26.57900000 26.27500000 26.25000000 26.20600000 26.16200000
27.83300000 27.83300000 27.83300000 27.83300000 27.83300000 27.83300000 24.15700000 23.74300000 23.19500000 22.99800000 23.05400000 23.31400000 23.55600000 23.55700000 22.74300000 23.57500000 23.86900000 25.13900000 25.59700000 26.56800000 26.51300000 25.87100000 26.01700000 25.99500000 26.09900000 26.63000000 26.73200000 26.21200000 26.24800000 26.07900000
27.83300000 27.83300000 27.83300000 27.83300000 27.83300000 27.83300000 27.83300000 27.83300000 27.83300000 27.83300000 27.83300000 27.83300000 23.13400000 23.03500000 22.72500000 23.32200000 23.78400000 24.66100000 25.13900000 26.57300000 26.53700000 26.57500000 26.43100000 26.33200000 26.19100000 26.73700000 26.71800000 26.77900000 26.18800000 26.17100000
27.83300000 27.83300000 27.83300000 27.83300000 27.83300000 27.83300000 27.83300000 27.83300000 27.83300000 27.83300000 27.83300000 27.83300000 27.83300000 27.83300000 27.83300000 23.39600000 23.76000000 24.68100000 25.15500000 25.12800000 26.53400000 26.57800000 26.62300000 26.67200000 26.51000000 26.84400000 26.74400000 26.78500000 26.82700000 26.74800000
27.83300000 27.83300000 27.83300000 27.83300000 27.83300000 27.83300000 27.83300000 27.83300000 27.83300000 27.83300000 27.83300000 27.83300000 27.83300000 27.83300000 27.83300000 27.83300000 23.67800000 24.01900000 24.86700000 24.79700000 25.14100000 26.60900000 26.65400000 26.63500000 26.66600000 26.93500000 26.87700000 26.79700000 26.87600000 27.00300000
27.83300000 27.83300000 27.83300000 27.83300000 27.83300000 27.83300000 27.83300000 27.83300000 27.83300000 27.83300000 27.83300000 27.83300000 27.83300000 27.83300000 27.83300000 27.83300000 27.83300000 27.83300000 23.54100000 24.63600000 25.11500000 26.52200000 26.59700000 26.60700000 26.78300000 26.91600000 26.98400000 26.91000000 26.82500000 26.95900000
27.83300000 27.83300000 27.83300000 27.83300000 27.83300000 27.83300000 27.83300000 27.83300000 27.83300000 27.83300000 27.83300000 27.83300000 27.83300000 27.83300000 27.83300000 27.83300000 27.83300000 27.83300000 27.83300000 25.23700000 24.31600000 26.68900000 26.56300000 26.53200000 26.89000000 26.93700000 26.87000000 26.95100000 26.85300000 26.99400000
27.83300000 27.83300000 27.83300000 27.83300000 27.83300000 27.83300000 27.83300000 27.83300000 27.83300000 27.83300000 27.83300000 27.83300000 27.83300000 27.83300000 27.83300000 27.83300000 27.83300000 27.83300000 27.83300000 25.41300000 25.02500000 26.71200000 26.55000000 26.68900000 27.00400000 26.91000000 27.01800000 26.88400000 26.93600000 27.08700000
27.83300000 27.83300000 27.83300000 27.83300000 27.83300000 27.83300000 27.83300000 27.83300000 27.83300000 27.83300000 27.83300000 27.83300000 27.83300000 27.83300000 27.83300000 27.83300000 27.83300000 27.83300000 27.83300000 25.33400000 25.31600000 26.80200000 26.63500000 26.83200000 27.02300000 26.80000000 27.01100000 27.05300000 26.99000000 27.06500000
27.83300000 27.83300000 27.83300000 27.83300000 27.83300000 27.83300000 27.83300000 27.83300000 27.83300000 27.83300000 27.83300000 27.83300000 27.83300000 27.83300000 27.83300000 27.83300000 27.83300000 27.83300000 27.83300000 24.56600000 24.44200000 26.64100000 26.83200000 26.99300000 26.88400000 26.86800000 26.96600000 26.99900000 26.96000000 27.18800000
27.83300000 27.83300000 27.83300000 27.83300000 27.83300000 27.83300000 27.83300000 27.83300000 27.83300000 27.83300000 27.83300000 27.83300000 27.83300000 27.83300000 27.83300000 27.83300000 27.83300000 27.83300000 27.83300000 27.83300000 25.07900000 25.33100000 26.82400000 26.93000000 26.82200000 26.90100000 26.84700000 26.76900000 26.93800000 27.08900000
27.83300000 27.83300000 27.83300000 27.83300000 27.83300000 27.83300000 27.83300000 27.83300000 27.83300000 27.83300000 27.83300000 27.83300000 27.83300000 27.83300000 27.83300000 27.83300000 27.83300000 27.83300000 27.83300000 27.83300000 27.83300000 25.04300000 26.63600000 26.77000000 26.79000000 26.84800000 26.76000000 26.57400000 26.59400000 27.14400000
27.83300000 27.83300000 27.83300000 27.83300000 27.83300000 27.83300000 27.83300000 27.83300000 27.83300000 27.83300000 27.83300000 27.83300000 27.83300000 27.83300000 27.83300000 27.83300000 27.83300000 27.83300000 27.83300000 27.83300000 27.83300000 24.80600000 26.25600000 26.64800000 26.74800000 26.66700000 26.61700000 26.54500000 26.47200000 26.91500000
27.83300000 27.83300000 27.83300000 27.83300000 27.83300000 27.83300000 27.83300000 27.83300000 27.83300000 27.83300000 27.83300000 27.83300000 27.83300000 27.83300000 27.83300000 27.83300000 27.83300000 27.83300000 27.83300000 27.83300000 27.83300000 27.83300000 25.87200000 26.27000000 26.40500000 26.35700000 26.52700000 26.53200000 26.93100000 27.20500000
27.83300000 27.83300000 27.83300000 27.83300000 27.83300000 27.83300000 27.83300000 27.83300000 27.83300000 27.83300000 27.83300000 27.83300000 27.83300000 27.83300000 27.83300000 27.83300000 27.83300000 27.83300000 27.83300000 27.83300000 27.83300000 27.83300000 27.83300000 25.91800000 26.46100000 26.66300000 26.55000000 26.73600000 27.08100000 27.24800000
25.37400000 25.29500000 25.45800000 25.05900000 24.97400000 25.35100000 25.40900000 25.40200000 25.30700000 25.25600000 25.28700000 25.27500000 25.08500000 24.28200000 24.24300000 25.14900000 25.48100000 25.35600000 25.27800000 25.18800000 25.22700000 25.09400000 25.02700000 24.53700000 24.12400000 23.70500000 24.02600000 24.23200000 24.33300000 24.59500000
25.21400000 25.15100000 25.29600000 24.40700000 25.23500000 25.26200000 25.21900000 25.18400000 25.19100000 25.18000000 25.17500000 24.92200000 23.84300000 24.35300000 24.50800000 25.30200000 25.27700000 25.15600000 25.17200000 25.11100000 25.07200000 24.94600000 24.56700000 24.22100000 23.64300000 24.52400000 24.75900000 24.89600000 25.16000000 25.04800000
25.22400000 25.16500000 25.29900000 24.44600000 25.12800000 25.17900000 25.15500000 25.08300000 25.02600000 24.91100000 24.40500000 23.78400000 24.20100000 24.67200000 24.81300000 25.46800000 25.18100000 25.14100000 25.12100000 25.01300000 24.93400000 24.71600000 24.15400000 25.41000000 25.49400000 25.26000000 25.25800000 24.87700000 24.81500000 24.94000000
24.58400000 24.94400000 25.16900000 25.31300000 24.37900000 24.95300000 24.77700000 24.13100000 23.98100000 24.17800000 24.45200000 24.68100000 24.76700000 24.87800000 25.22000000 25.53500000 25.06600000 25.05800000 24.89500000 24.63200000 24.48300000 25.56700000 25.64100000 25.61800000 25.60600000 25.21200000 25.19800000 25.15300000 25.10900000 25.21000000
24.18000000 24.16500000 25.07400000 25.23200000 25.29700000 24.51700000 24.05700000 23.94100000 24.10500000 24.73500000 24.81900000 24.95400000 25.18800000 25.38700000 25.55200000 25.56400000 24.93500000 24.89400000 24.65900000 25.40300000 25.55100000 25.51200000 25.44000000 25.40200000 25.56100000 25.77200000 25.63900000 25.04600000 24.89500000 25.09300000
23.87700000 24.59100000 24.75000000 25.11700000 25.40100000 25.27500000 25.28000000 25.36900000 25.37300000 25.35400000 25.31600000 25.31900000 25.38700000 25.53600000 25.68800000 25.54500000 25.03000000 24.79100000 25.45000000 25.44100000 25.43100000 25.14600000 24.99800000 25.03500000 25.23300000 25.65400000 25.95800000 25.69700000 24.88300000 25.05800000
23.65900000 23.79500000 24.28500000 24.55300000 25.23600000 25.72000000 25.44200000 25.40500000 25.43800000 25.40700000 25.60100000 25.53200000 25.49400000 25.56600000 25.64600000 25.53800000 25.33500000 25.16900000 25.50100000 25.37500000 25.22100000 24.91100000 24.71900000 24.95400000 25.25800000 25.75400000 26.26800000 26.07200000 25.79700000 25.15200000
23.11200000 23.65600000 24.31600000 24.18300000 24.53900000 25.39200000 25.96800000 25.50900000 25.52700000 25.64200000 25.68400000 25.58000000 25.59800000 25.63200000 25.66100000 25.54100000 25.57700000 25.45700000 25.39400000 25.35800000 25.30900000 25.19500000 25.20800000 25.33700000 25.82800000 26.46900000 26.62900000 26.35600000 25.72400000 25.81000000
21.26100000 23.33700000 23.80100000 24.01100000 24.16900000 24.20200000 24.58000000 25.87300000 26.19400000 25.79900000 25.45300000 25.49300000 25.54500000 25.64000000 25.62900000 25.56800000 25.64200000 25.63200000 25.68900000 25.72300000 25.76500000 25.78700000 26.10800000 26.47500000 26.42900000 26.40200000 26.46900000 26.37800000 25.77800000 25.95300000
19.93800000 22.10700000 23.03000000 23.64200000 23.41500000 23.95500000 23.87500000 24.35400000 25.82900000 26.18700000 26.33400000 25.91300000 25.44500000 25.55200000 25.59200000 25.54600000 25.60700000 25.63400000 25.60400000 26.29800000 26.01200000 26.07300000 26.05900000 26.07200000 26.18100000 26.18500000 26.43200000 26.06400000 25.78900000 25.95900000
21.82800000 27.83300000 18.60600000 20.19600000 22.98900000 23.25600000 23.50600000 23.68000000 24.16200000 25.58600000 26.05600000 26.39900000 26.16500000 25.46600000 25.51600000 25.50200000 25.51100000 26.28600000 26.38200000 26.50900000 26.33100000 25.95800000 26.22400000 26.19100000 26.37200000 26.33900000 25.99800000 25.81500000 26.06200000 26.07400000
27.83300000 27.83300000 27.83300000 27.83300000 21.22000000 21.20300000 22.01800000 22.72900000 23.16700000 24.05400000 25.26600000 25.02200000 25.54100000 25.72100000 25.89900000 25.93400000 25.90500000 26.02700000 26.20900000 26.54600000 25.81000000 26.17200000 26.00700000 26.34100000 26.41700000 26.12500000 26.05300000 25.99700000 26.04900000 26.10200000
27.83300000 27.83300000 27.83300000 27.83300000 27.83300000 20.86600000 20.60100000 20.35000000 21.58200000 22.82500000 23.88900000 25.02200000 24.24300000 24.15700000 24.16100000 24.24200000 24.39900000 25.29000000 26.00700000 26.55200000 25.79600000 26.02300000 26.03500000 26.11800000 26.27300000 26.59900000 26.29900000 26.26800000 26.22500000 26.17800000
27.83300000 27.83300000 27.83300000 27.83300000 27.83300000 27.83300000 27.83300000 20.10600000 20.03000000 20.18600000 21.20700000 23.32500000 23.71700000 23.59600000 22.74000000 23.58500000 23.96500000 25.15900000 25.61400000 26.58800000 26.53400000 25.88800000 26.03400000 26.01500000 26.11700000 26.64900000 26.75200000 26.23400000 26.26600000 26.09500000
27.83300000 27.83300000 27.83300000 27.83300000 27.83300000 27.83300000 27.83300000 27.83300000 27.83300000 27.83300000 27.83300000 27.83300000 27.83300000 27.83300000 27.83300000 21.36400000 23.89400000 24.69300000 25.16100000 26.59000000 26.55600000 26.59100000 26.45500000 26.35200000 26.20900000 26.75500000 26.73800000 26.79900000 26.21100000 26.18900000
27.83300000 27.83300000 27.83300000 27.83300000 27.83300000 27.83300000 27.83300000 27.83300000 27.83300000 27.83300000 27.83300000 27.83300000 27.83300000 27.83300000 27.83300000 27.83300000 23.66000000 24.67700000 25.17800000 25.12300000 26.54900000 26.59900000 26.64300000 26.69100000 26.52400000 26.86100000 26.76300000 26.80400000 26.84600000 26.76800000
27.83300000 27.83300000 27.83300000 27.83300000 27.83300000 27.83300000 27.83300000 27.83300000 27.83300000 27.83300000 27.83300000 27.83300000 27.83300000 27.83300000 27.83300000 27.83300000 27.83300000 22.16000000 24.82800000 24.76600000 25.15500000 26.63100000 26.67500000 26.65400000 26.68100000 26.95300000 26.89500000 26.81400000 26.89600000 27.02300000
27.83300000 27.83300000 27.83300000 27.83300000 27.83300000 27.83300000 27.83300000 27.83300000 27.83300000 27.83300000 27.83300000 27.83300000 27.83300000 27.83300000 27.83300000 27.83300000 27.83300000 27.83300000 27.83300000 24.63800000 25.14400000 26.54700000 26.61800000 26.62800000 26.80200000 26.93600000 27.00400000 26.92700000 26.84400000 26.98300000
27.83300000 27.83300000 27.83300000 27.83300000 27.83300000 27.83300000 27.83300000 27.83300000 27.83300000 27.83300000 27.83300000 27.83300000 27.83300000 27.83300000 27.83300000 27.83300000 27.83300000 27.83300000 27.83300000 27.83300000 24.22700000 26.71800000 26.58000000 26.54800000 26.91100000 26.95900000 26.89200000 26.97200000 26.87400000 27.01500000
27.83300000 27.83300000 27.83300000 27.83300000 27.83300000 27.83300000 27.83300000 27.83300000 27.83300000 27.83300000 27.83300000 27.83300000 27.83300000 27.83300000 27.83300000 27.83300000 27.83300000 27.83300000 27.83300000 27.83300000 23.61100000 26.74000000 26.57000000 26.70600000 27.02300000 26.93300000 27.04200000 26.90600000 26.95700000 27.10600000
27.83300000 27.83300000 27.83300000 27.83300000 27.83300000 27.83300000 27.83300000 27.83300000 27.83300000 27.83300000 27.83300000 27.83300000 27.83300000 27.83300000 27.83300000 27.83300000 27.83300000 27.83300000 27.83300000 27.83300000 23.91200000 26.82000000 26.65100000 26.85100000 27.04700000 26.82200000 27.03100000 27.07500000 27.00900000 27.08400000
27.83300000 27.83300000 27.83300000 27.83300000 27.83300000 27.83300000 27.83300000 27.83300000 27.83300000 27.83300000 27.83300000 27.83300000 27.83300000 27.83300000 27.83300000 27.83300000 27.83300000 27.83300000 27.83300000 27.83300000 23.87200000 26.66200000 26.85500000 27.01600000 26.90700000 26.89400000 26.98900000 27.01600000 26.98200000 27.20600000
27.83300000 27.83300000 27.83300000 27.83300000 27.83300000 27.83300000 27.83300000 27.83300000 27.83300000 27.83300000 27.83300000 27.83300000 27.83300000 27.83300000 27.83300000 27.83300000 27.83300000 27.83300000 27.83300000 27.83300000 27.83300000 24.41000000 26.84500000 26.94900000 26.84600000 26.92000000 26.86500000 26.78800000 26.95700000 27.10600000
27.83300000 27.83300000 27.83300000 27.83300000 27.83300000 27.83300000 27.83300000 27.83300000 27.83300000 27.83300000 27.83300000 27.83300000 27.83300000 27.83300000 27.83300000 27.83300000 27.83300000 27.83300000 27.83300000 27.83300000 27.83300000 25.09800000 26.65800000 26.78800000 26.80400000 26.87000000 26.77700000 26.58800000 26.61300000 27.16000000
27.83300000 27.83300000 27.83300000 27.83300000 27.83300000 27.83300000 27.83300000 27.83300000 27.83300000 27.83300000 27.83300000 27.83300000 27.83300000 27.83300000 27.83300000 27.83300000 27.83300000 27.83300000 27.83300000 27.83300000 27.83300000 27.83300000 26.28000000 26.66500000 26.76500000 26.68500000 26.63400000 26.56200000 26.48400000 26.93100000
27.83300000 27.83300000 27.83300000 27.83300000 27.83300000 27.83300000 27.83300000 27.83300000 27.83300000 27.83300000 27.83300000 27.83300000 27.83300000 27.83300000 27.83300000 27.83300000 27.83300000 27.83300000 27.83300000 27.83300000 27.83300000 27.83300000 25.90200000 26.28800000 26.41800000 26.37300000 26.54400000 26.54900000 26.89200000 27.22000000
27.83300000 27.83300000 27.83300000 27.83300000 27.83300000 27.83300000 27.83300000 27.83300000 27.83300000 27.83300000 27.83300000 27.83300000 27.83300000 27.83300000 27.83300000 27.83300000 27.83300000 27.83300000 27.83300000 27.83300000 27.83300000 27.83300000 27.83300000 25.95400000 26.47700000 26.67900000 26.56600000 26.75300000 27.06600000 27.26800000
