36.99200000 36.95600000 36.94500000 36.95700000 37.04500000 37.19300000 37.25500000 37.26100000 37.21900000 37.20300000 37.13200000 37.01600000 36.89000000 36.67900000 36.63600000 36.85900000 36.99900000 37.00100000 37.02300000 37.06000000 37.00900000 36.99800000 36.87400000 36.63100000 36.54100000 36.28700000 36.50500000 36.43900000 36.40300000 36.44800000
36.98600000 36.96000000 36.93100000 36.87200000 37.19000000 37.21200000 37.20100000 37.18900000 37.16400000 37.10500000 37.00400000 36.88100000 36.50600000 36.73800000 36.80600000 36.97200000 37.07200000 37.01400000 37.08500000 37.03600000 36.99500000 36.90600000 36.75900000 36.64800000 36.44400000 36.77100000 36.86700000 36.92900000 37.07600000 37.08200000
37.03300000 36.89800000 36.89900000 36.86700000 37.14300000 37.16000000 37.13300000 37.07000000 37.00200000 36.93500000 36.78300000 36.44500000 36.67700000 36.88800000 36.86300000 37.08700000 37.02300000 37.02300000 37.04800000 36.99400000 36.91700000 36.83400000 36.62900000 37.12800000 37.13000000 37.03700000 37.06600000 36.93800000 36.91500000 36.86200000
36.54200000 36.99300000 36.85800000 36.92500000 36.83200000 37.05400000 36.96500000 36.66100000 36.55100000 36.71600000 36.85100000 36.92000000 36.89400000 36.88400000 36.92400000 37.13600000 36.95400000 36.98300000 36.94700000 36.82500000 36.72600000 37.19600000 37.25300000 37.25700000 37.21300000 37.01400000 37.04500000 37.02900000 36.98300000 36.91000000
36.30300000 36.35100000 36.98800000 36.92000000 36.89500000 36.88800000 36.63200000 36.55300000 36.68600000 36.95200000 36.91700000 36.90100000 36.92200000 36.94400000 36.99200000 37.14400000 36.88500000 36.89900000 36.79700000 37.12000000 37.24600000 37.23200000 37.20200000 37.19000000 37.21400000 37.26500000 37.23400000 36.87000000 36.74500000 36.65500000
36.12300000 35.75100000 36.97100000 37.05200000 37.05600000 36.85700000 36.84900000 36.91600000 36.90800000 36.87300000 36.84100000 36.84800000 36.88400000 36.96700000 37.04100000 37.10700000 36.93400000 36.85300000 37.14700000 37.21400000 37.20900000 37.12000000 37.04400000 37.05800000 37.15300000 37.21700000 37.28100000 37.25700000 36.69700000 36.58300000
35.70200000 35.51600000 36.74500000 36.85400000 37.10000000 37.18900000 36.93600000 36.90400000 36.89800000 36.88800000 37.02200000 36.99700000 36.99300000 37.01600000 37.03300000 37.05300000 37.08800000 37.05100000 37.17800000 37.19300000 37.13100000 37.02400000 36.95200000 37.02300000 37.15600000 37.22300000 37.33900000 37.33200000 37.26700000 36.66000000
35.49900000 36.00000000 36.70500000 36.65700000 36.77200000 37.14800000 37.28300000 36.94500000 36.92700000 36.97800000 37.00200000 36.97700000 37.01700000 37.04700000 37.04600000 37.07700000 37.21400000 37.15700000 37.13400000 37.17900000 37.16700000 37.11300000 37.13100000 37.15900000 37.21600000 37.39500000 37.47600000 37.42300000 37.27400000 37.22700000
35.40400000 35.78600000 36.37000000 36.53100000 36.72300000 36.51400000 36.84800000 37.32300000 37.38100000 37.13600000 36.91700000 36.92600000 36.94700000 37.03700000 37.03300000 37.14200000 37.22600000 37.22700000 37.23500000 37.24700000 37.25600000 37.19100000 37.25200000 37.45200000 37.43000000 37.43400000 37.46100000 37.43400000 37.28300000 37.26500000
35.24100000 35.24700000 35.23300000 36.35300000 36.22300000 36.61900000 36.24800000 36.79400000 37.29500000 37.36400000 37.39600000 37.18400000 36.95300000 36.96200000 36.95000000 37.03200000 37.14500000 37.13500000 37.01300000 37.38100000 37.29100000 37.34200000 37.34400000 37.35400000 37.40000000 37.40400000 37.45700000 37.32900000 37.26700000 37.25200000
34.73600000 34.83600000 35.19500000 35.21000000 35.96500000 36.25300000 36.13500000 36.00600000 36.68000000 37.22700000 37.34000000 37.41800000 37.28000000 36.95800000 37.00500000 37.01000000 37.01800000 37.37100000 37.35700000 37.36700000 37.34200000 37.30700000 37.39900000 37.33900000 37.39800000 37.39700000 37.32100000 37.26900000 37.29700000 37.21300000
37.59700000 37.59700000 37.59700000 35.08100000 35.59500000 35.71800000 35.83700000 35.88500000 35.74100000 36.64700000 37.15100000 37.06000000 37.18200000 37.20000000 37.25100000 37.26500000 37.25300000 37.28900000 37.29700000 37.37700000 37.24100000 37.35600000 37.28000000 37.27700000 37.33300000 37.31700000 37.31000000 37.28300000 37.25400000 37.18700000
37.59700000 37.59700000 37.59700000 37.59700000 35.19800000 35.24300000 35.51600000 35.53300000 35.59900000 35.94400000 36.56100000 37.10300000 36.67900000 36.62700000 36.66700000 36.70300000 36.49600000 37.07700000 37.24300000 37.36400000 37.20800000 37.27900000 37.24500000 37.22300000 37.30900000 37.38100000 37.35000000 37.36200000 37.35800000 37.20400000
37.59700000 37.59700000 37.59700000 37.59700000 37.59700000 37.59700000 35.30300000 35.40100000 35.45000000 35.52200000 35.69700000 36.26000000 36.39000000 36.36800000 36.15800000 36.45800000 36.37500000 37.06800000 37.12000000 37.36100000 37.36200000 37.19800000 37.21300000 37.19400000 37.28500000 37.37600000 37.46200000 37.34000000 37.37700000 37.21800000
37.59700000 37.59700000 37.59700000 37.59700000 37.59700000 37.59700000 37.59700000 37.59700000 37.59700000 37.59700000 37.59700000 37.59700000 35.68500000 35.94900000 36.16000000 36.09000000 36.14800000 36.63400000 37.01700000 37.35700000 37.38200000 37.37800000 37.33900000 37.31700000 37.31800000 37.38000000 37.41300000 37.49200000 37.32800000 37.36200000
37.59700000 37.59700000 37.59700000 37.59700000 37.59700000 37.59700000 37.59700000 37.59700000 37.59700000 37.59700000 37.59700000 37.59700000 37.59700000 37.59700000 37.59700000 35.99200000 36.05200000 36.35500000 37.02200000 36.94500000 37.31500000 37.42500000 37.40300000 37.40700000 37.36700000 37.35700000 37.41500000 37.50000000 37.51900000 37.50300000
37.59700000 37.59700000 37.59700000 37.59700000 37.59700000 37.59700000 37.59700000 37.59700000 37.59700000 37.59700000 37.59700000 37.59700000 37.59700000 37.59700000 37.59700000 37.59700000 35.92100000 36.32600000 36.74500000 37.00500000 37.08700000 37.34300000 37.41300000 37.40900000 37.33600000 37.34300000 37.38600000 37.35400000 37.51100000 37.55900000
37.59700000 37.59700000 37.59700000 37.59700000 37.59700000 37.59700000 37.59700000 37.59700000 37.59700000 37.59700000 37.59700000 37.59700000 37.59700000 37.59700000 37.59700000 37.59700000 37.59700000 37.59700000 36.04100000 36.65400000 36.99800000 37.30100000 37.43200000 37.41400000 37.30300000 37.34100000 37.38200000 37.36800000 37.35500000 37.45700000
37.59700000 37.59700000 37.59700000 37.59700000 37.59700000 37.59700000 37.59700000 37.59700000 37.59700000 37.59700000 37.59700000 37.59700000 37.59700000 37.59700000 37.59700000 37.59700000 37.59700000 37.59700000 37.59700000 36.76400000 36.78700000 37.34500000 37.43100000 37.38700000 37.33600000 37.39200000 37.34900000 37.38100000 37.32500000 37.37100000
37.59700000 37.59700000 37.59700000 37.59700000 37.59700000 37.59700000 37.59700000 37.59700000 37.59700000 37.59700000 37.59700000 37.59700000 37.59700000 37.59700000 37.59700000 37.59700000 37.59700000 37.59700000 37.59700000 36.85400000 36.81300000 37.33900000 37.42300000 37.31600000 37.39600000 37.40200000 37.43000000 37.35400000 37.35300000 37.36100000
37.59700000 37.59700000 37.59700000 37.59700000 37.59700000 37.59700000 37.59700000 37.59700000 37.59700000 37.59700000 37.59700000 37.59700000 37.59700000 37.59700000 37.59700000 37.59700000 37.59700000 37.59700000 37.59700000 36.69300000 36.83600000 37.35700000 37.36500000 37.32000000 37.40200000 37.39200000 37.41400000 37.43300000 37.36600000 37.34300000
37.59700000 37.59700000 37.59700000 37.59700000 37.59700000 37.59700000 37.59700000 37.59700000 37.59700000 37.59700000 37.59700000 37.59700000 37.59700000 37.59700000 37.59700000 37.59700000 37.59700000 37.59700000 37.59700000 36.35200000 36.71500000 37.29500000 37.34200000 37.39300000 37.37100000 37.37600000 37.35600000 37.38500000 37.37400000 37.38000000
37.59700000 37.59700000 37.59700000 37.59700000 37.59700000 37.59700000 37.59700000 37.59700000 37.59700000 37.59700000 37.59700000 37.59700000 37.59700000 37.59700000 37.59700000 37.59700000 37.59700000 37.59700000 37.59700000 37.59700000 36.67400000 36.82600000 37.35700000 37.38000000 37.37300000 37.34900000 37.32100000 37.30000000 37.31600000 37.33300000
37.59700000 37.59700000 37.59700000 37.59700000 37.59700000 37.59700000 37.59700000 37.59700000 37.59700000 37.59700000 37.59700000 37.59700000 37.59700000 37.59700000 37.59700000 37.59700000 37.59700000 37.59700000 37.59700000 37.59700000 37.59700000 36.74500000 37.28100000 37.33700000 37.34400000 37.33400000 37.31900000 37.29400000 37.28800000 37.30700000
37.59700000 37.59700000 37.59700000 37.59700000 37.59700000 37.59700000 37.59700000 37.59700000 37.59700000 37.59700000 37.59700000 37.59700000 37.59700000 37.59700000 37.59700000 37.59700000 37.59700000 37.59700000 37.59700000 37.59700000 37.59700000 36.55500000 37.14500000 37.28300000 37.32700000 37.31000000 37.28800000 37.26400000 37.24100000 37.26800000
37.59700000 37.59700000 37.59700000 37.59700000 37.59700000 37.59700000 37.59700000 37.59700000 37.59700000 37.59700000 37.59700000 37.59700000 37.59700000 37.59700000 37.59700000 37.59700000 37.59700000 37.59700000 37.59700000 37.59700000 37.59700000 37.59700000 36.87300000 37.11100000 37.19900000 37.17200000 37.20500000 37.24300000 37.28500000 37.31500000
37.59700000 37.59700000 37.59700000 37.59700000 37.59700000 37.59700000 37.59700000 37.59700000 37.59700000 37.59700000 37.59700000 37.59700000 37.59700000 37.59700000 37.59700000 37.59700000 37.59700000 37.59700000 37.59700000 37.59700000 37.59700000 37.59700000 37.59700000 36.75300000 37.18000000 37.22400000 37.22600000 37.24700000 37.28600000 37.30400000
36.98600000 36.95500000 36.94300000 36.95600000 37.04400000 37.19300000 37.25400000 37.26000000 37.21800000 37.20200000 37.13300000 37.01500000 36.89000000 36.68000000 36.63400000 36.85700000 36.99800000 37.00000000 37.02200000 37.06000000 37.00900000 36.99800000 36.87600000 36.62900000 36.54000000 36.28700000 36.50500000 36.43900000 36.40300000 36.44900000
36.98500000 36.95900000 36.93000000 36.87100000 37.18900000 37.21100000 37.20000000 37.18800000 37.16400000 37.10500000 37.00300000 36.88000000 36.50600000 36.73600000 36.80500000 36.97100000 37.07100000 37.01300000 37.08400000 37.03500000 36.99400000 36.90600000 36.75800000 36.64800000 36.44300000 36.77000000 36.86700000 36.92800000 37.07500000 37.08100000
37.03200000 36.89700000 36.89800000 36.86700000 37.14200000 37.15900000 37.13200000 37.06900000 37.00200000 36.93500000 36.78300000 36.44400000 36.67500000 36.88700000 36.86300000 37.08600000 37.02300000 37.02200000 37.04700000 36.99400000 36.91700000 36.83300000 36.62900000 37.12700000 37.12900000 37.03600000 37.06600000 36.93700000 36.91400000 36.86100000
36.55600000 36.99200000 36.85800000 36.92500000 36.83100000 37.05300000 36.96500000 36.66200000 36.55000000 36.71500000 36.85000000 36.91900000 36.89400000 36.88300000 36.92300000 37.13500000 36.95400000 36.98200000 36.94600000 36.82400000 36.72600000 37.19500000 37.25200000 37.25600000 37.21200000 37.01300000 37.04400000 37.02800000 36.98300000 36.90900000
36.30700000 36.36800000 36.98800000 36.92000000 36.89500000 36.88700000 36.63100000 36.55200000 36.68500000 36.95200000 36.91700000 36.90100000 36.92100000 36.94400000 36.99100000 37.14400000 36.88400000 36.89800000 36.79600000 37.11800000 37.24500000 37.23200000 37.20100000 37.18900000 37.21200000 37.26300000 37.23400000 36.87000000 36.74400000 36.65400000
36.11900000 36.40300000 36.97100000 37.05100000 37.05500000 36.85600000 36.84900000 36.91500000 36.90800000 36.87300000 36.84200000 36.84800000 36.88400000 36.96700000 37.04100000 37.10500000 36.93400000 36.85200000 37.14600000 37.21300000 37.20800000 37.11900000 37.04400000 37.05700000 37.15200000 37.21600000 37.28000000 37.25600000 36.69700000 36.58200000
35.83900000 35.79500000 36.74500000 36.85300000 37.09900000 37.18800000 36.93500000 36.90300000 36.89700000 36.88700000 37.02100000 36.99700000 36.99300000 37.01500000 37.03300000 37.05200000 37.08800000 37.04900000 37.17600000 37.19200000 37.13000000 37.02300000 36.95100000 37.02200000 37.15500000 37.22200000 37.33700000 37.33100000 37.26600000 36.66600000
35.55000000 35.99100000 36.70400000 36.65600000 36.77200000 37.14700000 37.28200000 36.94400000 36.92600000 36.97700000 37.00100000 36.97600000 37.01600000 37.04600000 37.04500000 37.07500000 37.21300000 37.15600000 37.13300000 37.17800000 37.16600000 37.11200000 37.13000000 37.15800000 37.21600000 37.39400000 37.47600000 37.42200000 37.27300000 37.22800000
35.87600000 35.84500000 36.37000000 36.53100000 36.72200000 36.51400000 36.84700000 37.32100000 37.38000000 37.13400000 36.91600000 36.92500000 36.94600000 37.03600000 37.03200000 37.14100000 37.22500000 37.22600000 37.23400000 37.24600000 37.25500000 37.19100000 37.25100000 37.45100000 37.43000000 37.43400000 37.46000000 37.43400000 37.28200000 37.26400000
35.72400000 35.81900000 36.39900000 36.36000000 36.23700000 36.62000000 36.25700000 36.79400000 37.29300000 37.36300000 37.39400000 37.18300000 36.95200000 36.96100000 36.94900000 37.03100000 37.14400000 37.13400000 37.01200000 37.38100000 37.29000000 37.34100000 37.34300000 37.35300000 37.39800000 37.40300000 37.45600000 37.32800000 37.26600000 37.25100000
35.50400000 37.59700000 35.91000000 35.94300000 36.06000000 36.40100000 36.26400000 36.06700000 36.67900000 37.22600000 37.33900000 37.41700000 37.27900000 36.95700000 37.00400000 37.00900000 37.01700000 37.37100000 37.35500000 37.36600000 37.34100000 37.30500000 37.39800000 37.33800000 37.39700000 37.39600000 37.32000000 37.26800000 37.29600000 37.21200000
37.59700000 37.59700000 37.59700000 37.59700000 35.86300000 36.05400000 36.49100000 36.49400000 35.95200000 36.64600000 37.15000000 37.05900000 37.18100000 37.19900000 37.25000000 37.26400000 37.25200000 37.28800000 37.29600000 37.37600000 37.24000000 37.35500000 37.27900000 37.27500000 37.33200000 37.31600000 37.30900000 37.28100000 37.25300000 37.18600000
37.59700000 37.59700000 37.59700000 37.59700000 37.59700000 35.65600000 35.86800000 36.09000000 36.18800000 36.20000000 36.56400000 37.10200000 36.68000000 36.63000000 36.66800000 36.70300000 36.50700000 37.07400000 37.24200000 37.36200000 37.20700000 37.27800000 37.24400000 37.22200000 37.30700000 37.38000000 37.34900000 37.36100000 37.35800000 37.20400000
37.59700000 37.59700000 37.59700000 37.59700000 37.59700000 37.59700000 37.59700000 35.71400000 35.73600000 35.83100000 36.03600000 36.27300000 36.46700000 36.38100000 36.16900000 36.45700000 36.42400000 37.06500000 37.11900000 37.36000000 37.36000000 37.19700000 37.21200000 37.19300000 37.28400000 37.37500000 37.46100000 37.33900000 37.37600000 37.21800000
37.59700000 37.59700000 37.59700000 37.59700000 37.59700000 37.59700000 37.59700000 37.59700000 37.59700000 37.59700000 37.59700000 37.59700000 37.59700000 37.59700000 37.59700000 36.25200000 36.22200000 36.63500000 37.01600000 37.35500000 37.38100000 37.37700000 37.33800000 37.31600000 37.31700000 37.37900000 37.41200000 37.49000000 37.32800000 37.36200000
37.59700000 37.59700000 37.59700000 37.59700000 37.59700000 37.59700000 37.59700000 37.59700000 37.59700000 37.59700000 37.59700000 37.59700000 37.59700000 37.59700000 37.59700000 37.59700000 36.17000000 36.41800000 37.01900000 36.93400000 37.31300000 37.42400000 37.40300000 37.40600000 37.36600000 37.35600000 37.41400000 37.49900000 37.51800000 37.50300000
37.59700000 37.59700000 37.59700000 37.59700000 37.59700000 37.59700000 37.59700000 37.59700000 37.59700000 37.59700000 37.59700000 37.59700000 37.59700000 37.59700000 37.59700000 37.59700000 37.59700000 36.33400000 36.74500000 36.97300000 37.08300000 37.34100000 37.41200000 37.40800000 37.33600000 37.34200000 37.38500000 37.35300000 37.51100000 37.55800000
37.59700000 37.59700000 37.59700000 37.59700000 37.59700000 37.59700000 37.59700000 37.59700000 37.59700000 37.59700000 37.59700000 37.59700000 37.59700000 37.59700000 37.59700000 37.59700000 37.59700000 37.59700000 37.59700000 36.64700000 36.99800000 37.29800000 37.43100000 37.41300000 37.30200000 37.34000000 37.38100000 37.36800000 37.35400000 37.45600000
37.59700000 37.59700000 37.59700000 37.59700000 37.59700000 37.59700000 37.59700000 37.59700000 37.59700000 37.59700000 37.59700000 37.59700000 37.59700000 37.59700000 37.59700000 37.59700000 37.59700000 37.59700000 37.59700000 37.59700000 36.79400000 37.34500000 37.43000000 37.38600000 37.33500000 37.39100000 37.34800000 37.38100000 37.32400000 37.37000000
37.59700000 37.59700000 37.59700000 37.59700000 37.59700000 37.59700000 37.59700000 37.59700000 37.59700000 37.59700000 37.59700000 37.59700000 37.59700000 37.59700000 37.59700000 37.59700000 37.59700000 37.59700000 37.59700000 37.59700000 36.64400000 37.33900000 37.42200000 37.31600000 37.39500000 37.40100000 37.42900000 37.35200000 37.35200000 37.36000000
37.59700000 37.59700000 37.59700000 37.59700000 37.59700000 37.59700000 37.59700000 37.59700000 37.59700000 37.59700000 37.59700000 37.59700000 37.59700000 37.59700000 37.59700000 37.59700000 37.59700000 37.59700000 37.59700000 37.59700000 36.63500000 37.35700000 37.36500000 37.32000000 37.40200000 37.39200000 37.41300000 37.43200000 37.36500000 37.34200000
37.59700000 37.59700000 37.59700000 37.59700000 37.59700000 37.59700000 37.59700000 37.59700000 37.59700000 37.59700000 37.59700000 37.59700000 37.59700000 37.59700000 37.59700000 37.59700000 37.59700000 37.59700000 37.59700000 37.59700000 36.68600000 37.29400000 37.34100000 37.39200000 37.37000000 37.37500000 37.35500000 37.38400000 37.37300000 37.37900000
37.59700000 37.59700000 37.59700000 37.59700000 37.59700000 37.59700000 37.59700000 37.59700000 37.59700000 37.59700000 37.59700000 37.59700000 37.59700000 37.59700000 37.59700000 37.59700000 37.59700000 37.59700000 37.59700000 37.59700000 37.59700000 36.68500000 37.35600000 37.37900000 37.37200000 37.34800000 37.32000000 37.29900000 37.31500000 37.33200000
37.59700000 37.59700000 37.59700000 37.59700000 37.59700000 37.59700000 37.59700000 37.59700000 37.59700000 37.59700000 37.59700000 37.59700000 37.59700000 37.59700000 37.59700000 37.59700000 37.59700000 37.59700000 37.59700000 37.59700000 37.59700000 36.72800000 37.28000000 37.33600000 37.34300000 37.33300000 37.31800000 37.29300000 37.28700000 37.30600000
37.59700000 37.59700000 37.59700000 37.59700000 37.59700000 37.59700000 37.59700000 37.59700000 37.59700000 37.59700000 37.59700000 37.59700000 37.59700000 37.59700000 37.59700000 37.59700000 37.59700000 37.59700000 37.59700000 37.59700000 37.59700000 37.59700000 37.14300000 37.28200000 37.32600000 37.30900000 37.28600000 37.26300000 37.24000000 37.26700000
37.59700000 37.59700000 37.59700000 37.59700000 37.59700000 37.59700000 37.59700000 37.59700000 37.59700000 37.59700000 37.59700000 37.59700000 37.59700000 37.59700000 37.59700000 37.59700000 37.59700000 37.59700000 37.59700000 37.59700000 37.59700000 37.59700000 36.86800000 37.11000000 37.19800000 37.17100000 37.20400000 37.24200000 37.28100000 37.31500000
37.59700000 37.59700000 37.59700000 37.59700000 37.59700000 37.59700000 37.59700000 37.59700000 37.59700000 37.59700000 37.59700000 37.59700000 37.59700000 37.59700000 37.59700000 37.59700000 37.59700000 37.59700000 37.59700000 37.59700000 37.59700000 37.59700000 37.59700000 36.74800000 37.17900000 37.22300000 37.22500000 37.24600000 37.28500000 37.30200000
