 25.34500000  25.25600000  25.40800000  25.02900000  24.96600000  25.31500000  25.38200000  25.38300000  25.28700000  25.22000000  25.24600000  25.25300000  25.05200000  24.23700000  24.23200000  25.13400000  25.46300000  25.32900000  25.23700000  25.16800000  25.20100000  25.07300000  25.01400000  24.52000000  24.10200000  23.69000000  24.01200000  24.21500000  24.31000000  24.58000000
 25.19900000  25.13700000  25.27800000  24.39600000  25.22200000  25.24300000  25.19800000  25.16600000  25.17500000  25.16600000  25.16200000  24.90000000  23.81900000  24.34300000  24.49400000  25.28400000  25.24600000  25.13200000  25.15500000  25.09200000  25.05100000  24.92600000  24.54600000  24.20000000  23.64600000  24.53400000  24.76700000  24.89400000  25.14000000  25.02800000
 25.22200000  25.14900000  25.27900000  24.41000000  25.11500000  25.16000000  25.13800000  25.06700000  25.01200000  24.89000000  24.37700000  23.77200000  24.19300000  24.65700000  24.81400000  25.44500000  25.15300000  25.11800000  25.10300000  24.99400000  24.91200000  24.68700000  24.15400000  25.42100000  25.47200000  25.23700000  25.23600000  24.85400000  24.79900000  24.92900000
 24.57200000  24.92700000  25.15300000  25.29300000  24.38900000  24.93700000  24.76000000  24.11700000  23.97600000  24.16200000  24.43900000  24.66600000  24.75300000  24.86600000  25.21400000  25.51000000  25.03900000  25.03800000  24.87400000  24.60500000  24.47200000  25.56000000  25.62000000  25.59700000  25.58100000  25.19000000  25.17900000  25.13200000  25.09000000  25.19300000
 24.18000000  24.10100000  25.05900000  25.22200000  25.28400000  24.50800000  24.04400000  23.92800000  24.09300000  24.72200000  24.80500000  24.93800000  25.16900000  25.37200000  25.53900000  25.54500000  24.90400000  24.87500000  24.63900000  25.40700000  25.52500000  25.49300000  25.41000000  25.37600000  25.54000000  25.75400000  25.62100000  25.02800000  24.87800000  25.07800000
 23.85700000  23.66400000  24.72700000  25.09400000  25.39500000  25.26400000  25.26100000  25.35300000  25.35600000  25.33400000  25.29800000  25.29900000  25.36500000  25.51300000  25.67100000  25.53100000  24.99200000  24.78200000  25.44000000  25.41900000  25.41000000  25.12600000  24.97800000  25.01400000  25.21500000  25.63900000  25.94100000  25.68100000  24.86000000  25.04300000
 23.47300000  23.61600000  24.26500000  24.52300000  25.20900000  25.71200000  25.42900000  25.39000000  25.42300000  25.38900000  25.58200000  25.51600000  25.47500000  25.54500000  25.62600000  25.51800000  25.30300000  25.15800000  25.48200000  25.35800000  25.19600000  24.89400000  24.70400000  24.94300000  25.24300000  25.74000000  26.25000000  26.05500000  25.78000000  25.13800000
 23.42100000  23.64400000  24.28000000  24.15200000  24.51000000  25.36800000  25.95700000  25.49800000  25.50700000  25.62100000  25.66300000  25.56100000  25.57800000  25.61200000  25.63900000  25.51800000  25.55300000  25.43300000  25.37300000  25.33600000  25.29100000  25.18100000  25.19600000  25.32900000  25.82500000  26.45700000  26.60500000  26.33500000  25.70400000  25.78600000
 23.12400000  23.25900000  23.77900000  23.97600000  24.13700000  24.17200000  24.55400000  25.85200000  26.17600000  25.79500000  25.43700000  25.47400000  25.52700000  25.62200000  25.61400000  25.54800000  25.62200000  25.60800000  25.66300000  25.69900000  25.74800000  25.77000000  26.10800000  26.44200000  26.39800000  26.37500000  26.44400000  26.35400000  25.75400000  25.93700000
 23.02200000  22.43600000  23.15200000  23.60700000  23.38100000  23.92100000  23.84400000  24.33100000  25.80600000  26.17200000  26.31400000  25.90600000  25.42400000  25.53600000  25.57100000  25.52600000  25.59100000  25.61900000  25.58300000  26.27200000  25.99400000  26.04800000  26.03600000  26.05400000  26.16700000  26.16800000  26.41200000  26.04200000  25.77300000  25.94100000
 23.92300000  23.33400000  22.72600000  23.05700000  23.11000000  23.33500000  23.42100000  23.57900000  24.14100000  25.55800000  26.02200000  26.37000000  26.14500000  25.44500000  25.49700000  25.48100000  25.49400000  26.25600000  26.35900000  26.49000000  26.30700000  25.94000000  26.20900000  26.16200000  26.35000000  26.31400000  25.97500000  25.79800000  26.04100000  26.05500000
 27.83300000  27.83300000  27.83300000  23.62600000  23.11600000  22.84000000  23.09700000  23.06000000  23.18300000  24.03600000  25.23000000  24.99600000  25.50300000  25.69900000  25.88200000  25.91000000  25.89000000  25.99500000  26.18900000  26.52400000  25.78700000  26.16000000  25.98400000  26.32200000  26.39800000  26.10600000  26.02900000  25.98200000  26.02800000  26.09000000
 27.83300000  27.83300000  27.83300000  27.83300000  23.48500000  23.36000000  23.09100000  22.82600000  22.99800000  23.26300000  23.87200000  24.98700000  24.19200000  24.10800000  24.11800000  24.21200000  24.34700000  25.28800000  25.98600000  26.53200000  25.78200000  26.00600000  26.02800000  26.09700000  26.25600000  26.58000000  26.27100000  26.24800000  26.20300000  26.16100000
 27.83300000  27.83300000  27.83300000  27.83300000  27.83300000  27.83300000  24.16100000  23.73300000  23.19400000  23.00200000  23.05000000  23.30700000  23.53200000  23.52800000  22.67500000  23.59900000  23.87600000  25.16300000  25.59700000  26.56600000  26.51200000  25.87200000  26.01800000  25.99600000  26.10100000  26.63000000  26.73100000  26.20600000  26.24600000  26.07500000
 27.83300000  27.83300000  27.83300000  27.83300000  27.83300000  27.83300000  27.83300000  27.83300000  27.83300000  27.83300000  27.83300000  27.83300000  23.14900000  23.04700000  22.72700000  23.31500000  23.79200000  24.68300000  25.11100000  26.57500000  26.53500000  26.57200000  26.43500000  26.34400000  26.19200000  26.74000000  26.71800000  26.77800000  26.19100000  26.17100000
 27.83300000  27.83300000  27.83300000  27.83300000  27.83300000  27.83300000  27.83300000  27.83300000  27.83300000  27.83300000  27.83300000  27.83300000  27.83300000  27.83300000  27.83300000  23.40200000  23.76400000  24.68500000  25.14800000  25.14100000  26.52200000  26.57600000  26.62300000  26.66700000  26.52100000  26.84400000  26.74200000  26.78500000  26.82600000  26.75400000
 27.83300000  27.83300000  27.83300000  27.83300000  27.83300000  27.83300000  27.83300000  27.83300000  27.83300000  27.83300000  27.83300000  27.83300000  27.83300000  27.83300000  27.83300000  27.83300000  23.64600000  24.00900000  24.86800000  24.78800000  25.14700000  26.61000000  26.65600000  26.62900000  26.67000000  26.93500000  26.87500000  26.79800000  26.87800000  27.00600000
 27.83300000  27.83300000  27.83300000  27.83300000  27.83300000  27.83300000  27.83300000  27.83300000  27.83300000  27.83300000  27.83300000  27.83300000  27.83300000  27.83300000  27.83300000  27.83300000  27.83300000  27.83300000  23.53500000  24.60100000  25.10300000  26.52400000  26.59600000  26.60400000  26.78600000  26.91600000  26.98300000  26.90900000  26.82800000  26.96200000
 27.83300000  27.83300000  27.83300000  27.83300000  27.83300000  27.83300000  27.83300000  27.83300000  27.83300000  27.83300000  27.83300000  27.83300000  27.83300000  27.83300000  27.83300000  27.83300000  27.83300000  27.83300000  27.83300000  25.24500000  24.32600000  26.68600000  26.55900000  26.53400000  26.89000000  26.93900000  26.87000000  26.95500000  26.85400000  26.99900000
 27.83300000  27.83300000  27.83300000  27.83300000  27.83300000  27.83300000  27.83300000  27.83300000  27.83300000  27.83300000  27.83300000  27.83300000  27.83300000  27.83300000  27.83300000  27.83300000  27.83300000  27.83300000  27.83300000  25.41400000  25.06000000  26.71200000  26.54800000  26.68900000  27.00800000  26.90600000  27.01800000  26.88300000  26.93500000  27.08900000
 27.83300000  27.83300000  27.83300000  27.83300000  27.83300000  27.83300000  27.83300000  27.83300000  27.83300000  27.83300000  27.83300000  27.83300000  27.83300000  27.83300000  27.83300000  27.83300000  27.83300000  27.83300000  27.83300000  25.33500000  25.32800000  26.80300000  26.63500000  26.83600000  27.02400000  26.80000000  27.01200000  27.05100000  26.99100000  27.06800000
 27.83300000  27.83300000  27.83300000  27.83300000  27.83300000  27.83300000  27.83300000  27.83300000  27.83300000  27.83300000  27.83300000  27.83300000  27.83300000  27.83300000  27.83300000  27.83300000  27.83300000  27.83300000  27.83300000  24.55300000  24.43700000  26.64900000  26.83500000  26.99400000  26.88400000  26.87000000  26.97200000  26.99500000  26.94700000  27.19000000
 27.83300000  27.83300000  27.83300000  27.83300000  27.83300000  27.83300000  27.83300000  27.83300000  27.83300000  27.83300000  27.83300000  27.83300000  27.83300000  27.83300000  27.83300000  27.83300000  27.83300000  27.83300000  27.83300000  27.83300000  25.07800000  25.32500000  26.82300000  26.93000000  26.82500000  26.89900000  26.84500000  26.76800000  26.93600000  27.09300000
 27.83300000  27.83300000  27.83300000  27.83300000  27.83300000  27.83300000  27.83300000  27.83300000  27.83300000  27.83300000  27.83300000  27.83300000  27.83300000  27.83300000  27.83300000  27.83300000  27.83300000  27.83300000  27.83300000  27.83300000  27.83300000  25.04800000  26.63600000  26.77100000  26.78900000  26.85100000  26.75400000  26.56700000  26.58600000  27.14500000
 27.83300000  27.83300000  27.83300000  27.83300000  27.83300000  27.83300000  27.83300000  27.83300000  27.83300000  27.83300000  27.83300000  27.83300000  27.83300000  27.83300000  27.83300000  27.83300000  27.83300000  27.83300000  27.83300000  27.83300000  27.83300000  24.81200000  26.25700000  26.64900000  26.74800000  26.66500000  26.61400000  26.54300000  26.47000000  26.92800000
 27.83300000  27.83300000  27.83300000  27.83300000  27.83300000  27.83300000  27.83300000  27.83300000  27.83300000  27.83300000  27.83300000  27.83300000  27.83300000  27.83300000  27.83300000  27.83300000  27.83300000  27.83300000  27.83300000  27.83300000  27.83300000  27.83300000  25.87200000  26.26900000  26.40800000  26.35500000  26.52800000  26.54000000  26.92800000  27.21200000
 27.83300000  27.83300000  27.83300000  27.83300000  27.83300000  27.83300000  27.83300000  27.83300000  27.83300000  27.83300000  27.83300000  27.83300000  27.83300000  27.83300000  27.83300000  27.83300000  27.83300000  27.83300000  27.83300000  27.83300000  27.83300000  27.83300000  27.83300000  25.93000000  26.46200000  26.66300000  26.55200000  26.73300000  27.06900000  27.25600000
 25.36800000  25.29400000  25.45600000  25.04800000  24.98100000  25.34900000  25.40600000  25.39900000  25.30200000  25.25400000  25.27900000  25.27400000  25.08300000  24.27500000  24.24300000  25.14600000  25.47800000  25.35200000  25.27400000  25.18700000  25.22300000  25.08800000  25.02200000  24.52400000  24.11700000  23.70200000  24.02300000  24.22900000  24.33500000  24.59300000
 25.21400000  25.14900000  25.29600000  24.40900000  25.23600000  25.25800000  25.21300000  25.17900000  25.18700000  25.17900000  25.17500000  24.91800000  23.83100000  24.35800000  24.50900000  25.30100000  25.26500000  25.15000000  25.17100000  25.10900000  25.06800000  24.94200000  24.56000000  24.21400000  23.65700000  24.54800000  24.78300000  24.91100000  25.15900000  25.04300000
 25.23000000  25.16400000  25.29700000  24.42200000  25.12800000  25.17500000  25.15300000  25.08100000  25.02600000  24.90900000  24.39400000  23.78500000  24.20800000  24.67200000  24.82100000  25.46600000  25.16900000  25.13500000  25.11800000  25.00800000  24.92700000  24.70400000  24.16500000  25.43600000  25.48500000  25.25400000  25.25400000  24.87100000  24.81500000  24.94500000
 24.59200000  24.94000000  25.16400000  25.30400000  24.40200000  24.94900000  24.77400000  24.12800000  23.98400000  24.17600000  24.45200000  24.68000000  24.76500000  24.87900000  25.22700000  25.52700000  25.05400000  25.05400000  24.88900000  24.61900000  24.48500000  25.57900000  25.63800000  25.61400000  25.59800000  25.20700000  25.19600000  25.15000000  25.11000000  25.20800000
 24.17600000  24.16400000  25.07400000  25.23300000  25.29300000  24.51400000  24.05700000  23.93800000  24.10300000  24.73400000  24.81900000  24.95100000  25.18300000  25.38500000  25.55300000  25.55900000  24.91800000  24.88800000  24.65000000  25.42200000  25.54300000  25.51200000  25.42500000  25.39200000  25.55400000  25.77200000  25.63500000  25.04500000  24.89300000  25.09300000
 23.87700000  24.60000000  24.74300000  25.11200000  25.40600000  25.27700000  25.27500000  25.36400000  25.36800000  25.34800000  25.31300000  25.31600000  25.38200000  25.53000000  25.68600000  25.54600000  25.00800000  24.79400000  25.45400000  25.43700000  25.42600000  25.14200000  24.99500000  25.03500000  25.23100000  25.65300000  25.95800000  25.69300000  24.87400000  25.05700000
 23.66000000  23.80500000  24.28100000  24.53900000  25.22400000  25.72500000  25.44000000  25.40300000  25.43600000  25.40600000  25.59900000  25.53200000  25.49200000  25.56000000  25.64200000  25.53700000  25.31800000  25.17500000  25.49900000  25.37200000  25.21100000  24.91000000  24.71900000  24.95900000  25.25900000  25.75600000  26.26800000  26.07300000  25.79500000  25.15100000
 23.11400000  23.62700000  24.29900000  24.16800000  24.52500000  25.37900000  25.96800000  25.51100000  25.52100000  25.63700000  25.67900000  25.57800000  25.59400000  25.62700000  25.65500000  25.53700000  25.57000000  25.45000000  25.38900000  25.35000000  25.30400000  25.19500000  25.20800000  25.34300000  25.83800000  26.47400000  26.62500000  26.35300000  25.72200000  25.80000000
 21.24700000  23.34100000  23.79500000  23.99400000  24.15100000  24.18800000  24.56500000  25.86500000  26.19300000  25.80600000  25.45200000  25.48900000  25.54200000  25.63700000  25.62800000  25.57000000  25.63900000  25.62500000  25.68200000  25.71700000  25.76200000  25.78300000  26.12400000  26.46200000  26.41600000  26.39400000  26.46300000  26.37400000  25.77400000  25.95600000
 19.96600000  22.13400000  23.03000000  23.61600000  23.40300000  23.93500000  23.87500000  24.34000000  25.81800000  26.18400000  26.33100000  25.91900000  25.44100000  25.55200000  25.58900000  25.54500000  25.60600000  25.63200000  25.60000000  26.28700000  26.01100000  26.06400000  26.05200000  26.07100000  26.18500000  26.18700000  26.43000000  26.05900000  25.78600000  25.95500000
 21.79700000  27.83300000  18.56000000  19.94000000  22.94700000  23.19200000  23.49900000  23.68200000  24.15500000  25.57200000  26.03400000  26.38600000  26.16100000  25.46000000  25.51300000  25.49600000  25.50800000  26.27500000  26.37500000  26.50700000  26.32400000  25.95400000  26.22500000  26.17700000  26.36600000  26.33200000  25.99300000  25.81300000  26.05900000  26.06900000
 27.83300000  27.83300000  27.83300000  27.83300000  21.01100000  21.20100000  22.01200000  22.71200000  23.19200000  24.04800000  25.24600000  25.00800000  25.51500000  25.71500000  25.89200000  25.92700000  25.89800000  26.00800000  26.20400000  26.54200000  25.80300000  26.17100000  25.99900000  26.33900000  26.41500000  26.12300000  26.04900000  25.99700000  26.04400000  26.09900000
 27.83300000  27.83300000  27.83300000  27.83300000  27.83300000  20.81200000  20.51400000  20.33700000  21.49400000  22.86600000  23.88900000  25.00300000  24.20500000  24.12800000  24.13300000  24.22300000  24.38400000  25.30300000  25.99900000  26.54700000  25.79600000  26.01900000  26.03700000  26.11200000  26.27000000  26.59600000  26.29200000  26.26500000  26.22000000  26.17800000
 27.83300000  27.83300000  27.83300000  27.83300000  27.83300000  27.83300000  27.83300000  20.03400000  19.97900000  20.12600000  21.25900000  23.30900000  23.69100000  23.56600000  22.66600000  23.60900000  23.96200000  25.17900000  25.61000000  26.58300000  26.53000000  25.88700000  26.03200000  26.01200000  26.11600000  26.64600000  26.74900000  26.22700000  26.26300000  26.08900000
 27.83300000  27.83300000  27.83300000  27.83300000  27.83300000  27.83300000  27.83300000  27.83300000  27.83300000  27.83300000  27.83300000  27.83300000  27.83300000  27.83300000  27.83300000  21.27900000  23.89400000  24.70600000  25.12900000  26.59000000  26.55200000  26.58600000  26.45500000  26.36000000  26.20700000  26.75500000  26.73400000  26.79600000  26.21000000  26.18600000
 27.83300000  27.83300000  27.83300000  27.83300000  27.83300000  27.83300000  27.83300000  27.83300000  27.83300000  27.83300000  27.83300000  27.83300000  27.83300000  27.83300000  27.83300000  27.83300000  23.68100000  24.70100000  25.16800000  25.11700000  26.53500000  26.59400000  26.64000000  26.68300000  26.53400000  26.85900000  26.75900000  26.80000000  26.84300000  26.77200000
 27.83300000  27.83300000  27.83300000  27.83300000  27.83300000  27.83300000  27.83300000  27.83300000  27.83300000  27.83300000  27.83300000  27.83300000  27.83300000  27.83300000  27.83300000  27.83300000  27.83300000  22.22300000  24.78200000  24.66400000  25.15300000  26.62800000  26.67400000  26.64600000  26.68200000  26.95100000  26.89100000  26.81100000  26.89400000  27.02300000
 27.83300000  27.83300000  27.83300000  27.83300000  27.83300000  27.83300000  27.83300000  27.83300000  27.83300000  27.83300000  27.83300000  27.83300000  27.83300000  27.83300000  27.83300000  27.83300000  27.83300000  27.83300000  27.83300000  24.59700000  25.12500000  26.54400000  26.61200000  26.62100000  26.80200000  26.93300000  27.00000000  26.92300000  26.84400000  26.98400000
 27.83300000  27.83300000  27.83300000  27.83300000  27.83300000  27.83300000  27.83300000  27.83300000  27.83300000  27.83300000  27.83300000  27.83300000  27.83300000  27.83300000  27.83300000  27.83300000  27.83300000  27.83300000  27.83300000  27.83300000  24.24500000  26.71100000  26.57300000  26.54700000  26.90700000  26.95900000  26.88800000  26.97200000  26.87200000  27.01600000
 27.83300000  27.83300000  27.83300000  27.83300000  27.83300000  27.83300000  27.83300000  27.83300000  27.83300000  27.83300000  27.83300000  27.83300000  27.83300000  27.83300000  27.83300000  27.83300000  27.83300000  27.83300000  27.83300000  27.83300000  23.62700000  26.73600000  26.56600000  26.70400000  27.02600000  26.92600000  27.03900000  26.90100000  26.95200000  27.10500000
 27.83300000  27.83300000  27.83300000  27.83300000  27.83300000  27.83300000  27.83300000  27.83300000  27.83300000  27.83300000  27.83300000  27.83300000  27.83300000  27.83300000  27.83300000  27.83300000  27.83300000  27.83300000  27.83300000  27.83300000  23.92900000  26.81800000  26.65000000  26.85200000  27.04500000  26.81900000  27.03000000  27.07000000  27.00700000  27.08200000
 27.83300000  27.83300000  27.83300000  27.83300000  27.83300000  27.83300000  27.83300000  27.83300000  27.83300000  27.83300000  27.83300000  27.83300000  27.83300000  27.83300000  27.83300000  27.83300000  27.83300000  27.83300000  27.83300000  27.83300000  23.82100000  26.66400000  26.85400000  27.01100000  26.90300000  26.89700000  26.99000000  27.00900000  26.96500000  27.20600000
 27.83300000  27.83300000  27.83300000  27.83300000  27.83300000  27.83300000  27.83300000  27.83300000  27.83300000  27.83300000  27.83300000  27.83300000  27.83300000  27.83300000  27.83300000  27.83300000  27.83300000  27.83300000  27.83300000  27.83300000  27.83300000  24.29800000  26.83900000  26.94500000  26.84300000  26.91400000  26.86100000  26.78200000  26.95300000  27.10600000
 27.83300000  27.83300000  27.83300000  27.83300000  27.83300000  27.83300000  27.83300000  27.83300000  27.83300000  27.83300000  27.83300000  27.83300000  27.83300000  27.83300000  27.83300000  27.83300000  27.83300000  27.83300000  27.83300000  27.83300000  27.83300000  25.09400000  26.65100000  26.78500000  26.80100000  26.86900000  26.76900000  26.58200000  26.60200000  27.15800000
 27.83300000  27.83300000  27.83300000  27.83300000  27.83300000  27.83300000  27.83300000  27.83300000  27.83300000  27.83300000  27.83300000  27.83300000  27.83300000  27.83300000  27.83300000  27.83300000  27.83300000  27.83300000  27.83300000  27.83300000  27.83300000  27.83300000  26.27300000  26.66200000  26.76200000  26.68100000  26.62800000  26.55700000  26.48000000  26.94000000
 27.83300000  27.83300000  27.83300000  27.83300000  27.83300000  27.83300000  27.83300000  27.83300000  27.83300000  27.83300000  27.83300000  27.83300000  27.83300000  27.83300000  27.83300000  27.83300000  27.83300000  27.83300000  27.83300000  27.83300000  27.83300000  27.83300000  25.89400000  26.28400000  26.41900000  26.36800000  26.54300000  26.55300000  26.94700000  27.22500000
 27.83300000  27.83300000  27.83300000  27.83300000  27.83300000  27.83300000  27.83300000  27.83300000  27.83300000  27.83300000  27.83300000  27.83300000  27.83300000  27.83300000  27.83300000  27.83300000  27.83300000  27.83300000  27.83300000  27.83300000  27.83300000  27.83300000  27.83300000  25.96100000  26.47600000  26.67600000  26.56400000  26.74700000  27.11100000  27.26800000
