25.34100000 25.25300000 25.40000000 25.01900000 24.97400000 25.31300000 25.36700000 25.38500000 25.29500000 25.20500000 25.23700000 25.24900000 25.04300000 24.23600000 24.23200000 25.13100000 25.46000000 25.32100000 25.23500000 25.16700000 25.19600000 25.06900000 25.01000000 24.50600000 24.10100000 23.68800000 24.01100000 24.21300000 24.31100000 24.57900000
25.20000000 25.13900000 25.28200000 24.40600000 25.23000000 25.24800000 25.20200000 25.16800000 25.18000000 25.17300000 25.16800000 24.90800000 23.81700000 24.35500000 24.49900000 25.28600000 25.24000000 25.13200000 25.15800000 25.09200000 25.05200000 24.92800000 24.54500000 24.20100000 23.66500000 24.56300000 24.79800000 24.91400000 25.14200000 25.02500000
25.22700000 25.15200000 25.28300000 24.39200000 25.12300000 25.16500000 25.14500000 25.07400000 25.02200000 24.89700000 24.38000000 23.78000000 24.20800000 24.66600000 24.82500000 25.45200000 25.15000000 25.12100000 25.10700000 24.99500000 24.91000000 24.68000000 24.17000000 25.44600000 25.46500000 25.23600000 25.23600000 24.85200000 24.80300000 24.93700000
24.56700000 24.92800000 25.15400000 25.29000000 24.41800000 24.94000000 24.76700000 24.12300000 23.98400000 24.16600000 24.44200000 24.67000000 24.75800000 24.87500000 25.22700000 25.51000000 25.03500000 25.04300000 24.87700000 24.59900000 24.48100000 25.57300000 25.62100000 25.59800000 25.57800000 25.19100000 25.18100000 25.13200000 25.09600000 25.19600000
24.17500000 24.14500000 25.06800000 25.23000000 25.28500000 24.51300000 24.05200000 23.93100000 24.09400000 24.72200000 24.80700000 24.93900000 25.16900000 25.37400000 25.54400000 25.54700000 24.89500000 24.87600000 24.63700000 25.43000000 25.52300000 25.49700000 25.40000000 25.37400000 25.54200000 25.76100000 25.62100000 25.02900000 24.88000000 25.08200000
23.85700000 23.67400000 24.72900000 25.10200000 25.40500000 25.27400000 25.26200000 25.35500000 25.35800000 25.33400000 25.30100000 25.30100000 25.36300000 25.51100000 25.67300000 25.53600000 24.97200000 24.78900000 25.44900000 25.42200000 25.41400000 25.12700000 24.97900000 25.02200000 25.21900000 25.64300000 25.94700000 25.68200000 24.85600000 25.04400000
23.47200000 23.63400000 24.26800000 24.51700000 25.20700000 25.72400000 25.43300000 25.39600000 25.42900000 25.39600000 25.58700000 25.52200000 25.47700000 25.54300000 25.62700000 25.52200000 25.29000000 25.17100000 25.48700000 25.36500000 25.19500000 24.90100000 24.70700000 24.95100000 25.24700000 25.74700000 26.25400000 26.06100000 25.78400000 25.14300000
23.40200000 23.64900000 24.27700000 24.15100000 24.51300000 25.36600000 25.96300000 25.50700000 25.51000000 25.62500000 25.66700000 25.56900000 25.58300000 25.61300000 25.63900000 25.52100000 25.55300000 25.43200000 25.37700000 25.33700000 25.29300000 25.18600000 25.19800000 25.33600000 25.83600000 26.46300000 26.60400000 26.33600000 25.70900000 25.78300000
23.03500000 23.27600000 23.78600000 23.97000000 24.13400000 24.17100000 24.55500000 25.85400000 26.18300000 25.80700000 25.44400000 25.47900000 25.53300000 25.62900000 25.62000000 25.55800000 25.62600000 25.60900000 25.66600000 25.70200000 25.75100000 25.77100000 26.12200000 26.43200000 26.39000000 26.36900000 26.44100000 26.35300000 25.75800000 25.94600000
22.97200000 22.51000000 23.19700000 23.59300000 23.38100000 23.91600000 23.85300000 24.33000000 25.80600000 26.17600000 26.32000000 25.91600000 25.43100000 25.54700000 25.57800000 25.53400000 25.59900000 25.62300000 25.58800000 26.27000000 26.00200000 26.04700000 26.03600000 26.06000000 26.17700000 26.17500000 26.41500000 26.04400000 25.77400000 25.94300000
23.91000000 23.34600000 22.69900000 23.08200000 23.10800000 23.33400000 23.42500000 23.57700000 24.15100000 25.55500000 26.01200000 26.36800000 26.15000000 25.45000000 25.50400000 25.48500000 25.50000000 26.25400000 26.36200000 26.49600000 26.30800000 25.94500000 26.21800000 26.15700000 26.35100000 26.31500000 25.97700000 25.80000000 26.04300000 26.05700000
27.83300000 27.83300000 27.83300000 23.64500000 23.12700000 22.85100000 23.09600000 23.06000000 23.19200000 24.04500000 25.22100000 24.99700000 25.49000000 25.70700000 25.88100000 25.91400000 25.89100000 25.98800000 26.19200000 26.53000000 25.78900000 26.16500000 25.98600000 26.32700000 26.40500000 26.11300000 26.03100000 25.98500000 26.02600000 26.09000000
27.83300000 27.83300000 27.83300000 27.83300000 23.49700000 23.38300000 23.10700000 22.83500000 23.00600000 23.27200000 23.89300000 24.98100000 24.16600000 24.09100000 24.11500000 24.20600000 24.35000000 25.30900000 25.98600000 26.53600000 25.78800000 26.00800000 26.03400000 26.09900000 26.26000000 26.58600000 26.26800000 26.24800000 26.19800000 26.16200000
27.83300000 27.83300000 27.83300000 27.83300000 27.83300000 27.83300000 24.18200000 23.73500000 23.20800000 23.02300000 23.06000000 23.30900000 23.52000000 23.51000000 22.62000000 23.62700000 23.89200000 25.19000000 25.60900000 26.56800000 26.51500000 25.87800000 26.02300000 26.00000000 26.10600000 26.63400000 26.73400000 26.20300000 26.24700000 26.07200000
27.83300000 27.83300000 27.83300000 27.83300000 27.83300000 27.83300000 27.83300000 27.83300000 27.83300000 27.83300000 27.83300000 27.83300000 23.18000000 23.07700000 22.75400000 23.32400000 23.81000000 24.71200000 25.09500000 26.57800000 26.53700000 26.57200000 26.44400000 26.36100000 26.19700000 26.74400000 26.71900000 26.78100000 26.19600000 26.17400000
27.83300000 27.83300000 27.83300000 27.83300000 27.83300000 27.83300000 27.83300000 27.83300000 27.83300000 27.83300000 27.83300000 27.83300000 27.83300000 27.83300000 27.83300000 23.41300000 23.77900000 24.69600000 25.13200000 25.15900000 26.51600000 26.57900000 26.62800000 26.66800000 26.53300000 26.84700000 26.74300000 26.78900000 26.83000000 26.76100000
27.83300000 27.83300000 27.83300000 27.83300000 27.83300000 27.83300000 27.83300000 27.83300000 27.83300000 27.83300000 27.83300000 27.83300000 27.83300000 27.83300000 27.83300000 27.83300000 23.64500000 24.01000000 24.87400000 24.77900000 25.15500000 26.61600000 26.66300000 26.62900000 26.67700000 26.93800000 26.87500000 26.80100000 26.88300000 27.01200000
27.83300000 27.83300000 27.83300000 27.83300000 27.83300000 27.83300000 27.83300000 27.83300000 27.83300000 27.83300000 27.83300000 27.83300000 27.83300000 27.83300000 27.83300000 27.83300000 27.83300000 27.83300000 23.54000000 24.58400000 25.09600000 26.53800000 26.59800000 26.60600000 26.79400000 26.91800000 26.98500000 26.91000000 26.83400000 26.96900000
27.83300000 27.83300000 27.83300000 27.83300000 27.83300000 27.83300000 27.83300000 27.83300000 27.83300000 27.83300000 27.83300000 27.83300000 27.83300000 27.83300000 27.83300000 27.83300000 27.83300000 27.83300000 27.83300000 25.25600000 24.34000000 26.68800000 26.55900000 26.53900000 26.89300000 26.94500000 26.87300000 26.96000000 26.86000000 27.00500000
27.83300000 27.83300000 27.83300000 27.83300000 27.83300000 27.83300000 27.83300000 27.83300000 27.83300000 27.83300000 27.83300000 27.83300000 27.83300000 27.83300000 27.83300000 27.83300000 27.83300000 27.83300000 27.83300000 25.42300000 25.12500000 26.71600000 26.54900000 26.69200000 27.01700000 26.90800000 27.02100000 26.88600000 26.93800000 27.09500000
27.83300000 27.83300000 27.83300000 27.83300000 27.83300000 27.83300000 27.83300000 27.83300000 27.83300000 27.83300000 27.83300000 27.83300000 27.83300000 27.83300000 27.83300000 27.83300000 27.83300000 27.83300000 27.83300000 25.34000000 25.36300000 26.80800000 26.64000000 26.84200000 27.02800000 26.80200000 27.01800000 27.05600000 26.99700000 27.07400000
27.83300000 27.83300000 27.83300000 27.83300000 27.83300000 27.83300000 27.83300000 27.83300000 27.83300000 27.83300000 27.83300000 27.83300000 27.83300000 27.83300000 27.83300000 27.83300000 27.83300000 27.83300000 27.83300000 24.55800000 24.46800000 26.66300000 26.84300000 26.99700000 26.88500000 26.88200000 26.97800000 26.99600000 26.93800000 27.19600000
27.83300000 27.83300000 27.83300000 27.83300000 27.83300000 27.83300000 27.83300000 27.83300000 27.83300000 27.83300000 27.83300000 27.83300000 27.83300000 27.83300000 27.83300000 27.83300000 27.83300000 27.83300000 27.83300000 27.83300000 25.10200000 25.34100000 26.82700000 26.93400000 26.83100000 26.90200000 26.84800000 26.76500000 26.93800000 27.09800000
27.83300000 27.83300000 27.83300000 27.83300000 27.83300000 27.83300000 27.83300000 27.83300000 27.83300000 27.83300000 27.83300000 27.83300000 27.83300000 27.83300000 27.83300000 27.83300000 27.83300000 27.83300000 27.83300000 27.83300000 27.83300000 25.06700000 26.64300000 26.77800000 26.79100000 26.85600000 26.75400000 26.57400000 26.58300000 27.14900000
27.83300000 27.83300000 27.83300000 27.83300000 27.83300000 27.83300000 27.83300000 27.83300000 27.83300000 27.83300000 27.83300000 27.83300000 27.83300000 27.83300000 27.83300000 27.83300000 27.83300000 27.83300000 27.83300000 27.83300000 27.83300000 24.83800000 26.26500000 26.65700000 26.75100000 26.66600000 26.61400000 26.54600000 26.47400000 26.94600000
27.83300000 27.83300000 27.83300000 27.83300000 27.83300000 27.83300000 27.83300000 27.83300000 27.83300000 27.83300000 27.83300000 27.83300000 27.83300000 27.83300000 27.83300000 27.83300000 27.83300000 27.83300000 27.83300000 27.83300000 27.83300000 27.83300000 25.88500000 26.27200000 26.41200000 26.35700000 26.53700000 26.55100000 26.94100000 27.22000000
27.83300000 27.83300000 27.83300000 27.83300000 27.83300000 27.83300000 27.83300000 27.83300000 27.83300000 27.83300000 27.83300000 27.83300000 27.83300000 27.83300000 27.83300000 27.83300000 27.83300000 27.83300000 27.83300000 27.83300000 27.83300000 27.83300000 27.83300000 25.95500000 26.46400000 26.66400000 26.56200000 26.73500000 27.07700000 27.26800000
25.36400000 25.29400000 25.45200000 25.03700000 24.98900000 25.34700000 25.40300000 25.39800000 25.29800000 25.24600000 25.27000000 25.27000000 25.07900000 24.27100000 24.24300000 25.14400000 25.47500000 25.35000000 25.27000000 25.18600000 25.22300000 25.08200000 25.02000000 24.51000000 24.11500000 23.70000000 24.02000000 24.22700000 24.33600000 24.59100000
25.21500000 25.14700000 25.29600000 24.41500000 25.23900000 25.25700000 25.21000000 25.17500000 25.18600000 25.18100000 25.17700000 24.92000000 23.82500000 24.36600000 24.51200000 25.30100000 25.25700000 25.14700000 25.17100000 25.10600000 25.06600000 24.94000000 24.55700000 24.21200000 23.67300000 24.57300000 24.81100000 24.92800000 25.15800000 25.03800000
25.23500000 25.16400000 25.29600000 24.40200000 25.13100000 25.17400000 25.15300000 25.08200000 25.02900000 24.90900000 24.39100000 23.78600000 24.21600000 24.67500000 24.83000000 25.46600000 25.16400000 25.13400000 25.11800000 25.00500000 24.92200000 24.69300000 24.17900000 25.45800000 25.47700000 25.24900000 25.25100000 24.86600000 24.81600000 24.94900000
24.59200000 24.93900000 25.16300000 25.29700000 24.42600000 24.94700000 24.77500000 24.13100000 23.98700000 24.17600000 24.45000000 24.67900000 24.76500000 24.88300000 25.23600000 25.52100000 25.04500000 25.05300000 24.88800000 24.60900000 24.49100000 25.59000000 25.63500000 25.61200000 25.59100000 25.20400000 25.19600000 25.14800000 25.11100000 25.20700000
24.17100000 24.20000000 25.07700000 25.23800000 25.29200000 24.51500000 24.05900000 23.93700000 24.10200000 24.73300000 24.81900000 24.95000000 25.18000000 25.38500000 25.55500000 25.55600000 24.90400000 24.88500000 24.64400000 25.43900000 25.53700000 25.51400000 25.41200000 25.38500000 25.55500000 25.77500000 25.63200000 25.04300000 24.89200000 25.09400000
23.87600000 24.59100000 24.73800000 25.11300000 25.41100000 25.28200000 25.27100000 25.36100000 25.36700000 25.34500000 25.31200000 25.31400000 25.37800000 25.52500000 25.68500000 25.54900000 24.98600000 24.80000000 25.46000000 25.43600000 25.42400000 25.13900000 24.99200000 25.03800000 25.23300000 25.65500000 25.96000000 25.69200000 24.86900000 25.05600000
23.66100000 23.81200000 24.27800000 24.52800000 25.21700000 25.73400000 25.44000000 25.40400000 25.43600000 25.40600000 25.59800000 25.53300000 25.49100000 25.55700000 25.64000000 25.53600000 25.30200000 25.18400000 25.49900000 25.37400000 25.20400000 24.91200000 24.72000000 24.96500000 25.26000000 25.76000000 26.27000000 26.07600000 25.79500000 25.15100000
23.11500000 23.58700000 24.28700000 24.16000000 24.52200000 25.37200000 25.97000000 25.51500000 25.51900000 25.63500000 25.67600000 25.58000000 25.59300000 25.62400000 25.65100000 25.53600000 25.56500000 25.44500000 25.38900000 25.34700000 25.30200000 25.19700000 25.20900000 25.35000000 25.84900000 26.47800000 26.62200000 26.35300000 25.72200000 25.79500000
21.21000000 23.35000000 23.79400000 23.98000000 24.14200000 24.18000000 24.56100000 25.86300000 26.19400000 25.81100000 25.45300000 25.48900000 25.54300000 25.63800000 25.63000000 25.57400000 25.63900000 25.62100000 25.67900000 25.71500000 25.76100000 25.78000000 26.13500000 26.45000000 26.40400000 26.38600000 26.46000000 26.37000000 25.77400000 25.96000000
19.99200000 22.15700000 23.03400000 23.59000000 23.39800000 23.92300000 23.88300000 24.33600000 25.81300000 26.18500000 26.33100000 25.92400000 25.44100000 25.55600000 25.58900000 25.54500000 25.60900000 25.63400000 25.60000000 26.28100000 26.01300000 26.05800000 26.04700000 26.07200000 26.19100000 26.19000000 26.43000000 26.05700000 25.78400000 25.95300000
21.76500000 27.83300000 18.53600000 19.63600000 22.88800000 23.13400000 23.50000000 23.69500000 24.15700000 25.56200000 26.01800000 26.37700000 26.15900000 25.45700000 25.51300000 25.49300000 25.51000000 26.26700000 26.37400000 26.50600000 26.32000000 25.95400000 26.22800000 26.16700000 26.36100000 26.32700000 25.99000000 25.81300000 26.05700000 26.06700000
27.83300000 27.83300000 27.83300000 27.83300000 20.75700000 21.16200000 22.03500000 22.70800000 23.21800000 24.04800000 25.22800000 25.00100000 25.49500000 25.71400000 25.88600000 25.92400000 25.89700000 25.99600000 26.20200000 26.54300000 25.80000000 26.17200000 25.99600000 26.33800000 26.41600000 26.12400000 26.04600000 25.99900000 26.04000000 26.09700000
27.83300000 27.83300000 27.83300000 27.83300000 27.83300000 20.72000000 20.43200000 20.32000000 21.37400000 22.92100000 23.90000000 24.98800000 24.17200000 24.10500000 24.12200000 24.21000000 24.37500000 25.31700000 25.99500000 26.54700000 25.79800000 26.01800000 26.04000000 26.10900000 26.26900000 26.59700000 26.28600000 26.26300000 26.21600000 26.17600000
27.83300000 27.83300000 27.83300000 27.83300000 27.83300000 27.83300000 27.83300000 19.95400000 19.91500000 20.05300000 21.35700000 23.29400000 23.68200000 23.54300000 22.60300000 23.63200000 23.96400000 25.20000000 25.61600000 26.58000000 26.53000000 25.88800000 26.03300000 26.01200000 26.11700000 26.64700000 26.74800000 26.22300000 26.26100000 26.08500000
27.83300000 27.83300000 27.83300000 27.83300000 27.83300000 27.83300000 27.83300000 27.83300000 27.83300000 27.83300000 27.83300000 27.83300000 27.83300000 27.83300000 27.83300000 21.19900000 23.89700000 24.72500000 25.10700000 26.58900000 26.55000000 26.58300000 26.45800000 26.37300000 26.20900000 26.75800000 26.73300000 26.79500000 26.21100000 26.18500000
27.83300000 27.83300000 27.83300000 27.83300000 27.83300000 27.83300000 27.83300000 27.83300000 27.83300000 27.83300000 27.83300000 27.83300000 27.83300000 27.83300000 27.83300000 27.83300000 23.69800000 24.70700000 25.14600000 25.09800000 26.52600000 26.59300000 26.64000000 26.68000000 26.54300000 26.86000000 26.75700000 26.80000000 26.84200000 26.77600000
27.83300000 27.83300000 27.83300000 27.83300000 27.83300000 27.83300000 27.83300000 27.83300000 27.83300000 27.83300000 27.83300000 27.83300000 27.83300000 27.83300000 27.83300000 27.83300000 27.83300000 22.22400000 24.74200000 24.50300000 25.14400000 26.63000000 26.67500000 26.64100000 26.68600000 26.95000000 26.88800000 26.81100000 26.89500000 27.02500000
27.83300000 27.83300000 27.83300000 27.83300000 27.83300000 27.83300000 27.83300000 27.83300000 27.83300000 27.83300000 27.83300000 27.83300000 27.83300000 27.83300000 27.83300000 27.83300000 27.83300000 27.83300000 27.83300000 24.56600000 25.10900000 26.55100000 26.61000000 26.61800000 26.80600000 26.93100000 26.99900000 26.92100000 26.84600000 26.98600000
27.83300000 27.83300000 27.83300000 27.83300000 27.83300000 27.83300000 27.83300000 27.83300000 27.83300000 27.83300000 27.83300000 27.83300000 27.83300000 27.83300000 27.83300000 27.83300000 27.83300000 27.83300000 27.83300000 27.83300000 24.25000000 26.70700000 26.57000000 26.54900000 26.90500000 26.96000000 26.88600000 26.97300000 26.87400000 27.01800000
27.83300000 27.83300000 27.83300000 27.83300000 27.83300000 27.83300000 27.83300000 27.83300000 27.83300000 27.83300000 27.83300000 27.83300000 27.83300000 27.83300000 27.83300000 27.83300000 27.83300000 27.83300000 27.83300000 27.83300000 23.66300000 26.73400000 26.56200000 26.70500000 27.03300000 26.92300000 27.03600000 26.89900000 26.95000000 27.10700000
27.83300000 27.83300000 27.83300000 27.83300000 27.83300000 27.83300000 27.83300000 27.83300000 27.83300000 27.83300000 27.83300000 27.83300000 27.83300000 27.83300000 27.83300000 27.83300000 27.83300000 27.83300000 27.83300000 27.83300000 23.84100000 26.81900000 26.65300000 26.85500000 27.04500000 26.81800000 27.03300000 27.07100000 27.00900000 27.08400000
27.83300000 27.83300000 27.83300000 27.83300000 27.83300000 27.83300000 27.83300000 27.83300000 27.83300000 27.83300000 27.83300000 27.83300000 27.83300000 27.83300000 27.83300000 27.83300000 27.83300000 27.83300000 27.83300000 27.83300000 23.74500000 26.67200000 26.85600000 27.01100000 26.89900000 26.90500000 26.99300000 27.00600000 26.95100000 27.20800000
27.83300000 27.83300000 27.83300000 27.83300000 27.83300000 27.83300000 27.83300000 27.83300000 27.83300000 27.83300000 27.83300000 27.83300000 27.83300000 27.83300000 27.83300000 27.83300000 27.83300000 27.83300000 27.83300000 27.83300000 27.83300000 24.27800000 26.83700000 26.94300000 26.84300000 26.91500000 26.85900000 26.77100000 26.95100000 27.10800000
27.83300000 27.83300000 27.83300000 27.83300000 27.83300000 27.83300000 27.83300000 27.83300000 27.83300000 27.83300000 27.83300000 27.83300000 27.83300000 27.83300000 27.83300000 27.83300000 27.83300000 27.83300000 27.83300000 27.83300000 27.83300000 25.08700000 26.64900000 26.78500000 26.79900000 26.87100000 26.76600000 26.58800000 26.59400000 27.15900000
27.83300000 27.83300000 27.83300000 27.83300000 27.83300000 27.83300000 27.83300000 27.83300000 27.83300000 27.83300000 27.83300000 27.83300000 27.83300000 27.83300000 27.83300000 27.83300000 27.83300000 27.83300000 27.83300000 27.83300000 27.83300000 27.83300000 26.27100000 26.66400000 26.76100000 26.67800000 26.62500000 26.55500000 26.48000000 26.95400000
27.83300000 27.83300000 27.83300000 27.83300000 27.83300000 27.83300000 27.83300000 27.83300000 27.83300000 27.83300000 27.83300000 27.83300000 27.83300000 27.83300000 27.83300000 27.83300000 27.83300000 27.83300000 27.83300000 27.83300000 27.83300000 27.83300000 25.89400000 26.28300000 26.42000000 26.36600000 26.54300000 26.55700000 26.95700000 27.22800000
27.83300000 27.83300000 27.83300000 27.83300000 27.83300000 27.83300000 27.83300000 27.83300000 27.83300000 27.83300000 27.83300000 27.83300000 27.83300000 27.83300000 27.83300000 27.83300000 27.83300000 27.83300000 27.83300000 27.83300000 27.83300000 27.83300000 27.83300000 25.97900000 26.47500000 26.67300000 26.57000000 26.74300000 27.10700000 27.27500000
