36.99200000 36.95700000 36.94400000 36.95700000 37.05200000 37.19700000 37.25300000 37.26000000 37.21700000 37.20200000 37.12800000 37.01200000 36.88900000 36.68000000 36.64400000 36.86000000 37.00000000 37.00100000 37.02500000 37.05900000 37.00900000 36.99700000 36.86900000 36.62500000 36.54200000 36.28900000 36.51100000 36.44300000 36.41200000 36.44700000
36.98600000 36.95000000 36.93200000 36.87700000 37.19200000 37.21000000 37.19800000 37.18900000 37.16400000 37.10500000 37.00500000 36.88200000 36.50000000 36.74800000 36.80800000 36.97400000 37.07000000 37.01800000 37.08500000 37.03400000 36.99500000 36.90700000 36.75800000 36.64900000 36.46200000 36.79600000 36.89700000 36.94700000 37.07800000 37.08400000
37.03400000 36.89600000 36.90300000 36.85200000 37.14600000 37.15700000 37.13100000 37.06700000 37.00000000 36.93300000 36.78400000 36.44600000 36.68600000 36.88900000 36.86700000 37.09200000 37.01800000 37.02900000 37.04700000 36.99200000 36.91400000 36.82900000 36.63600000 37.14600000 37.12500000 37.03700000 37.06700000 36.93700000 36.91700000 36.86100000
36.53200000 36.99400000 36.85800000 36.92600000 36.85200000 37.05300000 36.96500000 36.66200000 36.55500000 36.71800000 36.85200000 36.92100000 36.89500000 36.88500000 36.92800000 37.13400000 36.94700000 36.98700000 36.94300000 36.81700000 36.73100000 37.20900000 37.25400000 37.25800000 37.21000000 37.01300000 37.04600000 37.02800000 36.98400000 36.90800000
36.26900000 36.45500000 36.98800000 36.93100000 36.89200000 36.88700000 36.63400000 36.54900000 36.68200000 36.95100000 36.91800000 36.90100000 36.92200000 36.94600000 36.99400000 37.14200000 36.87400000 36.90200000 36.79100000 37.13500000 37.24500000 37.23400000 37.19700000 37.18800000 37.21300000 37.26500000 37.23300000 36.86600000 36.74300000 36.65300000
36.08700000 35.78900000 36.97100000 37.05700000 37.06900000 36.86700000 36.84300000 36.91100000 36.90400000 36.87000000 36.84100000 36.84600000 36.88200000 36.96500000 37.04200000 37.12100000 36.91200000 36.85900000 37.15300000 37.21400000 37.20900000 37.11800000 37.04200000 37.05900000 37.15400000 37.21800000 37.28200000 37.25700000 36.69000000 36.58500000
35.66000000 35.55000000 36.74100000 36.84500000 37.09500000 37.19900000 36.93800000 36.90600000 36.90000000 36.88900000 37.02100000 36.99700000 36.99200000 37.01600000 37.03400000 37.06400000 37.07600000 37.05800000 37.18100000 37.19600000 37.12800000 37.02400000 36.95400000 37.02800000 37.15700000 37.22400000 37.34200000 37.33400000 37.26600000 36.66000000
35.52700000 36.02100000 36.70800000 36.65400000 36.76900000 37.14700000 37.28700000 36.95100000 36.92600000 36.97800000 37.00100000 36.97800000 37.01600000 37.04600000 37.04500000 37.08200000 37.21200000 37.15400000 37.13600000 37.18100000 37.16600000 37.11600000 37.13500000 37.16100000 37.21800000 37.40300000 37.47900000 37.42300000 37.27500000 37.22600000
35.40500000 35.81200000 36.36600000 36.52100000 36.71900000 36.50500000 36.85300000 37.32500000 37.38500000 37.14700000 36.92000000 36.92700000 36.94800000 37.04100000 37.03700000 37.14500000 37.22700000 37.22500000 37.23400000 37.24700000 37.25600000 37.18600000 37.26200000 37.45000000 37.42800000 37.43300000 37.46100000 37.43700000 37.28400000 37.26600000
35.24500000 35.20000000 35.23000000 36.32700000 36.22100000 36.61400000 36.24900000 36.79500000 37.29300000 37.36600000 37.39600000 37.18900000 36.95500000 36.96200000 36.95100000 37.03700000 37.15200000 37.14200000 37.01500000 37.37900000 37.29100000 37.33800000 37.34100000 37.35500000 37.40100000 37.40500000 37.45800000 37.33000000 37.26700000 37.25100000
34.74500000 34.84500000 35.21700000 35.23000000 35.94300000 36.24700000 36.12800000 35.99900000 36.69600000 37.22300000 37.33400000 37.41500000 37.28000000 36.95800000 37.00500000 37.01000000 37.02200000 37.36800000 37.35700000 37.36900000 37.34100000 37.30700000 37.40200000 37.33200000 37.39500000 37.39500000 37.32100000 37.27000000 37.29700000 37.21200000
37.59700000 37.59700000 37.59700000 35.08700000 35.60300000 35.70100000 35.81400000 35.88200000 35.75000000 36.66100000 37.14300000 37.05800000 37.16900000 37.20000000 37.24800000 37.26700000 37.25100000 37.28400000 37.29700000 37.37800000 37.23900000 37.35800000 37.27700000 37.27600000 37.33400000 37.31800000 37.31000000 37.28500000 37.25100000 37.18500000
37.59700000 37.59700000 37.59700000 37.59700000 35.19800000 35.24000000 35.50100000 35.53100000 35.59300000 35.93900000 36.57500000 37.09600000 36.63500000 36.60500000 36.66300000 36.68900000 36.48300000 37.10300000 37.24100000 37.36300000 37.20800000 37.28000000 37.24600000 37.22300000 37.31100000 37.38200000 37.34800000 37.36100000 37.35400000 37.20500000
37.59700000 37.59700000 37.59700000 37.59700000 37.59700000 37.59700000 35.30700000 35.40900000 35.45400000 35.52900000 35.69700000 36.25300000 36.37100000 36.34300000 36.14200000 36.48900000 36.33000000 37.09700000 37.11500000 37.36100000 37.36200000 37.19900000 37.21300000 37.19500000 37.28700000 37.37800000 37.46300000 37.33700000 37.37800000 37.21900000
37.59700000 37.59700000 37.59700000 37.59700000 37.59700000 37.59700000 37.59700000 37.59700000 37.59700000 37.59700000 37.59700000 37.59700000 35.68800000 35.95700000 36.15500000 36.08100000 36.11600000 36.68300000 36.99000000 37.35900000 37.38700000 37.37900000 37.34200000 37.32500000 37.32100000 37.38200000 37.41300000 37.49000000 37.32900000 37.36400000
37.59700000 37.59700000 37.59700000 37.59700000 37.59700000 37.59700000 37.59700000 37.59700000 37.59700000 37.59700000 37.59700000 37.59700000 37.59700000 37.59700000 37.59700000 35.98100000 36.02300000 36.38000000 37.03800000 36.95400000 37.30800000 37.42600000 37.40300000 37.40700000 37.36800000 37.35800000 37.41700000 37.50000000 37.51900000 37.50800000
37.59700000 37.59700000 37.59700000 37.59700000 37.59700000 37.59700000 37.59700000 37.59700000 37.59700000 37.59700000 37.59700000 37.59700000 37.59700000 37.59700000 37.59700000 37.59700000 35.87100000 36.34600000 36.75700000 37.00000000 37.08700000 37.34600000 37.41400000 37.40800000 37.33400000 37.34500000 37.38700000 37.35300000 37.51600000 37.55900000
37.59700000 37.59700000 37.59700000 37.59700000 37.59700000 37.59700000 37.59700000 37.59700000 37.59700000 37.59700000 37.59700000 37.59700000 37.59700000 37.59700000 37.59700000 37.59700000 37.59700000 37.59700000 36.05600000 36.64400000 36.99900000 37.31700000 37.43200000 37.41400000 37.30400000 37.34300000 37.38300000 37.36700000 37.35200000 37.45700000
37.59700000 37.59700000 37.59700000 37.59700000 37.59700000 37.59700000 37.59700000 37.59700000 37.59700000 37.59700000 37.59700000 37.59700000 37.59700000 37.59700000 37.59700000 37.59700000 37.59700000 37.59700000 37.59700000 36.79100000 36.78800000 37.34500000 37.43200000 37.38500000 37.33900000 37.39500000 37.35000000 37.38200000 37.32500000 37.37300000
37.59700000 37.59700000 37.59700000 37.59700000 37.59700000 37.59700000 37.59700000 37.59700000 37.59700000 37.59700000 37.59700000 37.59700000 37.59700000 37.59700000 37.59700000 37.59700000 37.59700000 37.59700000 37.59700000 36.87200000 36.83500000 37.34100000 37.42300000 37.31300000 37.40100000 37.40200000 37.43000000 37.35500000 37.35400000 37.36400000
37.59700000 37.59700000 37.59700000 37.59700000 37.59700000 37.59700000 37.59700000 37.59700000 37.59700000 37.59700000 37.59700000 37.59700000 37.59700000 37.59700000 37.59700000 37.59700000 37.59700000 37.59700000 37.59700000 36.71000000 36.85200000 37.35700000 37.36300000 37.32600000 37.40200000 37.39400000 37.41700000 37.43400000 37.36800000 37.34300000
37.59700000 37.59700000 37.59700000 37.59700000 37.59700000 37.59700000 37.59700000 37.59700000 37.59700000 37.59700000 37.59700000 37.59700000 37.59700000 37.59700000 37.59700000 37.59700000 37.59700000 37.59700000 37.59700000 36.35700000 36.71300000 37.30200000 37.34000000 37.39300000 37.37200000 37.37600000 37.35800000 37.38600000 37.36400000 37.38000000
37.59700000 37.59700000 37.59700000 37.59700000 37.59700000 37.59700000 37.59700000 37.59700000 37.59700000 37.59700000 37.59700000 37.59700000 37.59700000 37.59700000 37.59700000 37.59700000 37.59700000 37.59700000 37.59700000 37.59700000 36.67900000 36.82900000 37.35800000 37.38000000 37.37400000 37.35000000 37.32200000 37.30000000 37.31400000 37.33300000
37.59700000 37.59700000 37.59700000 37.59700000 37.59700000 37.59700000 37.59700000 37.59700000 37.59700000 37.59700000 37.59700000 37.59700000 37.59700000 37.59700000 37.59700000 37.59700000 37.59700000 37.59700000 37.59700000 37.59700000 37.59700000 36.74600000 37.28200000 37.33900000 37.34500000 37.33500000 37.32000000 37.29300000 37.29000000 37.30700000
37.59700000 37.59700000 37.59700000 37.59700000 37.59700000 37.59700000 37.59700000 37.59700000 37.59700000 37.59700000 37.59700000 37.59700000 37.59700000 37.59700000 37.59700000 37.59700000 37.59700000 37.59700000 37.59700000 37.59700000 37.59700000 36.55900000 37.14600000 37.28500000 37.32800000 37.31100000 37.28800000 37.26300000 37.24000000 37.27000000
37.59700000 37.59700000 37.59700000 37.59700000 37.59700000 37.59700000 37.59700000 37.59700000 37.59700000 37.59700000 37.59700000 37.59700000 37.59700000 37.59700000 37.59700000 37.59700000 37.59700000 37.59700000 37.59700000 37.59700000 37.59700000 37.59700000 36.88600000 37.11200000 37.20100000 37.17300000 37.20500000 37.24900000 37.28700000 37.31600000
37.59700000 37.59700000 37.59700000 37.59700000 37.59700000 37.59700000 37.59700000 37.59700000 37.59700000 37.59700000 37.59700000 37.59700000 37.59700000 37.59700000 37.59700000 37.59700000 37.59700000 37.59700000 37.59700000 37.59700000 37.59700000 37.59700000 37.59700000 36.79300000 37.18000000 37.22400000 37.22900000 37.24600000 37.28500000 37.30500000
36.98600000 36.95500000 36.94200000 36.95600000 37.05100000 37.19700000 37.25200000 37.25900000 37.21600000 37.20100000 37.13200000 37.01300000 36.89000000 36.68100000 36.64100000 36.85800000 36.99800000 37.00000000 37.02300000 37.05900000 37.00900000 36.99700000 36.87100000 36.62400000 36.54100000 36.28800000 36.51100000 36.44300000 36.41100000 36.44700000
36.98500000 36.95000000 36.93100000 36.87500000 37.19100000 37.20900000 37.19700000 37.18800000 37.16300000 37.10400000 37.00400000 36.88100000 36.50000000 36.74600000 36.80700000 36.97300000 37.06900000 37.01700000 37.08400000 37.03300000 36.99400000 36.90600000 36.75700000 36.64800000 36.46100000 36.79400000 36.89600000 36.94600000 37.07800000 37.08300000
37.03300000 36.89500000 36.90200000 36.85200000 37.14500000 37.15600000 37.13000000 37.06600000 36.99900000 36.93200000 36.78400000 36.44500000 36.68300000 36.88800000 36.86600000 37.09000000 37.01700000 37.02700000 37.04700000 36.99100000 36.91300000 36.82800000 36.63500000 37.14400000 37.12500000 37.03600000 37.06600000 36.93600000 36.91600000 36.86100000
36.54600000 36.99300000 36.85700000 36.92600000 36.85100000 37.05100000 36.96500000 36.66300000 36.55400000 36.71700000 36.85100000 36.92000000 36.89400000 36.88400000 36.92700000 37.13300000 36.94600000 36.98600000 36.94200000 36.81600000 36.73000000 37.20800000 37.25300000 37.25700000 37.20900000 37.01300000 37.04500000 37.02700000 36.98300000 36.90700000
36.27400000 36.47600000 36.98700000 36.93000000 36.89100000 36.88500000 36.63300000 36.54800000 36.68200000 36.95100000 36.91800000 36.90100000 36.92100000 36.94500000 36.99300000 37.14100000 36.87300000 36.90100000 36.79100000 37.13400000 37.24500000 37.23300000 37.19600000 37.18600000 37.21100000 37.26400000 37.23200000 36.86600000 36.74200000 36.65200000
36.09100000 36.40600000 36.97000000 37.05500000 37.06700000 36.86600000 36.84300000 36.91000000 36.90500000 36.87100000 36.84100000 36.84700000 36.88200000 36.96400000 37.04100000 37.11900000 36.91200000 36.85800000 37.15200000 37.21200000 37.20800000 37.11700000 37.04100000 37.05800000 37.15200000 37.21700000 37.28100000 37.25700000 36.69100000 36.58400000
35.83200000 35.79700000 36.74200000 36.84400000 37.09400000 37.19800000 36.93700000 36.90400000 36.89900000 36.88800000 37.02000000 36.99800000 36.99200000 37.01500000 37.03300000 37.06200000 37.07500000 37.05600000 37.18000000 37.19500000 37.12800000 37.02300000 36.95300000 37.02600000 37.15600000 37.22300000 37.34000000 37.33300000 37.26500000 36.66500000
35.55300000 36.00900000 36.70700000 36.65200000 36.76800000 37.14600000 37.28600000 36.95000000 36.92500000 36.97700000 36.99900000 36.97700000 37.01500000 37.04500000 37.04400000 37.07900000 37.21000000 37.15300000 37.13400000 37.18000000 37.16500000 37.11500000 37.13500000 37.16100000 37.21700000 37.40200000 37.47800000 37.42200000 37.27400000 37.22700000
35.87500000 35.96800000 36.36500000 36.52000000 36.71700000 36.50500000 36.85200000 37.32300000 37.38300000 37.14500000 36.91900000 36.92600000 36.94700000 37.04000000 37.03700000 37.14200000 37.22600000 37.22400000 37.23300000 37.24500000 37.25500000 37.18600000 37.26100000 37.45000000 37.42700000 37.43200000 37.46000000 37.43500000 37.28200000 37.26500000
35.72500000 35.99800000 36.43600000 36.33800000 36.24400000 36.61400000 36.26600000 36.79400000 37.29100000 37.36500000 37.39500000 37.18800000 36.95400000 36.96100000 36.94900000 37.03500000 37.15100000 37.14100000 37.01400000 37.37800000 37.28900000 37.33600000 37.34100000 37.35400000 37.40000000 37.40400000 37.45700000 37.32900000 37.26600000 37.25000000
35.51300000 37.59700000 35.91300000 35.91400000 36.06700000 36.42700000 36.25600000 36.09900000 36.69500000 37.22200000 37.33200000 37.41300000 37.27800000 36.95600000 37.00400000 37.00900000 37.02100000 37.36800000 37.35500000 37.36800000 37.33900000 37.30500000 37.40100000 37.33100000 37.39400000 37.39400000 37.32000000 37.26900000 37.29600000 37.21100000
37.59700000 37.59700000 37.59700000 37.59700000 35.86200000 36.07200000 36.49500000 36.45700000 35.94600000 36.65900000 37.14100000 37.05600000 37.16800000 37.19900000 37.24700000 37.26500000 37.24900000 37.28300000 37.29500000 37.37700000 37.23800000 37.35700000 37.27600000 37.27500000 37.33200000 37.31600000 37.30900000 37.28400000 37.25000000 37.18500000
37.59700000 37.59700000 37.59700000 37.59700000 37.59700000 35.67300000 35.86900000 36.10400000 36.20900000 36.25100000 36.58000000 37.09400000 36.63600000 36.61200000 36.66500000 36.68900000 36.49000000 37.10000000 37.23900000 37.36100000 37.20700000 37.27800000 37.24500000 37.22200000 37.30900000 37.38100000 37.34700000 37.36100000 37.35400000 37.20500000
37.59700000 37.59700000 37.59700000 37.59700000 37.59700000 37.59700000 37.59700000 35.72000000 35.74200000 35.84300000 36.11000000 36.28600000 36.47400000 36.36500000 36.15400000 36.48700000 36.38300000 37.09400000 37.11300000 37.35900000 37.36100000 37.19800000 37.21200000 37.19400000 37.28500000 37.37600000 37.46200000 37.33700000 37.37700000 37.21900000
37.59700000 37.59700000 37.59700000 37.59700000 37.59700000 37.59700000 37.59700000 37.59700000 37.59700000 37.59700000 37.59700000 37.59700000 37.59700000 37.59700000 37.59700000 36.24900000 36.19200000 36.68200000 36.98900000 37.35800000 37.38500000 37.37800000 37.34100000 37.32300000 37.32000000 37.38000000 37.41200000 37.48900000 37.32900000 37.36400000
37.59700000 37.59700000 37.59700000 37.59700000 37.59700000 37.59700000 37.59700000 37.59700000 37.59700000 37.59700000 37.59700000 37.59700000 37.59700000 37.59700000 37.59700000 37.59700000 36.16000000 36.42700000 37.03600000 36.92500000 37.30500000 37.42500000 37.40200000 37.40600000 37.36700000 37.35700000 37.41600000 37.49900000 37.51900000 37.50800000
37.59700000 37.59700000 37.59700000 37.59700000 37.59700000 37.59700000 37.59700000 37.59700000 37.59700000 37.59700000 37.59700000 37.59700000 37.59700000 37.59700000 37.59700000 37.59700000 37.59700000 36.33900000 36.75700000 36.91700000 37.07400000 37.34400000 37.41300000 37.40700000 37.33300000 37.34300000 37.38600000 37.35200000 37.51500000 37.55800000
37.59700000 37.59700000 37.59700000 37.59700000 37.59700000 37.59700000 37.59700000 37.59700000 37.59700000 37.59700000 37.59700000 37.59700000 37.59700000 37.59700000 37.59700000 37.59700000 37.59700000 37.59700000 37.59700000 36.63300000 36.99700000 37.31400000 37.43100000 37.41300000 37.30200000 37.34200000 37.38200000 37.36600000 37.35100000 37.45600000
37.59700000 37.59700000 37.59700000 37.59700000 37.59700000 37.59700000 37.59700000 37.59700000 37.59700000 37.59700000 37.59700000 37.59700000 37.59700000 37.59700000 37.59700000 37.59700000 37.59700000 37.59700000 37.59700000 37.59700000 36.78700000 37.34400000 37.43000000 37.38400000 37.33800000 37.39400000 37.34900000 37.38100000 37.32400000 37.37100000
37.59700000 37.59700000 37.59700000 37.59700000 37.59700000 37.59700000 37.59700000 37.59700000 37.59700000 37.59700000 37.59700000 37.59700000 37.59700000 37.59700000 37.59700000 37.59700000 37.59700000 37.59700000 37.59700000 37.59700000 36.64000000 37.34000000 37.42200000 37.31300000 37.39900000 37.40100000 37.42900000 37.35300000 37.35300000 37.36300000
37.59700000 37.59700000 37.59700000 37.59700000 37.59700000 37.59700000 37.59700000 37.59700000 37.59700000 37.59700000 37.59700000 37.59700000 37.59700000 37.59700000 37.59700000 37.59700000 37.59700000 37.59700000 37.59700000 37.59700000 36.61400000 37.35800000 37.36300000 37.32600000 37.40100000 37.39300000 37.41500000 37.43300000 37.36700000 37.34200000
37.59700000 37.59700000 37.59700000 37.59700000 37.59700000 37.59700000 37.59700000 37.59700000 37.59700000 37.59700000 37.59700000 37.59700000 37.59700000 37.59700000 37.59700000 37.59700000 37.59700000 37.59700000 37.59700000 37.59700000 36.65700000 37.30200000 37.34100000 37.39300000 37.37100000 37.37500000 37.35600000 37.38500000 37.36300000 37.37900000
37.59700000 37.59700000 37.59700000 37.59700000 37.59700000 37.59700000 37.59700000 37.59700000 37.59700000 37.59700000 37.59700000 37.59700000 37.59700000 37.59700000 37.59700000 37.59700000 37.59700000 37.59700000 37.59700000 37.59700000 37.59700000 36.69100000 37.35600000 37.37900000 37.37300000 37.34800000 37.32000000 37.29900000 37.31300000 37.33100000
37.59700000 37.59700000 37.59700000 37.59700000 37.59700000 37.59700000 37.59700000 37.59700000 37.59700000 37.59700000 37.59700000 37.59700000 37.59700000 37.59700000 37.59700000 37.59700000 37.59700000 37.59700000 37.59700000 37.59700000 37.59700000 36.72400000 37.28000000 37.33700000 37.34400000 37.33400000 37.31900000 37.29300000 37.28800000 37.30500000
37.59700000 37.59700000 37.59700000 37.59700000 37.59700000 37.59700000 37.59700000 37.59700000 37.59700000 37.59700000 37.59700000 37.59700000 37.59700000 37.59700000 37.59700000 37.59700000 37.59700000 37.59700000 37.59700000 37.59700000 37.59700000 37.59700000 37.14300000 37.28300000 37.32700000 37.31000000 37.28600000 37.26200000 37.23900000 37.26900000
37.59700000 37.59700000 37.59700000 37.59700000 37.59700000 37.59700000 37.59700000 37.59700000 37.59700000 37.59700000 37.59700000 37.59700000 37.59700000 37.59700000 37.59700000 37.59700000 37.59700000 37.59700000 37.59700000 37.59700000 37.59700000 37.59700000 36.87900000 37.11000000 37.19900000 37.17100000 37.20400000 37.24800000 37.28500000 37.31600000
37.59700000 37.59700000 37.59700000 37.59700000 37.59700000 37.59700000 37.59700000 37.59700000 37.59700000 37.59700000 37.59700000 37.59700000 37.59700000 37.59700000 37.59700000 37.59700000 37.59700000 37.59700000 37.59700000 37.59700000 37.59700000 37.59700000 37.59700000 36.78600000 37.17900000 37.22300000 37.22700000 37.24500000 37.28400000 37.30300000
