36.99200000 36.95700000 36.94300000 36.95600000 37.05600000 37.19900000 37.25200000 37.26000000 37.21600000 37.20100000 37.12700000 37.01100000 36.88900000 36.68200000 36.64800000 36.86000000 37.00000000 37.00100000 37.02500000 37.05900000 37.00900000 36.99600000 36.86700000 36.62300000 36.54200000 36.29000000 36.51300000 36.44500000 36.41600000 36.44600000
36.98600000 36.94600000 36.93300000 36.88100000 37.19300000 37.20900000 37.19700000 37.18900000 37.16500000 37.10500000 37.00500000 36.88300000 36.49900000 36.75300000 36.80900000 36.97600000 37.06900000 37.02000000 37.08500000 37.03400000 36.99600000 36.90800000 36.75900000 36.65000000 36.46900000 36.80900000 36.91200000 36.95700000 37.07900000 37.08500000
37.03400000 36.89500000 36.90500000 36.84600000 37.14700000 37.15600000 37.13100000 37.06600000 36.99900000 36.93200000 36.78800000 36.44600000 36.69000000 36.89000000 36.86900000 37.09500000 37.01500000 37.03200000 37.04700000 36.99100000 36.91300000 36.82700000 36.64000000 37.15300000 37.12300000 37.03700000 37.06700000 36.93700000 36.91700000 36.86100000
36.52600000 36.99400000 36.85800000 36.92700000 36.86200000 37.05200000 36.96600000 36.66300000 36.55600000 36.71900000 36.85100000 36.92200000 36.89500000 36.88600000 36.93000000 37.13300000 36.94400000 36.99000000 36.94100000 36.81400000 36.73300000 37.21400000 37.25400000 37.25900000 37.20900000 37.01300000 37.04600000 37.02700000 36.98400000 36.90700000
36.24800000 36.51300000 36.98800000 36.93500000 36.89000000 36.88700000 36.63500000 36.54700000 36.67900000 36.95100000 36.91800000 36.90200000 36.92200000 36.94600000 36.99500000 37.14000000 36.87000000 36.90300000 36.78900000 37.14200000 37.24500000 37.23500000 37.19600000 37.18700000 37.21300000 37.26600000 37.23200000 36.86400000 36.74300000 36.65200000
36.06300000 35.80900000 36.97200000 37.06100000 37.07300000 36.87200000 36.84000000 36.90800000 36.90300000 36.86900000 36.84100000 36.84600000 36.88100000 36.96400000 37.04200000 37.12700000 36.90100000 36.86300000 37.15600000 37.21400000 37.20900000 37.11700000 37.04100000 37.05900000 37.15400000 37.21900000 37.28200000 37.25800000 36.68800000 36.58600000
35.63600000 35.56800000 36.73700000 36.84000000 37.09300000 37.20400000 36.93800000 36.90600000 36.90100000 36.89000000 37.02000000 36.99800000 36.99200000 37.01600000 37.03500000 37.07000000 37.07000000 37.06200000 37.18300000 37.19800000 37.12700000 37.02400000 36.95400000 37.02900000 37.15700000 37.22400000 37.34300000 37.33600000 37.26600000 36.65900000
35.54400000 36.03200000 36.71300000 36.65700000 36.76900000 37.15000000 37.28800000 36.95300000 36.92600000 36.97800000 37.00000000 36.97800000 37.01600000 37.04600000 37.04500000 37.08400000 37.21000000 37.15300000 37.13700000 37.18200000 37.16600000 37.11700000 37.13800000 37.16300000 37.22000000 37.40600000 37.48000000 37.42400000 37.27500000 37.22600000
35.40300000 35.83200000 36.36500000 36.51400000 36.72000000 36.50100000 36.86200000 37.32600000 37.38600000 37.15200000 36.92200000 36.92800000 36.94800000 37.04300000 37.04000000 37.14600000 37.22800000 37.22500000 37.23400000 37.24600000 37.25700000 37.18400000 37.26500000 37.44900000 37.42700000 37.43200000 37.46100000 37.43700000 37.28400000 37.26600000
35.24600000 35.17900000 35.23600000 36.31300000 36.22100000 36.61100000 36.25100000 36.79900000 37.29300000 37.36800000 37.39600000 37.18800000 36.95600000 36.96200000 36.95100000 37.04000000 37.15600000 37.14600000 37.01600000 37.37700000 37.29100000 37.33500000 37.34000000 37.35600000 37.40300000 37.40500000 37.45800000 37.33100000 37.26800000 37.25000000
34.74900000 34.84700000 35.22700000 35.24100000 35.93300000 36.24400000 36.12300000 35.99900000 36.71400000 37.22200000 37.33200000 37.41400000 37.27900000 36.95800000 37.00600000 37.01000000 37.02400000 37.36800000 37.35700000 37.36900000 37.34000000 37.30700000 37.40400000 37.33000000 37.39400000 37.39400000 37.32200000 37.27100000 37.29700000 37.21200000
37.59700000 37.59700000 37.59700000 35.09000000 35.61000000 35.69200000 35.80400000 35.87900000 35.75700000 36.67200000 37.14000000 37.06000000 37.16500000 37.20300000 37.24800000 37.26800000 37.25100000 37.28400000 37.29700000 37.37900000 37.23800000 37.35900000 37.27600000 37.27600000 37.33400000 37.31800000 37.31000000 37.28600000 37.25000000 37.18500000
37.59700000 37.59700000 37.59700000 37.59700000 35.19800000 35.24000000 35.49500000 35.53100000 35.59100000 35.93700000 36.58700000 37.09400000 36.61300000 36.59600000 36.66800000 36.68300000 36.47900000 37.11400000 37.23900000 37.36300000 37.20800000 37.28000000 37.24600000 37.22400000 37.31200000 37.38300000 37.34700000 37.36100000 37.35200000 37.20500000
37.59700000 37.59700000 37.59700000 37.59700000 37.59700000 37.59700000 35.30900000 35.41300000 35.45600000 35.53200000 35.70000000 36.25000000 36.36200000 36.33000000 36.13400000 36.50400000 36.31000000 37.10600000 37.11300000 37.36100000 37.36300000 37.20000000 37.21300000 37.19500000 37.28800000 37.37800000 37.46300000 37.33600000 37.37900000 37.22000000
37.59700000 37.59700000 37.59700000 37.59700000 37.59700000 37.59700000 37.59700000 37.59700000 37.59700000 37.59700000 37.59700000 37.59700000 35.69100000 35.96100000 36.15500000 36.07900000 36.10100000 36.70600000 36.97900000 37.36000000 37.38900000 37.38000000 37.34400000 37.32900000 37.32200000 37.38200000 37.41300000 37.49000000 37.32900000 37.36500000
37.59700000 37.59700000 37.59700000 37.59700000 37.59700000 37.59700000 37.59700000 37.59700000 37.59700000 37.59700000 37.59700000 37.59700000 37.59700000 37.59700000 37.59700000 35.98200000 36.00900000 36.39300000 37.03600000 36.95600000 37.30700000 37.42600000 37.40300000 37.40700000 37.36800000 37.35800000 37.41800000 37.50000000 37.51900000 37.51000000
37.59700000 37.59700000 37.59700000 37.59700000 37.59700000 37.59700000 37.59700000 37.59700000 37.59700000 37.59700000 37.59700000 37.59700000 37.59700000 37.59700000 37.59700000 37.59700000 35.87200000 36.35800000 36.76200000 36.99600000 37.08600000 37.34700000 37.41500000 37.40800000 37.33200000 37.34600000 37.38700000 37.35300000 37.51800000 37.55900000
37.59700000 37.59700000 37.59700000 37.59700000 37.59700000 37.59700000 37.59700000 37.59700000 37.59700000 37.59700000 37.59700000 37.59700000 37.59700000 37.59700000 37.59700000 37.59700000 37.59700000 37.59700000 36.06500000 36.64400000 36.99900000 37.32600000 37.43200000 37.41400000 37.30400000 37.34300000 37.38400000 37.36600000 37.35100000 37.45700000
37.59700000 37.59700000 37.59700000 37.59700000 37.59700000 37.59700000 37.59700000 37.59700000 37.59700000 37.59700000 37.59700000 37.59700000 37.59700000 37.59700000 37.59700000 37.59700000 37.59700000 37.59700000 37.59700000 36.80700000 36.78700000 37.34600000 37.43200000 37.38400000 37.34100000 37.39600000 37.35100000 37.38200000 37.32500000 37.37400000
37.59700000 37.59700000 37.59700000 37.59700000 37.59700000 37.59700000 37.59700000 37.59700000 37.59700000 37.59700000 37.59700000 37.59700000 37.59700000 37.59700000 37.59700000 37.59700000 37.59700000 37.59700000 37.59700000 36.88500000 36.85400000 37.34100000 37.42300000 37.31100000 37.40300000 37.40200000 37.43000000 37.35500000 37.35500000 37.36600000
37.59700000 37.59700000 37.59700000 37.59700000 37.59700000 37.59700000 37.59700000 37.59700000 37.59700000 37.59700000 37.59700000 37.59700000 37.59700000 37.59700000 37.59700000 37.59700000 37.59700000 37.59700000 37.59700000 36.73000000 36.86400000 37.35700000 37.36200000 37.32900000 37.40200000 37.39500000 37.41800000 37.43500000 37.36900000 37.34400000
37.59700000 37.59700000 37.59700000 37.59700000 37.59700000 37.59700000 37.59700000 37.59700000 37.59700000 37.59700000 37.59700000 37.59700000 37.59700000 37.59700000 37.59700000 37.59700000 37.59700000 37.59700000 37.59700000 36.36200000 36.71600000 37.30700000 37.33900000 37.39300000 37.37200000 37.37600000 37.35800000 37.38700000 37.36000000 37.38000000
37.59700000 37.59700000 37.59700000 37.59700000 37.59700000 37.59700000 37.59700000 37.59700000 37.59700000 37.59700000 37.59700000 37.59700000 37.59700000 37.59700000 37.59700000 37.59700000 37.59700000 37.59700000 37.59700000 37.59700000 36.68400000 36.83800000 37.35900000 37.38000000 37.37400000 37.35000000 37.32200000 37.30000000 37.31300000 37.33200000
37.59700000 37.59700000 37.59700000 37.59700000 37.59700000 37.59700000 37.59700000 37.59700000 37.59700000 37.59700000 37.59700000 37.59700000 37.59700000 37.59700000 37.59700000 37.59700000 37.59700000 37.59700000 37.59700000 37.59700000 37.59700000 36.74700000 37.28500000 37.34000000 37.34500000 37.33500000 37.32100000 37.29400000 37.29000000 37.30700000
37.59700000 37.59700000 37.59700000 37.59700000 37.59700000 37.59700000 37.59700000 37.59700000 37.59700000 37.59700000 37.59700000 37.59700000 37.59700000 37.59700000 37.59700000 37.59700000 37.59700000 37.59700000 37.59700000 37.59700000 37.59700000 36.56200000 37.15000000 37.28700000 37.32900000 37.31100000 37.28800000 37.26300000 37.24000000 37.27200000
37.59700000 37.59700000 37.59700000 37.59700000 37.59700000 37.59700000 37.59700000 37.59700000 37.59700000 37.59700000 37.59700000 37.59700000 37.59700000 37.59700000 37.59700000 37.59700000 37.59700000 37.59700000 37.59700000 37.59700000 37.59700000 37.59700000 36.89700000 37.11200000 37.20100000 37.17300000 37.20600000 37.25400000 37.28800000 37.31700000
37.59700000 37.59700000 37.59700000 37.59700000 37.59700000 37.59700000 37.59700000 37.59700000 37.59700000 37.59700000 37.59700000 37.59700000 37.59700000 37.59700000 37.59700000 37.59700000 37.59700000 37.59700000 37.59700000 37.59700000 37.59700000 37.59700000 37.59700000 36.81500000 37.18000000 37.22400000 37.23000000 37.24700000 37.28600000 37.30600000
36.98600000 36.95600000 36.94200000 36.95500000 37.05400000 37.19800000 37.25100000 37.25900000 37.21500000 37.20100000 37.13200000 37.01200000 36.89000000 36.68300000 36.64400000 36.85800000 36.99800000 37.00000000 37.02400000 37.05900000 37.00900000 36.99700000 36.86800000 36.62100000 36.54100000 36.28800000 36.51300000 36.44500000 36.41600000 36.44600000
36.98500000 36.94500000 36.93200000 36.87900000 37.19200000 37.20800000 37.19600000 37.18800000 37.16300000 37.10400000 37.00400000 36.88200000 36.50000000 36.75100000 36.80800000 36.97400000 37.06800000 37.01900000 37.08400000 37.03300000 36.99500000 36.90700000 36.75800000 36.64900000 36.46800000 36.80700000 36.91100000 36.95600000 37.07900000 37.08400000
37.03300000 36.89400000 36.90300000 36.84600000 37.14600000 37.15500000 37.13000000 37.06400000 36.99800000 36.93100000 36.78800000 36.44500000 36.68600000 36.88900000 36.86700000 37.09300000 37.01400000 37.03000000 37.04600000 36.99000000 36.91200000 36.82600000 36.63900000 37.15100000 37.12200000 37.03600000 37.06600000 36.93600000 36.91700000 36.86100000
36.54000000 36.99400000 36.85700000 36.92600000 36.86100000 37.05100000 36.96500000 36.66600000 36.55300000 36.71700000 36.85000000 36.92100000 36.89400000 36.88500000 36.92800000 37.13200000 36.94300000 36.98800000 36.94000000 36.81300000 36.73200000 37.21300000 37.25300000 37.25800000 37.20800000 37.01200000 37.04500000 37.02700000 36.98300000 36.90600000
36.25400000 36.54100000 36.98700000 36.93400000 36.88900000 36.88500000 36.63400000 36.54600000 36.67800000 36.95100000 36.91800000 36.90100000 36.92100000 36.94500000 36.99400000 37.13900000 36.86900000 36.90200000 36.78800000 37.14000000 37.24500000 37.23400000 37.19500000 37.18600000 37.21200000 37.26500000 37.23100000 36.86400000 36.74100000 36.65100000
36.07600000 36.40000000 36.97000000 37.05800000 37.07200000 36.87000000 36.83900000 36.90800000 36.90400000 36.87000000 36.84100000 36.84700000 36.88100000 36.96200000 37.04100000 37.12500000 36.90100000 36.86100000 37.15500000 37.21200000 37.20800000 37.11600000 37.04000000 37.05900000 37.15300000 37.21700000 37.28100000 37.25700000 36.68800000 36.58500000
35.82900000 35.72400000 36.73800000 36.83900000 37.09200000 37.20200000 36.93700000 36.90500000 36.89900000 36.88900000 37.01900000 36.99800000 36.99200000 37.01600000 37.03300000 37.06800000 37.06900000 37.06000000 37.18100000 37.19600000 37.12600000 37.02300000 36.95300000 37.02800000 37.15600000 37.22300000 37.34100000 37.33500000 37.26500000 36.66300000
35.56000000 36.01900000 36.71100000 36.65400000 36.76600000 37.14800000 37.28700000 36.95100000 36.92500000 36.97700000 36.99900000 36.97700000 37.01500000 37.04500000 37.04300000 37.08100000 37.20800000 37.15200000 37.13500000 37.18100000 37.16500000 37.11600000 37.13700000 37.16200000 37.21800000 37.40500000 37.47900000 37.42200000 37.27400000 37.22700000
35.87500000 36.02200000 36.36500000 36.51400000 36.71800000 36.50200000 36.86100000 37.32400000 37.38500000 37.15000000 36.92000000 36.92600000 36.94700000 37.04200000 37.03900000 37.14300000 37.22700000 37.22300000 37.23200000 37.24500000 37.25600000 37.18400000 37.26400000 37.44800000 37.42600000 37.43100000 37.45900000 37.43600000 37.28300000 37.26600000
35.72600000 36.09600000 36.46500000 36.32900000 36.25100000 36.61200000 36.26900000 36.79700000 37.29100000 37.36600000 37.39500000 37.18700000 36.95400000 36.96100000 36.95000000 37.03800000 37.15500000 37.14500000 37.01500000 37.37600000 37.28900000 37.33400000 37.34000000 37.35500000 37.40200000 37.40400000 37.45700000 37.33000000 37.26700000 37.24900000
35.51700000 37.59700000 35.91200000 35.90200000 36.07800000 36.42400000 36.25600000 36.11500000 36.71100000 37.21900000 37.33000000 37.41200000 37.27700000 36.95600000 37.00400000 37.00700000 37.02300000 37.36600000 37.35500000 37.36800000 37.33900000 37.30500000 37.40300000 37.32800000 37.39200000 37.39300000 37.32000000 37.27000000 37.29600000 37.21100000
37.59700000 37.59700000 37.59700000 37.59700000 35.86200000 36.08400000 36.49600000 36.42700000 35.95100000 36.66900000 37.13600000 37.05600000 37.16200000 37.20000000 37.24600000 37.26600000 37.25000000 37.28200000 37.29500000 37.37700000 37.23700000 37.35700000 37.27500000 37.27400000 37.33200000 37.31700000 37.30900000 37.28500000 37.24900000 37.18400000
37.59700000 37.59700000 37.59700000 37.59700000 37.59700000 35.68400000 35.87000000 36.11200000 36.21700000 36.27800000 36.59500000 37.09000000 36.61600000 36.61000000 36.67500000 36.68400000 36.48600000 37.11000000 37.23800000 37.36100000 37.20600000 37.27900000 37.24500000 37.22200000 37.31000000 37.38200000 37.34600000 37.36000000 37.35200000 37.20500000
37.59700000 37.59700000 37.59700000 37.59700000 37.59700000 37.59700000 37.59700000 35.72200000 35.74500000 35.84900000 36.15900000 36.29500000 36.49200000 36.35800000 36.14600000 36.50100000 36.36800000 37.10200000 37.11100000 37.35900000 37.36200000 37.19800000 37.21200000 37.19400000 37.28600000 37.37700000 37.46200000 37.33700000 37.37800000 37.21900000
37.59700000 37.59700000 37.59700000 37.59700000 37.59700000 37.59700000 37.59700000 37.59700000 37.59700000 37.59700000 37.59700000 37.59700000 37.59700000 37.59700000 37.59700000 36.24800000 36.18100000 36.70300000 36.97800000 37.35800000 37.38800000 37.37900000 37.34300000 37.32700000 37.32100000 37.38100000 37.41200000 37.48900000 37.32900000 37.36400000
37.59700000 37.59700000 37.59700000 37.59700000 37.59700000 37.59700000 37.59700000 37.59700000 37.59700000 37.59700000 37.59700000 37.59700000 37.59700000 37.59700000 37.59700000 37.59700000 36.16100000 36.44100000 37.03400000 36.91700000 37.30400000 37.42500000 37.40100000 37.40600000 37.36700000 37.35700000 37.41700000 37.49900000 37.51900000 37.51000000
37.59700000 37.59700000 37.59700000 37.59700000 37.59700000 37.59700000 37.59700000 37.59700000 37.59700000 37.59700000 37.59700000 37.59700000 37.59700000 37.59700000 37.59700000 37.59700000 37.59700000 36.34500000 36.76100000 36.90700000 37.07000000 37.34500000 37.41300000 37.40600000 37.33100000 37.34400000 37.38600000 37.35200000 37.51700000 37.55800000
37.59700000 37.59700000 37.59700000 37.59700000 37.59700000 37.59700000 37.59700000 37.59700000 37.59700000 37.59700000 37.59700000 37.59700000 37.59700000 37.59700000 37.59700000 37.59700000 37.59700000 37.59700000 37.59700000 36.63000000 36.99700000 37.32300000 37.43100000 37.41300000 37.30300000 37.34200000 37.38300000 37.36500000 37.35000000 37.45600000
37.59700000 37.59700000 37.59700000 37.59700000 37.59700000 37.59700000 37.59700000 37.59700000 37.59700000 37.59700000 37.59700000 37.59700000 37.59700000 37.59700000 37.59700000 37.59700000 37.59700000 37.59700000 37.59700000 37.59700000 36.78100000 37.34400000 37.43000000 37.38300000 37.33900000 37.39500000 37.35000000 37.38100000 37.32400000 37.37200000
37.59700000 37.59700000 37.59700000 37.59700000 37.59700000 37.59700000 37.59700000 37.59700000 37.59700000 37.59700000 37.59700000 37.59700000 37.59700000 37.59700000 37.59700000 37.59700000 37.59700000 37.59700000 37.59700000 37.59700000 36.64300000 37.34000000 37.42200000 37.31100000 37.40200000 37.40000000 37.42800000 37.35400000 37.35300000 37.36400000
37.59700000 37.59700000 37.59700000 37.59700000 37.59700000 37.59700000 37.59700000 37.59700000 37.59700000 37.59700000 37.59700000 37.59700000 37.59700000 37.59700000 37.59700000 37.59700000 37.59700000 37.59700000 37.59700000 37.59700000 36.58600000 37.35800000 37.36300000 37.32700000 37.40100000 37.39300000 37.41700000 37.43400000 37.36800000 37.34200000
37.59700000 37.59700000 37.59700000 37.59700000 37.59700000 37.59700000 37.59700000 37.59700000 37.59700000 37.59700000 37.59700000 37.59700000 37.59700000 37.59700000 37.59700000 37.59700000 37.59700000 37.59700000 37.59700000 37.59700000 36.63900000 37.30500000 37.34000000 37.39300000 37.37100000 37.37500000 37.35700000 37.38500000 37.35800000 37.37900000
37.59700000 37.59700000 37.59700000 37.59700000 37.59700000 37.59700000 37.59700000 37.59700000 37.59700000 37.59700000 37.59700000 37.59700000 37.59700000 37.59700000 37.59700000 37.59700000 37.59700000 37.59700000 37.59700000 37.59700000 37.59700000 36.71000000 37.35700000 37.37900000 37.37300000 37.34900000 37.32100000 37.29900000 37.31200000 37.33100000
37.59700000 37.59700000 37.59700000 37.59700000 37.59700000 37.59700000 37.59700000 37.59700000 37.59700000 37.59700000 37.59700000 37.59700000 37.59700000 37.59700000 37.59700000 37.59700000 37.59700000 37.59700000 37.59700000 37.59700000 37.59700000 36.72100000 37.28100000 37.33800000 37.34400000 37.33400000 37.31900000 37.29300000 37.28800000 37.30500000
37.59700000 37.59700000 37.59700000 37.59700000 37.59700000 37.59700000 37.59700000 37.59700000 37.59700000 37.59700000 37.59700000 37.59700000 37.59700000 37.59700000 37.59700000 37.59700000 37.59700000 37.59700000 37.59700000 37.59700000 37.59700000 37.59700000 37.14500000 37.28400000 37.32700000 37.31000000 37.28600000 37.26200000 37.23800000 37.27100000
37.59700000 37.59700000 37.59700000 37.59700000 37.59700000 37.59700000 37.59700000 37.59700000 37.59700000 37.59700000 37.59700000 37.59700000 37.59700000 37.59700000 37.59700000 37.59700000 37.59700000 37.59700000 37.59700000 37.59700000 37.59700000 37.59700000 36.88900000 37.11000000 37.19900000 37.17100000 37.20400000 37.25200000 37.28600000 37.31600000
37.59700000 37.59700000 37.59700000 37.59700000 37.59700000 37.59700000 37.59700000 37.59700000 37.59700000 37.59700000 37.59700000 37.59700000 37.59700000 37.59700000 37.59700000 37.59700000 37.59700000 37.59700000 37.59700000 37.59700000 37.59700000 37.59700000 37.59700000 36.80600000 37.17900000 37.22200000 37.22800000 37.24500000 37.28500000 37.30400000
