37.02200000 36.92500000 37.02200000 36.96400000 36.98700000 37.00700000 37.15600000 37.26800000 37.26900000 37.23500000 37.16200000 37.06000000 36.91000000 36.57600000 36.48900000 36.83400000 36.89900000 36.98700000 36.97500000 37.03000000 37.05700000 37.03300000 36.92000000 36.74700000 36.43500000 36.23700000 36.38500000 36.52200000 36.37900000 36.37000000
37.01100000 36.99000000 36.95000000 36.92800000 36.93700000 37.15300000 37.22800000 37.23100000 37.20500000 37.15300000 37.06800000 36.95600000 36.55600000 36.51900000 36.78500000 36.88000000 36.96800000 37.02300000 36.99200000 37.06600000 37.06200000 36.99000000 36.86000000 36.68600000 36.31300000 36.54200000 36.55400000 36.45900000 36.58100000 36.93400000
37.01300000 37.02700000 36.92800000 36.92500000 36.92600000 37.04600000 37.15300000 37.14000000 37.07400000 36.92700000 36.63500000 36.44000000 36.52400000 36.75900000 36.79800000 36.92600000 37.08100000 37.01200000 36.97300000 37.01600000 36.96600000 36.88800000 36.73000000 36.59600000 36.70600000 37.04400000 37.04800000 37.07300000 36.94700000 36.86900000
36.62000000 36.98500000 36.96700000 36.91300000 36.94300000 36.80100000 36.75600000 36.60500000 36.48200000 36.62600000 36.81400000 36.88500000 36.88400000 36.85100000 36.82800000 36.95000000 37.09300000 36.98300000 36.92000000 36.93500000 36.85700000 36.74500000 36.96300000 37.15000000 37.19000000 37.07800000 37.02700000 36.99800000 36.97000000 36.98300000
36.53100000 36.44000000 37.01300000 36.84900000 36.91200000 36.92500000 36.92400000 36.78000000 36.85900000 36.92900000 36.87400000 36.88500000 36.90200000 36.90400000 36.91900000 36.96900000 37.10000000 36.97400000 36.78900000 36.75500000 37.02900000 37.18500000 37.21000000 37.20500000 37.21700000 37.24200000 37.09500000 36.97700000 36.91500000 36.77100000
36.37700000 35.94100000 36.85500000 36.95600000 36.82800000 36.87600000 36.93600000 36.92600000 36.92500000 36.92600000 36.87400000 36.86800000 36.96800000 37.02200000 37.03300000 36.99100000 37.13200000 37.10400000 36.98600000 37.13400000 37.18300000 37.16400000 37.12300000 37.09200000 37.15200000 37.22100000 37.23600000 37.25500000 36.87700000 36.60400000
36.06200000 35.34900000 36.76800000 37.00100000 36.97400000 36.86500000 36.79000000 36.77600000 36.78800000 36.82600000 36.91800000 37.00900000 36.99200000 37.01100000 37.04800000 36.98800000 37.19400000 37.20000000 37.13900000 37.14300000 37.15100000 37.07600000 36.96500000 36.95100000 37.04600000 37.18200000 37.25400000 37.26000000 37.25700000 36.98300000
35.66100000 35.11300000 36.21400000 36.63100000 36.95500000 37.09600000 37.04000000 36.89900000 36.88400000 36.91000000 37.01900000 36.97900000 36.97900000 37.03300000 37.05300000 36.99400000 37.23000000 37.22800000 37.16000000 37.13000000 37.15400000 37.08300000 37.01100000 37.04800000 37.14800000 37.21300000 37.30800000 37.32500000 37.25800000 37.24200000
35.37400000 35.54900000 36.06500000 36.61100000 36.49900000 36.71800000 36.95100000 37.19200000 36.92700000 36.90500000 36.95300000 36.96100000 36.95700000 36.94500000 36.93000000 36.97400000 37.12400000 37.20700000 37.24200000 37.24900000 37.19100000 37.15600000 37.16200000 37.20700000 37.25200000 37.40900000 37.43800000 37.36000000 37.27600000 37.26100000
35.14600000 35.44800000 35.87200000 36.25100000 36.36300000 36.51700000 36.57700000 36.77700000 37.27900000 37.19900000 37.03900000 36.97100000 36.92100000 36.92700000 36.96500000 36.96400000 37.02000000 37.01300000 37.01200000 37.39600000 37.44700000 37.44700000 37.44900000 37.44900000 37.43300000 37.41400000 37.44600000 37.32000000 37.24900000 37.25300000
34.54900000 34.92600000 35.04500000 35.30600000 35.97000000 36.17700000 36.46500000 36.10400000 36.64800000 37.17500000 37.35800000 37.40100000 37.39600000 37.39200000 37.06700000 36.94500000 37.03500000 37.43100000 37.27700000 37.27300000 37.35400000 37.33800000 37.32500000 37.36600000 37.39800000 37.41900000 37.35700000 37.26900000 37.31900000 37.22900000
37.59700000 37.59700000 37.59700000 34.79100000 35.48600000 35.71800000 36.03200000 35.90900000 35.75700000 36.27900000 36.89800000 37.28100000 37.26800000 37.32100000 37.37200000 37.33800000 37.26400000 37.12600000 37.16300000 37.35800000 37.26800000 37.33100000 37.37100000 37.27700000 37.26300000 37.31800000 37.36900000 37.30600000 37.35900000 37.21600000
37.59700000 37.59700000 37.59700000 37.59700000 35.14800000 35.35600000 35.45400000 35.51000000 35.65600000 35.81300000 36.50000000 36.92400000 37.16500000 36.89000000 36.70100000 36.99600000 36.92200000 36.65600000 37.30700000 37.35400000 37.25900000 37.26200000 37.22200000 37.21300000 37.24500000 37.32200000 37.33600000 37.28300000 37.37500000 37.22900000
37.59700000 37.59700000 37.59700000 37.59700000 37.59700000 37.59700000 35.31100000 35.37400000 35.51500000 35.63700000 36.19000000 36.33000000 36.54700000 36.45400000 36.20300000 36.29000000 36.63700000 36.18000000 37.23600000 37.35100000 37.31600000 37.17100000 37.18500000 37.18100000 37.23500000 37.32900000 37.43500000 37.39700000 37.28600000 37.29900000
37.59700000 37.59700000 37.59700000 37.59700000 37.59700000 37.59700000 37.59700000 37.59700000 37.59700000 37.59700000 37.59700000 37.59700000 35.68800000 35.96100000 36.24300000 36.11400000 36.57100000 35.97100000 37.02100000 37.23500000 37.36000000 37.35700000 37.26700000 37.18700000 37.26100000 37.35500000 37.42300000 37.48300000 37.43100000 37.30200000
37.59700000 37.59700000 37.59700000 37.59700000 37.59700000 37.59700000 37.59700000 37.59700000 37.59700000 37.59700000 37.59700000 37.59700000 37.59700000 37.59700000 37.59700000 35.87100000 36.17800000 35.85400000 36.36700000 37.02100000 37.22800000 37.34200000 37.36700000 37.39300000 37.30200000 37.34700000 37.37300000 37.44500000 37.51900000 37.57800000
37.59700000 37.59700000 37.59700000 37.59700000 37.59700000 37.59700000 37.59700000 37.59700000 37.59700000 37.59700000 37.59700000 37.59700000 37.59700000 37.59700000 37.59700000 37.59700000 35.91700000 35.86500000 36.52800000 36.89400000 37.03800000 37.29100000 37.36600000 37.39300000 37.35400000 37.31600000 37.33900000 37.38800000 37.41500000 37.54800000
37.59700000 37.59700000 37.59700000 37.59700000 37.59700000 37.59700000 37.59700000 37.59700000 37.59700000 37.59700000 37.59700000 37.59700000 37.59700000 37.59700000 37.59700000 37.59700000 37.59700000 37.59700000 36.28700000 36.64400000 37.03800000 36.89500000 37.35000000 37.40300000 37.38900000 37.28900000 37.32600000 37.36200000 37.34900000 37.36800000
37.59700000 37.59700000 37.59700000 37.59700000 37.59700000 37.59700000 37.59700000 37.59700000 37.59700000 37.59700000 37.59700000 37.59700000 37.59700000 37.59700000 37.59700000 37.59700000 37.59700000 37.59700000 37.59700000 36.65500000 37.00600000 36.89300000 37.37000000 37.42900000 37.39300000 37.31300000 37.33500000 37.34400000 37.37800000 37.31800000
37.59700000 37.59700000 37.59700000 37.59700000 37.59700000 37.59700000 37.59700000 37.59700000 37.59700000 37.59700000 37.59700000 37.59700000 37.59700000 37.59700000 37.59700000 37.59700000 37.59700000 37.59700000 37.59700000 36.97400000 36.41000000 37.06000000 37.37600000 37.43300000 37.29700000 37.37000000 37.41000000 37.39400000 37.35200000 37.34500000
37.59700000 37.59700000 37.59700000 37.59700000 37.59700000 37.59700000 37.59700000 37.59700000 37.59700000 37.59700000 37.59700000 37.59700000 37.59700000 37.59700000 37.59700000 37.59700000 37.59700000 37.59700000 37.59700000 36.86300000 36.71800000 36.90600000 37.34600000 37.39100000 37.31800000 37.39200000 37.38400000 37.40000000 37.40900000 37.34600000
37.59700000 37.59700000 37.59700000 37.59700000 37.59700000 37.59700000 37.59700000 37.59700000 37.59700000 37.59700000 37.59700000 37.59700000 37.59700000 37.59700000 37.59700000 37.59700000 37.59700000 37.59700000 37.59700000 36.60500000 36.74000000 36.70700000 37.35100000 37.32100000 37.39800000 37.35700000 37.38300000 37.38400000 37.39000000 37.41100000
37.59700000 37.59700000 37.59700000 37.59700000 37.59700000 37.59700000 37.59700000 37.59700000 37.59700000 37.59700000 37.59700000 37.59700000 37.59700000 37.59700000 37.59700000 37.59700000 37.59700000 37.59700000 37.59700000 37.59700000 36.67800000 36.60400000 37.32400000 37.37400000 37.34900000 37.36100000 37.34800000 37.33000000 37.33700000 37.36900000
37.59700000 37.59700000 37.59700000 37.59700000 37.59700000 37.59700000 37.59700000 37.59700000 37.59700000 37.59700000 37.59700000 37.59700000 37.59700000 37.59700000 37.59700000 37.59700000 37.59700000 37.59700000 37.59700000 37.59700000 37.59700000 36.64600000 36.94700000 37.30800000 37.32300000 37.32900000 37.34000000 37.31600000 37.30100000 37.31500000
37.59700000 37.59700000 37.59700000 37.59700000 37.59700000 37.59700000 37.59700000 37.59700000 37.59700000 37.59700000 37.59700000 37.59700000 37.59700000 37.59700000 37.59700000 37.59700000 37.59700000 37.59700000 37.59700000 37.59700000 37.59700000 36.48800000 36.55000000 37.22900000 37.28300000 37.31500000 37.30100000 37.28100000 37.28900000 37.27600000
37.59700000 37.59700000 37.59700000 37.59700000 37.59700000 37.59700000 37.59700000 37.59700000 37.59700000 37.59700000 37.59700000 37.59700000 37.59700000 37.59700000 37.59700000 37.59700000 37.59700000 37.59700000 37.59700000 37.59700000 37.59700000 37.59700000 36.35100000 37.13000000 37.14800000 37.21900000 37.21800000 37.23700000 37.23300000 37.27800000
37.59700000 37.59700000 37.59700000 37.59700000 37.59700000 37.59700000 37.59700000 37.59700000 37.59700000 37.59700000 37.59700000 37.59700000 37.59700000 37.59700000 37.59700000 37.59700000 37.59700000 37.59700000 37.59700000 37.59700000 37.59700000 37.59700000 37.59700000 36.15000000 37.18600000 37.18100000 37.19900000 37.23600000 37.27500000 37.28800000
37.02100000 36.92400000 37.02200000 36.96500000 36.98700000 37.00700000 37.15600000 37.26700000 37.26800000 37.23800000 37.16200000 37.06000000 36.91200000 36.57500000 36.49400000 36.83400000 36.89700000 36.98900000 36.97400000 37.03000000 37.05700000 37.03700000 36.92000000 36.74700000 36.43900000 36.23600000 36.38500000 36.52800000 36.38000000 36.37000000
37.01000000 36.98800000 36.94900000 36.92700000 36.93600000 37.15200000 37.22600000 37.22900000 37.20400000 37.15200000 37.06700000 36.95500000 36.55500000 36.51800000 36.78400000 36.88000000 36.96800000 37.02200000 36.99100000 37.06500000 37.06100000 36.98900000 36.86000000 36.68500000 36.31400000 36.54200000 36.55300000 36.46000000 36.60300000 36.94200000
37.01200000 37.02500000 36.92800000 36.92400000 36.92500000 37.04500000 37.15200000 37.13900000 37.07300000 36.92600000 36.63300000 36.43900000 36.52400000 36.75900000 36.79700000 36.92500000 37.08000000 37.01200000 36.97300000 37.01500000 36.96500000 36.88800000 36.72900000 36.59700000 36.70700000 37.04300000 37.04700000 37.07200000 36.94700000 36.86800000
36.61900000 36.98400000 36.96600000 36.91200000 36.94200000 36.80000000 36.75500000 36.60400000 36.48200000 36.62600000 36.81300000 36.88400000 36.88300000 36.85100000 36.82700000 36.94900000 37.09300000 36.98200000 36.92000000 36.93500000 36.85700000 36.74500000 36.96500000 37.15000000 37.18900000 37.07700000 37.02700000 36.99700000 36.97000000 36.98200000
36.53000000 36.49900000 37.01200000 36.84800000 36.91000000 36.92400000 36.92300000 36.78000000 36.85900000 36.92800000 36.87300000 36.88400000 36.90100000 36.90400000 36.91800000 36.96800000 37.09900000 36.97500000 36.78900000 36.75600000 37.03100000 37.18600000 37.20900000 37.20500000 37.21600000 37.24100000 37.09500000 36.97600000 36.91400000 36.77100000
36.38600000 36.03200000 36.89600000 36.95500000 36.82700000 36.87500000 36.93500000 36.92500000 36.92400000 36.92500000 36.87300000 36.86700000 36.96800000 37.02200000 37.03200000 36.99100000 37.13200000 37.10400000 36.98600000 37.13600000 37.18300000 37.16300000 37.12200000 37.09100000 37.15100000 37.22000000 37.23600000 37.25400000 36.87700000 36.60400000
36.10800000 35.91300000 36.79700000 36.99800000 36.97300000 36.86500000 36.78900000 36.77600000 36.78700000 36.82500000 36.91900000 37.00800000 36.99100000 37.01000000 37.04700000 36.98700000 37.19300000 37.19900000 37.14000000 37.14200000 37.15100000 37.07500000 36.96500000 36.95100000 37.04600000 37.18200000 37.25300000 37.26000000 37.25700000 36.98200000
35.88500000 35.73900000 36.77100000 36.63000000 36.95400000 37.09500000 37.04000000 36.89800000 36.88400000 36.91000000 37.01900000 36.97900000 36.97900000 37.03200000 37.05100000 36.99400000 37.22900000 37.22800000 37.16000000 37.12900000 37.15300000 37.08300000 37.01100000 37.04800000 37.14800000 37.21300000 37.30800000 37.32500000 37.25800000 37.24200000
35.80400000 35.95800000 36.54900000 36.60900000 36.49800000 36.71800000 36.94900000 37.19100000 36.92700000 36.90500000 36.95200000 36.96100000 36.95700000 36.94500000 36.93000000 36.97300000 37.12300000 37.20600000 37.24100000 37.24800000 37.19000000 37.15600000 37.16200000 37.20700000 37.25300000 37.41000000 37.43700000 37.36000000 37.27500000 37.26100000
35.70500000 35.84100000 36.07200000 36.28300000 36.38500000 36.53200000 36.58600000 36.77800000 37.28000000 37.20000000 37.04000000 36.97100000 36.92100000 36.92600000 36.96500000 36.96400000 37.02000000 37.01200000 37.01200000 37.39600000 37.44600000 37.44600000 37.44800000 37.44800000 37.43300000 37.41300000 37.44600000 37.32000000 37.24900000 37.25200000
35.44500000 37.59700000 35.55600000 35.73400000 36.20800000 36.33500000 36.48400000 36.47400000 36.69400000 37.17800000 37.35800000 37.40100000 37.39600000 37.39000000 37.06800000 36.94500000 37.03600000 37.42900000 37.27600000 37.27200000 37.35300000 37.33800000 37.32500000 37.36600000 37.39800000 37.41900000 37.35700000 37.27000000 37.31900000 37.22900000
37.59700000 37.59700000 37.59700000 37.59700000 35.65800000 35.97500000 36.45800000 36.48800000 36.18600000 36.38200000 36.89900000 37.28200000 37.26700000 37.32000000 37.37000000 37.33600000 37.26300000 37.12500000 37.16300000 37.35700000 37.26700000 37.33100000 37.37000000 37.27600000 37.26300000 37.31800000 37.36900000 37.30700000 37.35900000 37.21600000
37.59700000 37.59700000 37.59700000 37.59700000 37.59700000 35.64900000 35.79800000 35.95300000 36.15000000 36.09900000 36.52400000 36.92200000 37.16500000 36.89000000 36.69700000 36.99500000 36.92000000 36.65500000 37.30600000 37.35300000 37.25400000 37.26200000 37.22200000 37.21200000 37.24500000 37.32200000 37.33500000 37.28400000 37.37500000 37.22900000
37.59700000 37.59700000 37.59700000 37.59700000 37.59700000 37.59700000 37.59700000 35.51800000 35.73100000 35.73700000 36.38000000 36.40600000 36.53900000 36.44300000 36.18800000 36.28500000 36.66400000 36.25900000 37.23500000 37.35100000 37.31200000 37.17100000 37.18500000 37.18000000 37.23500000 37.32800000 37.43500000 37.39600000 37.28600000 37.29900000
37.59700000 37.59700000 37.59700000 37.59700000 37.59700000 37.59700000 37.59700000 37.59700000 37.59700000 37.59700000 37.59700000 37.59700000 37.59700000 37.59700000 37.59700000 36.23000000 36.57100000 36.13500000 37.03100000 37.23400000 37.35900000 37.35600000 37.26400000 37.18700000 37.26100000 37.35500000 37.42400000 37.48400000 37.42900000 37.30300000
37.59700000 37.59700000 37.59700000 37.59700000 37.59700000 37.59700000 37.59700000 37.59700000 37.59700000 37.59700000 37.59700000 37.59700000 37.59700000 37.59700000 37.59700000 37.59700000 36.38100000 36.45000000 36.41900000 37.02000000 37.22800000 37.34200000 37.36700000 37.39300000 37.30200000 37.34700000 37.37400000 37.44500000 37.51900000 37.57900000
37.59700000 37.59700000 37.59700000 37.59700000 37.59700000 37.59700000 37.59700000 37.59700000 37.59700000 37.59700000 37.59700000 37.59700000 37.59700000 37.59700000 37.59700000 37.59700000 37.59700000 36.39600000 36.80900000 36.90900000 37.02200000 37.28900000 37.36800000 37.39500000 37.35400000 37.31800000 37.34000000 37.38900000 37.41600000 37.55000000
37.59700000 37.59700000 37.59700000 37.59700000 37.59700000 37.59700000 37.59700000 37.59700000 37.59700000 37.59700000 37.59700000 37.59700000 37.59700000 37.59700000 37.59700000 37.59700000 37.59700000 37.59700000 37.59700000 36.81300000 37.03600000 36.92400000 37.35100000 37.40400000 37.38900000 37.29100000 37.32800000 37.36500000 37.35100000 37.37000000
37.59700000 37.59700000 37.59700000 37.59700000 37.59700000 37.59700000 37.59700000 37.59700000 37.59700000 37.59700000 37.59700000 37.59700000 37.59700000 37.59700000 37.59700000 37.59700000 37.59700000 37.59700000 37.59700000 37.59700000 36.92300000 37.02500000 37.37100000 37.42900000 37.39300000 37.31500000 37.33600000 37.34500000 37.37900000 37.31700000
37.59700000 37.59700000 37.59700000 37.59700000 37.59700000 37.59700000 37.59700000 37.59700000 37.59700000 37.59700000 37.59700000 37.59700000 37.59700000 37.59700000 37.59700000 37.59700000 37.59700000 37.59700000 37.59700000 37.59700000 36.37700000 37.12900000 37.37700000 37.43300000 37.29800000 37.37300000 37.41100000 37.39500000 37.35200000 37.34400000
37.59700000 37.59700000 37.59700000 37.59700000 37.59700000 37.59700000 37.59700000 37.59700000 37.59700000 37.59700000 37.59700000 37.59700000 37.59700000 37.59700000 37.59700000 37.59700000 37.59700000 37.59700000 37.59700000 37.59700000 36.06200000 37.08600000 37.34700000 37.39100000 37.31800000 37.39300000 37.38500000 37.40000000 37.40800000 37.34600000
37.59700000 37.59700000 37.59700000 37.59700000 37.59700000 37.59700000 37.59700000 37.59700000 37.59700000 37.59700000 37.59700000 37.59700000 37.59700000 37.59700000 37.59700000 37.59700000 37.59700000 37.59700000 37.59700000 37.59700000 36.15000000 36.93100000 37.35100000 37.32000000 37.39700000 37.35700000 37.38300000 37.38400000 37.39000000 37.40700000
37.59700000 37.59700000 37.59700000 37.59700000 37.59700000 37.59700000 37.59700000 37.59700000 37.59700000 37.59700000 37.59700000 37.59700000 37.59700000 37.59700000 37.59700000 37.59700000 37.59700000 37.59700000 37.59700000 37.59700000 37.59700000 36.86000000 37.32400000 37.37500000 37.34900000 37.36100000 37.34800000 37.33000000 37.33600000 37.36900000
37.59700000 37.59700000 37.59700000 37.59700000 37.59700000 37.59700000 37.59700000 37.59700000 37.59700000 37.59700000 37.59700000 37.59700000 37.59700000 37.59700000 37.59700000 37.59700000 37.59700000 37.59700000 37.59700000 37.59700000 37.59700000 36.58700000 37.01300000 37.30900000 37.32400000 37.32900000 37.33900000 37.31600000 37.30000000 37.31500000
37.59700000 37.59700000 37.59700000 37.59700000 37.59700000 37.59700000 37.59700000 37.59700000 37.59700000 37.59700000 37.59700000 37.59700000 37.59700000 37.59700000 37.59700000 37.59700000 37.59700000 37.59700000 37.59700000 37.59700000 37.59700000 37.59700000 37.06600000 37.23100000 37.28400000 37.31500000 37.30100000 37.28100000 37.28900000 37.27500000
37.59700000 37.59700000 37.59700000 37.59700000 37.59700000 37.59700000 37.59700000 37.59700000 37.59700000 37.59700000 37.59700000 37.59700000 37.59700000 37.59700000 37.59700000 37.59700000 37.59700000 37.59700000 37.59700000 37.59700000 37.59700000 37.59700000 36.60300000 37.12700000 37.14900000 37.21900000 37.21800000 37.23600000 37.23200000 37.27800000
37.59700000 37.59700000 37.59700000 37.59700000 37.59700000 37.59700000 37.59700000 37.59700000 37.59700000 37.59700000 37.59700000 37.59700000 37.59700000 37.59700000 37.59700000 37.59700000 37.59700000 37.59700000 37.59700000 37.59700000 37.59700000 37.59700000 37.59700000 37.03000000 37.18600000 37.18100000 37.19900000 37.23500000 37.27400000 37.28700000
