 25.69100000  25.37000000  25.56300000  25.68700000  25.09900000  24.88900000  25.38700000  25.62400000  25.59900000  25.53500000  25.45700000  25.30400000  25.22300000  24.28600000  24.26200000  25.47500000  25.71000000  25.79700000  25.43700000  25.41200000  25.47000000  25.46000000  25.34200000  25.00800000  24.15500000  23.90100000  24.30200000  24.79000000  24.70600000  24.66600000
 25.44300000  25.37200000  25.50600000  25.38600000  24.68700000  25.26400000  25.53100000  25.54100000  25.47000000  25.39600000  25.26100000  25.10000000  24.12100000  24.20100000  24.93100000  25.30900000  25.72600000  25.50900000  25.45500000  25.40400000  25.43600000  25.33700000  25.16200000  24.66500000  23.77800000  24.34800000  24.56100000  24.53800000  24.79800000  25.29400000
 25.51600000  25.44400000  25.53800000  25.46500000  24.70000000  25.03300000  25.35600000  25.36400000  25.23100000  24.88900000  24.22000000  23.99800000  24.22000000  24.66600000  24.86500000  25.51000000  25.73500000  25.44900000  25.41700000  25.31300000  25.23700000  25.16500000  24.70700000  24.34700000  24.85600000  25.65500000  25.63400000  25.63200000  25.24100000  25.13900000
 24.75600000  25.36900000  25.50600000  25.57300000  25.14400000  24.48500000  24.44900000  24.20500000  24.07800000  24.27900000  24.64200000  24.86800000  24.92900000  24.88700000  24.90800000  25.64700000  25.72000000  25.42300000  25.30100000  25.25000000  24.99600000  24.85700000  25.40600000  25.86000000  25.97500000  25.78100000  25.59500000  25.41900000  25.33500000  25.49800000
 24.80800000  24.58900000  25.36200000  25.47800000  25.59700000  25.18900000  24.79200000  24.46600000  24.66700000  24.96200000  25.01300000  25.25000000  25.43100000  25.45500000  25.53500000  25.75000000  25.79700000  25.39400000  25.04900000  24.95700000  25.55100000  25.92400000  25.84600000  25.76500000  25.80600000  25.99600000  25.78000000  25.48500000  25.41400000  25.33600000
 24.42500000  24.08700000  24.97900000  25.47000000  25.50400000  25.59000000  25.68600000  25.54200000  25.55000000  25.68700000  25.67700000  25.69700000  25.87800000  25.96500000  25.99200000  25.85900000  25.76500000  25.65100000  25.30500000  25.70800000  25.83600000  25.64600000  25.57000000  25.49700000  25.65000000  25.90800000  25.95500000  26.09900000  25.41600000  25.18000000
 24.05200000  23.80800000  24.77700000  25.17400000  25.55300000  25.58900000  25.54700000  25.53500000  25.55100000  25.60600000  25.77000000  25.88800000  25.85900000  25.93300000  26.00400000  25.86300000  25.86900000  25.88500000  25.72900000  25.73900000  25.61700000  25.44700000  25.16700000  25.03900000  25.35200000  25.76300000  26.15300000  26.09900000  26.13300000  25.64100000
 23.91500000  23.68000000  24.44500000  24.55200000  25.14600000  25.67900000  25.81500000  25.72900000  25.72800000  25.79000000  25.96600000  25.92600000  25.91100000  25.97200000  26.01500000  25.85100000  25.96300000  25.98300000  25.82200000  25.70400000  25.63200000  25.47100000  25.30200000  25.38400000  25.62000000  26.04600000  26.49700000  26.45300000  25.99400000  26.17300000
 23.68800000  24.14000000  24.18000000  24.49800000  24.33900000  24.68800000  25.24300000  25.99000000  25.82100000  25.79700000  25.92300000  25.94300000  25.92000000  25.91700000  25.88300000  25.88800000  25.91400000  26.05700000  26.12300000  26.14600000  25.96600000  25.82000000  25.81900000  26.03100000  26.41400000  26.90900000  26.82400000  26.55000000  26.01300000  26.23600000
 23.38100000  23.76200000  23.85700000  24.13400000  24.15000000  24.30700000  24.40300000  24.91100000  26.25000000  26.25900000  26.02900000  25.93400000  25.80100000  25.74500000  25.78300000  25.86100000  25.83600000  25.91600000  26.01800000  26.93000000  27.05700000  27.03600000  27.03900000  26.99100000  26.76200000  26.58600000  26.71400000  26.28500000  26.05200000  26.24000000
 24.34100000  23.47900000  23.56500000  23.95800000  23.67600000  23.79100000  24.15800000  24.17500000  24.63300000  25.82000000  26.44100000  26.69700000  26.74200000  26.79000000  26.08200000  25.78300000  26.01900000  26.90100000  26.37700000  26.31900000  26.45600000  26.41600000  26.36500000  26.43600000  26.52700000  26.61100000  26.47800000  26.04400000  26.38800000  26.31200000
 27.83300000  27.83300000  27.83300000  23.95000000  23.55900000  23.50800000  23.66700000  23.68100000  23.86200000  24.28400000  24.87800000  26.22800000  26.15900000  26.38400000  26.60800000  26.48600000  26.23200000  25.89600000  26.05800000  26.87600000  26.21600000  26.37500000  26.52500000  26.28900000  26.24600000  26.41100000  26.59400000  26.36300000  26.53000000  26.41100000
 27.83300000  27.83300000  27.83300000  27.83300000  24.02200000  23.80000000  23.52600000  23.63800000  23.52800000  23.79100000  24.42700000  24.94300000  25.69800000  24.95400000  24.63100000  25.12500000  25.11300000  24.84100000  26.51800000  26.88500000  26.22700000  26.25100000  26.17800000  26.39200000  26.59200000  26.76300000  26.61800000  26.27500000  26.52900000  26.41800000
 27.83300000  27.83300000  27.83300000  27.83300000  27.83300000  27.83300000  24.72000000  24.12200000  23.50200000  23.53600000  23.84300000  23.93600000  24.33100000  24.14400000  23.55100000  23.89100000  24.51400000  24.55000000  26.30300000  26.87600000  26.62700000  26.06000000  26.22000000  26.31900000  26.34400000  26.75000000  26.98800000  26.79600000  26.28000000  26.42200000
 27.83300000  27.83300000  27.83300000  27.83300000  27.83300000  27.83300000  27.83300000  27.83300000  27.83300000  27.83300000  27.83300000  27.83300000  23.50500000  23.42400000  22.62000000  23.53800000  24.19800000  24.40600000  25.68600000  26.45900000  26.98500000  26.93600000  26.50100000  26.24300000  26.34600000  26.87600000  27.01900000  27.09700000  26.87600000  26.39800000
 27.83300000  27.83300000  27.83300000  27.83300000  27.83300000  27.83300000  27.83300000  27.83300000  27.83300000  27.83300000  27.83300000  27.83300000  27.83300000  27.83300000  27.83300000  23.87200000  24.11000000  24.46200000  25.22700000  25.75400000  26.49400000  27.00100000  26.90300000  27.02600000  26.46100000  26.95500000  27.05400000  27.02100000  27.11000000  27.21000000
 27.83300000  27.83300000  27.83300000  27.83300000  27.83300000  27.83300000  27.83300000  27.83300000  27.83300000  27.83300000  27.83300000  27.83300000  27.83300000  27.83300000  27.83300000  27.83300000  24.09100000  24.26100000  25.47000000  25.58300000  25.53300000  26.79700000  26.91200000  27.01900000  26.64300000  26.99400000  27.16300000  27.01600000  27.01200000  27.21700000
 27.83300000  27.83300000  27.83300000  27.83300000  27.83300000  27.83300000  27.83300000  27.83300000  27.83300000  27.83300000  27.83300000  27.83300000  27.83300000  27.83300000  27.83300000  27.83300000  27.83300000  27.83300000  22.93900000  25.61500000  25.82700000  25.25300000  26.93500000  26.98700000  26.75900000  27.07500000  27.23600000  27.20200000  27.07200000  27.06100000
 27.83300000  27.83300000  27.83300000  27.83300000  27.83300000  27.83300000  27.83300000  27.83300000  27.83300000  27.83300000  27.83300000  27.83300000  27.83300000  27.83300000  27.83300000  27.83300000  27.83300000  27.83300000  27.83300000  25.90400000  25.68400000  26.20000000  26.92200000  26.98400000  26.80500000  27.12700000  27.19600000  27.19100000  27.20400000  27.15000000
 27.83300000  27.83300000  27.83300000  27.83300000  27.83300000  27.83300000  27.83300000  27.83300000  27.83300000  27.83300000  27.83300000  27.83300000  27.83300000  27.83300000  27.83300000  27.83300000  27.83300000  27.83300000  27.83300000  26.00200000  21.70900000  26.53400000  26.89900000  26.83200000  26.97200000  27.26300000  27.35300000  27.20800000  27.19200000  27.23900000
 27.83300000  27.83300000  27.83300000  27.83300000  27.83300000  27.83300000  27.83300000  27.83300000  27.83300000  27.83300000  27.83300000  27.83300000  27.83300000  27.83300000  27.83300000  27.83300000  27.83300000  27.83300000  27.83300000  25.94000000  24.25900000  26.42000000  26.96200000  26.85800000  27.14700000  27.33100000  27.10500000  27.26500000  27.25900000  27.22700000
 27.83300000  27.83300000  27.83300000  27.83300000  27.83300000  27.83300000  27.83300000  27.83300000  27.83300000  27.83300000  27.83300000  27.83300000  27.83300000  27.83300000  27.83300000  27.83300000  27.83300000  27.83300000  27.83300000  25.66200000  23.94700000  26.33300000  27.16900000  27.04600000  27.32000000  27.11500000  27.08400000  27.28800000  27.28900000  27.30000000
 27.83300000  27.83300000  27.83300000  27.83300000  27.83300000  27.83300000  27.83300000  27.83300000  27.83300000  27.83300000  27.83300000  27.83300000  27.83300000  27.83300000  27.83300000  27.83300000  27.83300000  27.83300000  27.83300000  27.83300000  25.89200000  25.63500000  27.06300000  27.24200000  27.16000000  27.07900000  27.27300000  27.23500000  27.35200000  27.38600000
 27.83300000  27.83300000  27.83300000  27.83300000  27.83300000  27.83300000  27.83300000  27.83300000  27.83300000  27.83300000  27.83300000  27.83300000  27.83300000  27.83300000  27.83300000  27.83300000  27.83300000  27.83300000  27.83300000  27.83300000  27.83300000  24.58400000  26.34900000  27.07800000  27.10000000  27.05900000  27.19900000  27.08800000  27.12300000  27.35200000
 27.83300000  27.83300000  27.83300000  27.83300000  27.83300000  27.83300000  27.83300000  27.83300000  27.83300000  27.83300000  27.83300000  27.83300000  27.83300000  27.83300000  27.83300000  27.83300000  27.83300000  27.83300000  27.83300000  27.83300000  27.83300000  25.95100000  26.30200000  26.84900000  26.99800000  27.01800000  26.95200000  26.90600000  26.91500000  27.05500000
 27.83300000  27.83300000  27.83300000  27.83300000  27.83300000  27.83300000  27.83300000  27.83300000  27.83300000  27.83300000  27.83300000  27.83300000  27.83300000  27.83300000  27.83300000  27.83300000  27.83300000  27.83300000  27.83300000  27.83300000  27.83300000  27.83300000  26.39200000  26.83500000  26.65500000  26.77500000  26.75900000  26.85400000  26.85400000  27.12600000
 27.83300000  27.83300000  27.83300000  27.83300000  27.83300000  27.83300000  27.83300000  27.83300000  27.83300000  27.83300000  27.83300000  27.83300000  27.83300000  27.83300000  27.83300000  27.83300000  27.83300000  27.83300000  27.83300000  27.83300000  27.83300000  27.83300000  27.83300000  26.30900000  26.92700000  26.81200000  26.88500000  27.07800000  27.14100000  27.34300000
 25.75300000  25.35800000  25.60200000  25.73900000  25.19700000  24.93800000  25.40100000  25.66300000  25.61100000  25.56200000  25.47100000  25.33700000  25.27600000  24.29600000  24.27700000  25.47500000  25.73900000  25.83000000  25.47500000  25.47800000  25.47400000  25.44800000  25.30900000  24.98500000  24.15600000  23.89400000  24.31000000  24.76800000  24.70400000  24.67800000
 25.46800000  25.39300000  25.53000000  25.40800000  24.70600000  25.28600000  25.55400000  25.56400000  25.49400000  25.41700000  25.28400000  25.11900000  24.13900000  24.21800000  24.94900000  25.32900000  25.74600000  25.52600000  25.47200000  25.42500000  25.45400000  25.35400000  25.17700000  24.67200000  23.78800000  24.35800000  24.57200000  24.54800000  24.85000000  25.33400000
 25.53900000  25.47000000  25.55600000  25.48900000  24.72100000  25.05300000  25.37700000  25.38500000  25.25100000  24.90500000  24.23800000  24.01500000  24.23600000  24.68300000  24.88100000  25.53100000  25.75300000  25.46500000  25.43300000  25.32800000  25.25000000  25.17300000  24.71700000  24.36000000  24.87100000  25.66400000  25.64800000  25.64500000  25.25000000  25.15400000
 24.79400000  25.39000000  25.52600000  25.59800000  25.16700000  24.50300000  24.46700000  24.22600000  24.09600000  24.29600000  24.66100000  24.88700000  24.94900000  24.90600000  24.92600000  25.66400000  25.74100000  25.44100000  25.31500000  25.26200000  25.01300000  24.86900000  25.42100000  25.87500000  25.99100000  25.79400000  25.60700000  25.43200000  25.34800000  25.51400000
 24.66500000  24.74700000  25.38400000  25.49700000  25.61700000  25.21100000  24.81400000  24.48400000  24.68600000  24.98300000  25.03600000  25.27500000  25.45500000  25.48200000  25.55900000  25.77000000  25.81800000  25.40600000  25.06200000  24.97100000  25.56800000  25.94000000  25.85600000  25.78200000  25.82000000  26.00700000  25.79500000  25.49800000  25.42900000  25.34800000
 24.10800000  24.25200000  25.12000000  25.49700000  25.52600000  25.61000000  25.70600000  25.56600000  25.57500000  25.70900000  25.69700000  25.71700000  25.89700000  25.98400000  26.01100000  25.87400000  25.78400000  25.66600000  25.32500000  25.73300000  25.84400000  25.65900000  25.58000000  25.50700000  25.66200000  25.92000000  25.96600000  26.10800000  25.42800000  25.19200000
 24.03100000  24.26900000  24.87400000  25.20100000  25.57300000  25.60900000  25.56500000  25.55300000  25.56800000  25.62400000  25.78900000  25.90300000  25.87800000  25.95100000  26.02300000  25.87400000  25.88400000  25.90100000  25.74500000  25.74600000  25.62900000  25.45800000  25.17900000  25.04900000  25.36200000  25.77700000  26.16900000  26.10500000  26.14400000  25.65600000
 23.73700000  23.53200000  25.18300000  24.57700000  25.16800000  25.69600000  25.83000000  25.74500000  25.74500000  25.80800000  25.98200000  25.94400000  25.92900000  25.98800000  26.03200000  25.86600000  25.97900000  25.99900000  25.83700000  25.71300000  25.64200000  25.48000000  25.31100000  25.39300000  25.63000000  26.06100000  26.51300000  26.46100000  26.00000000  26.18300000
 21.19800000  22.06500000  24.63000000  24.52100000  24.36100000  24.70500000  25.25900000  26.00300000  25.83700000  25.81300000  25.93900000  25.95900000  25.93600000  25.93200000  25.89900000  25.90200000  25.92800000  26.07200000  26.13700000  26.16100000  25.98000000  25.83000000  25.82800000  26.04100000  26.42800000  26.92500000  26.82900000  26.55800000  26.01600000  26.24500000
 20.17200000  20.42700000  23.57000000  24.11400000  24.19900000  24.32500000  24.43900000  24.92900000  26.26900000  26.27600000  26.04600000  25.95300000  25.82000000  25.76200000  25.79900000  25.87500000  25.85000000  25.93200000  26.03400000  26.94400000  27.06500000  27.04500000  27.05000000  27.00200000  26.77000000  26.60000000  26.73300000  26.29200000  26.06600000  26.24800000
 22.12100000  27.83300000  21.60100000  21.91500000  22.46200000  23.46600000  24.20600000  24.56900000  24.72700000  25.83800000  26.46200000  26.72000000  26.76400000  26.80400000  26.10100000  25.80000000  26.03900000  26.91100000  26.38900000  26.32700000  26.46600000  26.42500000  26.37300000  26.44700000  26.53800000  26.62900000  26.48800000  26.05300000  26.39700000  26.32100000
 27.83300000  27.83300000  27.83300000  27.83300000  21.30300000  20.99500000  22.24800000  23.03700000  23.74500000  24.39800000  24.89000000  26.24600000  26.17300000  26.39600000  26.61700000  26.49600000  26.24300000  25.90600000  26.06700000  26.88500000  26.22100000  26.38700000  26.53400000  26.29600000  26.25600000  26.42700000  26.60700000  26.37100000  26.53800000  26.41900000
 27.83300000  27.83300000  27.83300000  27.83300000  27.83300000  21.11600000  19.91200000  20.98000000  21.35800000  23.04100000  24.41600000  24.94800000  25.71400000  24.96700000  24.63000000  25.13400000  25.12200000  24.85200000  26.52300000  26.89400000  26.21800000  26.26100000  26.18600000  26.40700000  26.59900000  26.76800000  26.61900000  26.28400000  26.53900000  26.42600000
 27.83300000  27.83300000  27.83300000  27.83300000  27.83300000  27.83300000  27.83300000  23.57000000  21.66400000  21.48300000  22.93000000  23.75900000  24.22500000  23.83600000  23.13800000  23.80000000  24.55000000  24.64800000  26.31600000  26.89100000  26.62100000  26.07100000  26.23300000  26.32800000  26.36000000  26.76500000  26.99900000  26.79700000  26.28900000  26.43100000
 27.83300000  27.83300000  27.83300000  27.83300000  27.83300000  27.83300000  27.83300000  27.83300000  27.83300000  27.83300000  27.83300000  27.83300000  27.83300000  27.83300000  27.83300000  20.10400000  24.19900000  24.50700000  25.72300000  26.47200000  26.99400000  26.94100000  26.49900000  26.25300000  26.35600000  26.88700000  27.03000000  27.10800000  26.87500000  26.40500000
 27.83300000  27.83300000  27.83300000  27.83300000  27.83300000  27.83300000  27.83300000  27.83300000  27.83300000  27.83300000  27.83300000  27.83300000  27.83300000  27.83300000  27.83300000  27.83300000  22.89300000  23.54300000  25.25600000  25.76700000  26.50600000  27.01100000  26.92200000  27.03300000  26.46600000  26.96600000  27.06500000  27.03200000  27.12100000  27.21900000
 27.83300000  27.83300000  27.83300000  27.83300000  27.83300000  27.83300000  27.83300000  27.83300000  27.83300000  27.83300000  27.83300000  27.83300000  27.83300000  27.83300000  27.83300000  27.83300000  27.83300000  21.23800000  24.37800000  25.57600000  25.47800000  26.81500000  26.92100000  27.03200000  26.64800000  27.00500000  27.17400000  27.02600000  27.02300000  27.22700000
 27.83300000  27.83300000  27.83300000  27.83300000  27.83300000  27.83300000  27.83300000  27.83300000  27.83300000  27.83300000  27.83300000  27.83300000  27.83300000  27.83300000  27.83300000  27.83300000  27.83300000  27.83300000  27.83300000  25.62900000  25.82800000  25.25000000  26.94400000  26.99900000  26.76500000  27.08900000  27.25100000  27.21800000  27.08700000  27.07000000
 27.83300000  27.83300000  27.83300000  27.83300000  27.83300000  27.83300000  27.83300000  27.83300000  27.83300000  27.83300000  27.83300000  27.83300000  27.83300000  27.83300000  27.83300000  27.83300000  27.83300000  27.83300000  27.83300000  27.83300000  25.06200000  26.39900000  26.92800000  26.99400000  26.81300000  27.14100000  27.21000000  27.20500000  27.21700000  27.15800000
 27.83300000  27.83300000  27.83300000  27.83300000  27.83300000  27.83300000  27.83300000  27.83300000  27.83300000  27.83300000  27.83300000  27.83300000  27.83300000  27.83300000  27.83300000  27.83300000  27.83300000  27.83300000  27.83300000  27.83300000  21.22800000  26.67700000  26.90600000  26.84000000  26.98500000  27.27900000  27.36900000  27.22100000  27.20300000  27.24900000
 27.83300000  27.83300000  27.83300000  27.83300000  27.83300000  27.83300000  27.83300000  27.83300000  27.83300000  27.83300000  27.83300000  27.83300000  27.83300000  27.83300000  27.83300000  27.83300000  27.83300000  27.83300000  27.83300000  27.83300000  18.85300000  26.71400000  26.96800000  26.86800000  27.15900000  27.34600000  27.11900000  27.27800000  27.26900000  27.24100000
 27.83300000  27.83300000  27.83300000  27.83300000  27.83300000  27.83300000  27.83300000  27.83300000  27.83300000  27.83300000  27.83300000  27.83300000  27.83300000  27.83300000  27.83300000  27.83300000  27.83300000  27.83300000  27.83300000  27.83300000  19.53000000  26.56900000  27.17800000  27.05800000  27.33400000  27.12900000  27.09700000  27.30000000  27.30100000  27.35300000
 27.83300000  27.83300000  27.83300000  27.83300000  27.83300000  27.83300000  27.83300000  27.83300000  27.83300000  27.83300000  27.83300000  27.83300000  27.83300000  27.83300000  27.83300000  27.83300000  27.83300000  27.83300000  27.83300000  27.83300000  27.83300000  24.70200000  27.07500000  27.25600000  27.17300000  27.09300000  27.28500000  27.24700000  27.36600000  27.39700000
 27.83300000  27.83300000  27.83300000  27.83300000  27.83300000  27.83300000  27.83300000  27.83300000  27.83300000  27.83300000  27.83300000  27.83300000  27.83300000  27.83300000  27.83300000  27.83300000  27.83300000  27.83300000  27.83300000  27.83300000  27.83300000  22.51500000  26.46100000  27.09200000  27.11300000  27.07000000  27.21100000  27.10000000  27.13600000  27.36200000
 27.83300000  27.83300000  27.83300000  27.83300000  27.83300000  27.83300000  27.83300000  27.83300000  27.83300000  27.83300000  27.83300000  27.83300000  27.83300000  27.83300000  27.83300000  27.83300000  27.83300000  27.83300000  27.83300000  27.83300000  27.83300000  27.83300000  26.31900000  26.86300000  27.01000000  27.03100000  26.96500000  26.91800000  26.92700000  27.07100000
 27.83300000  27.83300000  27.83300000  27.83300000  27.83300000  27.83300000  27.83300000  27.83300000  27.83300000  27.83300000  27.83300000  27.83300000  27.83300000  27.83300000  27.83300000  27.83300000  27.83300000  27.83300000  27.83300000  27.83300000  27.83300000  27.83300000  22.69600000  26.81900000  26.66200000  26.78700000  26.77100000  26.86600000  26.87000000  27.13600000
 27.83300000  27.83300000  27.83300000  27.83300000  27.83300000  27.83300000  27.83300000  27.83300000  27.83300000  27.83300000  27.83300000  27.83300000  27.83300000  27.83300000  27.83300000  27.83300000  27.83300000  27.83300000  27.83300000  27.83300000  27.83300000  27.83300000  27.83300000  26.69000000  26.94300000  26.82200000  26.89700000  27.09000000  27.15300000  27.35600000
