36.99100000 36.95800000 36.94300000 36.95500000 37.05900000 37.20000000 37.25100000 37.25900000 37.21700000 37.20100000 37.12700000 37.01100000 36.88900000 36.68400000 36.65100000 36.86000000 37.00000000 37.00100000 37.02700000 37.05800000 37.00900000 36.99600000 36.86700000 36.62000000 36.54200000 36.29000000 36.51600000 36.44700000 36.42100000 36.44500000
36.98600000 36.94100000 36.93400000 36.88700000 37.19400000 37.20900000 37.19600000 37.18900000 37.16500000 37.10500000 37.00500000 36.88400000 36.49800000 36.75700000 36.81000000 36.97700000 37.06800000 37.02200000 37.08500000 37.03300000 36.99700000 36.90900000 36.75900000 36.65000000 36.47500000 36.82300000 36.92600000 36.96700000 37.08000000 37.08600000
37.03300000 36.89400000 36.90600000 36.84100000 37.14800000 37.15500000 37.13000000 37.06400000 36.99800000 36.93100000 36.79200000 36.44700000 36.69200000 36.89100000 36.87100000 37.09800000 37.01300000 37.03400000 37.04700000 36.99000000 36.91100000 36.82500000 36.64300000 37.15900000 37.12000000 37.03700000 37.06600000 36.93700000 36.91800000 36.86100000
36.52200000 36.99500000 36.85800000 36.92700000 36.87200000 37.05200000 36.96600000 36.66200000 36.55600000 36.71900000 36.85000000 36.92200000 36.89500000 36.88700000 36.93200000 37.13100000 36.94100000 36.99100000 36.93900000 36.81100000 36.73600000 37.21900000 37.25400000 37.26000000 37.20900000 37.01300000 37.04600000 37.02600000 36.98400000 36.90600000
36.22400000 36.56500000 36.98900000 36.93900000 36.88800000 36.88800000 36.63600000 36.54600000 36.67700000 36.95000000 36.91900000 36.90200000 36.92200000 36.94600000 36.99600000 37.13800000 36.86700000 36.90400000 36.78700000 37.14800000 37.24600000 37.23500000 37.19500000 37.18700000 37.21300000 37.26600000 37.23100000 36.86200000 36.74100000 36.65100000
36.03400000 35.82800000 36.97200000 37.06500000 37.07800000 36.87600000 36.83700000 36.90500000 36.90200000 36.86700000 36.84100000 36.84700000 36.88000000 36.96200000 37.04300000 37.13300000 36.89200000 36.86700000 37.15900000 37.21400000 37.20900000 37.11600000 37.03900000 37.06000000 37.15500000 37.21900000 37.28300000 37.25800000 36.68600000 36.58700000
35.61300000 35.58900000 36.73100000 36.83500000 37.09100000 37.20800000 36.93900000 36.90700000 36.90200000 36.89000000 37.01900000 36.99800000 36.99200000 37.01700000 37.03500000 37.07600000 37.06300000 37.06600000 37.18400000 37.19900000 37.12600000 37.02400000 36.95500000 37.03100000 37.15800000 37.22500000 37.34400000 37.33700000 37.26600000 36.65700000
35.56100000 36.04400000 36.71900000 36.66000000 36.76600000 37.15500000 37.29000000 36.95400000 36.92600000 36.97800000 37.00000000 36.97800000 37.01600000 37.04600000 37.04400000 37.08600000 37.20800000 37.15200000 37.13800000 37.18300000 37.16600000 37.11800000 37.14000000 37.16400000 37.22100000 37.41000000 37.48000000 37.42400000 37.27500000 37.22700000
35.40000000 35.85000000 36.36500000 36.50600000 36.72300000 36.49600000 36.87200000 37.32800000 37.38800000 37.15700000 36.92300000 36.92900000 36.94900000 37.04500000 37.04300000 37.14700000 37.22900000 37.22400000 37.23300000 37.24600000 37.25700000 37.18300000 37.26900000 37.44700000 37.42600000 37.43100000 37.46100000 37.43800000 37.28400000 37.26700000
35.24100000 35.16100000 35.24300000 36.29700000 36.22100000 36.60800000 36.25200000 36.80600000 37.29300000 37.36900000 37.39600000 37.18500000 36.95700000 36.96200000 36.95200000 37.04300000 37.16000000 37.15000000 37.01700000 37.37500000 37.29100000 37.33300000 37.34000000 37.35800000 37.40500000 37.40600000 37.45800000 37.33200000 37.26800000 37.25000000
34.75200000 34.84600000 35.23500000 35.25400000 35.92300000 36.23900000 36.11700000 36.00000000 36.73300000 37.22100000 37.33100000 37.41400000 37.27700000 36.95900000 37.00500000 37.00800000 37.02600000 37.36700000 37.35700000 37.37000000 37.34000000 37.30700000 37.40500000 37.32700000 37.39300000 37.39400000 37.32200000 37.27200000 37.29700000 37.21200000
37.59700000 37.59700000 37.59700000 35.09300000 35.61700000 35.68200000 35.79500000 35.87600000 35.76300000 36.68400000 37.13500000 37.06300000 37.16000000 37.20500000 37.24800000 37.26900000 37.25400000 37.28300000 37.29700000 37.37900000 37.23700000 37.35900000 37.27600000 37.27600000 37.33400000 37.31900000 37.31000000 37.28800000 37.24800000 37.18400000
37.59700000 37.59700000 37.59700000 37.59700000 35.19800000 35.24100000 35.48900000 35.53100000 35.58800000 35.93600000 36.60000000 37.09000000 36.59300000 36.58900000 36.67300000 36.67700000 36.47600000 37.12300000 37.23800000 37.36200000 37.20700000 37.28100000 37.24700000 37.22400000 37.31300000 37.38400000 37.34700000 37.36100000 37.35000000 37.20500000
37.59700000 37.59700000 37.59700000 37.59700000 37.59700000 37.59700000 35.31000000 35.41600000 35.45700000 35.53500000 35.70500000 36.24600000 36.35300000 36.31900000 36.12500000 36.52000000 36.29200000 37.11100000 37.11300000 37.36100000 37.36400000 37.20000000 37.21300000 37.19500000 37.28800000 37.37800000 37.46400000 37.33600000 37.37900000 37.22000000
37.59700000 37.59700000 37.59700000 37.59700000 37.59700000 37.59700000 37.59700000 37.59700000 37.59700000 37.59700000 37.59700000 37.59700000 35.69200000 35.96600000 36.15700000 36.07900000 36.08800000 36.72500000 36.97100000 37.36000000 37.39100000 37.38000000 37.34700000 37.33200000 37.32300000 37.38300000 37.41300000 37.49000000 37.32900000 37.36600000
37.59700000 37.59700000 37.59700000 37.59700000 37.59700000 37.59700000 37.59700000 37.59700000 37.59700000 37.59700000 37.59700000 37.59700000 37.59700000 37.59700000 37.59700000 35.98800000 35.99800000 36.40600000 37.02800000 36.95600000 37.30800000 37.42600000 37.40200000 37.40800000 37.36800000 37.35800000 37.41900000 37.50000000 37.51900000 37.51300000
37.59700000 37.59700000 37.59700000 37.59700000 37.59700000 37.59700000 37.59700000 37.59700000 37.59700000 37.59700000 37.59700000 37.59700000 37.59700000 37.59700000 37.59700000 37.59700000 35.89000000 36.36800000 36.76800000 36.99300000 37.08500000 37.34800000 37.41500000 37.40700000 37.32900000 37.34600000 37.38700000 37.35200000 37.52000000 37.55900000
37.59700000 37.59700000 37.59700000 37.59700000 37.59700000 37.59700000 37.59700000 37.59700000 37.59700000 37.59700000 37.59700000 37.59700000 37.59700000 37.59700000 37.59700000 37.59700000 37.59700000 37.59700000 36.07500000 36.64500000 36.99800000 37.33400000 37.43300000 37.41400000 37.30500000 37.34400000 37.38500000 37.36500000 37.35000000 37.45800000
37.59700000 37.59700000 37.59700000 37.59700000 37.59700000 37.59700000 37.59700000 37.59700000 37.59700000 37.59700000 37.59700000 37.59700000 37.59700000 37.59700000 37.59700000 37.59700000 37.59700000 37.59700000 37.59700000 36.82300000 36.78500000 37.34600000 37.43200000 37.38200000 37.34200000 37.39600000 37.35100000 37.38200000 37.32600000 37.37500000
37.59700000 37.59700000 37.59700000 37.59700000 37.59700000 37.59700000 37.59700000 37.59700000 37.59700000 37.59700000 37.59700000 37.59700000 37.59700000 37.59700000 37.59700000 37.59700000 37.59700000 37.59700000 37.59700000 36.89700000 36.87500000 37.34100000 37.42200000 37.30900000 37.40500000 37.40200000 37.42900000 37.35600000 37.35500000 37.36700000
37.59700000 37.59700000 37.59700000 37.59700000 37.59700000 37.59700000 37.59700000 37.59700000 37.59700000 37.59700000 37.59700000 37.59700000 37.59700000 37.59700000 37.59700000 37.59700000 37.59700000 37.59700000 37.59700000 36.75700000 36.87500000 37.35800000 37.36300000 37.33100000 37.40200000 37.39600000 37.42000000 37.43600000 37.37000000 37.34400000
37.59700000 37.59700000 37.59700000 37.59700000 37.59700000 37.59700000 37.59700000 37.59700000 37.59700000 37.59700000 37.59700000 37.59700000 37.59700000 37.59700000 37.59700000 37.59700000 37.59700000 37.59700000 37.59700000 36.36800000 36.72000000 37.31100000 37.33900000 37.39500000 37.37300000 37.37600000 37.35900000 37.38700000 37.35500000 37.38000000
37.59700000 37.59700000 37.59700000 37.59700000 37.59700000 37.59700000 37.59700000 37.59700000 37.59700000 37.59700000 37.59700000 37.59700000 37.59700000 37.59700000 37.59700000 37.59700000 37.59700000 37.59700000 37.59700000 37.59700000 36.68800000 36.85100000 37.36100000 37.38000000 37.37500000 37.35100000 37.32300000 37.30000000 37.31300000 37.33300000
37.59700000 37.59700000 37.59700000 37.59700000 37.59700000 37.59700000 37.59700000 37.59700000 37.59700000 37.59700000 37.59700000 37.59700000 37.59700000 37.59700000 37.59700000 37.59700000 37.59700000 37.59700000 37.59700000 37.59700000 37.59700000 36.74700000 37.28700000 37.34100000 37.34600000 37.33600000 37.32100000 37.29500000 37.28900000 37.30700000
37.59700000 37.59700000 37.59700000 37.59700000 37.59700000 37.59700000 37.59700000 37.59700000 37.59700000 37.59700000 37.59700000 37.59700000 37.59700000 37.59700000 37.59700000 37.59700000 37.59700000 37.59700000 37.59700000 37.59700000 37.59700000 36.56400000 37.15500000 37.28900000 37.32900000 37.31200000 37.28800000 37.26300000 37.24000000 37.27400000
37.59700000 37.59700000 37.59700000 37.59700000 37.59700000 37.59700000 37.59700000 37.59700000 37.59700000 37.59700000 37.59700000 37.59700000 37.59700000 37.59700000 37.59700000 37.59700000 37.59700000 37.59700000 37.59700000 37.59700000 37.59700000 37.59700000 36.90900000 37.11300000 37.20100000 37.17400000 37.20600000 37.25700000 37.28900000 37.31700000
37.59700000 37.59700000 37.59700000 37.59700000 37.59700000 37.59700000 37.59700000 37.59700000 37.59700000 37.59700000 37.59700000 37.59700000 37.59700000 37.59700000 37.59700000 37.59700000 37.59700000 37.59700000 37.59700000 37.59700000 37.59700000 37.59700000 37.59700000 36.83300000 37.17900000 37.22300000 37.23100000 37.24700000 37.28700000 37.30800000
36.98500000 36.95700000 36.94200000 36.95400000 37.05800000 37.19900000 37.25000000 37.25800000 37.21600000 37.20100000 37.13200000 37.01200000 36.89000000 36.68500000 36.64700000 36.85900000 36.99900000 37.00000000 37.02500000 37.05800000 37.00900000 36.99500000 36.86800000 36.61800000 36.54200000 36.28800000 36.51500000 36.44700000 36.42100000 36.44500000
36.98500000 36.94000000 36.93200000 36.88500000 37.19300000 37.20700000 37.19500000 37.18800000 37.16300000 37.10400000 37.00400000 36.88300000 36.50000000 36.75500000 36.80900000 36.97500000 37.06700000 37.02100000 37.08400000 37.03200000 36.99600000 36.90800000 36.75900000 36.65000000 36.47400000 36.82200000 36.92500000 36.96600000 37.07900000 37.08500000
37.03200000 36.89300000 36.90500000 36.84000000 37.14700000 37.15400000 37.12900000 37.06300000 36.99700000 36.93000000 36.79200000 36.44500000 36.68800000 36.89000000 36.86900000 37.09600000 37.01200000 37.03200000 37.04600000 36.98900000 36.91000000 36.82400000 36.64200000 37.15800000 37.12000000 37.03600000 37.06500000 36.93600000 36.91700000 36.86100000
36.53500000 36.99400000 36.85700000 36.92600000 36.86900000 37.05000000 36.96500000 36.66800000 36.55200000 36.71800000 36.84900000 36.92100000 36.89400000 36.88500000 36.93000000 37.13000000 36.94000000 36.99000000 36.93800000 36.81100000 36.73400000 37.21800000 37.25300000 37.25900000 37.20900000 37.01200000 37.04500000 37.02600000 36.98300000 36.90500000
36.23300000 36.60200000 36.98800000 36.93800000 36.88600000 36.88600000 36.63500000 36.54400000 36.67500000 36.95000000 36.91900000 36.90100000 36.92100000 36.94500000 36.99400000 37.13700000 36.86600000 36.90300000 36.78600000 37.14600000 37.24500000 37.23500000 37.19500000 37.18600000 37.21200000 37.26500000 37.23000000 36.86100000 36.74000000 36.65100000
36.05900000 36.40600000 36.97000000 37.06100000 37.07600000 36.87400000 36.83600000 36.90500000 36.90400000 36.86900000 36.84100000 36.84600000 36.88000000 36.96100000 37.04200000 37.13100000 36.89100000 36.86600000 37.15800000 37.21300000 37.20800000 37.11500000 37.03800000 37.05900000 37.15400000 37.21800000 37.28200000 37.25700000 36.68600000 36.58600000
35.82500000 35.65900000 36.73300000 36.83300000 37.09000000 37.20600000 36.93700000 36.90500000 36.90000000 36.88900000 37.01800000 36.99800000 36.99200000 37.01600000 37.03400000 37.07400000 37.06200000 37.06400000 37.18300000 37.19800000 37.12500000 37.02300000 36.95400000 37.02900000 37.15600000 37.22300000 37.34300000 37.33600000 37.26500000 36.66000000
35.56800000 36.03100000 36.71600000 36.65600000 36.76300000 37.15200000 37.28800000 36.95200000 36.92500000 36.97700000 36.99900000 36.97700000 37.01400000 37.04500000 37.04300000 37.08400000 37.20600000 37.15100000 37.13600000 37.18200000 37.16500000 37.11700000 37.13900000 37.16300000 37.22000000 37.40900000 37.48000000 37.42300000 37.27400000 37.22800000
35.87500000 36.02100000 36.36500000 36.50600000 36.71900000 36.49900000 36.87000000 37.32600000 37.38600000 37.15500000 36.92100000 36.92700000 36.94700000 37.04400000 37.04200000 37.14400000 37.22700000 37.22200000 37.23200000 37.24400000 37.25600000 37.18200000 37.26800000 37.44700000 37.42500000 37.43000000 37.45900000 37.43700000 37.28200000 37.26600000
35.72700000 36.16000000 36.49300000 36.32000000 36.25800000 36.60900000 36.27100000 36.80400000 37.29200000 37.36800000 37.39500000 37.18300000 36.95500000 36.96000000 36.95000000 37.04100000 37.15900000 37.14900000 37.01600000 37.37400000 37.28900000 37.33100000 37.33800000 37.35600000 37.40300000 37.40500000 37.45700000 37.33100000 37.26700000 37.24900000
35.52100000 37.59700000 35.90900000 35.89000000 36.09000000 36.40300000 36.26100000 36.12300000 36.73100000 37.21700000 37.32800000 37.41100000 37.27500000 36.95500000 37.00300000 37.00600000 37.02500000 37.36500000 37.35600000 37.36900000 37.33800000 37.30500000 37.40400000 37.32600000 37.39100000 37.39200000 37.32100000 37.27100000 37.29600000 37.21100000
37.59700000 37.59700000 37.59700000 37.59700000 35.86300000 36.09400000 36.49600000 36.38400000 35.95800000 36.68000000 37.13100000 37.05800000 37.15600000 37.20200000 37.24600000 37.26700000 37.25200000 37.28100000 37.29500000 37.37800000 37.23600000 37.35700000 37.27400000 37.27400000 37.33200000 37.31700000 37.30800000 37.28600000 37.24800000 37.18300000
37.59700000 37.59700000 37.59700000 37.59700000 37.59700000 35.69600000 35.87000000 36.12000000 36.22000000 36.30400000 36.61600000 37.08600000 36.59800000 36.61100000 36.68700000 36.68100000 36.48300000 37.11800000 37.23600000 37.36000000 37.20600000 37.27900000 37.24600000 37.22300000 37.31100000 37.38200000 37.34600000 37.36000000 37.34900000 37.20500000
37.59700000 37.59700000 37.59700000 37.59700000 37.59700000 37.59700000 37.59700000 35.72500000 35.74700000 35.85200000 36.20900000 36.30100000 36.51400000 36.35300000 36.13900000 36.51400000 36.35400000 37.10600000 37.11000000 37.36000000 37.36300000 37.19900000 37.21200000 37.19400000 37.28600000 37.37700000 37.46300000 37.33600000 37.37800000 37.21900000
37.59700000 37.59700000 37.59700000 37.59700000 37.59700000 37.59700000 37.59700000 37.59700000 37.59700000 37.59700000 37.59700000 37.59700000 37.59700000 37.59700000 37.59700000 36.24500000 36.17100000 36.72000000 36.96900000 37.35800000 37.39000000 37.37900000 37.34500000 37.33100000 37.32100000 37.38200000 37.41300000 37.48900000 37.32800000 37.36500000
37.59700000 37.59700000 37.59700000 37.59700000 37.59700000 37.59700000 37.59700000 37.59700000 37.59700000 37.59700000 37.59700000 37.59700000 37.59700000 37.59700000 37.59700000 37.59700000 36.16800000 36.45600000 37.02600000 36.90800000 37.30600000 37.42500000 37.40100000 37.40600000 37.36700000 37.35700000 37.41800000 37.49900000 37.51900000 37.51200000
37.59700000 37.59700000 37.59700000 37.59700000 37.59700000 37.59700000 37.59700000 37.59700000 37.59700000 37.59700000 37.59700000 37.59700000 37.59700000 37.59700000 37.59700000 37.59700000 37.59700000 36.35000000 36.76400000 36.92700000 37.07000000 37.34600000 37.41400000 37.40600000 37.32900000 37.34500000 37.38700000 37.35100000 37.51900000 37.55800000
37.59700000 37.59700000 37.59700000 37.59700000 37.59700000 37.59700000 37.59700000 37.59700000 37.59700000 37.59700000 37.59700000 37.59700000 37.59700000 37.59700000 37.59700000 37.59700000 37.59700000 37.59700000 37.59700000 36.62700000 36.99600000 37.33100000 37.43100000 37.41200000 37.30400000 37.34300000 37.38400000 37.36400000 37.34900000 37.45600000
37.59700000 37.59700000 37.59700000 37.59700000 37.59700000 37.59700000 37.59700000 37.59700000 37.59700000 37.59700000 37.59700000 37.59700000 37.59700000 37.59700000 37.59700000 37.59700000 37.59700000 37.59700000 37.59700000 37.59700000 36.77600000 37.34400000 37.43100000 37.38100000 37.34000000 37.39500000 37.35000000 37.38100000 37.32400000 37.37300000
37.59700000 37.59700000 37.59700000 37.59700000 37.59700000 37.59700000 37.59700000 37.59700000 37.59700000 37.59700000 37.59700000 37.59700000 37.59700000 37.59700000 37.59700000 37.59700000 37.59700000 37.59700000 37.59700000 37.59700000 36.65100000 37.34000000 37.42100000 37.30900000 37.40300000 37.40000000 37.42800000 37.35400000 37.35400000 37.36600000
37.59700000 37.59700000 37.59700000 37.59700000 37.59700000 37.59700000 37.59700000 37.59700000 37.59700000 37.59700000 37.59700000 37.59700000 37.59700000 37.59700000 37.59700000 37.59700000 37.59700000 37.59700000 37.59700000 37.59700000 36.56800000 37.35800000 37.36200000 37.32900000 37.40100000 37.39400000 37.41800000 37.43400000 37.36900000 37.34300000
37.59700000 37.59700000 37.59700000 37.59700000 37.59700000 37.59700000 37.59700000 37.59700000 37.59700000 37.59700000 37.59700000 37.59700000 37.59700000 37.59700000 37.59700000 37.59700000 37.59700000 37.59700000 37.59700000 37.59700000 36.62300000 37.30900000 37.33900000 37.39400000 37.37100000 37.37500000 37.35800000 37.38500000 37.35400000 37.37900000
37.59700000 37.59700000 37.59700000 37.59700000 37.59700000 37.59700000 37.59700000 37.59700000 37.59700000 37.59700000 37.59700000 37.59700000 37.59700000 37.59700000 37.59700000 37.59700000 37.59700000 37.59700000 37.59700000 37.59700000 37.59700000 36.73600000 37.35800000 37.38000000 37.37400000 37.35000000 37.32100000 37.29900000 37.31100000 37.33100000
37.59700000 37.59700000 37.59700000 37.59700000 37.59700000 37.59700000 37.59700000 37.59700000 37.59700000 37.59700000 37.59700000 37.59700000 37.59700000 37.59700000 37.59700000 37.59700000 37.59700000 37.59700000 37.59700000 37.59700000 37.59700000 36.71800000 37.28300000 37.33800000 37.34500000 37.33500000 37.32000000 37.29400000 37.28800000 37.30500000
37.59700000 37.59700000 37.59700000 37.59700000 37.59700000 37.59700000 37.59700000 37.59700000 37.59700000 37.59700000 37.59700000 37.59700000 37.59700000 37.59700000 37.59700000 37.59700000 37.59700000 37.59700000 37.59700000 37.59700000 37.59700000 37.59700000 37.14800000 37.28500000 37.32800000 37.31000000 37.28700000 37.26100000 37.23800000 37.27300000
37.59700000 37.59700000 37.59700000 37.59700000 37.59700000 37.59700000 37.59700000 37.59700000 37.59700000 37.59700000 37.59700000 37.59700000 37.59700000 37.59700000 37.59700000 37.59700000 37.59700000 37.59700000 37.59700000 37.59700000 37.59700000 37.59700000 36.89900000 37.11000000 37.19800000 37.17200000 37.20500000 37.25500000 37.28600000 37.31600000
37.59700000 37.59700000 37.59700000 37.59700000 37.59700000 37.59700000 37.59700000 37.59700000 37.59700000 37.59700000 37.59700000 37.59700000 37.59700000 37.59700000 37.59700000 37.59700000 37.59700000 37.59700000 37.59700000 37.59700000 37.59700000 37.59700000 37.59700000 36.82000000 37.17800000 37.22100000 37.22900000 37.24500000 37.28600000 37.30500000
