 25.33100000  25.22200000  25.36100000  24.98800000  24.99700000  25.30700000  25.34200000  25.38900000  25.31500000  25.18400000  25.22400000  25.24000000  25.02400000  24.25700000  24.23500000  25.11200000  25.45200000  25.30900000  25.22500000  25.15900000  25.18000000  25.05500000  24.97500000  24.46500000  24.09900000  23.67100000  24.00900000  24.20500000  24.30300000  24.57500000
 25.20200000  25.14400000  25.29400000  24.45700000  25.25500000  25.26400000  25.21800000  25.17600000  25.19500000  25.19300000  25.18900000  24.94400000  23.82900000  24.39600000  24.52000000  25.30100000  25.23800000  25.13300000  25.16600000  25.09400000  25.06200000  24.93900000  24.55700000  24.21800000  23.72100000  24.65700000  24.89500000  24.97900000  25.14700000  25.02400000
 25.21800000  25.16900000  25.29900000  24.36500000  25.14800000  25.18200000  25.16600000  25.10000000  25.05200000  24.92100000  24.42200000  23.80000000  24.24900000  24.69500000  24.86300000  25.47100000  25.15400000  25.13400000  25.12300000  25.00000000  24.91100000  24.66400000  24.22100000  25.50300000  25.45100000  25.23200000  25.23000000  24.84900000  24.81700000  24.94800000
 24.50800000  24.94200000  25.16800000  25.29400000  24.51400000  24.95600000  24.79200000  24.15400000  24.00600000  24.17900000  24.44100000  24.67900000  24.77900000  24.90800000  25.26700000  25.51200000  25.02500000  25.05700000  24.88900000  24.58900000  24.50800000  25.60100000  25.61800000  25.60200000  25.57800000  25.19500000  25.18900000  25.13700000  25.11100000  25.19700000
 24.15900000  24.30800000  25.10400000  25.26300000  25.29500000  24.56200000  24.08800000  23.95300000  24.10000000  24.72300000  24.81600000  24.94900000  25.17600000  25.38500000  25.56300000  25.54700000  24.87600000  24.88100000  24.63700000  25.48100000  25.51800000  25.51200000  25.40200000  25.38500000  25.56600000  25.78200000  25.62100000  25.02900000  24.88500000  25.09000000
 23.85600000  23.72100000  24.74100000  25.14300000  25.43600000  25.31000000  25.27500000  25.36700000  25.37000000  25.33700000  25.30500000  25.30700000  25.35700000  25.50500000  25.67900000  25.55200000  24.91700000  24.82100000  25.48000000  25.42600000  25.42300000  25.12600000  24.98000000  25.03500000  25.23000000  25.66200000  25.96700000  25.68900000  24.85700000  25.04900000
 23.37700000  23.71600000  24.28300000  24.51300000  25.20800000  25.76900000  25.45600000  25.41900000  25.45400000  25.41700000  25.59900000  25.53800000  25.48300000  25.54600000  25.63700000  25.53500000  25.25200000  25.21800000  25.50300000  25.39200000  25.19400000  24.91500000  24.71700000  24.96700000  25.25700000  25.76900000  26.27000000  26.07900000  25.79100000  25.15000000
 23.24600000  23.70200000  24.29200000  24.17700000  24.54200000  25.40100000  25.98500000  25.52900000  25.52700000  25.64000000  25.68000000  25.59100000  25.59600000  25.62100000  25.64200000  25.54200000  25.55300000  25.43600000  25.40100000  25.34600000  25.30400000  25.19500000  25.20200000  25.35200000  25.86700000  26.47800000  26.60300000  26.34700000  25.72000000  25.78800000
 22.68100000  23.37900000  23.83000000  23.95700000  24.16600000  24.19500000  24.61300000  25.88100000  26.20700000  25.83800000  25.46800000  25.50200000  25.55300000  25.65100000  25.64400000  25.58500000  25.64100000  25.61500000  25.67700000  25.71200000  25.76100000  25.77200000  26.14400000  26.39700000  26.35800000  26.34600000  26.44200000  26.36000000  25.77400000  25.96200000
 22.81300000  22.79100000  23.32500000  23.57600000  23.41800000  23.93700000  23.91100000  24.37400000  25.82900000  26.20500000  26.34200000  25.92600000  25.46200000  25.58300000  25.59500000  25.55400000  25.62600000  25.65000000  25.60900000  26.26900000  26.03300000  26.04000000  26.03400000  26.07500000  26.20600000  26.18900000  26.42000000  26.06500000  25.78000000  25.95700000
 23.84900000  23.45600000  22.66300000  23.20600000  23.13700000  23.36600000  23.48000000  23.62200000  24.25200000  25.56100000  26.00500000  26.36800000  26.16500000  25.47600000  25.52600000  25.50200000  25.53100000  26.26000000  26.39100000  26.51300000  26.32100000  25.96200000  26.24000000  26.14500000  26.34900000  26.31800000  25.98500000  25.80600000  26.04500000  26.06300000
 27.83300000  27.83300000  27.83300000  23.76300000  23.20100000  22.92900000  23.13300000  23.10000000  23.28500000  24.13600000  25.20800000  25.05200000  25.48600000  25.74800000  25.88700000  25.93600000  25.92000000  25.99500000  26.20500000  26.55700000  25.80000000  26.18100000  25.99800000  26.34000000  26.42300000  26.12900000  26.03200000  25.99400000  26.01800000  26.08700000
 27.83300000  27.83300000  27.83300000  27.83300000  23.57100000  23.48600000  23.19700000  22.92800000  23.12400000  23.41200000  24.06300000  24.99200000  24.12100000  24.08600000  24.18100000  24.22000000  24.40200000  25.37400000  25.99800000  26.55500000  25.80800000  26.02300000  26.05900000  26.11000000  26.27200000  26.59800000  26.26200000  26.24300000  26.18700000  26.16200000
 27.83300000  27.83300000  27.83300000  27.83300000  27.83300000  27.83300000  24.25900000  23.77300000  23.33600000  23.17400000  23.20200000  23.42500000  23.54900000  23.49800000  22.49700000  23.72000000  23.97100000  25.26100000  25.69900000  26.57900000  26.54300000  25.89900000  26.04100000  26.01500000  26.12100000  26.64800000  26.73500000  26.20000000  26.25600000  26.07200000
 27.83300000  27.83300000  27.83300000  27.83300000  27.83300000  27.83300000  27.83300000  27.83300000  27.83300000  27.83300000  27.83300000  27.83300000  23.33600000  23.20400000  22.86000000  23.40700000  23.90000000  24.80800000  25.14300000  26.58700000  26.55200000  26.58200000  26.47700000  26.41100000  26.21700000  26.75800000  26.72600000  26.78500000  26.19900000  26.18400000
 27.83300000  27.83300000  27.83300000  27.83300000  27.83300000  27.83300000  27.83300000  27.83300000  27.83300000  27.83300000  27.83300000  27.83300000  27.83300000  27.83300000  27.83300000  23.50300000  23.88500000  24.74400000  25.02000000  25.17200000  26.53200000  26.59600000  26.64700000  26.68100000  26.56300000  26.86200000  26.75100000  26.79600000  26.83500000  26.78100000
 27.83300000  27.83300000  27.83300000  27.83300000  27.83300000  27.83300000  27.83300000  27.83300000  27.83300000  27.83300000  27.83300000  27.83300000  27.83300000  27.83300000  27.83300000  27.83300000  23.76400000  24.03700000  24.90900000  24.75200000  25.18800000  26.63900000  26.68300000  26.63400000  26.70900000  26.95200000  26.87600000  26.81000000  26.89300000  27.02300000
 27.83300000  27.83300000  27.83300000  27.83300000  27.83300000  27.83300000  27.83300000  27.83300000  27.83300000  27.83300000  27.83300000  27.83300000  27.83300000  27.83300000  27.83300000  27.83300000  27.83300000  27.83300000  23.60000000  24.60200000  25.06300000  26.62100000  26.60900000  26.61500000  26.82100000  26.92600000  26.99300000  26.91100000  26.85000000  26.98400000
 27.83300000  27.83300000  27.83300000  27.83300000  27.83300000  27.83300000  27.83300000  27.83300000  27.83300000  27.83300000  27.83300000  27.83300000  27.83300000  27.83300000  27.83300000  27.83300000  27.83300000  27.83300000  27.83300000  25.29800000  24.38200000  26.70200000  26.56900000  26.56900000  26.90800000  26.96400000  26.88900000  26.97100000  26.87700000  27.01800000
 27.83300000  27.83300000  27.83300000  27.83300000  27.83300000  27.83300000  27.83300000  27.83300000  27.83300000  27.83300000  27.83300000  27.83300000  27.83300000  27.83300000  27.83300000  27.83300000  27.83300000  27.83300000  27.83300000  25.48200000  25.41700000  26.73300000  26.55300000  26.71200000  27.04200000  26.92200000  27.02700000  26.89500000  26.95000000  27.11200000
 27.83300000  27.83300000  27.83300000  27.83300000  27.83300000  27.83300000  27.83300000  27.83300000  27.83300000  27.83300000  27.83300000  27.83300000  27.83300000  27.83300000  27.83300000  27.83300000  27.83300000  27.83300000  27.83300000  25.42800000  25.53500000  26.83000000  26.65300000  26.86900000  27.03400000  26.81200000  27.04500000  27.07500000  27.02000000  27.08800000
 27.83300000  27.83300000  27.83300000  27.83300000  27.83300000  27.83300000  27.83300000  27.83300000  27.83300000  27.83300000  27.83300000  27.83300000  27.83300000  27.83300000  27.83300000  27.83300000  27.83300000  27.83300000  27.83300000  24.65500000  24.80700000  26.72000000  26.85600000  27.02300000  26.88200000  26.92100000  26.99700000  27.00200000  26.92000000  27.21000000
 27.83300000  27.83300000  27.83300000  27.83300000  27.83300000  27.83300000  27.83300000  27.83300000  27.83300000  27.83300000  27.83300000  27.83300000  27.83300000  27.83300000  27.83300000  27.83300000  27.83300000  27.83300000  27.83300000  27.83300000  25.30000000  25.53200000  26.85500000  26.95000000  26.84500000  26.92900000  26.86400000  26.75800000  26.94500000  27.11400000
 27.83300000  27.83300000  27.83300000  27.83300000  27.83300000  27.83300000  27.83300000  27.83300000  27.83300000  27.83300000  27.83300000  27.83300000  27.83300000  27.83300000  27.83300000  27.83300000  27.83300000  27.83300000  27.83300000  27.83300000  27.83300000  25.19500000  26.69300000  26.80100000  26.79800000  26.87300000  26.76900000  26.61200000  26.59700000  27.17000000
 27.83300000  27.83300000  27.83300000  27.83300000  27.83300000  27.83300000  27.83300000  27.83300000  27.83300000  27.83300000  27.83300000  27.83300000  27.83300000  27.83300000  27.83300000  27.83300000  27.83300000  27.83300000  27.83300000  27.83300000  27.83300000  24.95300000  26.32800000  26.69200000  26.76100000  26.66600000  26.62900000  26.56200000  26.49600000  27.00800000
 27.83300000  27.83300000  27.83300000  27.83300000  27.83300000  27.83300000  27.83300000  27.83300000  27.83300000  27.83300000  27.83300000  27.83300000  27.83300000  27.83300000  27.83300000  27.83300000  27.83300000  27.83300000  27.83300000  27.83300000  27.83300000  27.83300000  25.96100000  26.29100000  26.42500000  26.37200000  26.56200000  26.60900000  26.99100000  27.24200000
 27.83300000  27.83300000  27.83300000  27.83300000  27.83300000  27.83300000  27.83300000  27.83300000  27.83300000  27.83300000  27.83300000  27.83300000  27.83300000  27.83300000  27.83300000  27.83300000  27.83300000  27.83300000  27.83300000  27.83300000  27.83300000  27.83300000  27.83300000  26.04000000  26.46000000  26.66300000  26.59500000  26.75000000  27.13700000  27.30700000
 25.35300000  25.26600000  25.41800000  25.00500000  25.01100000  25.33500000  25.38200000  25.40200000  25.30900000  25.22600000  25.25600000  25.25900000  25.06000000  24.28700000  24.24600000  25.13200000  25.46600000  25.33900000  25.25800000  25.16800000  25.21100000  25.06800000  24.99600000  24.47000000  24.11400000  23.68600000  24.01800000  24.21900000  24.33500000  24.58900000
 25.21700000  25.14800000  25.30000000  24.45700000  25.25700000  25.26300000  25.21600000  25.17400000  25.19400000  25.19400000  25.19300000  24.95000000  23.83300000  24.39800000  24.52500000  25.30900000  25.24800000  25.14200000  25.17400000  25.10300000  25.07000000  24.94500000  24.56300000  24.22700000  23.72300000  24.66400000  24.90500000  24.98900000  25.15800000  25.03500000
 25.24700000  25.17500000  25.30400000  24.36600000  25.14900000  25.18000000  25.16400000  25.09800000  25.05100000  24.92400000  24.42700000  23.79300000  24.24200000  24.69400000  24.86200000  25.47600000  25.16000000  25.14000000  25.12800000  25.00600000  24.91900000  24.67200000  24.22400000  25.51100000  25.46000000  25.24000000  25.24100000  24.85800000  24.82800000  24.95600000
 24.51000000  24.94700000  25.16900000  25.29600000  24.50700000  24.95400000  24.79200000  24.15800000  23.99300000  24.18200000  24.44400000  24.68200000  24.77700000  24.90800000  25.26900000  25.51800000  25.02900000  25.06000000  24.89300000  24.59500000  24.51400000  25.61200000  25.62500000  25.61100000  25.58600000  25.20300000  25.19700000  25.14700000  25.12100000  25.20300000
 24.15700000  24.38200000  25.10400000  25.26300000  25.29700000  24.54800000  24.07600000  23.94000000  24.09800000  24.72800000  24.82300000  24.95400000  25.18200000  25.39000000  25.56700000  25.55000000  24.87900000  24.88600000  24.63900000  25.48600000  25.52700000  25.52400000  25.41500000  25.39200000  25.57300000  25.79100000  25.62800000  25.04000000  24.89100000  25.09900000
 23.87400000  24.49300000  24.73900000  25.14000000  25.43400000  25.30700000  25.27100000  25.36400000  25.37300000  25.34500000  25.31400000  25.31600000  25.36800000  25.51300000  25.68600000  25.55800000  24.92500000  24.82500000  25.48400000  25.43100000  25.42700000  25.13300000  24.99000000  25.04500000  25.23900000  25.67000000  25.97500000  25.69600000  24.86800000  25.06000000
 23.61000000  23.78500000  24.27500000  24.51100000  25.20900000  25.76900000  25.45500000  25.41800000  25.44900000  25.41600000  25.60100000  25.54400000  25.49200000  25.55700000  25.64500000  25.54200000  25.25700000  25.22200000  25.50700000  25.39300000  25.19600000  24.92200000  24.72800000  24.97800000  25.26700000  25.77900000  26.28100000  26.09000000  25.80100000  25.15500000
 23.07200000  23.55800000  24.27700000  24.16300000  24.53400000  25.39700000  25.98600000  25.53100000  25.52800000  25.64100000  25.68100000  25.59400000  25.60100000  25.62700000  25.64800000  25.54900000  25.55800000  25.44100000  25.40600000  25.35000000  25.30900000  25.20500000  25.21500000  25.36600000  25.88000000  26.49000000  26.61600000  26.35900000  25.72900000  25.79900000
 21.13000000  23.39000000  23.81100000  23.94200000  24.14900000  24.18900000  24.60400000  25.88200000  26.21100000  25.83800000  25.46700000  25.50200000  25.55200000  25.65300000  25.64800000  25.58900000  25.64600000  25.61800000  25.68100000  25.71600000  25.76700000  25.78200000  26.15600000  26.41200000  26.37100000  26.36000000  26.45600000  26.37400000  25.78300000  25.96900000
 19.93600000  22.08000000  22.87900000  23.51200000  23.39300000  23.91900000  23.92100000  24.35800000  25.82900000  26.20600000  26.34400000  25.92600000  25.45600000  25.58100000  25.59600000  25.55600000  25.62800000  25.65300000  25.61100000  26.27200000  26.03600000  26.04400000  26.04200000  26.08400000  26.21600000  26.20000000  26.43100000  26.07500000  25.78500000  25.96400000
 21.66700000  27.83300000  18.59100000  18.69900000  22.60000000  23.18000000  23.54200000  23.74800000  24.21900000  25.54900000  25.99900000  26.36600000  26.16200000  25.46300000  25.52200000  25.50500000  25.53400000  26.26400000  26.39600000  26.51500000  26.32400000  25.96300000  26.24500000  26.15000000  26.35500000  26.32400000  25.99200000  25.81400000  26.05400000  26.07000000
 27.83300000  27.83300000  27.83300000  27.83300000  20.04100000  20.90300000  22.19300000  22.78200000  23.31300000  24.08200000  25.18600000  25.01700000  25.46600000  25.73600000  25.88300000  25.93600000  25.92100000  25.99300000  26.20700000  26.56300000  25.80100000  26.18300000  26.00200000  26.34600000  26.42900000  26.13400000  26.04200000  26.00500000  26.03000000  26.09300000
 27.83300000  27.83300000  27.83300000  27.83300000  27.83300000  20.21300000  20.25900000  20.27600000  20.97200000  23.16200000  24.00000000  24.96000000  24.09500000  24.09300000  24.17100000  24.19400000  24.39100000  25.36600000  25.99700000  26.56000000  25.81000000  26.02600000  26.06000000  26.11400000  26.27700000  26.60600000  26.27500000  26.25700000  26.20200000  26.17300000
 27.83300000  27.83300000  27.83300000  27.83300000  27.83300000  27.83300000  27.83300000  19.74100000  19.67900000  19.79200000  21.79200000  23.28000000  23.74400000  23.50000000  22.45100000  23.69900000  23.99600000  25.25000000  25.69100000  26.58400000  26.54900000  25.90100000  26.04300000  26.01900000  26.12600000  26.65900000  26.74900000  26.21700000  26.26900000  26.08200000
 27.83300000  27.83300000  27.83300000  27.83300000  27.83300000  27.83300000  27.83300000  27.83300000  27.83300000  27.83300000  27.83300000  27.83300000  27.83300000  27.83300000  27.83300000  21.00600000  23.91700000  24.80500000  25.12500000  26.59200000  26.55700000  26.58600000  26.48400000  26.41600000  26.22200000  26.76700000  26.73500000  26.79600000  26.21000000  26.18900000
 27.83300000  27.83300000  27.83300000  27.83300000  27.83300000  27.83300000  27.83300000  27.83300000  27.83300000  27.83300000  27.83300000  27.83300000  27.83300000  27.83300000  27.83300000  27.83300000  23.68900000  24.71200000  25.02200000  24.94300000  26.53300000  26.60100000  26.65200000  26.68800000  26.56800000  26.86900000  26.76000000  26.80500000  26.84400000  26.79300000
 27.83300000  27.83300000  27.83300000  27.83300000  27.83300000  27.83300000  27.83300000  27.83300000  27.83300000  27.83300000  27.83300000  27.83300000  27.83300000  27.83300000  27.83300000  27.83300000  27.83300000  21.90500000  24.83800000  24.40900000  25.12900000  26.64500000  26.68800000  26.64000000  26.71300000  26.95800000  26.88500000  26.81800000  26.90200000  27.03100000
 27.83300000  27.83300000  27.83300000  27.83300000  27.83300000  27.83300000  27.83300000  27.83300000  27.83300000  27.83300000  27.83300000  27.83300000  27.83300000  27.83300000  27.83300000  27.83300000  27.83300000  27.83300000  27.83300000  24.52700000  25.06300000  26.62600000  26.61300000  26.61800000  26.82400000  26.93200000  27.00100000  26.91900000  26.85800000  26.99600000
 27.83300000  27.83300000  27.83300000  27.83300000  27.83300000  27.83300000  27.83300000  27.83300000  27.83300000  27.83300000  27.83300000  27.83300000  27.83300000  27.83300000  27.83300000  27.83300000  27.83300000  27.83300000  27.83300000  27.83300000  24.21400000  26.71200000  26.57200000  26.57100000  26.91200000  26.97000000  26.89500000  26.98000000  26.88600000  27.02700000
 27.83300000  27.83300000  27.83300000  27.83300000  27.83300000  27.83300000  27.83300000  27.83300000  27.83300000  27.83300000  27.83300000  27.83300000  27.83300000  27.83300000  27.83300000  27.83300000  27.83300000  27.83300000  27.83300000  27.83300000  23.91300000  26.74100000  26.56000000  26.72000000  27.05100000  26.92800000  27.03400000  26.90100000  26.95700000  27.11900000
 27.83300000  27.83300000  27.83300000  27.83300000  27.83300000  27.83300000  27.83300000  27.83300000  27.83300000  27.83300000  27.83300000  27.83300000  27.83300000  27.83300000  27.83300000  27.83300000  27.83300000  27.83300000  27.83300000  27.83300000  22.91700000  26.83600000  26.66000000  26.87900000  27.04400000  26.81900000  27.05200000  27.08300000  27.02600000  27.09300000
 27.83300000  27.83300000  27.83300000  27.83300000  27.83300000  27.83300000  27.83300000  27.83300000  27.83300000  27.83300000  27.83300000  27.83300000  27.83300000  27.83300000  27.83300000  27.83300000  27.83300000  27.83300000  27.83300000  27.83300000  23.49300000  26.71200000  26.86100000  27.03200000  26.89100000  26.92900000  27.00300000  27.00500000  26.92500000  27.21800000
 27.83300000  27.83300000  27.83300000  27.83300000  27.83300000  27.83300000  27.83300000  27.83300000  27.83300000  27.83300000  27.83300000  27.83300000  27.83300000  27.83300000  27.83300000  27.83300000  27.83300000  27.83300000  27.83300000  27.83300000  27.83300000  24.78500000  26.85100000  26.95800000  26.85000000  26.93500000  26.86800000  26.76100000  26.95200000  27.11800000
 27.83300000  27.83300000  27.83300000  27.83300000  27.83300000  27.83300000  27.83300000  27.83300000  27.83300000  27.83300000  27.83300000  27.83300000  27.83300000  27.83300000  27.83300000  27.83300000  27.83300000  27.83300000  27.83300000  27.83300000  27.83300000  25.05700000  26.67200000  26.79900000  26.80400000  26.88100000  26.77500000  26.61900000  26.60000000  27.17200000
 27.83300000  27.83300000  27.83300000  27.83300000  27.83300000  27.83300000  27.83300000  27.83300000  27.83300000  27.83300000  27.83300000  27.83300000  27.83300000  27.83300000  27.83300000  27.83300000  27.83300000  27.83300000  27.83300000  27.83300000  27.83300000  27.83300000  26.29500000  26.68500000  26.76600000  26.67300000  26.63700000  26.56200000  26.49500000  27.01000000
 27.83300000  27.83300000  27.83300000  27.83300000  27.83300000  27.83300000  27.83300000  27.83300000  27.83300000  27.83300000  27.83300000  27.83300000  27.83300000  27.83300000  27.83300000  27.83300000  27.83300000  27.83300000  27.83300000  27.83300000  27.83300000  27.83300000  25.93800000  26.28900000  26.42500000  26.37400000  26.56500000  26.61000000  26.99500000  27.24400000
 27.83300000  27.83300000  27.83300000  27.83300000  27.83300000  27.83300000  27.83300000  27.83300000  27.83300000  27.83300000  27.83300000  27.83300000  27.83300000  27.83300000  27.83300000  27.83300000  27.83300000  27.83300000  27.83300000  27.83300000  27.83300000  27.83300000  27.83300000  26.03400000  26.46700000  26.66400000  26.59500000  26.74900000  27.15100000  27.30700000
