36.99100000 36.96000000 36.94200000 36.95100000 37.06600000 37.20600000 37.24900000 37.25800000 37.21700000 37.20100000 37.12700000 37.01000000 36.88800000 36.68800000 36.65700000 36.86100000 37.00100000 37.00000000 37.03200000 37.05800000 37.00900000 36.99400000 36.86700000 36.61500000 36.54300000 36.29000000 36.52100000 36.45200000 36.43100000 36.44300000
36.98600000 36.92900000 36.93500000 36.90300000 37.19700000 37.20800000 37.19600000 37.18900000 37.16400000 37.10400000 37.00400000 36.88500000 36.49400000 36.76300000 36.81300000 36.98100000 37.06600000 37.02600000 37.08400000 37.03300000 36.99700000 36.90900000 36.76100000 36.65000000 36.48500000 36.85500000 36.95400000 36.98700000 37.08100000 37.08800000
37.02900000 36.89200000 36.90900000 36.83500000 37.15000000 37.15300000 37.12800000 37.06100000 36.99600000 36.93000000 36.79800000 36.44800000 36.69600000 36.89300000 36.87600000 37.10500000 37.00700000 37.03800000 37.04600000 36.98800000 36.90800000 36.82200000 36.65300000 37.17400000 37.11500000 37.03700000 37.06400000 36.93800000 36.91900000 36.86100000
36.52700000 36.99700000 36.85800000 36.92800000 36.88900000 37.05000000 36.96400000 36.65400000 36.55600000 36.71900000 36.84800000 36.92300000 36.89500000 36.88800000 36.93600000 37.12700000 36.93500000 36.99400000 36.93500000 36.80800000 36.74300000 37.22800000 37.25500000 37.26100000 37.21400000 37.01300000 37.04500000 37.02400000 36.98300000 36.90300000
36.17000000 36.64000000 36.99400000 36.94700000 36.88300000 36.88900000 36.63700000 36.54400000 36.67200000 36.95100000 36.92000000 36.90300000 36.92300000 36.94600000 36.99800000 37.13200000 36.86300000 36.90400000 36.78100000 37.16100000 37.24700000 37.23700000 37.19400000 37.18700000 37.21400000 37.26700000 37.23100000 36.85600000 36.73700000 36.64900000
35.97300000 35.84800000 36.96900000 37.07100000 37.08800000 36.88600000 36.83200000 36.89800000 36.89900000 36.86500000 36.84000000 36.84700000 36.87900000 36.96000000 37.04400000 37.14100000 36.87500000 36.87800000 37.16500000 37.21500000 37.20900000 37.11400000 37.03600000 37.06000000 37.15600000 37.22000000 37.28400000 37.25900000 36.68400000 36.59000000
35.60800000 35.62800000 36.71900000 36.82500000 37.08600000 37.21500000 36.94000000 36.90800000 36.90400000 36.89100000 37.01800000 37.00000000 36.99300000 37.01800000 37.03500000 37.08600000 37.05000000 37.07500000 37.18700000 37.20200000 37.12400000 37.02400000 36.95500000 37.03200000 37.15800000 37.22500000 37.34700000 37.33900000 37.26500000 36.65300000
35.59200000 36.06900000 36.72700000 36.66000000 36.75200000 37.16600000 37.29100000 36.95300000 36.92700000 36.97900000 36.99900000 36.97900000 37.01600000 37.04500000 37.04300000 37.09100000 37.20300000 37.15000000 37.13900000 37.18400000 37.16600000 37.12000000 37.14300000 37.16700000 37.22400000 37.41900000 37.48200000 37.42500000 37.27600000 37.22900000
35.39000000 35.87400000 36.36300000 36.48600000 36.72400000 36.48300000 36.88700000 37.33200000 37.39100000 37.16400000 36.92500000 36.93100000 36.95000000 37.04900000 37.04800000 37.15100000 37.23000000 37.22100000 37.23300000 37.24600000 37.25700000 37.17600000 37.28400000 37.44400000 37.42400000 37.42900000 37.46000000 37.44000000 37.28400000 37.26700000
35.22300000 35.12700000 35.25200000 36.26300000 36.21700000 36.59300000 36.25500000 36.82500000 37.29400000 37.37300000 37.39800000 37.17000000 36.96000000 36.96100000 36.95300000 37.05100000 37.16700000 37.15800000 37.01800000 37.36900000 37.29200000 37.32800000 37.33800000 37.36100000 37.40800000 37.40700000 37.45900000 37.33500000 37.27000000 37.24900000
34.75900000 34.85400000 35.24700000 35.27400000 35.90300000 36.22500000 36.10600000 36.00500000 36.77100000 37.21700000 37.32800000 37.41300000 37.26900000 36.96000000 37.00400000 37.00700000 37.02900000 37.36400000 37.35800000 37.37100000 37.33900000 37.30600000 37.40700000 37.32400000 37.39100000 37.39300000 37.32300000 37.27400000 37.29600000 37.21200000
37.59700000 37.59700000 37.59700000 35.10000000 35.62600000 35.65900000 35.77600000 35.86900000 35.77200000 36.70500000 37.12500000 37.06500000 37.14900000 37.20800000 37.24900000 37.27100000 37.26200000 37.28200000 37.29600000 37.38000000 37.23600000 37.35900000 37.27500000 37.27500000 37.33300000 37.31900000 37.30800000 37.29000000 37.24600000 37.18300000
37.59700000 37.59700000 37.59700000 37.59700000 35.19300000 35.24300000 35.47800000 35.53100000 35.58500000 35.94400000 36.63600000 37.08200000 36.55600000 36.57800000 36.67800000 36.66400000 36.46600000 37.13800000 37.23400000 37.36200000 37.20500000 37.28100000 37.24800000 37.22500000 37.31400000 37.38400000 37.34900000 37.36000000 37.34500000 37.20500000
37.59700000 37.59700000 37.59700000 37.59700000 37.59700000 37.59700000 35.31100000 35.42100000 35.45600000 35.53700000 35.72000000 36.23800000 36.34000000 36.29800000 36.10800000 36.54700000 36.26300000 37.11200000 37.11500000 37.36100000 37.36700000 37.20100000 37.21300000 37.19500000 37.28800000 37.37900000 37.46500000 37.33700000 37.38100000 37.21900000
37.59700000 37.59700000 37.59700000 37.59700000 37.59700000 37.59700000 37.59700000 37.59700000 37.59700000 37.59700000 37.59700000 37.59700000 35.69300000 35.97800000 36.16300000 36.07900000 36.06800000 36.74500000 36.96500000 37.36000000 37.39600000 37.38200000 37.35200000 37.33800000 37.32300000 37.38400000 37.41400000 37.49100000 37.32700000 37.36700000
37.59700000 37.59700000 37.59700000 37.59700000 37.59700000 37.59700000 37.59700000 37.59700000 37.59700000 37.59700000 37.59700000 37.59700000 37.59700000 37.59700000 37.59700000 35.99700000 35.98400000 36.43000000 37.00600000 36.95500000 37.31400000 37.42600000 37.40200000 37.40700000 37.36600000 37.35700000 37.42000000 37.50100000 37.51900000 37.51700000
37.59700000 37.59700000 37.59700000 37.59700000 37.59700000 37.59700000 37.59700000 37.59700000 37.59700000 37.59700000 37.59700000 37.59700000 37.59700000 37.59700000 37.59700000 37.59700000 35.92000000 36.37600000 36.78000000 36.99400000 37.08200000 37.34900000 37.41600000 37.40600000 37.32400000 37.34700000 37.38700000 37.35200000 37.52300000 37.55900000
37.59700000 37.59700000 37.59700000 37.59700000 37.59700000 37.59700000 37.59700000 37.59700000 37.59700000 37.59700000 37.59700000 37.59700000 37.59700000 37.59700000 37.59700000 37.59700000 37.59700000 37.59700000 36.09800000 36.63700000 36.98700000 37.34400000 37.43200000 37.41200000 37.30700000 37.34500000 37.38500000 37.36300000 37.34800000 37.45900000
37.59700000 37.59700000 37.59700000 37.59700000 37.59700000 37.59700000 37.59700000 37.59700000 37.59700000 37.59700000 37.59700000 37.59700000 37.59700000 37.59700000 37.59700000 37.59700000 37.59700000 37.59700000 37.59700000 36.85100000 36.78100000 37.34700000 37.43100000 37.37500000 37.34400000 37.39600000 37.35200000 37.38200000 37.32600000 37.37700000
37.59700000 37.59700000 37.59700000 37.59700000 37.59700000 37.59700000 37.59700000 37.59700000 37.59700000 37.59700000 37.59700000 37.59700000 37.59700000 37.59700000 37.59700000 37.59700000 37.59700000 37.59700000 37.59700000 36.91300000 36.91500000 37.34200000 37.42200000 37.30700000 37.40700000 37.40100000 37.42700000 37.35700000 37.35500000 37.37100000
37.59700000 37.59700000 37.59700000 37.59700000 37.59700000 37.59700000 37.59700000 37.59700000 37.59700000 37.59700000 37.59700000 37.59700000 37.59700000 37.59700000 37.59700000 37.59700000 37.59700000 37.59700000 37.59700000 36.79900000 36.89100000 37.35800000 37.36300000 37.33400000 37.40000000 37.39700000 37.42300000 37.43600000 37.37200000 37.34400000
37.59700000 37.59700000 37.59700000 37.59700000 37.59700000 37.59700000 37.59700000 37.59700000 37.59700000 37.59700000 37.59700000 37.59700000 37.59700000 37.59700000 37.59700000 37.59700000 37.59700000 37.59700000 37.59700000 36.37600000 36.72600000 37.31800000 37.33800000 37.39900000 37.37400000 37.37600000 37.36000000 37.38600000 37.34800000 37.38000000
37.59700000 37.59700000 37.59700000 37.59700000 37.59700000 37.59700000 37.59700000 37.59700000 37.59700000 37.59700000 37.59700000 37.59700000 37.59700000 37.59700000 37.59700000 37.59700000 37.59700000 37.59700000 37.59700000 37.59700000 36.69100000 36.88500000 37.36400000 37.38200000 37.37600000 37.35300000 37.32400000 37.29900000 37.31200000 37.33300000
37.59700000 37.59700000 37.59700000 37.59700000 37.59700000 37.59700000 37.59700000 37.59700000 37.59700000 37.59700000 37.59700000 37.59700000 37.59700000 37.59700000 37.59700000 37.59700000 37.59700000 37.59700000 37.59700000 37.59700000 37.59700000 36.74600000 37.29100000 37.34100000 37.34800000 37.33600000 37.32200000 37.29700000 37.28900000 37.30600000
37.59700000 37.59700000 37.59700000 37.59700000 37.59700000 37.59700000 37.59700000 37.59700000 37.59700000 37.59700000 37.59700000 37.59700000 37.59700000 37.59700000 37.59700000 37.59700000 37.59700000 37.59700000 37.59700000 37.59700000 37.59700000 36.56500000 37.16600000 37.29100000 37.33000000 37.31200000 37.28900000 37.26200000 37.24000000 37.27900000
37.59700000 37.59700000 37.59700000 37.59700000 37.59700000 37.59700000 37.59700000 37.59700000 37.59700000 37.59700000 37.59700000 37.59700000 37.59700000 37.59700000 37.59700000 37.59700000 37.59700000 37.59700000 37.59700000 37.59700000 37.59700000 37.59700000 36.92400000 37.11300000 37.20400000 37.17600000 37.20700000 37.26100000 37.29100000 37.31800000
37.59700000 37.59700000 37.59700000 37.59700000 37.59700000 37.59700000 37.59700000 37.59700000 37.59700000 37.59700000 37.59700000 37.59700000 37.59700000 37.59700000 37.59700000 37.59700000 37.59700000 37.59700000 37.59700000 37.59700000 37.59700000 37.59700000 37.59700000 36.84000000 37.17800000 37.22100000 37.23100000 37.24700000 37.28900000 37.30800000
36.98600000 36.95900000 36.94100000 36.95000000 37.06500000 37.20400000 37.24900000 37.25700000 37.21700000 37.20000000 37.13100000 37.01200000 36.88900000 36.68900000 36.65400000 36.85900000 36.99900000 36.99900000 37.03000000 37.05700000 37.00900000 36.99200000 36.86800000 36.61300000 36.54300000 36.28800000 36.52000000 36.45200000 36.43100000 36.44300000
36.98400000 36.92900000 36.93300000 36.90100000 37.19500000 37.20600000 37.19400000 37.18800000 37.16300000 37.10300000 37.00300000 36.88400000 36.49900000 36.76100000 36.81200000 36.98000000 37.06500000 37.02400000 37.08300000 37.03200000 36.99600000 36.90800000 36.76000000 36.65000000 36.48100000 36.85400000 36.95300000 36.98600000 37.08000000 37.08800000
37.02800000 36.89100000 36.90700000 36.83300000 37.14900000 37.15200000 37.12600000 37.06000000 36.99500000 36.92900000 36.79800000 36.44500000 36.69100000 36.89200000 36.87300000 37.10400000 37.00700000 37.03700000 37.04500000 36.98700000 36.90700000 36.82200000 36.65200000 37.17200000 37.11400000 37.03700000 37.06300000 36.93700000 36.91800000 36.86100000
36.53500000 36.99600000 36.85600000 36.92600000 36.88600000 37.04800000 36.96500000 36.66700000 36.55100000 36.71800000 36.84700000 36.92200000 36.89400000 36.88700000 36.93400000 37.12600000 36.93400000 36.99300000 36.93400000 36.80700000 36.74100000 37.22700000 37.25300000 37.26000000 37.21300000 37.01200000 37.04400000 37.02300000 36.98200000 36.90200000
36.19100000 36.68200000 36.99200000 36.94600000 36.88200000 36.88600000 36.63700000 36.54100000 36.66900000 36.95000000 36.91900000 36.90200000 36.92200000 36.94500000 36.99700000 37.13100000 36.86200000 36.90300000 36.78000000 37.15900000 37.24600000 37.23600000 37.19400000 37.18600000 37.21300000 37.26600000 37.23000000 36.85600000 36.73600000 36.64800000
36.02200000 36.49100000 36.96700000 37.06700000 37.08600000 36.88400000 36.83000000 36.89900000 36.90100000 36.86600000 36.84000000 36.84600000 36.87800000 36.95800000 37.04300000 37.14000000 36.87500000 36.87600000 37.16400000 37.21400000 37.20800000 37.11300000 37.03500000 37.05900000 37.15500000 37.21800000 37.28300000 37.25800000 36.68400000 36.58900000
35.79600000 35.63600000 36.72400000 36.82300000 37.08500000 37.21400000 36.93800000 36.90700000 36.90200000 36.89000000 37.01700000 36.99900000 36.99200000 37.01700000 37.03400000 37.08400000 37.04900000 37.07300000 37.18600000 37.20000000 37.12300000 37.02300000 36.95400000 37.03100000 37.15700000 37.22400000 37.34600000 37.33800000 37.26500000 36.65600000
35.58600000 36.05500000 36.72300000 36.65500000 36.74800000 37.16300000 37.29000000 36.95200000 36.92500000 36.97700000 36.99800000 36.97800000 37.01500000 37.04400000 37.04200000 37.08900000 37.20200000 37.14900000 37.13800000 37.18300000 37.16500000 37.11900000 37.14100000 37.16500000 37.22200000 37.41800000 37.48100000 37.42400000 37.27500000 37.23000000
35.87700000 35.91900000 36.36200000 36.48900000 36.72000000 36.49000000 36.88700000 37.33100000 37.38900000 37.16300000 36.92300000 36.92900000 36.94800000 37.04700000 37.04700000 37.14800000 37.22900000 37.21900000 37.23100000 37.24500000 37.25600000 37.17500000 37.28200000 37.44300000 37.42300000 37.42800000 37.45900000 37.43900000 37.28300000 37.26600000
35.74000000 36.20400000 36.51100000 36.30900000 36.26100000 36.60000000 36.27100000 36.82200000 37.29300000 37.37200000 37.39700000 37.16900000 36.95800000 36.95900000 36.95100000 37.04900000 37.16600000 37.15700000 37.01700000 37.36800000 37.29100000 37.32600000 37.33700000 37.36000000 37.40700000 37.40600000 37.45800000 37.33400000 37.26900000 37.24800000
35.53500000 37.59700000 35.90500000 35.87500000 36.11800000 36.32100000 36.26800000 36.11100000 36.77200000 37.21300000 37.32500000 37.41100000 37.26800000 36.95600000 37.00200000 37.00500000 37.02800000 37.36300000 37.35700000 37.37000000 37.33800000 37.30500000 37.40500000 37.32200000 37.39000000 37.39100000 37.32100000 37.27300000 37.29500000 37.21100000
37.59700000 37.59700000 37.59700000 37.59700000 35.86600000 36.10200000 36.49400000 36.24800000 35.97600000 36.70400000 37.12100000 37.06000000 37.14500000 37.20500000 37.24700000 37.27000000 37.26000000 37.28000000 37.29500000 37.37900000 37.23500000 37.35700000 37.27400000 37.27400000 37.33100000 37.31700000 37.30700000 37.28900000 37.24500000 37.18200000
37.59700000 37.59700000 37.59700000 37.59700000 37.59700000 35.71500000 35.86600000 36.12800000 36.21500000 36.35600000 36.66900000 37.07700000 36.56900000 36.62200000 36.71000000 36.67400000 36.47900000 37.13400000 37.23200000 37.36000000 37.20400000 37.27900000 37.24700000 37.22400000 37.31300000 37.38300000 37.34800000 37.35900000 37.34400000 37.20400000
37.59700000 37.59700000 37.59700000 37.59700000 37.59700000 37.59700000 37.59700000 35.72700000 35.75000000 35.85500000 36.29300000 36.29900000 36.55100000 36.34300000 36.12600000 36.53700000 36.32800000 37.10600000 37.10900000 37.36000000 37.36600000 37.19900000 37.21200000 37.19300000 37.28600000 37.37700000 37.46300000 37.33700000 37.38000000 37.21900000
37.59700000 37.59700000 37.59700000 37.59700000 37.59700000 37.59700000 37.59700000 37.59700000 37.59700000 37.59700000 37.59700000 37.59700000 37.59700000 37.59700000 37.59700000 36.23500000 36.15000000 36.74200000 36.95800000 37.35800000 37.39500000 37.38000000 37.35100000 37.33600000 37.32200000 37.38300000 37.41300000 37.49000000 37.32700000 37.36600000
37.59700000 37.59700000 37.59700000 37.59700000 37.59700000 37.59700000 37.59700000 37.59700000 37.59700000 37.59700000 37.59700000 37.59700000 37.59700000 37.59700000 37.59700000 37.59700000 36.18700000 36.47000000 37.00600000 36.90400000 37.31200000 37.42500000 37.40100000 37.40600000 37.36500000 37.35600000 37.41900000 37.50000000 37.51800000 37.51700000
37.59700000 37.59700000 37.59700000 37.59700000 37.59700000 37.59700000 37.59700000 37.59700000 37.59700000 37.59700000 37.59700000 37.59700000 37.59700000 37.59700000 37.59700000 37.59700000 37.59700000 36.35500000 36.77500000 36.97600000 37.07300000 37.34800000 37.41500000 37.40500000 37.32400000 37.34700000 37.38700000 37.35100000 37.52100000 37.55800000
37.59700000 37.59700000 37.59700000 37.59700000 37.59700000 37.59700000 37.59700000 37.59700000 37.59700000 37.59700000 37.59700000 37.59700000 37.59700000 37.59700000 37.59700000 37.59700000 37.59700000 37.59700000 37.59700000 36.61400000 36.98700000 37.34200000 37.43100000 37.41100000 37.30600000 37.34400000 37.38500000 37.36200000 37.34700000 37.45700000
37.59700000 37.59700000 37.59700000 37.59700000 37.59700000 37.59700000 37.59700000 37.59700000 37.59700000 37.59700000 37.59700000 37.59700000 37.59700000 37.59700000 37.59700000 37.59700000 37.59700000 37.59700000 37.59700000 37.59700000 36.76800000 37.34500000 37.43000000 37.37500000 37.34200000 37.39500000 37.35100000 37.38100000 37.32500000 37.37500000
37.59700000 37.59700000 37.59700000 37.59700000 37.59700000 37.59700000 37.59700000 37.59700000 37.59700000 37.59700000 37.59700000 37.59700000 37.59700000 37.59700000 37.59700000 37.59700000 37.59700000 37.59700000 37.59700000 37.59700000 36.67700000 37.34100000 37.42100000 37.30600000 37.40500000 37.40000000 37.42600000 37.35500000 37.35300000 37.36900000
37.59700000 37.59700000 37.59700000 37.59700000 37.59700000 37.59700000 37.59700000 37.59700000 37.59700000 37.59700000 37.59700000 37.59700000 37.59700000 37.59700000 37.59700000 37.59700000 37.59700000 37.59700000 37.59700000 37.59700000 36.57000000 37.35800000 37.36200000 37.33300000 37.39900000 37.39600000 37.42100000 37.43500000 37.37100000 37.34300000
37.59700000 37.59700000 37.59700000 37.59700000 37.59700000 37.59700000 37.59700000 37.59700000 37.59700000 37.59700000 37.59700000 37.59700000 37.59700000 37.59700000 37.59700000 37.59700000 37.59700000 37.59700000 37.59700000 37.59700000 36.60200000 37.31500000 37.33700000 37.39700000 37.37200000 37.37500000 37.35900000 37.38400000 37.34600000 37.37900000
37.59700000 37.59700000 37.59700000 37.59700000 37.59700000 37.59700000 37.59700000 37.59700000 37.59700000 37.59700000 37.59700000 37.59700000 37.59700000 37.59700000 37.59700000 37.59700000 37.59700000 37.59700000 37.59700000 37.59700000 37.59700000 36.77300000 37.36300000 37.38100000 37.37500000 37.35200000 37.32200000 37.29800000 37.31000000 37.33100000
37.59700000 37.59700000 37.59700000 37.59700000 37.59700000 37.59700000 37.59700000 37.59700000 37.59700000 37.59700000 37.59700000 37.59700000 37.59700000 37.59700000 37.59700000 37.59700000 37.59700000 37.59700000 37.59700000 37.59700000 37.59700000 36.71400000 37.28600000 37.33900000 37.34700000 37.33500000 37.32100000 37.29600000 37.28900000 37.30400000
37.59700000 37.59700000 37.59700000 37.59700000 37.59700000 37.59700000 37.59700000 37.59700000 37.59700000 37.59700000 37.59700000 37.59700000 37.59700000 37.59700000 37.59700000 37.59700000 37.59700000 37.59700000 37.59700000 37.59700000 37.59700000 37.59700000 37.15500000 37.28900000 37.32900000 37.31000000 37.28700000 37.26200000 37.23800000 37.27800000
37.59700000 37.59700000 37.59700000 37.59700000 37.59700000 37.59700000 37.59700000 37.59700000 37.59700000 37.59700000 37.59700000 37.59700000 37.59700000 37.59700000 37.59700000 37.59700000 37.59700000 37.59700000 37.59700000 37.59700000 37.59700000 37.59700000 36.91400000 37.11100000 37.20200000 37.17500000 37.20600000 37.26000000 37.28600000 37.31600000
37.59700000 37.59700000 37.59700000 37.59700000 37.59700000 37.59700000 37.59700000 37.59700000 37.59700000 37.59700000 37.59700000 37.59700000 37.59700000 37.59700000 37.59700000 37.59700000 37.59700000 37.59700000 37.59700000 37.59700000 37.59700000 37.59700000 37.59700000 36.82900000 37.17700000 37.21900000 37.23000000 37.24500000 37.28800000 37.30600000
