25.32600000 25.19700000 25.33200000 24.96900000 25.01100000 25.30500000 25.33900000 25.38800000 25.31300000 25.18200000 25.22300000 25.24400000 25.02300000 24.26400000 24.24000000 25.09600000 25.44200000 25.29800000 25.21800000 25.15600000 25.18600000 25.05200000 24.97400000 24.43900000 24.09800000 23.66600000 24.00600000 24.20100000 24.30300000 24.57200000
25.20400000 25.14500000 25.29700000 24.50500000 25.26300000 25.26700000 25.22100000 25.17300000 25.19700000 25.19200000 25.19100000 24.95400000 23.82600000 24.40700000 24.52600000 25.31000000 25.23100000 25.13500000 25.16500000 25.09000000 25.06400000 24.94200000 24.56100000 24.21900000 23.74300000 24.72300000 24.94900000 25.01800000 25.14200000 25.02400000
25.21900000 25.17700000 25.30500000 24.35800000 25.15600000 25.18400000 25.16600000 25.10700000 25.05700000 24.92800000 24.44800000 23.80400000 24.25600000 24.70400000 24.88900000 25.47700000 25.14700000 25.13300000 25.12100000 24.99600000 24.90400000 24.65300000 24.25500000 25.53500000 25.43800000 25.22400000 25.21500000 24.84500000 24.82100000 24.94300000
24.49800000 24.95000000 25.17200000 25.29600000 24.55800000 24.95600000 24.79200000 24.14500000 24.00700000 24.18100000 24.43600000 24.68000000 24.78200000 24.92400000 25.28600000 25.50400000 25.01200000 25.05500000 24.88300000 24.57600000 24.52100000 25.60700000 25.60500000 25.59600000 25.58200000 25.19500000 25.18900000 25.13600000 25.11400000 25.19100000
24.14800000 24.37800000 25.11800000 25.28000000 25.29500000 24.59700000 24.09900000 23.95600000 24.09500000 24.72400000 24.81900000 24.95200000 25.17800000 25.38900000 25.56900000 25.53600000 24.86300000 24.87700000 24.63000000 25.50700000 25.50500000 25.51900000 25.40000000 25.38400000 25.57000000 25.78900000 25.61500000 25.02300000 24.88400000 25.08700000
23.85300000 23.74300000 24.73100000 25.15600000 25.45500000 25.32800000 25.28000000 25.36400000 25.36900000 25.33200000 25.30000000 25.30400000 25.35000000 25.49700000 25.67700000 25.55100000 24.88400000 24.84100000 25.49200000 25.41600000 25.41700000 25.11700000 24.97400000 25.03500000 25.23100000 25.67000000 25.97200000 25.68600000 24.85500000 25.04900000
23.33000000 23.75800000 24.28200000 24.50700000 25.19900000 25.79000000 25.46300000 25.42200000 25.45800000 25.42000000 25.59500000 25.53800000 25.47800000 25.54600000 25.63800000 25.53700000 25.22100000 25.24300000 25.50200000 25.39900000 25.18200000 24.91200000 24.71700000 24.96900000 25.25800000 25.78300000 26.27700000 26.07900000 25.78300000 25.14300000
23.17300000 23.73500000 24.28700000 24.18000000 24.52700000 25.43300000 25.99000000 25.52900000 25.53100000 25.64200000 25.68000000 25.59100000 25.59300000 25.61700000 25.63600000 25.54800000 25.54600000 25.43300000 25.40800000 25.34500000 25.30100000 25.19400000 25.20000000 25.36000000 25.88800000 26.48700000 26.60100000 26.35300000 25.71800000 25.79200000
22.54600000 23.41900000 23.84200000 23.92200000 24.17300000 24.19100000 24.63800000 25.89700000 26.21700000 25.85200000 25.47300000 25.50700000 25.55200000 25.65400000 25.65200000 25.59100000 25.64300000 25.61000000 25.67500000 25.71200000 25.76300000 25.77000000 26.16500000 26.36100000 26.33200000 26.32300000 26.43900000 26.37000000 25.78300000 25.95900000
22.77900000 22.95500000 23.34800000 23.55200000 23.42500000 23.92900000 23.93500000 24.40900000 25.84500000 26.21900000 26.34800000 25.89700000 25.46500000 25.59300000 25.59000000 25.55600000 25.63800000 25.65900000 25.61100000 26.25000000 26.04900000 26.02200000 26.02200000 26.07600000 26.21400000 26.19000000 26.41800000 26.08000000 25.78100000 25.96400000
23.83800000 23.53000000 22.64900000 23.27500000 23.14700000 23.37000000 23.50100000 23.64100000 24.31400000 25.54900000 25.99400000 26.36200000 26.14900000 25.47500000 25.52200000 25.50800000 25.54000000 26.26100000 26.39800000 26.51400000 26.31800000 25.96200000 26.24100000 26.12800000 26.33800000 26.31000000 25.98300000 25.80500000 26.04300000 26.06200000
27.83300000 27.83300000 27.83300000 23.81000000 23.23700000 22.96600000 23.14400000 23.11400000 23.31200000 24.17000000 25.17100000 25.06400000 25.46700000 25.75500000 25.88600000 25.94300000 25.94600000 25.99800000 26.20500000 26.56700000 25.79700000 26.18000000 25.99700000 26.33600000 26.42200000 26.12500000 26.01900000 25.99300000 26.01000000 26.08300000
27.83300000 27.83300000 27.83300000 27.83300000 23.59700000 23.54800000 23.22700000 22.95100000 23.13600000 23.42600000 24.11600000 24.96700000 24.07300000 24.06200000 24.19200000 24.20900000 24.41200000 25.39700000 25.99900000 26.55900000 25.80700000 26.02200000 26.06800000 26.10600000 26.26800000 26.59400000 26.26000000 26.23400000 26.17600000 26.16000000
27.83300000 27.83300000 27.83300000 27.83300000 27.83300000 27.83300000 24.27700000 23.76400000 23.29000000 23.14900000 23.19200000 23.36400000 23.50900000 23.44800000 22.37800000 23.75900000 24.00800000 25.27300000 25.76500000 26.57800000 26.55700000 25.90300000 26.04200000 26.01300000 26.11700000 26.64700000 26.72800000 26.19400000 26.25700000 26.07400000
27.83300000 27.83300000 27.83300000 27.83300000 27.83300000 27.83300000 27.83300000 27.83300000 27.83300000 27.83300000 27.83300000 27.83300000 23.32700000 23.21600000 22.85100000 23.43000000 23.95100000 24.83600000 25.20700000 26.58500000 26.55600000 26.58000000 26.49900000 26.42900000 26.21900000 26.75700000 26.72100000 26.77800000 26.18500000 26.18500000
27.83300000 27.83300000 27.83300000 27.83300000 27.83300000 27.83300000 27.83300000 27.83300000 27.83300000 27.83300000 27.83300000 27.83300000 27.83300000 27.83300000 27.83300000 23.51200000 23.94700000 24.75400000 24.92300000 25.11500000 26.55100000 26.59700000 26.64900000 26.68000000 26.57700000 26.86200000 26.74500000 26.79000000 26.82600000 26.78500000
27.83300000 27.83300000 27.83300000 27.83300000 27.83300000 27.83300000 27.83300000 27.83300000 27.83300000 27.83300000 27.83300000 27.83300000 27.83300000 27.83300000 27.83300000 27.83300000 23.74700000 24.00700000 24.92200000 24.75400000 25.19800000 26.64000000 26.68500000 26.62400000 26.72800000 26.95200000 26.87100000 26.80500000 26.88700000 27.01700000
27.83300000 27.83300000 27.83300000 27.83300000 27.83300000 27.83300000 27.83300000 27.83300000 27.83300000 27.83300000 27.83300000 27.83300000 27.83300000 27.83300000 27.83300000 27.83300000 27.83300000 27.83300000 23.62400000 24.57800000 24.98000000 26.65900000 26.60900000 26.60200000 26.83000000 26.92400000 26.99100000 26.90200000 26.84800000 26.97800000
27.83300000 27.83300000 27.83300000 27.83300000 27.83300000 27.83300000 27.83300000 27.83300000 27.83300000 27.83300000 27.83300000 27.83300000 27.83300000 27.83300000 27.83300000 27.83300000 27.83300000 27.83300000 27.83300000 25.31300000 24.37000000 26.70400000 26.56800000 26.59000000 26.91300000 26.96300000 26.89300000 26.96800000 26.87700000 27.01300000
27.83300000 27.83300000 27.83300000 27.83300000 27.83300000 27.83300000 27.83300000 27.83300000 27.83300000 27.83300000 27.83300000 27.83300000 27.83300000 27.83300000 27.83300000 27.83300000 27.83300000 27.83300000 27.83300000 25.50600000 25.56100000 26.73500000 26.55300000 26.72400000 27.04700000 26.92100000 27.02200000 26.89400000 26.95000000 27.11200000
27.83300000 27.83300000 27.83300000 27.83300000 27.83300000 27.83300000 27.83300000 27.83300000 27.83300000 27.83300000 27.83300000 27.83300000 27.83300000 27.83300000 27.83300000 27.83300000 27.83300000 27.83300000 27.83300000 25.44700000 25.60600000 26.83200000 26.65100000 26.88300000 27.02200000 26.81200000 27.05200000 27.07500000 27.02400000 27.08500000
27.83300000 27.83300000 27.83300000 27.83300000 27.83300000 27.83300000 27.83300000 27.83300000 27.83300000 27.83300000 27.83300000 27.83300000 27.83300000 27.83300000 27.83300000 27.83300000 27.83300000 27.83300000 27.83300000 24.76900000 24.88600000 26.73600000 26.85100000 27.03100000 26.87400000 26.93100000 27.00000000 26.99500000 26.90800000 27.20800000
27.83300000 27.83300000 27.83300000 27.83300000 27.83300000 27.83300000 27.83300000 27.83300000 27.83300000 27.83300000 27.83300000 27.83300000 27.83300000 27.83300000 27.83300000 27.83300000 27.83300000 27.83300000 27.83300000 27.83300000 25.37900000 25.65200000 26.86500000 26.95500000 26.84100000 26.93700000 26.86800000 26.75400000 26.94000000 27.11200000
27.83300000 27.83300000 27.83300000 27.83300000 27.83300000 27.83300000 27.83300000 27.83300000 27.83300000 27.83300000 27.83300000 27.83300000 27.83300000 27.83300000 27.83300000 27.83300000 27.83300000 27.83300000 27.83300000 27.83300000 27.83300000 25.24300000 26.70600000 26.80200000 26.79900000 26.87500000 26.77100000 26.61700000 26.59400000 27.17000000
27.83300000 27.83300000 27.83300000 27.83300000 27.83300000 27.83300000 27.83300000 27.83300000 27.83300000 27.83300000 27.83300000 27.83300000 27.83300000 27.83300000 27.83300000 27.83300000 27.83300000 27.83300000 27.83300000 27.83300000 27.83300000 24.98600000 26.35400000 26.70000000 26.76000000 26.66100000 26.63400000 26.56200000 26.50100000 27.04100000
27.83300000 27.83300000 27.83300000 27.83300000 27.83300000 27.83300000 27.83300000 27.83300000 27.83300000 27.83300000 27.83300000 27.83300000 27.83300000 27.83300000 27.83300000 27.83300000 27.83300000 27.83300000 27.83300000 27.83300000 27.83300000 27.83300000 25.97800000 26.29000000 26.43400000 26.38200000 26.57400000 26.62500000 27.00500000 27.24700000
27.83300000 27.83300000 27.83300000 27.83300000 27.83300000 27.83300000 27.83300000 27.83300000 27.83300000 27.83300000 27.83300000 27.83300000 27.83300000 27.83300000 27.83300000 27.83300000 27.83300000 27.83300000 27.83300000 27.83300000 27.83300000 27.83300000 27.83300000 26.04500000 26.45100000 26.65300000 26.59800000 26.74800000 27.14300000 27.30500000
25.35200000 25.23500000 25.38100000 24.98600000 25.02500000 25.32800000 25.37000000 25.40300000 25.31300000 25.22400000 25.25400000 25.25900000 25.05800000 24.29700000 24.25100000 25.11500000 25.45900000 25.32600000 25.25000000 25.16600000 25.21200000 25.05800000 24.99500000 24.44400000 24.11300000 23.68100000 24.01400000 24.21400000 24.33600000 24.58700000
25.21900000 25.15000000 25.30300000 24.50500000 25.26700000 25.27000000 25.22300000 25.17500000 25.20000000 25.19900000 25.19900000 24.96400000 23.83800000 24.41300000 24.53300000 25.32000000 25.24200000 25.14700000 25.17500000 25.10000000 25.07400000 24.95000000 24.56800000 24.22500000 23.74200000 24.73400000 24.96100000 25.03000000 25.15500000 25.03600000
25.25200000 25.18300000 25.31200000 24.35900000 25.16000000 25.18600000 25.16900000 25.11000000 25.06200000 24.93600000 24.45800000 23.79900000 24.25300000 24.70700000 24.89100000 25.48500000 25.15600000 25.14200000 25.13000000 25.00500000 24.91400000 24.66300000 24.26000000 25.54500000 25.45000000 25.23500000 25.22700000 24.85800000 24.83300000 24.95100000
24.45900000 24.95500000 25.17600000 25.30100000 24.55300000 24.95800000 24.79900000 24.16600000 23.99800000 24.18600000 24.44100000 24.68600000 24.78500000 24.92700000 25.29000000 25.51300000 25.01900000 25.06300000 24.89100000 24.58600000 24.53000000 25.61700000 25.61300000 25.60700000 25.59200000 25.20500000 25.19900000 25.14600000 25.12500000 25.20000000
24.14700000 24.45400000 25.12200000 25.28200000 25.29900000 24.57700000 24.09000000 23.94600000 24.09600000 24.73000000 24.82700000 24.95800000 25.18600000 25.39700000 25.57600000 25.54200000 24.87000000 24.88600000 24.63600000 25.51600000 25.51600000 25.53200000 25.41000000 25.39300000 25.57900000 25.80000000 25.62400000 25.03400000 24.89300000 25.09600000
23.87300000 24.52200000 24.73200000 25.15700000 25.45600000 25.32500000 25.27300000 25.36500000 25.37600000 25.34300000 25.31300000 25.31600000 25.36200000 25.50700000 25.68600000 25.55900000 24.89400000 24.84700000 25.50000000 25.42500000 25.42700000 25.12700000 24.98500000 25.04700000 25.24200000 25.67900000 25.98300000 25.69600000 24.86800000 25.06000000
23.52700000 23.75900000 24.27300000 24.50600000 25.20300000 25.79400000 25.46600000 25.42600000 25.45900000 25.42400000 25.60300000 25.54800000 25.48800000 25.55800000 25.64800000 25.54600000 25.22900000 25.24900000 25.51000000 25.40500000 25.19000000 24.92400000 24.73000000 24.98200000 25.27000000 25.79400000 26.28900000 26.09400000 25.79700000 25.15000000
23.02800000 23.67100000 24.27000000 24.16400000 24.52000000 25.43300000 25.99500000 25.53500000 25.53600000 25.64700000 25.68700000 25.59800000 25.60300000 25.62900000 25.64500000 25.55700000 25.55300000 25.43900000 25.41600000 25.35200000 25.31100000 25.20700000 25.21400000 25.37400000 25.90200000 26.50100000 26.61400000 26.36600000 25.72900000 25.80400000
21.12500000 23.40400000 23.81800000 23.90900000 24.15600000 24.19100000 24.63500000 25.90200000 26.22400000 25.85500000 25.47700000 25.51200000 25.55600000 25.66100000 25.66000000 25.59700000 25.65100000 25.61600000 25.68200000 25.72000000 25.77300000 25.78300000 26.17900000 26.37900000 26.34800000 26.33800000 26.45200000 26.38300000 25.79300000 25.96700000
19.82700000 21.95600000 22.50500000 23.43500000 23.39000000 23.91100000 23.93600000 24.39100000 25.84900000 26.22400000 26.35500000 25.90300000 25.46600000 25.59800000 25.59600000 25.56300000 25.64500000 25.66500000 25.61700000 26.25600000 26.05600000 26.03200000 26.03500000 26.09000000 26.22900000 26.20300000 26.42900000 26.09000000 25.78900000 25.97400000
21.53700000 27.83300000 18.64000000 18.38000000 22.34200000 23.31900000 23.58300000 23.73900000 24.28500000 25.54400000 25.99600000 26.36800000 26.15500000 25.47200000 25.52700000 25.51500000 25.54600000 26.26800000 26.40600000 26.52100000 26.32500000 25.96700000 26.25100000 26.13900000 26.34900000 26.32000000 25.99200000 25.81500000 26.05400000 26.07300000
27.83300000 27.83300000 27.83300000 27.83300000 19.82200000 20.78000000 22.23100000 22.90200000 23.37000000 24.12200000 25.15600000 25.03400000 25.45300000 25.75300000 25.89100000 25.94800000 25.95100000 26.00000000 26.21000000 26.57600000 25.80200000 26.18600000 26.00500000 26.34600000 26.43400000 26.13600000 26.03200000 26.00500000 26.02300000 26.09000000
27.83300000 27.83300000 27.83300000 27.83300000 27.83300000 19.83800000 20.22200000 20.25100000 20.82100000 23.28400000 24.11000000 24.94300000 24.06100000 24.11100000 24.21200000 24.18700000 24.40700000 25.39500000 26.00100000 26.56700000 25.81300000 26.02900000 26.07300000 26.11500000 26.27800000 26.60800000 26.27800000 26.24900000 26.19100000 26.17300000
27.83300000 27.83300000 27.83300000 27.83300000 27.83300000 27.83300000 27.83300000 19.67800000 19.60600000 19.69400000 22.01000000 23.31600000 23.77200000 23.47800000 22.32600000 23.72300000 24.01400000 25.26100000 25.75300000 26.58500000 26.56600000 25.90900000 26.04800000 26.02100000 26.12700000 26.66100000 26.74500000 26.21300000 26.27200000 26.08400000
27.83300000 27.83300000 27.83300000 27.83300000 27.83300000 27.83300000 27.83300000 27.83300000 27.83300000 27.83300000 27.83300000 27.83300000 27.83300000 27.83300000 27.83300000 20.91100000 23.92600000 24.84300000 25.15600000 26.59200000 26.56300000 26.58700000 26.50900000 26.43800000 26.22800000 26.77000000 26.73400000 26.79200000 26.20000000 26.19200000
27.83300000 27.83300000 27.83300000 27.83300000 27.83300000 27.83300000 27.83300000 27.83300000 27.83300000 27.83300000 27.83300000 27.83300000 27.83300000 27.83300000 27.83300000 27.83300000 23.62500000 24.71900000 24.93200000 24.87000000 26.55600000 26.60500000 26.65900000 26.69100000 26.58600000 26.87400000 26.75800000 26.80400000 26.84000000 26.80000000
27.83300000 27.83300000 27.83300000 27.83300000 27.83300000 27.83300000 27.83300000 27.83300000 27.83300000 27.83300000 27.83300000 27.83300000 27.83300000 27.83300000 27.83300000 27.83300000 27.83300000 21.71800000 24.89000000 24.68200000 25.17000000 26.65100000 26.69400000 26.63300000 26.73500000 26.96200000 26.88400000 26.81800000 26.90100000 27.02800000
27.83300000 27.83300000 27.83300000 27.83300000 27.83300000 27.83300000 27.83300000 27.83300000 27.83300000 27.83300000 27.83300000 27.83300000 27.83300000 27.83300000 27.83300000 27.83300000 27.83300000 27.83300000 27.83300000 24.49200000 24.99300000 26.66900000 26.61700000 26.61000000 26.83600000 26.93300000 27.00200000 26.91500000 26.86000000 26.99400000
27.83300000 27.83300000 27.83300000 27.83300000 27.83300000 27.83300000 27.83300000 27.83300000 27.83300000 27.83300000 27.83300000 27.83300000 27.83300000 27.83300000 27.83300000 27.83300000 27.83300000 27.83300000 27.83300000 27.83300000 24.19100000 26.71800000 26.57300000 26.59500000 26.92200000 26.97100000 26.90200000 26.98000000 26.89000000 27.02500000
27.83300000 27.83300000 27.83300000 27.83300000 27.83300000 27.83300000 27.83300000 27.83300000 27.83300000 27.83300000 27.83300000 27.83300000 27.83300000 27.83300000 27.83300000 27.83300000 27.83300000 27.83300000 27.83300000 27.83300000 24.12500000 26.74700000 26.56200000 26.73300000 27.05600000 26.92900000 27.03200000 26.90500000 26.96000000 27.12300000
27.83300000 27.83300000 27.83300000 27.83300000 27.83300000 27.83300000 27.83300000 27.83300000 27.83300000 27.83300000 27.83300000 27.83300000 27.83300000 27.83300000 27.83300000 27.83300000 27.83300000 27.83300000 27.83300000 27.83300000 22.76300000 26.84400000 26.66000000 26.89400000 27.03400000 26.82100000 27.06200000 27.08700000 27.03500000 27.09400000
27.83300000 27.83300000 27.83300000 27.83300000 27.83300000 27.83300000 27.83300000 27.83300000 27.83300000 27.83300000 27.83300000 27.83300000 27.83300000 27.83300000 27.83300000 27.83300000 27.83300000 27.83300000 27.83300000 27.83300000 23.40600000 26.73500000 26.85900000 27.04300000 26.88700000 26.94100000 27.00800000 27.00200000 26.91700000 27.21800000
27.83300000 27.83300000 27.83300000 27.83300000 27.83300000 27.83300000 27.83300000 27.83300000 27.83300000 27.83300000 27.83300000 27.83300000 27.83300000 27.83300000 27.83300000 27.83300000 27.83300000 27.83300000 27.83300000 27.83300000 27.83300000 25.05600000 26.87000000 26.96600000 26.85000000 26.94500000 26.87400000 26.76300000 26.94900000 27.12000000
27.83300000 27.83300000 27.83300000 27.83300000 27.83300000 27.83300000 27.83300000 27.83300000 27.83300000 27.83300000 27.83300000 27.83300000 27.83300000 27.83300000 27.83300000 27.83300000 27.83300000 27.83300000 27.83300000 27.83300000 27.83300000 25.05200000 26.69200000 26.80800000 26.80800000 26.88400000 26.78000000 26.62600000 26.60100000 27.17600000
27.83300000 27.83300000 27.83300000 27.83300000 27.83300000 27.83300000 27.83300000 27.83300000 27.83300000 27.83300000 27.83300000 27.83300000 27.83300000 27.83300000 27.83300000 27.83300000 27.83300000 27.83300000 27.83300000 27.83300000 27.83300000 27.83300000 26.32100000 26.70000000 26.77000000 26.67100000 26.64300000 26.57200000 26.50500000 27.04800000
27.83300000 27.83300000 27.83300000 27.83300000 27.83300000 27.83300000 27.83300000 27.83300000 27.83300000 27.83300000 27.83300000 27.83300000 27.83300000 27.83300000 27.83300000 27.83300000 27.83300000 27.83300000 27.83300000 27.83300000 27.83300000 27.83300000 25.97000000 26.29300000 26.43800000 26.38900000 26.58200000 26.63200000 27.01000000 27.25300000
27.83300000 27.83300000 27.83300000 27.83300000 27.83300000 27.83300000 27.83300000 27.83300000 27.83300000 27.83300000 27.83300000 27.83300000 27.83300000 27.83300000 27.83300000 27.83300000 27.83300000 27.83300000 27.83300000 27.83300000 27.83300000 27.83300000 27.83300000 26.04600000 26.46100000 26.65700000 26.60400000 26.75300000 27.16500000 27.31000000
