36.99100000 36.96100000 36.94100000 36.94700000 37.07000000 37.21000000 37.24800000 37.25700000 37.21800000 37.20000000 37.12600000 37.01000000 36.88800000 36.68900000 36.66000000 36.86200000 37.00100000 37.00000000 37.03400000 37.05700000 37.00900000 36.99200000 36.86600000 36.61200000 36.54400000 36.29000000 36.52300000 36.45600000 36.43600000 36.44200000
36.98600000 36.92300000 36.93500000 36.91300000 37.19800000 37.20700000 37.19500000 37.18800000 37.16400000 37.10300000 37.00200000 36.88500000 36.49100000 36.76500000 36.81400000 36.98400000 37.06500000 37.02800000 37.08300000 37.03300000 36.99700000 36.90800000 36.76200000 36.65000000 36.48500000 36.87200000 36.96700000 36.99600000 37.08200000 37.08800000
37.02600000 36.89100000 36.90900000 36.83300000 37.15000000 37.15200000 37.12500000 37.05900000 36.99400000 36.92900000 36.79800000 36.44800000 36.69500000 36.89400000 36.87800000 37.10900000 37.00500000 37.04000000 37.04500000 36.98700000 36.90600000 36.82100000 36.66000000 37.18100000 37.11200000 37.03800000 37.06300000 36.93800000 36.91900000 36.86100000
36.53200000 36.99800000 36.85800000 36.92800000 36.89700000 37.04800000 36.96300000 36.64800000 36.55600000 36.72000000 36.84800000 36.92400000 36.89500000 36.88900000 36.93700000 37.12400000 36.93200000 36.99500000 36.93400000 36.80500000 36.74800000 37.23200000 37.25500000 37.26200000 37.21800000 37.01400000 37.04400000 37.02200000 36.98200000 36.90100000
36.14400000 36.66100000 36.99600000 36.95100000 36.88000000 36.88900000 36.63700000 36.54300000 36.66900000 36.95100000 36.92000000 36.90400000 36.92400000 36.94600000 36.99900000 37.12900000 36.86100000 36.90400000 36.77800000 37.16900000 37.24700000 37.23700000 37.19300000 37.18700000 37.21400000 37.26700000 37.23200000 36.85400000 36.73400000 36.64700000
35.94600000 35.84300000 36.96400000 37.07100000 37.09300000 36.89100000 36.82900000 36.89400000 36.89700000 36.86400000 36.84000000 36.84700000 36.87900000 36.95900000 37.04400000 37.14400000 36.86900000 36.88400000 37.16800000 37.21500000 37.20900000 37.11400000 37.03400000 37.05900000 37.15600000 37.22000000 37.28500000 37.25900000 36.68200000 36.59100000
35.61000000 35.64100000 36.71700000 36.82000000 37.08300000 37.21800000 36.94000000 36.90800000 36.90400000 36.89200000 37.01800000 37.00100000 36.99300000 37.01900000 37.03500000 37.09100000 37.04400000 37.07900000 37.18900000 37.20200000 37.12300000 37.02400000 36.95500000 37.03300000 37.15900000 37.22600000 37.34900000 37.33900000 37.26500000 36.65200000
35.60300000 36.08000000 36.72600000 36.65300000 36.73900000 37.17000000 37.29200000 36.95300000 36.92700000 36.97800000 36.99900000 36.97900000 37.01700000 37.04500000 37.04200000 37.09400000 37.20100000 37.14900000 37.14000000 37.18400000 37.16700000 37.12200000 37.14400000 37.16800000 37.22600000 37.42400000 37.48300000 37.42700000 37.27600000 37.23100000
35.38400000 35.87500000 36.35600000 36.47600000 36.72100000 36.47600000 36.89000000 37.33400000 37.39200000 37.16600000 36.92500000 36.93100000 36.94900000 37.05000000 37.05100000 37.15300000 37.23100000 37.21900000 37.23200000 37.24700000 37.25600000 37.17100000 37.29500000 37.44100000 37.42200000 37.42800000 37.46000000 37.44100000 37.28500000 37.26700000
35.21500000 35.11200000 35.25500000 36.24600000 36.21100000 36.58300000 36.25600000 36.83600000 37.29400000 37.37500000 37.39900000 37.15900000 36.96100000 36.96000000 36.95300000 37.05500000 37.17000000 37.16000000 37.01800000 37.36400000 37.29300000 37.32500000 37.33700000 37.36300000 37.41000000 37.40800000 37.45900000 37.33500000 37.27100000 37.24900000
34.76200000 34.87100000 35.25200000 35.28200000 35.89500000 36.21600000 36.10100000 36.00900000 36.78600000 37.21400000 37.32600000 37.41300000 37.26200000 36.96000000 37.00200000 37.00700000 37.03000000 37.36200000 37.35800000 37.37200000 37.33800000 37.30600000 37.40700000 37.32100000 37.39000000 37.39200000 37.32300000 37.27500000 37.29600000 37.21100000
37.59700000 37.59700000 37.59700000 35.10300000 35.62600000 35.64700000 35.76900000 35.86500000 35.77700000 36.71300000 37.12000000 37.06500000 37.14300000 37.20900000 37.25000000 37.27200000 37.26700000 37.28100000 37.29600000 37.38000000 37.23500000 37.35800000 37.27500000 37.27500000 37.33200000 37.31900000 37.30700000 37.29100000 37.24400000 37.18200000
37.59700000 37.59700000 37.59700000 37.59700000 35.18900000 35.24400000 35.47400000 35.53200000 35.58300000 35.95700000 36.65800000 37.07600000 36.54100000 36.57500000 36.67600000 36.65600000 36.45800000 37.14400000 37.23100000 37.36100000 37.20400000 37.28000000 37.24800000 37.22500000 37.31500000 37.38400000 37.35000000 37.36000000 37.34200000 37.20500000
37.59700000 37.59700000 37.59700000 37.59700000 37.59700000 37.59700000 35.31200000 35.42300000 35.45600000 35.53900000 35.73200000 36.23500000 36.33600000 36.28800000 36.09900000 36.55900000 36.25000000 37.10800000 37.11500000 37.36200000 37.36800000 37.20100000 37.21300000 37.19400000 37.28800000 37.37900000 37.46500000 37.33700000 37.38100000 37.21900000
37.59700000 37.59700000 37.59700000 37.59700000 37.59700000 37.59700000 37.59700000 37.59700000 37.59700000 37.59700000 37.59700000 37.59700000 35.69200000 35.98500000 36.16500000 36.07800000 36.06000000 36.74800000 36.96300000 37.35900000 37.39800000 37.38200000 37.35500000 37.34000000 37.32400000 37.38500000 37.41400000 37.49100000 37.32600000 37.36800000
37.59700000 37.59700000 37.59700000 37.59700000 37.59700000 37.59700000 37.59700000 37.59700000 37.59700000 37.59700000 37.59700000 37.59700000 37.59700000 37.59700000 37.59700000 35.99800000 35.98100000 36.44000000 36.99500000 36.95500000 37.31700000 37.42600000 37.40200000 37.40700000 37.36500000 37.35700000 37.42100000 37.50100000 37.51900000 37.52000000
37.59700000 37.59700000 37.59700000 37.59700000 37.59700000 37.59700000 37.59700000 37.59700000 37.59700000 37.59700000 37.59700000 37.59700000 37.59700000 37.59700000 37.59700000 37.59700000 35.92800000 36.37200000 36.78600000 36.99900000 37.08000000 37.34900000 37.41500000 37.40400000 37.32100000 37.34800000 37.38700000 37.35200000 37.52400000 37.55900000
37.59700000 37.59700000 37.59700000 37.59700000 37.59700000 37.59700000 37.59700000 37.59700000 37.59700000 37.59700000 37.59700000 37.59700000 37.59700000 37.59700000 37.59700000 37.59700000 37.59700000 37.59700000 36.11000000 36.62400000 36.97600000 37.34700000 37.43100000 37.41000000 37.30800000 37.34600000 37.38600000 37.36200000 37.34700000 37.45900000
37.59700000 37.59700000 37.59700000 37.59700000 37.59700000 37.59700000 37.59700000 37.59700000 37.59700000 37.59700000 37.59700000 37.59700000 37.59700000 37.59700000 37.59700000 37.59700000 37.59700000 37.59700000 37.59700000 36.86100000 36.78000000 37.34700000 37.43100000 37.37100000 37.34500000 37.39600000 37.35200000 37.38200000 37.32700000 37.37700000
37.59700000 37.59700000 37.59700000 37.59700000 37.59700000 37.59700000 37.59700000 37.59700000 37.59700000 37.59700000 37.59700000 37.59700000 37.59700000 37.59700000 37.59700000 37.59700000 37.59700000 37.59700000 37.59700000 36.91600000 36.92700000 37.34200000 37.42100000 37.30600000 37.40800000 37.40100000 37.42600000 37.35600000 37.35400000 37.37200000
37.59700000 37.59700000 37.59700000 37.59700000 37.59700000 37.59700000 37.59700000 37.59700000 37.59700000 37.59700000 37.59700000 37.59700000 37.59700000 37.59700000 37.59700000 37.59700000 37.59700000 37.59700000 37.59700000 36.80100000 36.89300000 37.35800000 37.36200000 37.33600000 37.39900000 37.39800000 37.42400000 37.43700000 37.37200000 37.34400000
37.59700000 37.59700000 37.59700000 37.59700000 37.59700000 37.59700000 37.59700000 37.59700000 37.59700000 37.59700000 37.59700000 37.59700000 37.59700000 37.59700000 37.59700000 37.59700000 37.59700000 37.59700000 37.59700000 36.37500000 36.72500000 37.31900000 37.33700000 37.40000000 37.37400000 37.37600000 37.36100000 37.38500000 37.34500000 37.38000000
37.59700000 37.59700000 37.59700000 37.59700000 37.59700000 37.59700000 37.59700000 37.59700000 37.59700000 37.59700000 37.59700000 37.59700000 37.59700000 37.59700000 37.59700000 37.59700000 37.59700000 37.59700000 37.59700000 37.59700000 36.69000000 36.89700000 37.36600000 37.38200000 37.37700000 37.35400000 37.32300000 37.30000000 37.31100000 37.33300000
37.59700000 37.59700000 37.59700000 37.59700000 37.59700000 37.59700000 37.59700000 37.59700000 37.59700000 37.59700000 37.59700000 37.59700000 37.59700000 37.59700000 37.59700000 37.59700000 37.59700000 37.59700000 37.59700000 37.59700000 37.59700000 36.74600000 37.29100000 37.34100000 37.34900000 37.33600000 37.32200000 37.29800000 37.28900000 37.30500000
37.59700000 37.59700000 37.59700000 37.59700000 37.59700000 37.59700000 37.59700000 37.59700000 37.59700000 37.59700000 37.59700000 37.59700000 37.59700000 37.59700000 37.59700000 37.59700000 37.59700000 37.59700000 37.59700000 37.59700000 37.59700000 36.56400000 37.17000000 37.29100000 37.33000000 37.31200000 37.28900000 37.26200000 37.24000000 37.28200000
37.59700000 37.59700000 37.59700000 37.59700000 37.59700000 37.59700000 37.59700000 37.59700000 37.59700000 37.59700000 37.59700000 37.59700000 37.59700000 37.59700000 37.59700000 37.59700000 37.59700000 37.59700000 37.59700000 37.59700000 37.59700000 37.59700000 36.92300000 37.11200000 37.20800000 37.17700000 37.20800000 37.26200000 37.29100000 37.31700000
37.59700000 37.59700000 37.59700000 37.59700000 37.59700000 37.59700000 37.59700000 37.59700000 37.59700000 37.59700000 37.59700000 37.59700000 37.59700000 37.59700000 37.59700000 37.59700000 37.59700000 37.59700000 37.59700000 37.59700000 37.59700000 37.59700000 37.59700000 36.82800000 37.17800000 37.22000000 37.23100000 37.24700000 37.28800000 37.30700000
36.98600000 36.95900000 36.94000000 36.94700000 37.06800000 37.20800000 37.24800000 37.25600000 37.21700000 37.20000000 37.13100000 37.01100000 36.88900000 36.68900000 36.65800000 36.86000000 37.00000000 36.99900000 37.03200000 37.05700000 37.00900000 36.99200000 36.86700000 36.61100000 36.54300000 36.28900000 36.52300000 36.45500000 36.43600000 36.44200000
36.98400000 36.92200000 36.93400000 36.91100000 37.19600000 37.20600000 37.19400000 37.18700000 37.16300000 37.10300000 37.00100000 36.88400000 36.49600000 36.76300000 36.81300000 36.98200000 37.06400000 37.02700000 37.08200000 37.03200000 36.99600000 36.90800000 36.76100000 36.64900000 36.48200000 36.87100000 36.96600000 36.99500000 37.08100000 37.08800000
37.02600000 36.89100000 36.90800000 36.83200000 37.14900000 37.15100000 37.12400000 37.05900000 36.99400000 36.92800000 36.79800000 36.44600000 36.69200000 36.89300000 36.87600000 37.10800000 37.00400000 37.03900000 37.04400000 36.98600000 36.90600000 36.82000000 36.66000000 37.18000000 37.11100000 37.03700000 37.06200000 36.93800000 36.91900000 36.86000000
36.53600000 36.99600000 36.85700000 36.92700000 36.89500000 37.04700000 36.96400000 36.66200000 36.55200000 36.71900000 36.84700000 36.92300000 36.89400000 36.88800000 36.93500000 37.12400000 36.93200000 36.99400000 36.93300000 36.80500000 36.74700000 37.23100000 37.25300000 37.26100000 37.21700000 37.01300000 37.04300000 37.02100000 36.98100000 36.90000000
36.17200000 36.70200000 36.99600000 36.95100000 36.87900000 36.88600000 36.63800000 36.54100000 36.66700000 36.95000000 36.92000000 36.90300000 36.92300000 36.94500000 36.99800000 37.12800000 36.85900000 36.90300000 36.77700000 37.16700000 37.24700000 37.23600000 37.19200000 37.18600000 37.21300000 37.26600000 37.23100000 36.85300000 36.73400000 36.64700000
36.00600000 36.56000000 36.96300000 37.06800000 37.09200000 36.89000000 36.82800000 36.89500000 36.89800000 36.86400000 36.83900000 36.84600000 36.87800000 36.95700000 37.04300000 37.14300000 36.86900000 36.88200000 37.16600000 37.21400000 37.20800000 37.11300000 37.03300000 37.05800000 37.15500000 37.21900000 37.28300000 37.25800000 36.68200000 36.59000000
35.76500000 35.64600000 36.72200000 36.81900000 37.08200000 37.21700000 36.93900000 36.90700000 36.90300000 36.89100000 37.01700000 37.00000000 36.99200000 37.01800000 37.03400000 37.08900000 37.04300000 37.07800000 37.18700000 37.20100000 37.12200000 37.02300000 36.95400000 37.03200000 37.15700000 37.22500000 37.34800000 37.33900000 37.26400000 36.65400000
35.59300000 36.06800000 36.72300000 36.65000000 36.73700000 37.16800000 37.29100000 36.95200000 36.92600000 36.97700000 36.99800000 36.97800000 37.01500000 37.04400000 37.04100000 37.09200000 37.20000000 37.14800000 37.13900000 37.18300000 37.16600000 37.12100000 37.14200000 37.16600000 37.22400000 37.42300000 37.48200000 37.42600000 37.27500000 37.23400000
35.87800000 35.89500000 36.35700000 36.48000000 36.71800000 36.48400000 36.89200000 37.33300000 37.39100000 37.16400000 36.92400000 36.93000000 36.94800000 37.04900000 37.05000000 37.15200000 37.23000000 37.21800000 37.23100000 37.24600000 37.25500000 37.17000000 37.29300000 37.44000000 37.42100000 37.42700000 37.45900000 37.44000000 37.28300000 37.26600000
35.74100000 36.20900000 36.50200000 36.30400000 36.25500000 36.59300000 36.27200000 36.83400000 37.29300000 37.37400000 37.39700000 37.15900000 36.95900000 36.95900000 36.95200000 37.05400000 37.16900000 37.16000000 37.01700000 37.36400000 37.29200000 37.32400000 37.33600000 37.36200000 37.40900000 37.40700000 37.45800000 37.33500000 37.27000000 37.24800000
35.56300000 37.59700000 35.90300000 35.87100000 36.13200000 36.28900000 36.26400000 36.10300000 36.79000000 37.21300000 37.32500000 37.41100000 37.26100000 36.95800000 37.00200000 37.00500000 37.03000000 37.36100000 37.35700000 37.37100000 37.33700000 37.30400000 37.40600000 37.32000000 37.38900000 37.39100000 37.32100000 37.27400000 37.29500000 37.21000000
37.59700000 37.59700000 37.59700000 37.59700000 35.86800000 36.10500000 36.49400000 36.17500000 35.98900000 36.71600000 37.11700000 37.06100000 37.14100000 37.20700000 37.24900000 37.27000000 37.26600000 37.27900000 37.29500000 37.37900000 37.23400000 37.35700000 37.27400000 37.27300000 37.33100000 37.31800000 37.30600000 37.29000000 37.24300000 37.18200000
37.59700000 37.59700000 37.59700000 37.59700000 37.59700000 35.72200000 35.86200000 36.12900000 36.21000000 36.38100000 36.70100000 37.07300000 36.55800000 36.63000000 36.71700000 36.66800000 36.47400000 37.14200000 37.23000000 37.36000000 37.20300000 37.27800000 37.24700000 37.22400000 37.31400000 37.38300000 37.34900000 37.35900000 37.34200000 37.20400000
37.59700000 37.59700000 37.59700000 37.59700000 37.59700000 37.59700000 37.59700000 35.72700000 35.75000000 35.85500000 36.32500000 36.29300000 36.55700000 36.33900000 36.11900000 36.54800000 36.31400000 37.10400000 37.11000000 37.36000000 37.36700000 37.20000000 37.21200000 37.19300000 37.28600000 37.37800000 37.46400000 37.33700000 37.38000000 37.21900000
37.59700000 37.59700000 37.59700000 37.59700000 37.59700000 37.59700000 37.59700000 37.59700000 37.59700000 37.59700000 37.59700000 37.59700000 37.59700000 37.59700000 37.59700000 36.22800000 36.13900000 36.74500000 36.95400000 37.35800000 37.39700000 37.38200000 37.35400000 37.33900000 37.32300000 37.38400000 37.41400000 37.49000000 37.32600000 37.36700000
37.59700000 37.59700000 37.59700000 37.59700000 37.59700000 37.59700000 37.59700000 37.59700000 37.59700000 37.59700000 37.59700000 37.59700000 37.59700000 37.59700000 37.59700000 37.59700000 36.19500000 36.47000000 36.99600000 36.91300000 37.31500000 37.42500000 37.40100000 37.40600000 37.36400000 37.35600000 37.42000000 37.50000000 37.51800000 37.52000000
37.59700000 37.59700000 37.59700000 37.59700000 37.59700000 37.59700000 37.59700000 37.59700000 37.59700000 37.59700000 37.59700000 37.59700000 37.59700000 37.59700000 37.59700000 37.59700000 37.59700000 36.35600000 36.78200000 36.98400000 37.07400000 37.34800000 37.41500000 37.40400000 37.32100000 37.34700000 37.38700000 37.35100000 37.52300000 37.55800000
37.59700000 37.59700000 37.59700000 37.59700000 37.59700000 37.59700000 37.59700000 37.59700000 37.59700000 37.59700000 37.59700000 37.59700000 37.59700000 37.59700000 37.59700000 37.59700000 37.59700000 37.59700000 37.59700000 36.60100000 36.97700000 37.34500000 37.43100000 37.41000000 37.30700000 37.34400000 37.38500000 37.36100000 37.34600000 37.45800000
37.59700000 37.59700000 37.59700000 37.59700000 37.59700000 37.59700000 37.59700000 37.59700000 37.59700000 37.59700000 37.59700000 37.59700000 37.59700000 37.59700000 37.59700000 37.59700000 37.59700000 37.59700000 37.59700000 37.59700000 36.76600000 37.34500000 37.43000000 37.37100000 37.34400000 37.39500000 37.35100000 37.38100000 37.32600000 37.37600000
37.59700000 37.59700000 37.59700000 37.59700000 37.59700000 37.59700000 37.59700000 37.59700000 37.59700000 37.59700000 37.59700000 37.59700000 37.59700000 37.59700000 37.59700000 37.59700000 37.59700000 37.59700000 37.59700000 37.59700000 36.69000000 37.34100000 37.42000000 37.30500000 37.40600000 37.40000000 37.42500000 37.35400000 37.35300000 37.37100000
37.59700000 37.59700000 37.59700000 37.59700000 37.59700000 37.59700000 37.59700000 37.59700000 37.59700000 37.59700000 37.59700000 37.59700000 37.59700000 37.59700000 37.59700000 37.59700000 37.59700000 37.59700000 37.59700000 37.59700000 36.57900000 37.35900000 37.36100000 37.33500000 37.39800000 37.39700000 37.42200000 37.43600000 37.37100000 37.34300000
37.59700000 37.59700000 37.59700000 37.59700000 37.59700000 37.59700000 37.59700000 37.59700000 37.59700000 37.59700000 37.59700000 37.59700000 37.59700000 37.59700000 37.59700000 37.59700000 37.59700000 37.59700000 37.59700000 37.59700000 36.59800000 37.31800000 37.33600000 37.39900000 37.37300000 37.37500000 37.35900000 37.38300000 37.34400000 37.37900000
37.59700000 37.59700000 37.59700000 37.59700000 37.59700000 37.59700000 37.59700000 37.59700000 37.59700000 37.59700000 37.59700000 37.59700000 37.59700000 37.59700000 37.59700000 37.59700000 37.59700000 37.59700000 37.59700000 37.59700000 37.59700000 36.77700000 37.36500000 37.38100000 37.37500000 37.35300000 37.32100000 37.29900000 37.30900000 37.33200000
37.59700000 37.59700000 37.59700000 37.59700000 37.59700000 37.59700000 37.59700000 37.59700000 37.59700000 37.59700000 37.59700000 37.59700000 37.59700000 37.59700000 37.59700000 37.59700000 37.59700000 37.59700000 37.59700000 37.59700000 37.59700000 36.71300000 37.28900000 37.34000000 37.34800000 37.33500000 37.32100000 37.29700000 37.28800000 37.30400000
37.59700000 37.59700000 37.59700000 37.59700000 37.59700000 37.59700000 37.59700000 37.59700000 37.59700000 37.59700000 37.59700000 37.59700000 37.59700000 37.59700000 37.59700000 37.59700000 37.59700000 37.59700000 37.59700000 37.59700000 37.59700000 37.59700000 37.16200000 37.28900000 37.32900000 37.31100000 37.28800000 37.26100000 37.23900000 37.28100000
37.59700000 37.59700000 37.59700000 37.59700000 37.59700000 37.59700000 37.59700000 37.59700000 37.59700000 37.59700000 37.59700000 37.59700000 37.59700000 37.59700000 37.59700000 37.59700000 37.59700000 37.59700000 37.59700000 37.59700000 37.59700000 37.59700000 36.91800000 37.11100000 37.20600000 37.17600000 37.20700000 37.26200000 37.28600000 37.31600000
37.59700000 37.59700000 37.59700000 37.59700000 37.59700000 37.59700000 37.59700000 37.59700000 37.59700000 37.59700000 37.59700000 37.59700000 37.59700000 37.59700000 37.59700000 37.59700000 37.59700000 37.59700000 37.59700000 37.59700000 37.59700000 37.59700000 37.59700000 36.81900000 37.17700000 37.21900000 37.23000000 37.24500000 37.28800000 37.30500000
