 25.31900000  25.19000000  25.32400000  24.96000000  25.01800000  25.30200000  25.33700000  25.38300000  25.30500000  25.18000000  25.22200000  25.24500000  25.02200000  24.26000000  24.24100000  25.09300000  25.43900000  25.29200000  25.21500000  25.15600000  25.19100000  25.05600000  24.97300000  24.42600000  24.09700000  23.66300000  24.00400000  24.19900000  24.30500000  24.57000000
 25.20500000  25.14000000  25.29200000  24.52700000  25.26000000  25.26200000  25.21500000  25.16400000  25.19000000  25.18600000  25.18700000  24.95000000  23.81700000  24.40500000  24.52500000  25.31100000  25.22100000  25.13100000  25.16000000  25.08400000  25.06200000  24.93800000  24.55600000  24.20900000  23.73900000  24.75300000  24.96900000  25.03300000  25.13500000  25.01800000
 25.22300000  25.17400000  25.30200000  24.35000000  25.15200000  25.17700000  25.15700000  25.10300000  25.05400000  24.92800000  24.44900000  23.79900000  24.25100000  24.70100000  24.89800000  25.47400000  25.13600000  25.12600000  25.11500000  24.98900000  24.89600000  24.64200000  24.27400000  25.54600000  25.42600000  25.21600000  25.20100000  24.84100000  24.81900000  24.93600000
 24.50700000  24.94700000  25.16800000  25.29200000  24.56900000  24.94800000  24.78500000  24.13000000  24.00000000  24.17700000  24.43000000  24.67600000  24.77700000  24.92500000  25.28800000  25.49200000  25.00300000  25.04800000  24.87400000  24.56500000  24.53000000  25.60200000  25.59200000  25.58800000  25.58200000  25.19200000  25.18300000  25.13000000  25.11100000  25.18600000
 24.14300000  24.38700000  25.11900000  25.28200000  25.29100000  24.60900000  24.09400000  23.94900000  24.08700000  24.72100000  24.81700000  24.94900000  25.17500000  25.38600000  25.56500000  25.52700000  24.85400000  24.86900000  24.62100000  25.51800000  25.49500000  25.51600000  25.38900000  25.37700000  25.56600000  25.78800000  25.60900000  25.01500000  24.88100000  25.07900000
 23.85200000  23.73800000  24.71300000  25.14900000  25.45900000  25.32800000  25.27000000  25.35400000  25.36000000  25.32500000  25.29400000  25.29900000  25.34300000  25.49100000  25.67100000  25.54500000  24.86500000  24.84700000  25.49100000  25.40700000  25.41100000  25.10900000  24.96700000  25.03000000  25.22700000  25.66900000  25.97000000  25.68000000  24.85000000  25.04600000
 23.32900000  23.76100000  24.27100000  24.49200000  25.18500000  25.79300000  25.45900000  25.41700000  25.45100000  25.41300000  25.58800000  25.53300000  25.47000000  25.54200000  25.63300000  25.53200000  25.20100000  25.24800000  25.49400000  25.39500000  25.17200000  24.90700000  24.71300000  24.96800000  25.25500000  25.78600000  26.27800000  26.07600000  25.77600000  25.13800000
 23.17200000  23.73000000  24.26600000  24.16000000  24.49800000  25.43700000  25.98800000  25.52300000  25.52600000  25.63600000  25.67500000  25.58400000  25.58800000  25.61200000  25.63000000  25.54500000  25.53600000  25.42500000  25.40400000  25.33800000  25.29600000  25.19100000  25.19500000  25.36300000  25.89900000  26.49000000  26.59500000  26.35200000  25.71300000  25.79100000
 22.51500000  23.41100000  23.82200000  23.88800000  24.15600000  24.17200000  24.63300000  25.90100000  26.21700000  25.84900000  25.46600000  25.50300000  25.54500000  25.65100000  25.65000000  25.58900000  25.63800000  25.60100000  25.66700000  25.70800000  25.76000000  25.76900000  26.18100000  26.34100000  26.32000000  26.31100000  26.43100000  26.36900000  25.78100000  25.94900000
 22.78100000  23.01100000  23.33200000  23.52300000  23.40500000  23.90400000  23.93000000  24.41600000  25.84600000  26.21900000  26.34400000  25.86900000  25.45800000  25.59200000  25.58100000  25.55000000  25.63800000  25.65600000  25.60500000  26.23100000  26.05500000  26.00900000  26.01400000  26.07400000  26.21600000  26.18800000  26.41300000  26.07900000  25.77600000  25.95900000
 23.82700000  23.51600000  22.61400000  23.28300000  23.13100000  23.35200000  23.49200000  23.63100000  24.32500000  25.53400000  25.97900000  26.35500000  26.13100000  25.46600000  25.51800000  25.50500000  25.53800000  26.25300000  26.39700000  26.50900000  26.30600000  25.95300000  26.23600000  26.11500000  26.32900000  26.30200000  25.97700000  25.80000000  26.03600000  26.05600000
 27.83300000  27.83300000  27.83300000  23.80800000  23.23200000  22.96100000  23.12800000  23.10100000  23.29800000  24.16900000  25.14000000  25.05000000  25.44600000  25.74900000  25.88300000  25.93900000  25.95500000  25.99100000  26.20000000  26.56600000  25.78900000  26.17200000  25.98900000  26.32800000  26.41700000  26.12000000  26.01000000  25.98900000  26.00200000  26.07800000
 27.83300000  27.83300000  27.83300000  27.83300000  23.58800000  23.56300000  23.22200000  22.94000000  23.10700000  23.40600000  24.13500000  24.93900000  24.03300000  24.04000000  24.17600000  24.18800000  24.39600000  25.39800000  25.99100000  26.55500000  25.80000000  26.01500000  26.06500000  26.09700000  26.26100000  26.58900000  26.26100000  26.22500000  26.16600000  26.15600000
 27.83300000  27.83300000  27.83300000  27.83300000  27.83300000  27.83300000  24.27100000  23.74100000  23.26100000  23.12800000  23.17600000  23.33100000  23.48200000  23.41000000  22.30900000  23.76800000  24.01000000  25.26100000  25.78100000  26.57000000  26.55700000  25.89800000  26.03600000  26.00600000  26.10900000  26.64200000  26.72200000  26.18900000  26.25500000  26.07000000
 27.83300000  27.83300000  27.83300000  27.83300000  27.83300000  27.83300000  27.83300000  27.83300000  27.83300000  27.83300000  27.83300000  27.83300000  23.29700000  23.19700000  22.82200000  23.42500000  23.95800000  24.83600000  25.21500000  26.57800000  26.55200000  26.57400000  26.50500000  26.43300000  26.21500000  26.75200000  26.71300000  26.77200000  26.17500000  26.17800000
 27.83300000  27.83300000  27.83300000  27.83300000  27.83300000  27.83300000  27.83300000  27.83300000  27.83300000  27.83300000  27.83300000  27.83300000  27.83300000  27.83300000  27.83300000  23.49300000  23.96000000  24.75000000  24.87200000  25.06800000  26.55100000  26.59100000  26.64500000  26.67300000  26.57900000  26.85600000  26.73700000  26.78600000  26.82100000  26.78400000
 27.83300000  27.83300000  27.83300000  27.83300000  27.83300000  27.83300000  27.83300000  27.83300000  27.83300000  27.83300000  27.83300000  27.83300000  27.83300000  27.83300000  27.83300000  27.83300000  23.72600000  23.96400000  24.91700000  24.76400000  25.19000000  26.63400000  26.68000000  26.61100000  26.73000000  26.94600000  26.86400000  26.79900000  26.88100000  27.01000000
 27.83300000  27.83300000  27.83300000  27.83300000  27.83300000  27.83300000  27.83300000  27.83300000  27.83300000  27.83300000  27.83300000  27.83300000  27.83300000  27.83300000  27.83300000  27.83300000  27.83300000  27.83300000  23.59300000  24.52400000  24.90700000  26.66400000  26.60400000  26.58900000  26.83000000  26.91500000  26.98400000  26.89300000  26.84300000  26.97100000
 27.83300000  27.83300000  27.83300000  27.83300000  27.83300000  27.83300000  27.83300000  27.83300000  27.83300000  27.83300000  27.83300000  27.83300000  27.83300000  27.83300000  27.83300000  27.83300000  27.83300000  27.83300000  27.83300000  25.30700000  24.34400000  26.69800000  26.56400000  26.59500000  26.91000000  26.95300000  26.88800000  26.96100000  26.87300000  27.00700000
 27.83300000  27.83300000  27.83300000  27.83300000  27.83300000  27.83300000  27.83300000  27.83300000  27.83300000  27.83300000  27.83300000  27.83300000  27.83300000  27.83300000  27.83300000  27.83300000  27.83300000  27.83300000  27.83300000  25.50000000  25.58700000  26.73000000  26.54800000  26.72500000  27.04200000  26.91100000  27.01400000  26.89400000  26.94600000  27.10700000
 27.83300000  27.83300000  27.83300000  27.83300000  27.83300000  27.83300000  27.83300000  27.83300000  27.83300000  27.83300000  27.83300000  27.83300000  27.83300000  27.83300000  27.83300000  27.83300000  27.83300000  27.83300000  27.83300000  25.42800000  25.60500000  26.83000000  26.64500000  26.88500000  27.00800000  26.80600000  27.04800000  27.06900000  27.02000000  27.07900000
 27.83300000  27.83300000  27.83300000  27.83300000  27.83300000  27.83300000  27.83300000  27.83300000  27.83300000  27.83300000  27.83300000  27.83300000  27.83300000  27.83300000  27.83300000  27.83300000  27.83300000  27.83300000  27.83300000  24.74700000  24.84600000  26.73200000  26.84300000  27.03000000  26.86700000  26.93000000  26.99300000  26.98400000  26.90100000  27.20100000
 27.83300000  27.83300000  27.83300000  27.83300000  27.83300000  27.83300000  27.83300000  27.83300000  27.83300000  27.83300000  27.83300000  27.83300000  27.83300000  27.83300000  27.83300000  27.83300000  27.83300000  27.83300000  27.83300000  27.83300000  25.34900000  25.67200000  26.86500000  26.95100000  26.83300000  26.93300000  26.86300000  26.75100000  26.93200000  27.10700000
 27.83300000  27.83300000  27.83300000  27.83300000  27.83300000  27.83300000  27.83300000  27.83300000  27.83300000  27.83300000  27.83300000  27.83300000  27.83300000  27.83300000  27.83300000  27.83300000  27.83300000  27.83300000  27.83300000  27.83300000  27.83300000  25.23200000  26.69700000  26.79700000  26.79500000  26.86800000  26.76600000  26.61100000  26.58400000  27.16200000
 27.83300000  27.83300000  27.83300000  27.83300000  27.83300000  27.83300000  27.83300000  27.83300000  27.83300000  27.83300000  27.83300000  27.83300000  27.83300000  27.83300000  27.83300000  27.83300000  27.83300000  27.83300000  27.83300000  27.83300000  27.83300000  24.98100000  26.34800000  26.69400000  26.75700000  26.65800000  26.62900000  26.56000000  26.49600000  27.04900000
 27.83300000  27.83300000  27.83300000  27.83300000  27.83300000  27.83300000  27.83300000  27.83300000  27.83300000  27.83300000  27.83300000  27.83300000  27.83300000  27.83300000  27.83300000  27.83300000  27.83300000  27.83300000  27.83300000  27.83300000  27.83300000  27.83300000  25.96400000  26.28100000  26.43800000  26.38200000  26.56900000  26.62400000  27.00600000  27.23900000
 27.83300000  27.83300000  27.83300000  27.83300000  27.83300000  27.83300000  27.83300000  27.83300000  27.83300000  27.83300000  27.83300000  27.83300000  27.83300000  27.83300000  27.83300000  27.83300000  27.83300000  27.83300000  27.83300000  27.83300000  27.83300000  27.83300000  27.83300000  26.02100000  26.44100000  26.64200000  26.59000000  26.73900000  27.12400000  27.29200000
 25.34700000  25.22300000  25.36400000  24.97600000  25.03200000  25.32500000  25.36800000  25.39900000  25.30600000  25.22200000  25.25200000  25.25900000  25.05600000  24.29400000  24.25300000  25.10900000  25.45700000  25.31900000  25.24600000  25.16500000  25.21200000  25.06300000  24.99200000  24.43200000  24.11200000  23.67800000  24.01100000  24.21200000  24.33700000  24.58500000
 25.21900000  25.14800000  25.30200000  24.53200000  25.26800000  25.27000000  25.22200000  25.17100000  25.19800000  25.19700000  25.19800000  24.96400000  23.83400000  24.41500000  24.53400000  25.32400000  25.23500000  25.14600000  25.17300000  25.09600000  25.07600000  24.95000000  24.56600000  24.22000000  23.74400000  24.76700000  24.98400000  25.04700000  25.14900000  25.03300000
 25.25500000  25.18400000  25.31300000  24.35700000  25.16100000  25.18500000  25.16600000  25.11100000  25.06300000  24.94000000  24.46000000  23.80100000  24.25600000  24.70900000  24.90500000  25.48700000  25.15000000  25.14000000  25.12800000  25.00200000  24.90900000  24.65400000  24.28200000  25.56000000  25.44200000  25.23100000  25.21500000  24.85700000  24.83300000  24.94600000
 24.44700000  24.95600000  25.17700000  25.30100000  24.57400000  24.95600000  24.79500000  24.16100000  24.00000000  24.18500000  24.43900000  24.68600000  24.78500000  24.93300000  25.29800000  25.50600000  25.01400000  25.06000000  24.88700000  24.57800000  24.54100000  25.61600000  25.60300000  25.60200000  25.59300000  25.20500000  25.19600000  25.14300000  25.12400000  25.19700000
 24.14200000  24.46500000  25.12700000  25.28900000  25.29600000  24.59100000  24.09500000  23.94900000  24.09300000  24.72900000  24.82800000  24.95900000  25.18600000  25.39800000  25.57700000  25.53500000  24.86600000  24.88200000  24.63100000  25.53000000  25.50900000  25.53100000  25.40200000  25.38900000  25.57800000  25.80200000  25.62100000  25.02800000  24.89400000  25.09100000
 23.87200000  24.57500000  24.72200000  25.15600000  25.46400000  25.33300000  25.27300000  25.36200000  25.37200000  25.33900000  25.30900000  25.31300000  25.35800000  25.50400000  25.68300000  25.55600000  24.87900000  24.85800000  25.50200000  25.41900000  25.42400000  25.12200000  24.97900000  25.04400000  25.24100000  25.68100000  25.98500000  25.69200000  24.86500000  25.05900000
 23.49500000  23.76700000  24.27500000  24.50100000  25.19600000  25.80200000  25.46700000  25.42600000  25.45900000  25.42400000  25.60100000  25.54600000  25.48400000  25.55700000  25.64700000  25.54600000  25.21400000  25.25900000  25.50700000  25.40600000  25.18500000  24.92100000  24.72800000  24.98400000  25.27000000  25.80000000  26.29200000  26.09300000  25.79300000  25.14600000
 23.02000000  23.70200000  24.26500000  24.15900000  24.50500000  25.44400000  25.99700000  25.53300000  25.53500000  25.64700000  25.68700000  25.59600000  25.60200000  25.62600000  25.64200000  25.55900000  25.54700000  25.43600000  25.41700000  25.35000000  25.30900000  25.20600000  25.21200000  25.37800000  25.91400000  26.50600000  26.61100000  26.36700000  25.72600000  25.80900000
 21.12500000  23.39900000  23.81400000  23.89300000  24.15600000  24.18700000  24.64300000  25.91100000  26.22700000  25.85500000  25.47600000  25.51200000  25.55200000  25.66300000  25.66100000  25.60000000  25.65100000  25.61200000  25.67900000  25.72000000  25.77400000  25.78200000  26.19700000  26.36000000  26.33800000  26.32700000  26.44700000  26.38600000  25.79500000  25.96100000
 19.82200000  21.88900000  22.31900000  23.39200000  23.39100000  23.90200000  23.94400000  24.41200000  25.85500000  26.23000000  26.35500000  25.88000000  25.46600000  25.60200000  25.59200000  25.56100000  25.65000000  25.66700000  25.61600000  26.24300000  26.06800000  26.02200000  26.03000000  26.09100000  26.23300000  26.20300000  26.42600000  26.09300000  25.78900000  25.97400000
 21.32500000  27.83300000  18.64000000  18.32300000  22.20000000  23.34000000  23.59900000  23.72900000  24.31600000  25.54300000  25.98900000  26.36500000  26.14100000  25.47300000  25.53000000  25.51600000  25.54800000  26.26400000  26.40700000  26.52100000  26.32000000  25.96300000  26.25000000  26.12900000  26.34300000  26.31500000  25.98900000  25.81300000  26.05200000  26.07100000
 27.83300000  27.83300000  27.83300000  27.83300000  19.79100000  20.75900000  22.21600000  22.95000000  23.39300000  24.14300000  25.14300000  25.04000000  25.45000000  25.75700000  25.89200000  25.95000000  25.96700000  25.99800000  26.20900000  26.57900000  25.80000000  26.18400000  26.00200000  26.34200000  26.43200000  26.13400000  26.02600000  26.00300000  26.01800000  26.08700000
 27.83300000  27.83300000  27.83300000  27.83300000  27.83300000  19.68800000  20.22800000  20.24100000  20.80800000  23.32800000  24.17400000  24.93600000  24.04600000  24.12400000  24.22500000  24.18300000  24.41100000  25.40500000  25.99800000  26.56700000  25.81100000  26.02600000  26.07500000  26.11000000  26.27500000  26.60600000  26.28200000  26.24200000  26.18300000  26.17100000
 27.83300000  27.83300000  27.83300000  27.83300000  27.83300000  27.83300000  27.83300000  19.66000000  19.61000000  19.69000000  22.09800000  23.33300000  23.77100000  23.46500000  22.25300000  23.73300000  24.02000000  25.26300000  25.77800000  26.58200000  26.57000000  25.90900000  26.04800000  26.01900000  26.12300000  26.66000000  26.74100000  26.21000000  26.27100000  26.08300000
 27.83300000  27.83300000  27.83300000  27.83300000  27.83300000  27.83300000  27.83300000  27.83300000  27.83300000  27.83300000  27.83300000  27.83300000  27.83300000  27.83300000  27.83300000  20.86200000  23.92900000  24.85000000  25.16400000  26.58900000  26.56400000  26.58500000  26.52000000  26.44600000  26.22800000  26.76900000  26.73100000  26.78900000  26.19300000  26.19000000
 27.83300000  27.83300000  27.83300000  27.83300000  27.83300000  27.83300000  27.83300000  27.83300000  27.83300000  27.83300000  27.83300000  27.83300000  27.83300000  27.83300000  27.83300000  27.83300000  23.59200000  24.72700000  24.89100000  24.87600000  26.56100000  26.60400000  26.65900000  26.68800000  26.59200000  26.87300000  26.75400000  26.80100000  26.83600000  26.80200000
 27.83300000  27.83300000  27.83300000  27.83300000  27.83300000  27.83300000  27.83300000  27.83300000  27.83300000  27.83300000  27.83300000  27.83300000  27.83300000  27.83300000  27.83300000  27.83300000  27.83300000  21.68300000  24.89900000  24.72000000  25.18400000  26.65000000  26.69400000  26.62500000  26.74100000  26.96100000  26.88100000  26.81500000  26.89800000  27.02400000
 27.83300000  27.83300000  27.83300000  27.83300000  27.83300000  27.83300000  27.83300000  27.83300000  27.83300000  27.83300000  27.83300000  27.83300000  27.83300000  27.83300000  27.83300000  27.83300000  27.83300000  27.83300000  27.83300000  24.45700000  24.93700000  26.68100000  26.61600000  26.60200000  26.84000000  26.92800000  27.00000000  26.91000000  26.85800000  26.99000000
 27.83300000  27.83300000  27.83300000  27.83300000  27.83300000  27.83300000  27.83300000  27.83300000  27.83300000  27.83300000  27.83300000  27.83300000  27.83300000  27.83300000  27.83300000  27.83300000  27.83300000  27.83300000  27.83300000  27.83300000  24.18500000  26.71700000  26.57300000  26.60400000  26.92300000  26.96600000  26.90200000  26.97700000  26.88900000  27.02100000
 27.83300000  27.83300000  27.83300000  27.83300000  27.83300000  27.83300000  27.83300000  27.83300000  27.83300000  27.83300000  27.83300000  27.83300000  27.83300000  27.83300000  27.83300000  27.83300000  27.83300000  27.83300000  27.83300000  27.83300000  24.21200000  26.74800000  26.56000000  26.73600000  27.05500000  26.92400000  27.02700000  26.90900000  26.96000000  27.12100000
 27.83300000  27.83300000  27.83300000  27.83300000  27.83300000  27.83300000  27.83300000  27.83300000  27.83300000  27.83300000  27.83300000  27.83300000  27.83300000  27.83300000  27.83300000  27.83300000  27.83300000  27.83300000  27.83300000  27.83300000  22.82200000  26.84700000  26.65700000  26.89800000  27.02300000  26.82000000  27.06300000  27.08500000  27.03300000  27.09000000
 27.83300000  27.83300000  27.83300000  27.83300000  27.83300000  27.83300000  27.83300000  27.83300000  27.83300000  27.83300000  27.83300000  27.83300000  27.83300000  27.83300000  27.83300000  27.83300000  27.83300000  27.83300000  27.83300000  27.83300000  23.39600000  26.74100000  26.85500000  27.04500000  26.88300000  26.94400000  27.00600000  26.99600000  26.91300000  27.21400000
 27.83300000  27.83300000  27.83300000  27.83300000  27.83300000  27.83300000  27.83300000  27.83300000  27.83300000  27.83300000  27.83300000  27.83300000  27.83300000  27.83300000  27.83300000  27.83300000  27.83300000  27.83300000  27.83300000  27.83300000  27.83300000  25.06500000  26.87700000  26.96500000  26.84600000  26.94600000  26.87300000  26.76500000  26.94400000  27.12100000
 27.83300000  27.83300000  27.83300000  27.83300000  27.83300000  27.83300000  27.83300000  27.83300000  27.83300000  27.83300000  27.83300000  27.83300000  27.83300000  27.83300000  27.83300000  27.83300000  27.83300000  27.83300000  27.83300000  27.83300000  27.83300000  25.06100000  26.70300000  26.80800000  26.80800000  26.88000000  26.77900000  26.62500000  26.59700000  27.17200000
 27.83300000  27.83300000  27.83300000  27.83300000  27.83300000  27.83300000  27.83300000  27.83300000  27.83300000  27.83300000  27.83300000  27.83300000  27.83300000  27.83300000  27.83300000  27.83300000  27.83300000  27.83300000  27.83300000  27.83300000  27.83300000  27.83300000  26.34300000  26.70100000  26.77000000  26.67200000  26.64200000  26.56800000  26.50500000  27.06000000
 27.83300000  27.83300000  27.83300000  27.83300000  27.83300000  27.83300000  27.83300000  27.83300000  27.83300000  27.83300000  27.83300000  27.83300000  27.83300000  27.83300000  27.83300000  27.83300000  27.83300000  27.83300000  27.83300000  27.83300000  27.83300000  27.83300000  25.97700000  26.29100000  26.44700000  26.39300000  26.58200000  26.63500000  27.01400000  27.25300000
 27.83300000  27.83300000  27.83300000  27.83300000  27.83300000  27.83300000  27.83300000  27.83300000  27.83300000  27.83300000  27.83300000  27.83300000  27.83300000  27.83300000  27.83300000  27.83300000  27.83300000  27.83300000  27.83300000  27.83300000  27.83300000  27.83300000  27.83300000  26.03500000  26.45500000  26.65100000  26.60100000  26.74900000  27.15400000  27.30200000
