36.99100000 36.96200000 36.93900000 36.94300000 37.07300000 37.21400000 37.24800000 37.25600000 37.21600000 37.20000000 37.12600000 37.01000000 36.88800000 36.68800000 36.66400000 36.86200000 37.00200000 37.00000000 37.03600000 37.05700000 37.00900000 36.99200000 36.86600000 36.61000000 36.54400000 36.29000000 36.52600000 36.45900000 36.44100000 36.44200000
36.98500000 36.91600000 36.93500000 36.92400000 37.19800000 37.20600000 37.19400000 37.18800000 37.16400000 37.10300000 37.00000000 36.88400000 36.48900000 36.76700000 36.81600000 36.98700000 37.06300000 37.03100000 37.08300000 37.03300000 36.99600000 36.90800000 36.76200000 36.65000000 36.48800000 36.88800000 36.97900000 37.00400000 37.08100000 37.08900000
37.02300000 36.89100000 36.91000000 36.83200000 37.15100000 37.15100000 37.12200000 37.05800000 36.99300000 36.92800000 36.79600000 36.44700000 36.69700000 36.89400000 36.88000000 37.11300000 37.00200000 37.04200000 37.04500000 36.98500000 36.90500000 36.81900000 36.67000000 37.18900000 37.10800000 37.03800000 37.06100000 36.93900000 36.92000000 36.86000000
36.53700000 36.99800000 36.85800000 36.92700000 36.90500000 37.04600000 36.96200000 36.64300000 36.55600000 36.72000000 36.84800000 36.92500000 36.89400000 36.88900000 36.93800000 37.12100000 36.93000000 36.99600000 36.93200000 36.80300000 36.75600000 37.23600000 37.25500000 37.26200000 37.22100000 37.01500000 37.04300000 37.02000000 36.98000000 36.89900000
36.12100000 36.67500000 37.00000000 36.95800000 36.87700000 36.89100000 36.63800000 36.54200000 36.66700000 36.95100000 36.92100000 36.90400000 36.92400000 36.94600000 37.00000000 37.12500000 36.85900000 36.90300000 36.77600000 37.17700000 37.24800000 37.23700000 37.19200000 37.18600000 37.21300000 37.26700000 37.23300000 36.85100000 36.73100000 36.64600000
35.92500000 35.83200000 36.95900000 37.06900000 37.09800000 36.89700000 36.82600000 36.89000000 36.89400000 36.86300000 36.83900000 36.84800000 36.87900000 36.95900000 37.04400000 37.14700000 36.86400000 36.88900000 37.17000000 37.21500000 37.20800000 37.11300000 37.03300000 37.05900000 37.15700000 37.22000000 37.28500000 37.25800000 36.68100000 36.59200000
35.61200000 35.65100000 36.71800000 36.81500000 37.08000000 37.22100000 36.93900000 36.90800000 36.90400000 36.89300000 37.01900000 37.00100000 36.99300000 37.01900000 37.03500000 37.09500000 37.03900000 37.08300000 37.19000000 37.20300000 37.12300000 37.02300000 36.95600000 37.03400000 37.15900000 37.22600000 37.35200000 37.34000000 37.26500000 36.65100000
35.60900000 36.08600000 36.72300000 36.64400000 36.72600000 37.17300000 37.29500000 36.95200000 36.92700000 36.97900000 36.99900000 36.97900000 37.01700000 37.04500000 37.04100000 37.09700000 37.19800000 37.14800000 37.14100000 37.18500000 37.16700000 37.12300000 37.14400000 37.16900000 37.22800000 37.43000000 37.48400000 37.42800000 37.27600000 37.23800000
35.37900000 35.86700000 36.34400000 36.46700000 36.71600000 36.46900000 36.89200000 37.33600000 37.39300000 37.16500000 36.92500000 36.93200000 36.94800000 37.05200000 37.05300000 37.15700000 37.23100000 37.21700000 37.23200000 37.24800000 37.25500000 37.16400000 37.30800000 37.43800000 37.42100000 37.42600000 37.46000000 37.44200000 37.28500000 37.26600000
35.21100000 35.09800000 35.26000000 36.23000000 36.20500000 36.57400000 36.25800000 36.84800000 37.29400000 37.37700000 37.39900000 37.14800000 36.96100000 36.95900000 36.95400000 37.05800000 37.17300000 37.16300000 37.01700000 37.36000000 37.29600000 37.32300000 37.33700000 37.36500000 37.41200000 37.40900000 37.46000000 37.33600000 37.27100000 37.24800000
34.76500000 34.89400000 35.25500000 35.29000000 35.88700000 36.20600000 36.09700000 36.01600000 36.79900000 37.21300000 37.32400000 37.41200000 37.25400000 36.96000000 37.00200000 37.00700000 37.03200000 37.36000000 37.35800000 37.37200000 37.33800000 37.30500000 37.40800000 37.31900000 37.39000000 37.39100000 37.32200000 37.27500000 37.29500000 37.21100000
37.59700000 37.59700000 37.59700000 35.10700000 35.62500000 35.63700000 35.76400000 35.86100000 35.78500000 36.72200000 37.11400000 37.06400000 37.13700000 37.21000000 37.25200000 37.27200000 37.27200000 37.27900000 37.29600000 37.38000000 37.23500000 37.35800000 37.27400000 37.27400000 37.33200000 37.31900000 37.30700000 37.29300000 37.24300000 37.18200000
37.59700000 37.59700000 37.59700000 37.59700000 35.18400000 35.24700000 35.47100000 35.53400000 35.58300000 35.97800000 36.68500000 37.07000000 36.52700000 36.57400000 36.67500000 36.64900000 36.45200000 37.15100000 37.22800000 37.36100000 37.20300000 37.27800000 37.24800000 37.22600000 37.31600000 37.38400000 37.35200000 37.36000000 37.34000000 37.20500000
37.59700000 37.59700000 37.59700000 37.59700000 37.59700000 37.59700000 35.31300000 35.42500000 35.45800000 35.54200000 35.74700000 36.23400000 36.33400000 36.28000000 36.09200000 36.56900000 36.24000000 37.10400000 37.11400000 37.36200000 37.36900000 37.20100000 37.21300000 37.19400000 37.28700000 37.37900000 37.46500000 37.33700000 37.38200000 37.22000000
37.59700000 37.59700000 37.59700000 37.59700000 37.59700000 37.59700000 37.59700000 37.59700000 37.59700000 37.59700000 37.59700000 37.59700000 35.69300000 35.99400000 36.16700000 36.07700000 36.05300000 36.74700000 36.96000000 37.35900000 37.40100000 37.38400000 37.35800000 37.34300000 37.32500000 37.38600000 37.41500000 37.49100000 37.32600000 37.36900000
37.59700000 37.59700000 37.59700000 37.59700000 37.59700000 37.59700000 37.59700000 37.59700000 37.59700000 37.59700000 37.59700000 37.59700000 37.59700000 37.59700000 37.59700000 35.99700000 35.98000000 36.45000000 36.98500000 36.95600000 37.31700000 37.42600000 37.40200000 37.40700000 37.36300000 37.35700000 37.42200000 37.50100000 37.51900000 37.52300000
37.59700000 37.59700000 37.59700000 37.59700000 37.59700000 37.59700000 37.59700000 37.59700000 37.59700000 37.59700000 37.59700000 37.59700000 37.59700000 37.59700000 37.59700000 37.59700000 35.93300000 36.36200000 36.79400000 37.00600000 37.07700000 37.35000000 37.41500000 37.40300000 37.31900000 37.34900000 37.38800000 37.35200000 37.52500000 37.55900000
37.59700000 37.59700000 37.59700000 37.59700000 37.59700000 37.59700000 37.59700000 37.59700000 37.59700000 37.59700000 37.59700000 37.59700000 37.59700000 37.59700000 37.59700000 37.59700000 37.59700000 37.59700000 36.12300000 36.60600000 36.96000000 37.34900000 37.43100000 37.40900000 37.30900000 37.34500000 37.38700000 37.36100000 37.34600000 37.45900000
37.59700000 37.59700000 37.59700000 37.59700000 37.59700000 37.59700000 37.59700000 37.59700000 37.59700000 37.59700000 37.59700000 37.59700000 37.59700000 37.59700000 37.59700000 37.59700000 37.59700000 37.59700000 37.59700000 36.86900000 36.78100000 37.34700000 37.43200000 37.36600000 37.34600000 37.39600000 37.35300000 37.38200000 37.32700000 37.37800000
37.59700000 37.59700000 37.59700000 37.59700000 37.59700000 37.59700000 37.59700000 37.59700000 37.59700000 37.59700000 37.59700000 37.59700000 37.59700000 37.59700000 37.59700000 37.59700000 37.59700000 37.59700000 37.59700000 36.91600000 36.93400000 37.34200000 37.42000000 37.30500000 37.40900000 37.40100000 37.42600000 37.35600000 37.35400000 37.37400000
37.59700000 37.59700000 37.59700000 37.59700000 37.59700000 37.59700000 37.59700000 37.59700000 37.59700000 37.59700000 37.59700000 37.59700000 37.59700000 37.59700000 37.59700000 37.59700000 37.59700000 37.59700000 37.59700000 36.79700000 36.89200000 37.35900000 37.36100000 37.33800000 37.39700000 37.39900000 37.42500000 37.43700000 37.37200000 37.34400000
37.59700000 37.59700000 37.59700000 37.59700000 37.59700000 37.59700000 37.59700000 37.59700000 37.59700000 37.59700000 37.59700000 37.59700000 37.59700000 37.59700000 37.59700000 37.59700000 37.59700000 37.59700000 37.59700000 36.37400000 36.72100000 37.31900000 37.33700000 37.40200000 37.37500000 37.37600000 37.36100000 37.38400000 37.34300000 37.38000000
37.59700000 37.59700000 37.59700000 37.59700000 37.59700000 37.59700000 37.59700000 37.59700000 37.59700000 37.59700000 37.59700000 37.59700000 37.59700000 37.59700000 37.59700000 37.59700000 37.59700000 37.59700000 37.59700000 37.59700000 36.68400000 36.90500000 37.36900000 37.38300000 37.37700000 37.35500000 37.32200000 37.30000000 37.31000000 37.33400000
37.59700000 37.59700000 37.59700000 37.59700000 37.59700000 37.59700000 37.59700000 37.59700000 37.59700000 37.59700000 37.59700000 37.59700000 37.59700000 37.59700000 37.59700000 37.59700000 37.59700000 37.59700000 37.59700000 37.59700000 37.59700000 36.74500000 37.29100000 37.34200000 37.34900000 37.33600000 37.32300000 37.29800000 37.28800000 37.30300000
37.59700000 37.59700000 37.59700000 37.59700000 37.59700000 37.59700000 37.59700000 37.59700000 37.59700000 37.59700000 37.59700000 37.59700000 37.59700000 37.59700000 37.59700000 37.59700000 37.59700000 37.59700000 37.59700000 37.59700000 37.59700000 36.56300000 37.17100000 37.29200000 37.33000000 37.31200000 37.29000000 37.26100000 37.23900000 37.28500000
37.59700000 37.59700000 37.59700000 37.59700000 37.59700000 37.59700000 37.59700000 37.59700000 37.59700000 37.59700000 37.59700000 37.59700000 37.59700000 37.59700000 37.59700000 37.59700000 37.59700000 37.59700000 37.59700000 37.59700000 37.59700000 37.59700000 36.92200000 37.11300000 37.21300000 37.17900000 37.20800000 37.26300000 37.29200000 37.31700000
37.59700000 37.59700000 37.59700000 37.59700000 37.59700000 37.59700000 37.59700000 37.59700000 37.59700000 37.59700000 37.59700000 37.59700000 37.59700000 37.59700000 37.59700000 37.59700000 37.59700000 37.59700000 37.59700000 37.59700000 37.59700000 37.59700000 37.59700000 36.80900000 37.17800000 37.22000000 37.23100000 37.24600000 37.28700000 37.30600000
36.98600000 36.96000000 36.93800000 36.94200000 37.07100000 37.21200000 37.24700000 37.25500000 37.21500000 37.20000000 37.13000000 37.01100000 36.88800000 36.68900000 36.66100000 36.86000000 37.00000000 36.99900000 37.03400000 37.05600000 37.00900000 36.99200000 36.86700000 36.60800000 36.54300000 36.28900000 36.52600000 36.45900000 36.44100000 36.44100000
36.98400000 36.91600000 36.93400000 36.92200000 37.19700000 37.20600000 37.19300000 37.18700000 37.16300000 37.10200000 37.00000000 36.88300000 36.49400000 36.76500000 36.81500000 36.98600000 37.06300000 37.03000000 37.08200000 37.03200000 36.99600000 36.90700000 36.76100000 36.64900000 36.48600000 36.88700000 36.97800000 37.00300000 37.08100000 37.08800000
37.02300000 36.89000000 36.90900000 36.83100000 37.14900000 37.15000000 37.12200000 37.05800000 36.99300000 36.92800000 36.79600000 36.44700000 36.69500000 36.89300000 36.87900000 37.11200000 37.00100000 37.04100000 37.04400000 36.98400000 36.90400000 36.81900000 36.66900000 37.18800000 37.10800000 37.03700000 37.06000000 36.93800000 36.91900000 36.86000000
36.53700000 36.99700000 36.85700000 36.92700000 36.90500000 37.04600000 36.96200000 36.65500000 36.55400000 36.71900000 36.84700000 36.92400000 36.89400000 36.88800000 36.93700000 37.12100000 36.93000000 36.99500000 36.93200000 36.80200000 36.75500000 37.23500000 37.25300000 37.26100000 37.22100000 37.01500000 37.04200000 37.01900000 36.97900000 36.89800000
36.15500000 36.71200000 36.99900000 36.95700000 36.87700000 36.88600000 36.63900000 36.54100000 36.66600000 36.95000000 36.92000000 36.90300000 36.92300000 36.94500000 36.99900000 37.12500000 36.85800000 36.90200000 36.77500000 37.17600000 37.24700000 37.23600000 37.19100000 37.18600000 37.21300000 37.26600000 37.23200000 36.85000000 36.73000000 36.64500000
35.99300000 36.62900000 36.95800000 37.06800000 37.09700000 36.89600000 36.82600000 36.89100000 36.89500000 36.86200000 36.83900000 36.84700000 36.87800000 36.95700000 37.04300000 37.14500000 36.86300000 36.88800000 37.16900000 37.21400000 37.20800000 37.11200000 37.03200000 37.05800000 37.15600000 37.21900000 37.28400000 37.25700000 36.68100000 36.59100000
35.72400000 35.66200000 36.72100000 36.81500000 37.07900000 37.22000000 36.93900000 36.90700000 36.90300000 36.89100000 37.01800000 37.00000000 36.99200000 37.01800000 37.03500000 37.09300000 37.03800000 37.08200000 37.18900000 37.20200000 37.12200000 37.02300000 36.95500000 37.03300000 37.15800000 37.22500000 37.35000000 37.33900000 37.26400000 36.65400000
35.60000000 36.08200000 36.72200000 36.64300000 36.72600000 37.17200000 37.29400000 36.95200000 36.92600000 36.97800000 36.99800000 36.97800000 37.01600000 37.04400000 37.04000000 37.09500000 37.19700000 37.14800000 37.14000000 37.18400000 37.16600000 37.12200000 37.14300000 37.16700000 37.22700000 37.42900000 37.48300000 37.42800000 37.27500000 37.23800000
35.87900000 35.87700000 36.34600000 36.47000000 36.71600000 36.47600000 36.89400000 37.33500000 37.39200000 37.16400000 36.92400000 36.93100000 36.94800000 37.05100000 37.05200000 37.15500000 37.23100000 37.21600000 37.23100000 37.24800000 37.25400000 37.16400000 37.30700000 37.43700000 37.42000000 37.42500000 37.45900000 37.44100000 37.28400000 37.26500000
35.74300000 36.20700000 36.49000000 36.29700000 36.24500000 36.58400000 36.27300000 36.84800000 37.29300000 37.37600000 37.39800000 37.14700000 36.95900000 36.95800000 36.95300000 37.05700000 37.17200000 37.16200000 37.01700000 37.36000000 37.29500000 37.32200000 37.33600000 37.36400000 37.41100000 37.40800000 37.45900000 37.33500000 37.27100000 37.24800000
35.58000000 37.59700000 35.90300000 35.86700000 36.14500000 36.27300000 36.25100000 36.10000000 36.80500000 37.21100000 37.32300000 37.41000000 37.25400000 36.95900000 37.00200000 37.00600000 37.03100000 37.35900000 37.35800000 37.37200000 37.33700000 37.30300000 37.40600000 37.31800000 37.38800000 37.39000000 37.32100000 37.27400000 37.29500000 37.21000000
37.59700000 37.59700000 37.59700000 37.59700000 35.86900000 36.11200000 36.49400000 36.11400000 36.00600000 36.72700000 37.11200000 37.06200000 37.13600000 37.20900000 37.25100000 37.27100000 37.27200000 37.27800000 37.29500000 37.38000000 37.23400000 37.35700000 37.27300000 37.27300000 37.33000000 37.31800000 37.30600000 37.29100000 37.24200000 37.18100000
37.59700000 37.59700000 37.59700000 37.59700000 37.59700000 35.72800000 35.85900000 36.12800000 36.20200000 36.40300000 36.73600000 37.06800000 36.54500000 36.63900000 36.72200000 36.65900000 36.46900000 37.14900000 37.22600000 37.36000000 37.20200000 37.27700000 37.24700000 37.22500000 37.31500000 37.38300000 37.35100000 37.35900000 37.34000000 37.20500000
37.59700000 37.59700000 37.59700000 37.59700000 37.59700000 37.59700000 37.59700000 35.72800000 35.75000000 35.85400000 36.35300000 36.28800000 36.55400000 36.33500000 36.11000000 36.55900000 36.29900000 37.10100000 37.11100000 37.36100000 37.36800000 37.20000000 37.21200000 37.19300000 37.28600000 37.37800000 37.46400000 37.33700000 37.38100000 37.21900000
37.59700000 37.59700000 37.59700000 37.59700000 37.59700000 37.59700000 37.59700000 37.59700000 37.59700000 37.59700000 37.59700000 37.59700000 37.59700000 37.59700000 37.59700000 36.22000000 36.12700000 36.74500000 36.95200000 37.35800000 37.40000000 37.38300000 37.35600000 37.34200000 37.32400000 37.38500000 37.41400000 37.49100000 37.32500000 37.36800000
37.59700000 37.59700000 37.59700000 37.59700000 37.59700000 37.59700000 37.59700000 37.59700000 37.59700000 37.59700000 37.59700000 37.59700000 37.59700000 37.59700000 37.59700000 37.59700000 36.19900000 36.47200000 36.98500000 36.92600000 37.31600000 37.42500000 37.40100000 37.40600000 37.36200000 37.35600000 37.42100000 37.50000000 37.51800000 37.52200000
37.59700000 37.59700000 37.59700000 37.59700000 37.59700000 37.59700000 37.59700000 37.59700000 37.59700000 37.59700000 37.59700000 37.59700000 37.59700000 37.59700000 37.59700000 37.59700000 37.59700000 36.35700000 36.79000000 36.99300000 37.07400000 37.34800000 37.41400000 37.40300000 37.31900000 37.34800000 37.38700000 37.35100000 37.52400000 37.55800000
37.59700000 37.59700000 37.59700000 37.59700000 37.59700000 37.59700000 37.59700000 37.59700000 37.59700000 37.59700000 37.59700000 37.59700000 37.59700000 37.59700000 37.59700000 37.59700000 37.59700000 37.59700000 37.59700000 36.59100000 36.96400000 37.34700000 37.43000000 37.40900000 37.30800000 37.34400000 37.38500000 37.36000000 37.34500000 37.45900000
37.59700000 37.59700000 37.59700000 37.59700000 37.59700000 37.59700000 37.59700000 37.59700000 37.59700000 37.59700000 37.59700000 37.59700000 37.59700000 37.59700000 37.59700000 37.59700000 37.59700000 37.59700000 37.59700000 37.59700000 36.76500000 37.34500000 37.43100000 37.36700000 37.34500000 37.39500000 37.35200000 37.38100000 37.32600000 37.37700000
37.59700000 37.59700000 37.59700000 37.59700000 37.59700000 37.59700000 37.59700000 37.59700000 37.59700000 37.59700000 37.59700000 37.59700000 37.59700000 37.59700000 37.59700000 37.59700000 37.59700000 37.59700000 37.59700000 37.59700000 36.70400000 37.34100000 37.41900000 37.30500000 37.40800000 37.40000000 37.42500000 37.35500000 37.35300000 37.37300000
37.59700000 37.59700000 37.59700000 37.59700000 37.59700000 37.59700000 37.59700000 37.59700000 37.59700000 37.59700000 37.59700000 37.59700000 37.59700000 37.59700000 37.59700000 37.59700000 37.59700000 37.59700000 37.59700000 37.59700000 36.59000000 37.35900000 37.36000000 37.33700000 37.39600000 37.39800000 37.42300000 37.43600000 37.37100000 37.34300000
37.59700000 37.59700000 37.59700000 37.59700000 37.59700000 37.59700000 37.59700000 37.59700000 37.59700000 37.59700000 37.59700000 37.59700000 37.59700000 37.59700000 37.59700000 37.59700000 37.59700000 37.59700000 37.59700000 37.59700000 36.59800000 37.31900000 37.33600000 37.40100000 37.37400000 37.37500000 37.36000000 37.38300000 37.34200000 37.37900000
37.59700000 37.59700000 37.59700000 37.59700000 37.59700000 37.59700000 37.59700000 37.59700000 37.59700000 37.59700000 37.59700000 37.59700000 37.59700000 37.59700000 37.59700000 37.59700000 37.59700000 37.59700000 37.59700000 37.59700000 37.59700000 36.77400000 37.36700000 37.38200000 37.37600000 37.35400000 37.32200000 37.29900000 37.30800000 37.33300000
37.59700000 37.59700000 37.59700000 37.59700000 37.59700000 37.59700000 37.59700000 37.59700000 37.59700000 37.59700000 37.59700000 37.59700000 37.59700000 37.59700000 37.59700000 37.59700000 37.59700000 37.59700000 37.59700000 37.59700000 37.59700000 36.71400000 37.28900000 37.34100000 37.34800000 37.33500000 37.32200000 37.29700000 37.28700000 37.30200000
37.59700000 37.59700000 37.59700000 37.59700000 37.59700000 37.59700000 37.59700000 37.59700000 37.59700000 37.59700000 37.59700000 37.59700000 37.59700000 37.59700000 37.59700000 37.59700000 37.59700000 37.59700000 37.59700000 37.59700000 37.59700000 37.59700000 37.16800000 37.29100000 37.32900000 37.31100000 37.28900000 37.26000000 37.23800000 37.28500000
37.59700000 37.59700000 37.59700000 37.59700000 37.59700000 37.59700000 37.59700000 37.59700000 37.59700000 37.59700000 37.59700000 37.59700000 37.59700000 37.59700000 37.59700000 37.59700000 37.59700000 37.59700000 37.59700000 37.59700000 37.59700000 37.59700000 36.91700000 37.11200000 37.21200000 37.17800000 37.20700000 37.26300000 37.28600000 37.31600000
37.59700000 37.59700000 37.59700000 37.59700000 37.59700000 37.59700000 37.59700000 37.59700000 37.59700000 37.59700000 37.59700000 37.59700000 37.59700000 37.59700000 37.59700000 37.59700000 37.59700000 37.59700000 37.59700000 37.59700000 37.59700000 37.59700000 37.59700000 36.79900000 37.17700000 37.21800000 37.23000000 37.24500000 37.28400000 37.30400000
