25.31300000 25.18600000 25.32000000 24.95200000 25.02300000 25.30000000 25.33600000 25.37500000 25.29800000 25.17700000 25.22000000 25.24400000 25.02000000 24.25200000 24.24200000 25.09200000 25.43500000 25.28600000 25.21100000 25.15800000 25.19200000 25.05500000 24.96600000 24.41300000 24.09300000 23.66100000 24.00100000 24.19700000 24.30600000 24.56700000
25.20600000 25.13500000 25.28400000 24.55000000 25.25500000 25.25500000 25.20600000 25.15300000 25.18100000 25.17800000 25.17900000 24.94100000 23.80700000 24.40100000 24.52200000 25.31000000 25.20900000 25.12400000 25.15300000 25.07600000 25.05900000 24.93200000 24.54600000 24.19800000 23.73900000 24.78100000 24.98700000 25.04400000 25.12400000 25.01100000
25.22600000 25.17000000 25.29700000 24.34500000 25.14600000 25.16800000 25.14700000 25.10100000 25.05000000 24.92600000 24.44100000 23.79200000 24.24700000 24.69500000 24.90600000 25.46800000 25.12400000 25.11700000 25.10600000 24.98200000 24.88500000 24.62700000 24.29700000 25.55500000 25.41300000 25.20700000 25.18500000 24.83700000 24.81500000 24.92800000
24.51500000 24.94100000 25.16300000 25.28500000 24.58100000 24.94100000 24.77700000 24.11200000 23.99300000 24.17100000 24.42400000 24.67100000 24.77100000 24.92400000 25.29000000 25.47900000 24.99300000 25.03800000 24.86300000 24.55200000 24.54300000 25.59400000 25.57600000 25.57900000 25.58000000 25.18800000 25.17400000 25.12100000 25.10300000 25.17900000
24.13700000 24.38600000 25.11500000 25.28400000 25.28400000 24.62000000 24.08700000 23.93900000 24.07900000 24.71600000 24.81300000 24.94500000 25.17000000 25.38200000 25.56100000 25.51600000 24.84900000 24.85800000 24.61200000 25.52600000 25.48300000 25.51000000 25.37500000 25.36700000 25.55800000 25.78300000 25.60200000 25.00500000 24.87700000 25.06900000
23.85100000 23.72400000 24.69300000 25.13500000 25.46000000 25.32700000 25.26000000 25.34200000 25.34900000 25.31500000 25.28600000 25.29200000 25.33600000 25.48400000 25.66400000 25.53500000 24.84700000 24.85300000 25.48900000 25.39700000 25.40000000 25.09900000 24.95700000 25.02200000 25.22200000 25.66500000 25.96800000 25.67400000 24.84300000 25.04100000
23.34200000 23.75800000 24.26100000 24.47500000 25.16800000 25.79600000 25.45500000 25.41100000 25.44200000 25.40300000 25.57900000 25.52600000 25.46100000 25.53600000 25.62700000 25.52700000 25.18200000 25.25000000 25.48300000 25.38800000 25.16000000 24.89800000 24.70700000 24.96600000 25.25100000 25.78800000 26.27700000 26.07100000 25.76800000 25.13100000
23.17500000 23.71700000 24.24300000 24.13400000 24.46600000 25.43800000 25.98400000 25.51600000 25.51900000 25.62900000 25.66700000 25.57500000 25.58100000 25.60500000 25.62200000 25.54000000 25.52500000 25.41600000 25.39900000 25.33000000 25.28800000 25.18700000 25.19000000 25.36600000 25.91200000 26.49200000 26.58700000 26.34700000 25.70500000 25.80000000
22.50200000 23.39000000 23.79200000 23.85400000 24.13500000 24.15100000 24.62100000 25.90300000 26.21300000 25.84300000 25.45700000 25.49600000 25.53800000 25.64600000 25.64700000 25.58600000 25.63200000 25.59000000 25.65800000 25.70300000 25.75900000 25.76500000 26.19900000 26.31900000 26.30800000 26.29800000 26.42200000 26.36500000 25.77400000 25.93800000
22.78300000 23.05000000 23.30300000 23.49100000 23.38100000 23.87500000 23.92400000 24.42400000 25.84400000 26.21700000 26.33700000 25.83500000 25.44700000 25.59100000 25.57100000 25.54300000 25.63600000 25.65100000 25.59800000 26.21100000 26.06300000 25.99400000 26.00400000 26.07100000 26.21700000 26.18300000 26.40500000 26.07400000 25.76900000 25.95300000
23.81600000 23.46800000 22.56700000 23.27800000 23.11000000 23.32800000 23.48000000 23.62100000 24.33300000 25.51600000 25.96300000 26.34500000 26.10900000 25.45600000 25.51400000 25.49900000 25.53300000 26.24000000 26.39100000 26.50200000 26.29100000 25.94200000 26.23000000 26.10100000 26.31900000 26.29000000 25.96600000 25.79300000 26.02900000 26.04700000
27.83300000 27.83300000 27.83300000 23.79500000 23.22100000 22.94800000 23.10600000 23.08300000 23.28200000 24.16700000 25.10600000 25.03400000 25.42500000 25.74400000 25.88100000 25.93400000 25.96200000 25.97800000 26.19300000 26.56200000 25.77900000 26.16200000 25.98000000 26.31700000 26.41000000 26.11400000 26.00000000 25.98300000 25.99300000 26.07200000
27.83300000 27.83300000 27.83300000 27.83300000 23.57700000 23.56900000 23.21000000 22.92400000 23.07600000 23.39000000 24.16100000 24.90800000 23.99300000 24.01900000 24.15800000 24.16400000 24.37800000 25.39900000 25.98100000 26.54700000 25.79200000 26.00500000 26.05800000 26.08500000 26.25300000 26.58400000 26.26300000 26.21500000 26.15500000 26.15000000
27.83300000 27.83300000 27.83300000 27.83300000 27.83300000 27.83300000 24.25900000 23.70800000 23.23100000 23.11100000 23.16100000 23.30100000 23.46000000 23.37200000 22.24700000 23.77200000 24.00600000 25.24200000 25.78300000 26.55800000 26.55200000 25.89100000 26.02800000 25.99700000 26.10000000 26.63700000 26.71500000 26.18100000 26.25000000 26.06500000
27.83300000 27.83300000 27.83300000 27.83300000 27.83300000 27.83300000 27.83300000 27.83300000 27.83300000 27.83300000 27.83300000 27.83300000 23.26700000 23.16900000 22.78700000 23.41500000 23.95900000 24.82800000 25.20500000 26.56700000 26.54600000 26.56500000 26.51000000 26.43400000 26.20900000 26.74500000 26.70400000 26.76500000 26.16600000 26.16800000
27.83300000 27.83300000 27.83300000 27.83300000 27.83300000 27.83300000 27.83300000 27.83300000 27.83300000 27.83300000 27.83300000 27.83300000 27.83300000 27.83300000 27.83300000 23.47200000 23.96600000 24.74100000 24.82200000 25.02200000 26.54300000 26.58400000 26.63900000 26.66200000 26.57900000 26.84700000 26.72800000 26.78000000 26.81300000 26.78100000
27.83300000 27.83300000 27.83300000 27.83300000 27.83300000 27.83300000 27.83300000 27.83300000 27.83300000 27.83300000 27.83300000 27.83300000 27.83300000 27.83300000 27.83300000 27.83300000 23.70700000 23.90800000 24.91000000 24.78300000 25.17800000 26.62500000 26.67300000 26.59500000 26.72800000 26.93800000 26.85600000 26.79100000 26.87400000 27.00200000
27.83300000 27.83300000 27.83300000 27.83300000 27.83300000 27.83300000 27.83300000 27.83300000 27.83300000 27.83300000 27.83300000 27.83300000 27.83300000 27.83300000 27.83300000 27.83300000 27.83300000 27.83300000 23.54400000 24.45200000 24.82200000 26.66300000 26.59700000 26.57400000 26.82800000 26.90800000 26.97500000 26.88300000 26.83600000 26.96100000
27.83300000 27.83300000 27.83300000 27.83300000 27.83300000 27.83300000 27.83300000 27.83300000 27.83300000 27.83300000 27.83300000 27.83300000 27.83300000 27.83300000 27.83300000 27.83300000 27.83300000 27.83300000 27.83300000 25.29700000 24.31500000 26.68800000 26.55900000 26.59800000 26.90500000 26.94200000 26.88100000 26.95000000 26.86600000 26.99900000
27.83300000 27.83300000 27.83300000 27.83300000 27.83300000 27.83300000 27.83300000 27.83300000 27.83300000 27.83300000 27.83300000 27.83300000 27.83300000 27.83300000 27.83300000 27.83300000 27.83300000 27.83300000 27.83300000 25.48800000 25.58100000 26.72300000 26.54000000 26.72500000 27.03500000 26.89800000 27.00400000 26.88800000 26.94000000 27.10000000
27.83300000 27.83300000 27.83300000 27.83300000 27.83300000 27.83300000 27.83300000 27.83300000 27.83300000 27.83300000 27.83300000 27.83300000 27.83300000 27.83300000 27.83300000 27.83300000 27.83300000 27.83300000 27.83300000 25.40500000 25.58600000 26.82500000 26.63800000 26.88600000 26.98900000 26.79900000 27.04000000 27.05900000 27.01500000 27.07100000
27.83300000 27.83300000 27.83300000 27.83300000 27.83300000 27.83300000 27.83300000 27.83300000 27.83300000 27.83300000 27.83300000 27.83300000 27.83300000 27.83300000 27.83300000 27.83300000 27.83300000 27.83300000 27.83300000 24.68600000 24.78200000 26.72600000 26.83300000 27.02700000 26.85700000 26.92600000 26.98300000 26.97100000 26.89500000 27.19200000
27.83300000 27.83300000 27.83300000 27.83300000 27.83300000 27.83300000 27.83300000 27.83300000 27.83300000 27.83300000 27.83300000 27.83300000 27.83300000 27.83300000 27.83300000 27.83300000 27.83300000 27.83300000 27.83300000 27.83300000 25.30300000 25.67600000 26.86300000 26.94400000 26.82500000 26.92700000 26.86000000 26.74400000 26.92100000 27.10300000
27.83300000 27.83300000 27.83300000 27.83300000 27.83300000 27.83300000 27.83300000 27.83300000 27.83300000 27.83300000 27.83300000 27.83300000 27.83300000 27.83300000 27.83300000 27.83300000 27.83300000 27.83300000 27.83300000 27.83300000 27.83300000 25.20800000 26.68500000 26.78900000 26.79000000 26.85600000 26.75700000 26.60200000 26.57000000 27.14900000
27.83300000 27.83300000 27.83300000 27.83300000 27.83300000 27.83300000 27.83300000 27.83300000 27.83300000 27.83300000 27.83300000 27.83300000 27.83300000 27.83300000 27.83300000 27.83300000 27.83300000 27.83300000 27.83300000 27.83300000 27.83300000 24.96800000 26.33600000 26.68800000 26.75100000 26.65200000 26.62200000 26.54700000 26.48800000 27.05200000
27.83300000 27.83300000 27.83300000 27.83300000 27.83300000 27.83300000 27.83300000 27.83300000 27.83300000 27.83300000 27.83300000 27.83300000 27.83300000 27.83300000 27.83300000 27.83300000 27.83300000 27.83300000 27.83300000 27.83300000 27.83300000 27.83300000 25.94600000 26.27000000 26.44400000 26.37900000 26.56000000 26.61800000 27.00300000 27.23000000
27.83300000 27.83300000 27.83300000 27.83300000 27.83300000 27.83300000 27.83300000 27.83300000 27.83300000 27.83300000 27.83300000 27.83300000 27.83300000 27.83300000 27.83300000 27.83300000 27.83300000 27.83300000 27.83300000 27.83300000 27.83300000 27.83300000 27.83300000 25.98600000 26.42800000 26.62900000 26.57800000 26.72800000 27.09600000 27.27500000
25.34000000 25.21500000 25.35000000 24.96700000 25.03900000 25.32200000 25.36600000 25.39300000 25.30000000 25.21900000 25.25000000 25.25900000 25.05200000 24.28800000 24.25500000 25.10700000 25.45300000 25.31200000 25.24200000 25.16400000 25.21100000 25.06900000 24.98700000 24.41900000 24.10900000 23.67500000 24.00900000 24.21000000 24.33800000 24.58300000
25.22000000 25.14500000 25.29700000 24.55900000 25.26600000 25.26600000 25.21700000 25.16300000 25.19100000 25.19200000 25.19400000 24.95900000 23.82700000 24.41500000 24.53400000 25.32600000 25.22600000 25.14200000 25.16900000 25.09300000 25.07500000 24.94700000 24.55900000 24.21300000 23.75100000 24.79600000 25.00400000 25.06100000 25.14100000 25.02700000
25.25700000 25.18300000 25.31200000 24.35500000 25.15800000 25.18100000 25.16000000 25.11200000 25.06300000 24.94100000 24.45300000 23.80000000 24.25800000 24.70600000 24.91500000 25.48500000 25.14100000 25.13500000 25.12300000 24.99800000 24.90200000 24.64300000 24.30900000 25.57200000 25.43100000 25.22500000 25.20200000 24.85600000 24.83100000 24.94000000
24.43900000 24.95300000 25.17500000 25.29700000 24.59300000 24.95200000 24.78900000 24.14600000 23.99800000 24.18300000 24.43600000 24.68300000 24.78200000 24.93400000 25.30300000 25.49500000 25.01000000 25.05500000 24.88000000 24.56800000 24.55700000 25.61100000 25.59200000 25.59600000 25.59300000 25.20500000 25.19100000 25.13700000 25.11900000 25.19300000
24.14000000 24.46400000 25.12800000 25.29300000 25.29200000 24.60400000 24.09600000 23.94600000 24.08900000 24.72700000 24.82700000 24.95800000 25.18400000 25.39800000 25.57600000 25.52500000 24.86400000 24.87500000 24.62500000 25.54300000 25.50000000 25.52800000 25.39200000 25.38300000 25.57300000 25.80100000 25.61600000 25.02100000 24.89200000 25.08500000
23.87100000 24.63300000 24.70700000 25.15000000 25.46700000 25.33500000 25.26900000 25.35400000 25.36400000 25.33300000 25.30400000 25.30900000 25.35300000 25.50000000 25.67800000 25.55100000 24.86300000 24.86700000 25.50300000 25.41200000 25.41700000 25.11500000 24.97100000 25.03700000 25.23800000 25.68000000 25.98500000 25.68600000 24.86000000 25.05600000
23.47400000 23.78400000 24.27600000 24.48800000 25.18600000 25.80700000 25.46600000 25.42200000 25.45400000 25.41900000 25.59600000 25.54300000 25.47800000 25.55300000 25.64400000 25.54400000 25.19800000 25.26500000 25.50000000 25.40200000 25.17700000 24.91500000 24.72400000 24.98400000 25.26800000 25.80400000 26.29400000 26.09000000 25.78700000 25.14100000
23.01900000 23.72200000 24.25500000 24.14700000 24.48200000 25.45100000 25.99800000 25.52900000 25.53300000 25.64400000 25.68300000 25.59100000 25.59800000 25.62100000 25.63700000 25.55700000 25.54000000 25.43100000 25.41500000 25.34500000 25.30500000 25.20400000 25.20800000 25.38300000 25.92800000 26.51000000 26.60600000 26.36600000 25.72000000 25.81400000
21.12500000 23.39700000 23.80400000 23.87500000 24.14900000 24.17700000 24.63900000 25.91600000 26.22700000 25.85100000 25.47200000 25.50900000 25.54700000 25.66100000 25.66000000 25.60100000 25.64900000 25.60500000 25.67400000 25.72000000 25.77500000 25.78000000 26.21700000 26.33900000 26.32600000 26.31500000 26.44000000 26.38500000 25.79300000 25.95400000
19.86300000 21.83200000 22.19500000 23.35500000 23.39000000 23.89200000 23.95100000 24.43500000 25.85700000 26.23200000 26.35300000 25.85000000 25.45800000 25.60300000 25.58500000 25.55700000 25.65300000 25.66500000 25.61200000 26.22800000 26.08000000 26.01100000 26.02300000 26.09000000 26.23500000 26.20100000 26.42300000 26.09200000 25.78600000 25.97200000
21.22000000 27.83300000 18.62300000 18.29300000 22.05000000 23.34200000 23.60900000 23.72200000 24.34600000 25.53200000 25.97800000 26.35900000 26.12400000 25.46800000 25.53000000 25.51400000 25.54700000 26.25600000 26.40600000 26.51800000 26.31000000 25.95700000 26.24600000 26.11800000 26.33500000 26.30700000 25.98200000 25.80900000 26.04900000 26.06600000
27.83300000 27.83300000 27.83300000 27.83300000 19.79000000 20.77000000 22.19200000 22.97400000 23.41400000 24.16700000 25.12000000 25.04500000 25.43600000 25.75600000 25.89500000 25.94800000 25.98300000 25.99000000 26.20600000 26.57900000 25.79500000 26.17800000 25.99600000 26.33500000 26.42800000 26.13100000 26.01800000 25.99900000 26.01300000 26.08300000
27.83300000 27.83300000 27.83300000 27.83300000 27.83300000 19.55700000 20.24500000 20.23400000 20.84000000 23.37000000 24.24100000 24.92200000 24.03100000 24.14000000 24.23200000 24.17700000 24.41300000 25.41100000 25.99100000 26.56400000 25.80600000 26.01900000 26.07100000 26.10300000 26.27000000 26.60300000 26.28500000 26.23400000 26.17400000 26.16700000
27.83300000 27.83300000 27.83300000 27.83300000 27.83300000 27.83300000 27.83300000 19.63800000 19.63200000 19.70900000 22.19100000 23.34300000 23.76000000 23.44100000 22.18700000 23.74600000 24.02500000 25.25700000 25.78900000 26.57600000 26.57100000 25.90600000 26.04400000 26.01500000 26.11800000 26.65600000 26.73500000 26.20400000 26.26900000 26.08100000
27.83300000 27.83300000 27.83300000 27.83300000 27.83300000 27.83300000 27.83300000 27.83300000 27.83300000 27.83300000 27.83300000 27.83300000 27.83300000 27.83300000 27.83300000 20.81400000 23.93100000 24.84900000 25.16700000 26.58400000 26.56200000 26.57900000 26.52800000 26.45200000 26.22600000 26.76600000 26.72600000 26.78400000 26.18600000 26.18500000
27.83300000 27.83300000 27.83300000 27.83300000 27.83300000 27.83300000 27.83300000 27.83300000 27.83300000 27.83300000 27.83300000 27.83300000 27.83300000 27.83300000 27.83300000 27.83300000 23.56600000 24.73200000 24.84300000 24.90300000 26.55600000 26.60100000 26.65600000 26.68100000 26.59600000 26.86900000 26.74800000 26.79800000 26.83100000 26.80200000
27.83300000 27.83300000 27.83300000 27.83300000 27.83300000 27.83300000 27.83300000 27.83300000 27.83300000 27.83300000 27.83300000 27.83300000 27.83300000 27.83300000 27.83300000 27.83300000 27.83300000 21.67500000 24.90100000 24.75800000 25.18600000 26.64700000 26.69200000 26.61300000 26.74300000 26.95700000 26.87600000 26.81000000 26.89300000 27.01800000
27.83300000 27.83300000 27.83300000 27.83300000 27.83300000 27.83300000 27.83300000 27.83300000 27.83300000 27.83300000 27.83300000 27.83300000 27.83300000 27.83300000 27.83300000 27.83300000 27.83300000 27.83300000 27.83300000 24.42600000 24.86600000 26.68700000 26.61300000 26.59100000 26.84100000 26.92500000 26.99400000 26.90200000 26.85400000 26.98400000
27.83300000 27.83300000 27.83300000 27.83300000 27.83300000 27.83300000 27.83300000 27.83300000 27.83300000 27.83300000 27.83300000 27.83300000 27.83300000 27.83300000 27.83300000 27.83300000 27.83300000 27.83300000 27.83300000 27.83300000 24.17800000 26.71300000 26.57100000 26.60900000 26.92200000 26.95900000 26.89900000 26.97000000 26.88500000 27.01500000
27.83300000 27.83300000 27.83300000 27.83300000 27.83300000 27.83300000 27.83300000 27.83300000 27.83300000 27.83300000 27.83300000 27.83300000 27.83300000 27.83300000 27.83300000 27.83300000 27.83300000 27.83300000 27.83300000 27.83300000 24.29400000 26.74700000 26.55400000 26.73800000 27.05200000 26.91500000 27.02100000 26.90600000 26.95800000 27.11600000
27.83300000 27.83300000 27.83300000 27.83300000 27.83300000 27.83300000 27.83300000 27.83300000 27.83300000 27.83300000 27.83300000 27.83300000 27.83300000 27.83300000 27.83300000 27.83300000 27.83300000 27.83300000 27.83300000 27.83300000 22.93100000 26.84400000 26.65300000 26.90100000 27.00700000 26.81800000 27.06000000 27.08000000 27.03000000 27.08500000
27.83300000 27.83300000 27.83300000 27.83300000 27.83300000 27.83300000 27.83300000 27.83300000 27.83300000 27.83300000 27.83300000 27.83300000 27.83300000 27.83300000 27.83300000 27.83300000 27.83300000 27.83300000 27.83300000 27.83300000 23.40600000 26.74100000 26.85000000 27.04500000 26.87700000 26.94300000 27.00000000 26.98700000 26.90900000 27.20800000
27.83300000 27.83300000 27.83300000 27.83300000 27.83300000 27.83300000 27.83300000 27.83300000 27.83300000 27.83300000 27.83300000 27.83300000 27.83300000 27.83300000 27.83300000 27.83300000 27.83300000 27.83300000 27.83300000 27.83300000 27.83300000 25.02000000 26.88000000 26.96100000 26.84200000 26.94500000 26.87300000 26.76000000 26.93600000 27.12000000
27.83300000 27.83300000 27.83300000 27.83300000 27.83300000 27.83300000 27.83300000 27.83300000 27.83300000 27.83300000 27.83300000 27.83300000 27.83300000 27.83300000 27.83300000 27.83300000 27.83300000 27.83300000 27.83300000 27.83300000 27.83300000 25.07500000 26.70100000 26.80400000 26.80500000 26.87000000 26.77400000 26.61900000 26.58900000 27.16400000
27.83300000 27.83300000 27.83300000 27.83300000 27.83300000 27.83300000 27.83300000 27.83300000 27.83300000 27.83300000 27.83300000 27.83300000 27.83300000 27.83300000 27.83300000 27.83300000 27.83300000 27.83300000 27.83300000 27.83300000 27.83300000 27.83300000 26.35200000 26.69900000 26.76700000 26.66900000 26.64000000 26.56000000 26.50200000 27.06700000
27.83300000 27.83300000 27.83300000 27.83300000 27.83300000 27.83300000 27.83300000 27.83300000 27.83300000 27.83300000 27.83300000 27.83300000 27.83300000 27.83300000 27.83300000 27.83300000 27.83300000 27.83300000 27.83300000 27.83300000 27.83300000 27.83300000 25.97300000 26.28600000 26.45800000 26.39700000 26.57800000 26.63500000 27.01200000 27.24900000
27.83300000 27.83300000 27.83300000 27.83300000 27.83300000 27.83300000 27.83300000 27.83300000 27.83300000 27.83300000 27.83300000 27.83300000 27.83300000 27.83300000 27.83300000 27.83300000 27.83300000 27.83300000 27.83300000 27.83300000 27.83300000 27.83300000 27.83300000 26.01100000 26.44700000 26.64300000 26.59400000 26.74300000 27.12300000 27.29100000
