25.30700000 25.18300000 25.31600000 24.94300000 25.02800000 25.29700000 25.33500000 25.36700000 25.29200000 25.17300000 25.21800000 25.24200000 25.01700000 24.24300000 24.24300000 25.08900000 25.43100000 25.28000000 25.20700000 25.15800000 25.18900000 25.04900000 24.95500000 24.40100000 24.08800000 23.65800000 23.99900000 24.19500000 24.30700000 24.56500000
25.20700000 25.12900000 25.27400000 24.57600000 25.25000000 25.24900000 25.19900000 25.14200000 25.17100000 25.17300000 25.17200000 24.93100000 23.80700000 24.39800000 24.52000000 25.30900000 25.19800000 25.11900000 25.14600000 25.07200000 25.05400000 24.92600000 24.53300000 24.19000000 23.74400000 24.80300000 25.00400000 25.05300000 25.11300000 25.00200000
25.22900000 25.16500000 25.29200000 24.34300000 25.14000000 25.16000000 25.13900000 25.09700000 25.04700000 24.92400000 24.42700000 23.78500000 24.24600000 24.69100000 24.91400000 25.46100000 25.11200000 25.11000000 25.10000000 24.97500000 24.87500000 24.61200000 24.32600000 25.56300000 25.40100000 25.20000000 25.17000000 24.83400000 24.81100000 24.92100000
24.52200000 24.93600000 25.15800000 25.27800000 24.60200000 24.93600000 24.77500000 24.09700000 23.98800000 24.16600000 24.42000000 24.66500000 24.76400000 24.92300000 25.29200000 25.46500000 24.98600000 25.03100000 24.85400000 24.54100000 24.56300000 25.58800000 25.56500000 25.57100000 25.57700000 25.18700000 25.16800000 25.11400000 25.09500000 25.17300000
24.13100000 24.38300000 25.11000000 25.28600000 25.27600000 24.63100000 24.08100000 23.93000000 24.07300000 24.71400000 24.81000000 24.94200000 25.16500000 25.37900000 25.55800000 25.50400000 24.84500000 24.84900000 24.60400000 25.53400000 25.47200000 25.50300000 25.36100000 25.35600000 25.54900000 25.77900000 25.59700000 24.99600000 24.87600000 25.06100000
23.85000000 23.70700000 24.67400000 25.12400000 25.46300000 25.32700000 25.25100000 25.33000000 25.34000000 25.30600000 25.27900000 25.28500000 25.33000000 25.47800000 25.65900000 25.52500000 24.83100000 24.86000000 25.48500000 25.38700000 25.38900000 25.09100000 24.94600000 25.01200000 25.21700000 25.66100000 25.96600000 25.67000000 24.83600000 25.03700000
23.35400000 23.75600000 24.25600000 24.45700000 25.15500000 25.79600000 25.44700000 25.40400000 25.43600000 25.39700000 25.57300000 25.52000000 25.45400000 25.53000000 25.62200000 25.52200000 25.16500000 25.25300000 25.47400000 25.38500000 25.15100000 24.89000000 24.70200000 24.96500000 25.24900000 25.79100000 26.27700000 26.06500000 25.76100000 25.12500000
23.17900000 23.70700000 24.22200000 24.11000000 24.43700000 25.43600000 25.98000000 25.50800000 25.51200000 25.62200000 25.66000000 25.56900000 25.57500000 25.59700000 25.61500000 25.53400000 25.51500000 25.40800000 25.39400000 25.32200000 25.28100000 25.18400000 25.18600000 25.37200000 25.92600000 26.49300000 26.58100000 26.34300000 25.69600000 25.79900000
22.49500000 23.36600000 23.75800000 23.83100000 24.11900000 24.13500000 24.61100000 25.90500000 26.20900000 25.83500000 25.44900000 25.49200000 25.53100000 25.64200000 25.64300000 25.58500000 25.62700000 25.58100000 25.65000000 25.70100000 25.75900000 25.76200000 26.21900000 26.29700000 26.29500000 26.28500000 26.41300000 26.36100000 25.76800000 25.93200000
22.78200000 23.08300000 23.27000000 23.46300000 23.36000000 23.84900000 23.92100000 24.44000000 25.84100000 26.21500000 26.33300000 25.80200000 25.43900000 25.58800000 25.56200000 25.53900000 25.63600000 25.64500000 25.59300000 26.19600000 26.07700000 25.98100000 25.99600000 26.06800000 26.21600000 26.17900000 26.39800000 26.06700000 25.76500000 25.94900000
23.80600000 23.40500000 22.52000000 23.26900000 23.09000000 23.30600000 23.47200000 23.61700000 24.34500000 25.50100000 25.95100000 26.34200000 26.08200000 25.44700000 25.50800000 25.49300000 25.52800000 26.22600000 26.38400000 26.49400000 26.27900000 25.93200000 26.22600000 26.08800000 26.30800000 26.27700000 25.95500000 25.78700000 26.02300000 26.04000000
27.83300000 27.83300000 27.83300000 23.77900000 23.21100000 22.93500000 23.08600000 23.07100000 23.27400000 24.17200000 25.07200000 25.02000000 25.40900000 25.73900000 25.88100000 25.92900000 25.97000000 25.96200000 26.18500000 26.55600000 25.77100000 26.15500000 25.97400000 26.30800000 26.40400000 26.10900000 25.98900000 25.97800000 25.98800000 26.06700000
27.83300000 27.83300000 27.83300000 27.83300000 23.57300000 23.57100000 23.20000000 22.91000000 23.05400000 23.38700000 24.20500000 24.87700000 23.96200000 24.00600000 24.14600000 24.14500000 24.36600000 25.40200000 25.97100000 26.54000000 25.78400000 25.99700000 26.05300000 26.07600000 26.24500000 26.57700000 26.26400000 26.20700000 26.14600000 26.14500000
27.83300000 27.83300000 27.83300000 27.83300000 27.83300000 27.83300000 24.24900000 23.67400000 23.20000000 23.09900000 23.15300000 23.28200000 23.45400000 23.34300000 22.20900000 23.77500000 24.00500000 25.22400000 25.77800000 26.54600000 26.54900000 25.88500000 26.02200000 25.98900000 26.09200000 26.63100000 26.70800000 26.17300000 26.24600000 26.06100000
27.83300000 27.83300000 27.83300000 27.83300000 27.83300000 27.83300000 27.83300000 27.83300000 27.83300000 27.83300000 27.83300000 27.83300000 23.24400000 23.14800000 22.75900000 23.40700000 23.96200000 24.81900000 25.18400000 26.55900000 26.54100000 26.55600000 26.51400000 26.43700000 26.20500000 26.74100000 26.69700000 26.75800000 26.15900000 26.16000000
27.83300000 27.83300000 27.83300000 27.83300000 27.83300000 27.83300000 27.83300000 27.83300000 27.83300000 27.83300000 27.83300000 27.83300000 27.83300000 27.83300000 27.83300000 23.45800000 23.97300000 24.73300000 24.77200000 24.98900000 26.53000000 26.57800000 26.63300000 26.65100000 26.58200000 26.84200000 26.72000000 26.77400000 26.80700000 26.78000000
27.83300000 27.83300000 27.83300000 27.83300000 27.83300000 27.83300000 27.83300000 27.83300000 27.83300000 27.83300000 27.83300000 27.83300000 27.83300000 27.83300000 27.83300000 27.83300000 23.69600000 23.84900000 24.90400000 24.81300000 25.16600000 26.61900000 26.66700000 26.57900000 26.72700000 26.93100000 26.84900000 26.78400000 26.86700000 26.99700000
27.83300000 27.83300000 27.83300000 27.83300000 27.83300000 27.83300000 27.83300000 27.83300000 27.83300000 27.83300000 27.83300000 27.83300000 27.83300000 27.83300000 27.83300000 27.83300000 27.83300000 27.83300000 23.49200000 24.38200000 24.73400000 26.66200000 26.59100000 26.56000000 26.82600000 26.90200000 26.96700000 26.87200000 26.82900000 26.95300000
27.83300000 27.83300000 27.83300000 27.83300000 27.83300000 27.83300000 27.83300000 27.83300000 27.83300000 27.83300000 27.83300000 27.83300000 27.83300000 27.83300000 27.83300000 27.83300000 27.83300000 27.83300000 27.83300000 25.28900000 24.29200000 26.67900000 26.55400000 26.59900000 26.90000000 26.93200000 26.87500000 26.94000000 26.86000000 26.99300000
27.83300000 27.83300000 27.83300000 27.83300000 27.83300000 27.83300000 27.83300000 27.83300000 27.83300000 27.83300000 27.83300000 27.83300000 27.83300000 27.83300000 27.83300000 27.83300000 27.83300000 27.83300000 27.83300000 25.47600000 25.55000000 26.71900000 26.53500000 26.72300000 27.03000000 26.88600000 26.99800000 26.88100000 26.93600000 27.09200000
27.83300000 27.83300000 27.83300000 27.83300000 27.83300000 27.83300000 27.83300000 27.83300000 27.83300000 27.83300000 27.83300000 27.83300000 27.83300000 27.83300000 27.83300000 27.83300000 27.83300000 27.83300000 27.83300000 25.38300000 25.56600000 26.81900000 26.63100000 26.88600000 26.97200000 26.79500000 27.03600000 27.05400000 27.01100000 27.06300000
27.83300000 27.83300000 27.83300000 27.83300000 27.83300000 27.83300000 27.83300000 27.83300000 27.83300000 27.83300000 27.83300000 27.83300000 27.83300000 27.83300000 27.83300000 27.83300000 27.83300000 27.83300000 27.83300000 24.63500000 24.71700000 26.72100000 26.82900000 27.02500000 26.84900000 26.92300000 26.97400000 26.96000000 26.89300000 27.18400000
27.83300000 27.83300000 27.83300000 27.83300000 27.83300000 27.83300000 27.83300000 27.83300000 27.83300000 27.83300000 27.83300000 27.83300000 27.83300000 27.83300000 27.83300000 27.83300000 27.83300000 27.83300000 27.83300000 27.83300000 25.26600000 25.68200000 26.86100000 26.93600000 26.81800000 26.92200000 26.85400000 26.73700000 26.91000000 27.10100000
27.83300000 27.83300000 27.83300000 27.83300000 27.83300000 27.83300000 27.83300000 27.83300000 27.83300000 27.83300000 27.83300000 27.83300000 27.83300000 27.83300000 27.83300000 27.83300000 27.83300000 27.83300000 27.83300000 27.83300000 27.83300000 25.18500000 26.67400000 26.78000000 26.78400000 26.84300000 26.74800000 26.59500000 26.55800000 27.13600000
27.83300000 27.83300000 27.83300000 27.83300000 27.83300000 27.83300000 27.83300000 27.83300000 27.83300000 27.83300000 27.83300000 27.83300000 27.83300000 27.83300000 27.83300000 27.83300000 27.83300000 27.83300000 27.83300000 27.83300000 27.83300000 24.95400000 26.32800000 26.68100000 26.74500000 26.64600000 26.61900000 26.53900000 26.48400000 27.05700000
27.83300000 27.83300000 27.83300000 27.83300000 27.83300000 27.83300000 27.83300000 27.83300000 27.83300000 27.83300000 27.83300000 27.83300000 27.83300000 27.83300000 27.83300000 27.83300000 27.83300000 27.83300000 27.83300000 27.83300000 27.83300000 27.83300000 25.92900000 26.26000000 26.45500000 26.38100000 26.55100000 26.61200000 26.99900000 27.22500000
27.83300000 27.83300000 27.83300000 27.83300000 27.83300000 27.83300000 27.83300000 27.83300000 27.83300000 27.83300000 27.83300000 27.83300000 27.83300000 27.83300000 27.83300000 27.83300000 27.83300000 27.83300000 27.83300000 27.83300000 27.83300000 27.83300000 27.83300000 25.95500000 26.41800000 26.61900000 26.56700000 26.71900000 27.06700000 27.26600000
25.33300000 25.21000000 25.34000000 24.95800000 25.04600000 25.31900000 25.36400000 25.38600000 25.29300000 25.21400000 25.24800000 25.25700000 25.04800000 24.27900000 24.25600000 25.10500000 25.45000000 25.30600000 25.23700000 25.16600000 25.20700000 25.06600000 24.98000000 24.40700000 24.10400000 23.67200000 24.00700000 24.20900000 24.33800000 24.58000000
25.22100000 25.14000000 25.29000000 24.58700000 25.26400000 25.26200000 25.21200000 25.15400000 25.18200000 25.18600000 25.18900000 24.95000000 23.82600000 24.41400000 24.53300000 25.32600000 25.21600000 25.13800000 25.16300000 25.09200000 25.07100000 24.94300000 24.54500000 24.20700000 23.75900000 24.81800000 25.02200000 25.07200000 25.13200000 25.01900000
25.26000000 25.18000000 25.30900000 24.35400000 25.15400000 25.17400000 25.15300000 25.11000000 25.06100000 24.94100000 24.44000000 23.79400000 24.26000000 24.70300000 24.92400000 25.48100000 25.13000000 25.12900000 25.11700000 24.99200000 24.89300000 24.62900000 24.34000000 25.58100000 25.41900000 25.21900000 25.18800000 24.85400000 24.82800000 24.93500000
24.43300000 24.94900000 25.17100000 25.29100000 24.61400000 24.94700000 24.79000000 24.12600000 23.99600000 24.17900000 24.43300000 24.67600000 24.77600000 24.93400000 25.30700000 25.48300000 25.00400000 25.04900000 24.87100000 24.55600000 24.57800000 25.60900000 25.58400000 25.58900000 25.59100000 25.20500000 25.18500000 25.13100000 25.11300000 25.18900000
24.13800000 24.45900000 25.12500000 25.29600000 25.28600000 24.61600000 24.09200000 23.94000000 24.08500000 24.72600000 24.82500000 24.95600000 25.18000000 25.39600000 25.57500000 25.51400000 24.86100000 24.86600000 24.61700000 25.55200000 25.49100000 25.52300000 25.38000000 25.37400000 25.56600000 25.79800000 25.61000000 25.01200000 24.89100000 25.07700000
23.87100000 24.68000000 24.69200000 25.14200000 25.47200000 25.33800000 25.26300000 25.34400000 25.35500000 25.32500000 25.29700000 25.30300000 25.34700000 25.49500000 25.67500000 25.54200000 24.84800000 24.87500000 25.50200000 25.40300000 25.40800000 25.10800000 24.96100000 25.02900000 25.23300000 25.67700000 25.98500000 25.68200000 24.85400000 25.05300000
23.46100000 23.80900000 24.27200000 24.47300000 25.17400000 25.81000000 25.46200000 25.41600000 25.45000000 25.41500000 25.59100000 25.53800000 25.47200000 25.54800000 25.63900000 25.54100000 25.18200000 25.26800000 25.49100000 25.39800000 25.16800000 24.90700000 24.72000000 24.98300000 25.26600000 25.80800000 26.29400000 26.08600000 25.78100000 25.13500000
23.02200000 23.72000000 24.23900000 24.12700000 24.45600000 25.45100000 25.99600000 25.52400000 25.52800000 25.64000000 25.67800000 25.58400000 25.59200000 25.61500000 25.63100000 25.55400000 25.53100000 25.42500000 25.41200000 25.33800000 25.29900000 25.20200000 25.20500000 25.38800000 25.94300000 26.51200000 26.60000000 26.36300000 25.71300000 25.81200000
21.12700000 23.38600000 23.78100000 23.85000000 24.13800000 24.15900000 24.62700000 25.92200000 26.22600000 25.84200000 25.46600000 25.50600000 25.54200000 25.65800000 25.65700000 25.60200000 25.64500000 25.59800000 25.66800000 25.71900000 25.77500000 25.77900000 26.23600000 26.31800000 26.31300000 26.30400000 26.43100000 26.38300000 25.79000000 25.95200000
19.90800000 21.81400000 22.13800000 23.32400000 23.38600000 23.87400000 23.95800000 24.45400000 25.85700000 26.23300000 26.35200000 25.81900000 25.45400000 25.60300000 25.57800000 25.55500000 25.65400000 25.66100000 25.60800000 26.20800000 26.09400000 25.99900000 26.01600000 26.08700000 26.23500000 26.19900000 26.41800000 26.08700000 25.78200000 25.96900000
21.19900000 27.83300000 18.59500000 18.28000000 21.89800000 23.33900000 23.60900000 23.72100000 24.36800000 25.52000000 25.96700000 26.36000000 26.10000000 25.46100000 25.52600000 25.51000000 25.54500000 26.24700000 26.40200000 26.51200000 26.29900000 25.94900000 26.24200000 26.10500000 26.32600000 26.29700000 25.97500000 25.80400000 26.04400000 26.05900000
27.83300000 27.83300000 27.83300000 27.83300000 19.80100000 20.81700000 22.17000000 22.96700000 23.43600000 24.19100000 25.09000000 25.03600000 25.42200000 25.75400000 25.89800000 25.94600000 25.99000000 25.97700000 26.20300000 26.57600000 25.78800000 26.17100000 25.99000000 26.32600000 26.42200000 26.12900000 26.01000000 25.99600000 26.00800000 26.07900000
27.83300000 27.83300000 27.83300000 27.83300000 27.83300000 19.44900000 20.27100000 20.23000000 20.91400000 23.41800000 24.30700000 24.89300000 24.00800000 24.15300000 24.23200000 24.16400000 24.40900000 25.41700000 25.98300000 26.55900000 25.79900000 26.01100000 26.06600000 26.09500000 26.26300000 26.59800000 26.28800000 26.22700000 26.16700000 26.16300000
27.83300000 27.83300000 27.83300000 27.83300000 27.83300000 27.83300000 27.83300000 19.60900000 19.66200000 19.74200000 22.30000000 23.34500000 23.72300000 23.39400000 22.14100000 23.76200000 24.03100000 25.24300000 25.78800000 26.56700000 26.57000000 25.90200000 26.03900000 26.00900000 26.11100000 26.65100000 26.72900000 26.19600000 26.26500000 26.07700000
27.83300000 27.83300000 27.83300000 27.83300000 27.83300000 27.83300000 27.83300000 27.83300000 27.83300000 27.83300000 27.83300000 27.83300000 27.83300000 27.83300000 27.83300000 20.77000000 23.93500000 24.84200000 25.16100000 26.57800000 26.55900000 26.57300000 26.53300000 26.45700000 26.22400000 26.76200000 26.71900000 26.77800000 26.18000000 26.17800000
27.83300000 27.83300000 27.83300000 27.83300000 27.83300000 27.83300000 27.83300000 27.83300000 27.83300000 27.83300000 27.83300000 27.83300000 27.83300000 27.83300000 27.83300000 27.83300000 23.54800000 24.73500000 24.79600000 24.93100000 26.54500000 26.59700000 26.65300000 26.67100000 26.59800000 26.86400000 26.74200000 26.79300000 26.82600000 26.80200000
27.83300000 27.83300000 27.83300000 27.83300000 27.83300000 27.83300000 27.83300000 27.83300000 27.83300000 27.83300000 27.83300000 27.83300000 27.83300000 27.83300000 27.83300000 27.83300000 27.83300000 21.67300000 24.88300000 24.76700000 25.18000000 26.64200000 26.68800000 26.60000000 26.74200000 26.95200000 26.87100000 26.80400000 26.88700000 27.01300000
27.83300000 27.83300000 27.83300000 27.83300000 27.83300000 27.83300000 27.83300000 27.83300000 27.83300000 27.83300000 27.83300000 27.83300000 27.83300000 27.83300000 27.83300000 27.83300000 27.83300000 27.83300000 27.83300000 24.38100000 24.78400000 26.68900000 26.61000000 26.57900000 26.84000000 26.92000000 26.98800000 26.89300000 26.84800000 26.97700000
27.83300000 27.83300000 27.83300000 27.83300000 27.83300000 27.83300000 27.83300000 27.83300000 27.83300000 27.83300000 27.83300000 27.83300000 27.83300000 27.83300000 27.83300000 27.83300000 27.83300000 27.83300000 27.83300000 27.83300000 24.17300000 26.70600000 26.56800000 26.61200000 26.91900000 26.95100000 26.89500000 26.96000000 26.88000000 27.01100000
27.83300000 27.83300000 27.83300000 27.83300000 27.83300000 27.83300000 27.83300000 27.83300000 27.83300000 27.83300000 27.83300000 27.83300000 27.83300000 27.83300000 27.83300000 27.83300000 27.83300000 27.83300000 27.83300000 27.83300000 24.37200000 26.74400000 26.55100000 26.73700000 27.04800000 26.90300000 27.01600000 26.90000000 26.95500000 27.11000000
27.83300000 27.83300000 27.83300000 27.83300000 27.83300000 27.83300000 27.83300000 27.83300000 27.83300000 27.83300000 27.83300000 27.83300000 27.83300000 27.83300000 27.83300000 27.83300000 27.83300000 27.83300000 27.83300000 27.83300000 23.07100000 26.84000000 26.64700000 26.90300000 26.99100000 26.81400000 27.05500000 27.07300000 27.02800000 27.07600000
27.83300000 27.83300000 27.83300000 27.83300000 27.83300000 27.83300000 27.83300000 27.83300000 27.83300000 27.83300000 27.83300000 27.83300000 27.83300000 27.83300000 27.83300000 27.83300000 27.83300000 27.83300000 27.83300000 27.83300000 23.42800000 26.73700000 26.84500000 27.04400000 26.86900000 26.94100000 26.99200000 26.97500000 26.90500000 27.20100000
27.83300000 27.83300000 27.83300000 27.83300000 27.83300000 27.83300000 27.83300000 27.83300000 27.83300000 27.83300000 27.83300000 27.83300000 27.83300000 27.83300000 27.83300000 27.83300000 27.83300000 27.83300000 27.83300000 27.83300000 27.83300000 24.96200000 26.88000000 26.95400000 26.83700000 26.94100000 26.87100000 26.75400000 26.92400000 27.11800000
27.83300000 27.83300000 27.83300000 27.83300000 27.83300000 27.83300000 27.83300000 27.83300000 27.83300000 27.83300000 27.83300000 27.83300000 27.83300000 27.83300000 27.83300000 27.83300000 27.83300000 27.83300000 27.83300000 27.83300000 27.83300000 25.09200000 26.69500000 26.79700000 26.80100000 26.85800000 26.76600000 26.61300000 26.57800000 27.15200000
27.83300000 27.83300000 27.83300000 27.83300000 27.83300000 27.83300000 27.83300000 27.83300000 27.83300000 27.83300000 27.83300000 27.83300000 27.83300000 27.83300000 27.83300000 27.83300000 27.83300000 27.83300000 27.83300000 27.83300000 27.83300000 27.83300000 26.34900000 26.69500000 26.76100000 26.66400000 26.63700000 26.55400000 26.50000000 27.07300000
27.83300000 27.83300000 27.83300000 27.83300000 27.83300000 27.83300000 27.83300000 27.83300000 27.83300000 27.83300000 27.83300000 27.83300000 27.83300000 27.83300000 27.83300000 27.83300000 27.83300000 27.83300000 27.83300000 27.83300000 27.83300000 27.83300000 25.96100000 26.27900000 26.47100000 26.40000000 26.57000000 26.63000000 27.01000000 27.24600000
27.83300000 27.83300000 27.83300000 27.83300000 27.83300000 27.83300000 27.83300000 27.83300000 27.83300000 27.83300000 27.83300000 27.83300000 27.83300000 27.83300000 27.83300000 27.83300000 27.83300000 27.83300000 27.83300000 27.83300000 27.83300000 27.83300000 27.83300000 25.98700000 26.43700000 26.63500000 26.58400000 26.73500000 27.05800000 27.28200000
