36.99200000 36.96300000 36.93700000 36.93100000 37.07900000 37.22200000 37.24800000 37.25400000 37.21400000 37.19900000 37.12500000 37.00800000 36.88700000 36.68500000 36.67000000 36.86300000 37.00200000 36.99900000 37.03900000 37.05600000 37.00900000 36.99200000 36.86600000 36.60500000 36.54400000 36.29000000 36.53100000 36.46600000 36.45100000 36.44200000
36.98500000 36.90400000 36.93500000 36.94800000 37.19900000 37.20500000 37.19400000 37.18700000 37.16300000 37.10200000 36.99700000 36.88200000 36.49100000 36.77000000 36.81900000 36.99300000 37.06000000 37.03700000 37.08100000 37.03100000 36.99500000 36.90700000 36.76000000 36.64900000 36.49700000 36.91200000 37.00000000 37.01700000 37.08100000 37.08800000
37.01700000 36.89000000 36.91100000 36.83200000 37.15000000 37.14900000 37.11600000 37.05500000 36.99200000 36.92600000 36.78700000 36.44700000 36.70400000 36.89500000 36.88400000 37.11900000 36.99700000 37.04500000 37.04400000 36.98200000 36.90200000 36.81500000 36.69600000 37.20400000 37.10100000 37.03900000 37.05800000 36.94100000 36.92000000 36.85900000
36.54500000 36.99800000 36.86100000 36.92700000 36.92700000 37.04400000 36.96200000 36.63500000 36.56000000 36.72100000 36.85000000 36.92400000 36.89400000 36.88900000 36.94200000 37.11500000 36.92800000 36.99700000 36.93000000 36.79700000 36.77900000 37.24100000 37.25500000 37.26300000 37.23000000 37.02000000 37.04000000 37.01400000 36.97500000 36.89400000
36.08400000 36.70400000 37.00500000 36.97300000 36.87300000 36.89600000 36.64100000 36.54100000 36.66700000 36.95100000 36.92100000 36.90500000 36.92500000 36.94700000 37.00300000 37.11800000 36.85800000 36.90200000 36.77200000 37.19200000 37.24800000 37.23600000 37.19000000 37.18500000 37.21300000 37.26600000 37.23600000 36.84700000 36.72300000 36.64400000
35.89300000 35.81600000 36.94900000 37.06800000 37.11200000 36.91000000 36.82400000 36.88600000 36.89000000 36.86000000 36.83900000 36.84800000 36.88000000 36.95900000 37.04400000 37.14900000 36.85500000 36.89900000 37.17500000 37.21500000 37.20700000 37.11300000 37.03000000 37.05800000 37.15700000 37.22000000 37.28600000 37.25600000 36.67800000 36.59500000
35.61600000 35.67100000 36.72500000 36.80700000 37.07500000 37.22700000 36.94000000 36.90800000 36.90600000 36.89400000 37.02200000 37.00200000 36.99400000 37.02000000 37.03600000 37.10100000 37.03100000 37.09000000 37.19200000 37.20300000 37.12200000 37.02300000 36.95700000 37.03800000 37.16000000 37.22700000 37.35600000 37.34100000 37.26500000 36.65100000
35.61700000 36.09600000 36.71500000 36.62600000 36.70500000 37.17800000 37.29800000 36.95300000 36.92600000 36.97900000 36.99800000 36.97800000 37.01900000 37.04400000 37.04000000 37.10300000 37.19400000 37.14800000 37.14300000 37.18500000 37.16700000 37.12700000 37.14500000 37.17100000 37.23600000 37.44000000 37.48500000 37.43200000 37.27600000 37.24200000
35.36900000 35.83900000 36.29600000 36.45100000 36.70800000 36.45900000 36.89600000 37.34100000 37.39500000 37.16200000 36.92500000 36.93400000 36.95000000 37.05700000 37.05600000 37.16500000 37.23200000 37.21500000 37.23200000 37.25200000 37.25100000 37.15400000 37.33600000 37.43000000 37.41800000 37.42400000 37.45900000 37.44400000 37.28500000 37.26600000
35.20600000 35.08200000 35.27500000 36.19900000 36.19300000 36.55600000 36.26800000 36.88100000 37.29500000 37.38000000 37.40300000 37.12500000 36.96200000 36.95800000 36.95600000 37.06500000 37.17900000 37.16600000 37.01700000 37.34800000 37.30400000 37.31700000 37.33600000 37.36800000 37.41500000 37.41100000 37.46000000 37.33600000 37.27200000 37.24800000
34.77100000 34.94500000 35.25600000 35.30600000 35.87500000 36.19100000 36.09100000 36.03900000 36.82800000 37.21000000 37.32300000 37.41400000 37.23300000 36.96300000 37.00000000 37.00800000 37.03500000 37.35800000 37.36000000 37.37400000 37.33700000 37.30300000 37.40800000 37.31400000 37.38700000 37.38900000 37.32200000 37.27500000 37.29400000 37.21000000
37.59700000 37.59700000 37.59700000 35.11400000 35.62200000 35.62300000 35.76200000 35.84900000 35.81900000 36.74600000 37.10100000 37.06300000 37.12800000 37.21400000 37.25900000 37.27400000 37.28100000 37.27500000 37.29700000 37.38100000 37.23400000 37.35800000 37.27300000 37.27400000 37.33200000 37.32000000 37.30600000 37.29600000 37.24000000 37.18100000
37.59700000 37.59700000 37.59700000 37.59700000 35.17700000 35.25600000 35.46300000 35.53700000 35.58400000 36.04800000 36.75500000 37.05300000 36.50400000 36.58000000 36.68200000 36.62900000 36.44500000 37.16600000 37.22000000 37.36200000 37.20200000 37.27600000 37.24800000 37.22600000 37.31800000 37.38500000 37.35500000 37.35900000 37.33700000 37.20600000
37.59700000 37.59700000 37.59700000 37.59700000 37.59700000 37.59700000 35.31500000 35.42800000 35.46300000 35.54800000 35.78800000 36.23500000 36.33900000 36.26400000 36.09000000 36.58600000 36.22200000 37.09400000 37.11000000 37.36300000 37.37100000 37.20100000 37.21400000 37.19400000 37.28700000 37.38000000 37.46500000 37.33600000 37.38300000 37.21900000
37.59700000 37.59700000 37.59700000 37.59700000 37.59700000 37.59700000 37.59700000 37.59700000 37.59700000 37.59700000 37.59700000 37.59700000 35.69700000 36.01100000 36.17100000 36.07500000 36.04400000 36.73800000 36.95200000 37.36000000 37.40700000 37.38700000 37.36200000 37.34900000 37.32800000 37.38800000 37.41600000 37.49200000 37.32700000 37.37000000
37.59700000 37.59700000 37.59700000 37.59700000 37.59700000 37.59700000 37.59700000 37.59700000 37.59700000 37.59700000 37.59700000 37.59700000 37.59700000 37.59700000 37.59700000 35.99500000 35.98300000 36.47200000 36.96500000 36.96200000 37.31200000 37.42600000 37.40300000 37.40700000 37.35800000 37.35700000 37.42400000 37.50200000 37.51900000 37.52900000
37.59700000 37.59700000 37.59700000 37.59700000 37.59700000 37.59700000 37.59700000 37.59700000 37.59700000 37.59700000 37.59700000 37.59700000 37.59700000 37.59700000 37.59700000 37.59700000 35.93800000 36.33300000 36.80900000 37.02400000 37.06900000 37.34900000 37.41400000 37.40000000 37.31600000 37.35000000 37.38900000 37.35200000 37.52700000 37.55900000
37.59700000 37.59700000 37.59700000 37.59700000 37.59700000 37.59700000 37.59700000 37.59700000 37.59700000 37.59700000 37.59700000 37.59700000 37.59700000 37.59700000 37.59700000 37.59700000 37.59700000 37.59700000 36.15100000 36.57300000 36.91900000 37.35000000 37.43000000 37.40800000 37.31200000 37.34600000 37.38800000 37.35900000 37.34500000 37.46200000
37.59700000 37.59700000 37.59700000 37.59700000 37.59700000 37.59700000 37.59700000 37.59700000 37.59700000 37.59700000 37.59700000 37.59700000 37.59700000 37.59700000 37.59700000 37.59700000 37.59700000 37.59700000 37.59700000 36.87200000 36.77800000 37.34400000 37.43300000 37.35900000 37.34800000 37.39700000 37.35300000 37.38000000 37.32900000 37.38000000
37.59700000 37.59700000 37.59700000 37.59700000 37.59700000 37.59700000 37.59700000 37.59700000 37.59700000 37.59700000 37.59700000 37.59700000 37.59700000 37.59700000 37.59700000 37.59700000 37.59700000 37.59700000 37.59700000 36.91400000 36.93000000 37.34200000 37.41800000 37.30500000 37.41300000 37.40100000 37.42500000 37.35800000 37.35400000 37.37700000
37.59700000 37.59700000 37.59700000 37.59700000 37.59700000 37.59700000 37.59700000 37.59700000 37.59700000 37.59700000 37.59700000 37.59700000 37.59700000 37.59700000 37.59700000 37.59700000 37.59700000 37.59700000 37.59700000 36.78300000 36.88600000 37.35900000 37.35700000 37.34500000 37.39400000 37.40000000 37.42600000 37.43700000 37.37300000 37.34400000
37.59700000 37.59700000 37.59700000 37.59700000 37.59700000 37.59700000 37.59700000 37.59700000 37.59700000 37.59700000 37.59700000 37.59700000 37.59700000 37.59700000 37.59700000 37.59700000 37.59700000 37.59700000 37.59700000 36.37400000 36.71000000 37.32200000 37.33900000 37.40500000 37.37600000 37.37700000 37.36300000 37.38200000 37.34000000 37.37900000
37.59700000 37.59700000 37.59700000 37.59700000 37.59700000 37.59700000 37.59700000 37.59700000 37.59700000 37.59700000 37.59700000 37.59700000 37.59700000 37.59700000 37.59700000 37.59700000 37.59700000 37.59700000 37.59700000 37.59700000 36.66700000 36.92100000 37.37200000 37.38400000 37.37800000 37.35600000 37.32300000 37.30100000 37.30600000 37.33500000
37.59700000 37.59700000 37.59700000 37.59700000 37.59700000 37.59700000 37.59700000 37.59700000 37.59700000 37.59700000 37.59700000 37.59700000 37.59700000 37.59700000 37.59700000 37.59700000 37.59700000 37.59700000 37.59700000 37.59700000 37.59700000 36.74000000 37.29200000 37.34400000 37.35100000 37.33500000 37.32400000 37.29800000 37.28600000 37.30000000
37.59700000 37.59700000 37.59700000 37.59700000 37.59700000 37.59700000 37.59700000 37.59700000 37.59700000 37.59700000 37.59700000 37.59700000 37.59700000 37.59700000 37.59700000 37.59700000 37.59700000 37.59700000 37.59700000 37.59700000 37.59700000 36.56100000 37.17400000 37.29500000 37.33100000 37.31200000 37.29300000 37.26000000 37.23900000 37.29300000
37.59700000 37.59700000 37.59700000 37.59700000 37.59700000 37.59700000 37.59700000 37.59700000 37.59700000 37.59700000 37.59700000 37.59700000 37.59700000 37.59700000 37.59700000 37.59700000 37.59700000 37.59700000 37.59700000 37.59700000 37.59700000 37.59700000 36.91700000 37.11500000 37.22800000 37.18400000 37.20800000 37.26400000 37.29100000 37.31800000
37.59700000 37.59700000 37.59700000 37.59700000 37.59700000 37.59700000 37.59700000 37.59700000 37.59700000 37.59700000 37.59700000 37.59700000 37.59700000 37.59700000 37.59700000 37.59700000 37.59700000 37.59700000 37.59700000 37.59700000 37.59700000 37.59700000 37.59700000 36.77200000 37.17900000 37.22000000 37.23000000 37.24500000 37.28300000 37.30400000
36.98700000 36.96200000 36.93600000 36.93100000 37.07800000 37.22000000 37.24700000 37.25300000 37.21300000 37.19900000 37.12900000 37.00900000 36.88700000 36.68600000 36.66800000 36.86100000 37.00100000 36.99800000 37.03600000 37.05600000 37.00900000 36.99100000 36.86600000 36.60300000 36.54300000 36.28900000 36.53000000 36.46600000 36.45000000 36.44100000
36.98400000 36.90400000 36.93400000 36.94700000 37.19900000 37.20500000 37.19300000 37.18700000 37.16300000 37.10100000 36.99700000 36.88100000 36.49200000 36.76900000 36.81800000 36.99200000 37.06000000 37.03600000 37.08100000 37.03000000 36.99500000 36.90600000 36.75900000 36.64800000 36.49600000 36.91200000 36.99900000 37.01600000 37.08000000 37.08700000
37.01600000 36.88900000 36.91000000 36.83200000 37.15000000 37.14800000 37.11600000 37.05500000 36.99100000 36.92500000 36.78700000 36.44700000 36.70200000 36.89400000 36.88200000 37.11800000 36.99600000 37.04400000 37.04400000 36.98200000 36.90200000 36.81500000 36.69500000 37.20300000 37.10100000 37.03800000 37.05700000 36.94000000 36.92000000 36.85800000
36.54100000 36.99700000 36.86000000 36.92700000 36.92700000 37.04400000 36.96300000 36.64100000 36.55900000 36.72000000 36.84900000 36.92300000 36.89400000 36.88800000 36.94100000 37.11500000 36.92700000 36.99600000 36.92900000 36.79700000 36.77800000 37.24000000 37.25400000 37.26200000 37.22900000 37.01900000 37.04000000 37.01400000 36.97500000 36.89400000
36.12100000 36.72900000 37.00500000 36.97200000 36.87200000 36.89000000 36.64300000 36.54000000 36.66600000 36.95000000 36.92100000 36.90500000 36.92400000 36.94600000 37.00200000 37.11700000 36.85700000 36.90100000 36.77100000 37.19100000 37.24700000 37.23500000 37.18900000 37.18500000 37.21200000 37.26500000 37.23500000 36.84600000 36.72300000 36.64300000
35.97000000 36.72500000 36.94800000 37.06700000 37.11100000 36.90900000 36.82400000 36.88700000 36.89000000 36.85900000 36.83800000 36.84700000 36.87900000 36.95800000 37.04300000 37.14700000 36.85500000 36.89700000 37.17300000 37.21400000 37.20700000 37.11200000 37.02900000 37.05700000 37.15700000 37.21900000 37.28500000 37.25500000 36.67800000 36.59400000
35.67200000 35.73700000 36.72500000 36.80700000 37.07400000 37.22600000 36.93900000 36.90700000 36.90500000 36.89300000 37.02000000 37.00100000 36.99300000 37.01900000 37.03500000 37.10000000 37.03000000 37.08900000 37.19100000 37.20200000 37.12200000 37.02200000 36.95700000 37.03700000 37.15900000 37.22600000 37.35500000 37.34000000 37.26400000 36.65300000
35.61100000 36.09400000 36.71400000 36.62600000 36.70400000 37.17700000 37.29700000 36.95200000 36.92600000 36.97800000 36.99800000 36.97700000 37.01800000 37.04300000 37.03900000 37.10100000 37.19300000 37.14700000 37.14200000 37.18400000 37.16600000 37.12600000 37.14400000 37.17000000 37.23400000 37.43900000 37.48400000 37.43100000 37.27500000 37.24200000
35.91000000 35.83700000 36.30800000 36.45100000 36.70800000 36.46100000 36.89700000 37.34000000 37.39400000 37.16100000 36.92400000 36.93300000 36.94900000 37.05600000 37.05500000 37.16300000 37.23200000 37.21400000 37.23100000 37.25100000 37.25000000 37.15400000 37.33400000 37.42900000 37.41800000 37.42300000 37.45800000 37.44300000 37.28400000 37.26600000
35.74600000 36.18700000 36.46600000 36.27900000 36.22500000 36.56000000 36.28100000 36.88000000 37.29400000 37.37900000 37.40200000 37.12400000 36.96100000 36.95700000 36.95500000 37.06500000 37.17800000 37.16500000 37.01600000 37.34800000 37.30300000 37.31600000 37.33500000 37.36700000 37.41400000 37.41000000 37.45900000 37.33500000 37.27100000 37.24700000
35.58600000 37.59700000 35.90400000 35.85900000 36.16400000 36.27500000 36.19500000 36.11300000 36.82900000 37.20900000 37.32200000 37.41300000 37.23200000 36.96100000 36.99900000 37.00700000 37.03500000 37.35800000 37.35900000 37.37300000 37.33600000 37.30200000 37.40700000 37.31300000 37.38600000 37.38800000 37.32200000 37.27400000 37.29300000 37.20900000
37.59700000 37.59700000 37.59700000 37.59700000 35.86900000 36.14300000 36.49100000 36.05400000 36.04800000 36.74900000 37.10000000 37.06200000 37.12700000 37.21300000 37.25800000 37.27300000 37.28000000 37.27400000 37.29600000 37.38000000 37.23300000 37.35700000 37.27200000 37.27300000 37.33100000 37.31900000 37.30500000 37.29400000 37.23900000 37.18100000
37.59700000 37.59700000 37.59700000 37.59700000 37.59700000 35.73600000 35.85000000 36.12400000 36.17400000 36.43200000 36.79800000 37.05100000 36.51900000 36.65500000 36.72200000 36.63300000 36.45700000 37.16500000 37.21900000 37.36100000 37.20100000 37.27500000 37.24700000 37.22500000 37.31700000 37.38400000 37.35400000 37.35800000 37.33700000 37.20500000
37.59700000 37.59700000 37.59700000 37.59700000 37.59700000 37.59700000 37.59700000 35.72900000 35.74900000 35.85100000 36.40300000 36.28500000 36.51800000 36.31600000 36.09100000 36.57900000 36.26700000 37.09200000 37.10800000 37.36200000 37.37000000 37.20000000 37.21300000 37.19300000 37.28500000 37.37900000 37.46400000 37.33600000 37.38200000 37.21900000
37.59700000 37.59700000 37.59700000 37.59700000 37.59700000 37.59700000 37.59700000 37.59700000 37.59700000 37.59700000 37.59700000 37.59700000 37.59700000 37.59700000 37.59700000 36.20300000 36.10200000 36.73600000 36.94600000 37.35900000 37.40600000 37.38600000 37.36100000 37.34700000 37.32700000 37.38700000 37.41500000 37.49100000 37.32600000 37.36900000
37.59700000 37.59700000 37.59700000 37.59700000 37.59700000 37.59700000 37.59700000 37.59700000 37.59700000 37.59700000 37.59700000 37.59700000 37.59700000 37.59700000 37.59700000 37.59700000 36.19700000 36.48200000 36.96500000 36.95200000 37.31100000 37.42500000 37.40200000 37.40600000 37.35800000 37.35600000 37.42300000 37.50100000 37.51800000 37.52800000
37.59700000 37.59700000 37.59700000 37.59700000 37.59700000 37.59700000 37.59700000 37.59700000 37.59700000 37.59700000 37.59700000 37.59700000 37.59700000 37.59700000 37.59700000 37.59700000 37.59700000 36.35800000 36.80500000 36.99000000 37.06900000 37.34900000 37.41400000 37.40000000 37.31600000 37.34900000 37.38800000 37.35000000 37.52600000 37.55800000
37.59700000 37.59700000 37.59700000 37.59700000 37.59700000 37.59700000 37.59700000 37.59700000 37.59700000 37.59700000 37.59700000 37.59700000 37.59700000 37.59700000 37.59700000 37.59700000 37.59700000 37.59700000 37.59700000 36.56700000 36.92900000 37.34900000 37.43000000 37.40800000 37.31200000 37.34400000 37.38600000 37.35800000 37.34400000 37.46100000
37.59700000 37.59700000 37.59700000 37.59700000 37.59700000 37.59700000 37.59700000 37.59700000 37.59700000 37.59700000 37.59700000 37.59700000 37.59700000 37.59700000 37.59700000 37.59700000 37.59700000 37.59700000 37.59700000 37.59700000 36.76300000 37.34400000 37.43200000 37.35900000 37.34800000 37.39600000 37.35200000 37.38000000 37.32800000 37.37900000
37.59700000 37.59700000 37.59700000 37.59700000 37.59700000 37.59700000 37.59700000 37.59700000 37.59700000 37.59700000 37.59700000 37.59700000 37.59700000 37.59700000 37.59700000 37.59700000 37.59700000 37.59700000 37.59700000 37.59700000 36.73000000 37.34100000 37.41700000 37.30400000 37.41200000 37.40000000 37.42500000 37.35700000 37.35300000 37.37600000
37.59700000 37.59700000 37.59700000 37.59700000 37.59700000 37.59700000 37.59700000 37.59700000 37.59700000 37.59700000 37.59700000 37.59700000 37.59700000 37.59700000 37.59700000 37.59700000 37.59700000 37.59700000 37.59700000 37.59700000 36.61300000 37.35900000 37.35600000 37.34300000 37.39300000 37.39800000 37.42500000 37.43600000 37.37200000 37.34300000
37.59700000 37.59700000 37.59700000 37.59700000 37.59700000 37.59700000 37.59700000 37.59700000 37.59700000 37.59700000 37.59700000 37.59700000 37.59700000 37.59700000 37.59700000 37.59700000 37.59700000 37.59700000 37.59700000 37.59700000 36.60300000 37.32100000 37.33800000 37.40400000 37.37500000 37.37600000 37.36200000 37.38100000 37.34000000 37.37800000
37.59700000 37.59700000 37.59700000 37.59700000 37.59700000 37.59700000 37.59700000 37.59700000 37.59700000 37.59700000 37.59700000 37.59700000 37.59700000 37.59700000 37.59700000 37.59700000 37.59700000 37.59700000 37.59700000 37.59700000 37.59700000 36.76700000 37.37000000 37.38300000 37.37700000 37.35500000 37.32200000 37.30000000 37.30500000 37.33400000
37.59700000 37.59700000 37.59700000 37.59700000 37.59700000 37.59700000 37.59700000 37.59700000 37.59700000 37.59700000 37.59700000 37.59700000 37.59700000 37.59700000 37.59700000 37.59700000 37.59700000 37.59700000 37.59700000 37.59700000 37.59700000 36.71800000 37.29000000 37.34300000 37.35000000 37.33500000 37.32300000 37.29700000 37.28500000 37.29900000
37.59700000 37.59700000 37.59700000 37.59700000 37.59700000 37.59700000 37.59700000 37.59700000 37.59700000 37.59700000 37.59700000 37.59700000 37.59700000 37.59700000 37.59700000 37.59700000 37.59700000 37.59700000 37.59700000 37.59700000 37.59700000 37.59700000 37.17100000 37.29400000 37.33000000 37.31100000 37.29300000 37.26000000 37.23900000 37.29300000
37.59700000 37.59700000 37.59700000 37.59700000 37.59700000 37.59700000 37.59700000 37.59700000 37.59700000 37.59700000 37.59700000 37.59700000 37.59700000 37.59700000 37.59700000 37.59700000 37.59700000 37.59700000 37.59700000 37.59700000 37.59700000 37.59700000 36.91000000 37.11400000 37.22600000 37.18300000 37.20700000 37.26400000 37.28700000 37.31800000
37.59700000 37.59700000 37.59700000 37.59700000 37.59700000 37.59700000 37.59700000 37.59700000 37.59700000 37.59700000 37.59700000 37.59700000 37.59700000 37.59700000 37.59700000 37.59700000 37.59700000 37.59700000 37.59700000 37.59700000 37.59700000 37.59700000 37.59700000 36.76200000 37.17800000 37.21900000 37.22900000 37.24500000 37.26500000 37.30300000
