 25.30000000  25.18100000  25.31100000  24.93500000  25.03300000  25.29400000  25.33300000  25.36000000  25.28500000  25.16900000  25.21700000  25.24000000  25.01300000  24.23400000  24.24400000  25.08700000  25.42800000  25.27400000  25.20400000  25.15700000  25.18500000  25.04300000  24.93900000  24.38800000  24.08300000  23.65500000  23.99700000  24.19300000  24.30900000  24.56200000
 25.20800000  25.12200000  25.26600000  24.60300000  25.24600000  25.24500000  25.19300000  25.13400000  25.16000000  25.16700000  25.16600000  24.92000000  23.80600000  24.39700000  24.52100000  25.30800000  25.18800000  25.11400000  25.14000000  25.07100000  25.04700000  24.92100000  24.52000000  24.18500000  23.75300000  24.81800000  25.02000000  25.06000000  25.10300000  24.99200000
 25.23100000  25.16100000  25.28800000  24.34400000  25.13700000  25.15300000  25.13000000  25.09200000  25.04600000  24.92100000  24.40800000  23.78100000  24.24900000  24.68700000  24.91900000  25.45600000  25.10100000  25.10300000  25.09300000  24.96900000  24.86500000  24.59600000  24.35800000  25.56900000  25.38800000  25.19500000  25.15800000  24.83200000  24.80700000  24.91500000
 24.52900000  24.93300000  25.15400000  25.27100000  24.62000000  24.92800000  24.77500000  24.08500000  23.98700000  24.16200000  24.41600000  24.66000000  24.75700000  24.92200000  25.29500000  25.45100000  24.98000000  25.02500000  24.84500000  24.52800000  24.58800000  25.58700000  25.55800000  25.56500000  25.57400000  25.18800000  25.16100000  25.10900000  25.08900000  25.16900000
 24.12600000  24.38400000  25.10300000  25.28800000  25.26900000  24.64300000  24.07800000  23.92100000  24.06800000  24.71100000  24.80800000  24.93700000  25.15900000  25.37600000  25.55500000  25.49200000  24.84100000  24.84100000  24.59700000  25.54100000  25.46200000  25.49600000  25.34900000  25.34600000  25.53900000  25.77400000  25.59200000  24.98800000  24.87400000  25.05400000
 23.84900000  23.69300000  24.65500000  25.11300000  25.46600000  25.32500000  25.24100000  25.32000000  25.33100000  25.29700000  25.27200000  25.27800000  25.32400000  25.47200000  25.65400000  25.51400000  24.81500000  24.86700000  25.48200000  25.37800000  25.37900000  25.08300000  24.93600000  25.00300000  25.21200000  25.65700000  25.96600000  25.66400000  24.82900000  25.03400000
 23.36600000  23.75300000  24.25100000  24.44000000  25.14400000  25.79600000  25.43900000  25.39700000  25.42800000  25.39300000  25.56800000  25.51500000  25.44800000  25.52300000  25.61700000  25.51900000  25.15000000  25.25400000  25.46500000  25.37900000  25.14300000  24.88100000  24.69800000  24.96400000  25.24700000  25.79300000  26.27600000  26.06100000  25.75600000  25.11900000
 23.18100000  23.69500000  24.20200000  24.08800000  24.41200000  25.43200000  25.97700000  25.50200000  25.50500000  25.61600000  25.65300000  25.56200000  25.56800000  25.59000000  25.60800000  25.53000000  25.50600000  25.40200000  25.39000000  25.31400000  25.27600000  25.18100000  25.18500000  25.37800000  25.94100000  26.49300000  26.57500000  26.34000000  25.68800000  25.79900000
 22.48600000  23.34300000  23.71600000  23.80700000  24.10600000  24.12100000  24.60300000  25.91000000  26.20500000  25.82600000  25.44100000  25.48800000  25.52400000  25.63800000  25.63700000  25.58300000  25.62300000  25.57300000  25.64400000  25.69900000  25.75600000  25.76100000  26.23500000  26.27500000  26.28100000  26.27400000  26.40400000  26.35800000  25.76300000  25.93000000
 22.77500000  23.11000000  23.23800000  23.43700000  23.34300000  23.82600000  23.92000000  24.46400000  25.83800000  26.21400000  26.33100000  25.77400000  25.43300000  25.58500000  25.55400000  25.53600000  25.63500000  25.63900000  25.58700000  26.18100000  26.09400000  25.97000000  25.98800000  26.06500000  26.21600000  26.17500000  26.39200000  26.06000000  25.76100000  25.94600000
 23.79700000  23.33400000  22.47200000  23.25700000  23.07100000  23.28900000  23.46700000  23.61600000  24.36100000  25.49100000  25.94700000  26.34200000  26.05100000  25.43900000  25.50200000  25.48900000  25.52400000  26.21800000  26.37800000  26.48900000  26.26800000  25.92400000  26.22200000  26.07500000  26.29800000  26.26600000  25.94700000  25.78100000  26.01900000  26.03400000
 27.83300000  27.83300000  27.83300000  23.76200000  23.20100000  22.92400000  23.07000000  23.05900000  23.27300000  24.18500000  25.03900000  25.01200000  25.39200000  25.73600000  25.88600000  25.92700000  25.97600000  25.95100000  26.18000000  26.55100000  25.76500000  26.14800000  25.96900000  26.30000000  26.39700000  26.10600000  25.97800000  25.97500000  25.98300000  26.06500000
 27.83300000  27.83300000  27.83300000  27.83300000  23.56800000  23.56800000  23.19000000  22.89800000  23.03900000  23.39700000  24.26200000  24.84500000  23.93100000  23.99900000  24.14000000  24.12800000  24.35800000  25.40400000  25.96000000  26.53400000  25.77700000  25.98900000  26.04700000  26.06800000  26.23800000  26.57100000  26.26400000  26.20100000  26.14100000  26.14000000
 27.83300000  27.83300000  27.83300000  27.83300000  27.83300000  27.83300000  24.23700000  23.63900000  23.16900000  23.08600000  23.15200000  23.27100000  23.45000000  23.31300000  22.20600000  23.77700000  24.00500000  25.20600000  25.76900000  26.53600000  26.54600000  25.87900000  26.01600000  25.98300000  26.08500000  26.62500000  26.70100000  26.16300000  26.24200000  26.05600000
 27.83300000  27.83300000  27.83300000  27.83300000  27.83300000  27.83300000  27.83300000  27.83300000  27.83300000  27.83300000  27.83300000  27.83300000  23.22600000  23.13300000  22.73400000  23.40200000  23.96700000  24.80900000  25.15700000  26.55200000  26.53700000  26.54900000  26.51600000  26.44100000  26.20200000  26.73700000  26.69100000  26.75100000  26.15500000  26.15500000
 27.83300000  27.83300000  27.83300000  27.83300000  27.83300000  27.83300000  27.83300000  27.83300000  27.83300000  27.83300000  27.83300000  27.83300000  27.83300000  27.83300000  27.83300000  23.44700000  23.98300000  24.72600000  24.72400000  24.97700000  26.51300000  26.57200000  26.62800000  26.63800000  26.58400000  26.83700000  26.71200000  26.76800000  26.80200000  26.78100000
 27.83300000  27.83300000  27.83300000  27.83300000  27.83300000  27.83300000  27.83300000  27.83300000  27.83300000  27.83300000  27.83300000  27.83300000  27.83300000  27.83300000  27.83300000  27.83300000  23.69300000  23.79000000  24.89800000  24.84600000  25.15700000  26.61400000  26.66200000  26.56400000  26.72600000  26.92600000  26.84300000  26.77700000  26.86100000  26.99400000
 27.83300000  27.83300000  27.83300000  27.83300000  27.83300000  27.83300000  27.83300000  27.83300000  27.83300000  27.83300000  27.83300000  27.83300000  27.83300000  27.83300000  27.83300000  27.83300000  27.83300000  27.83300000  23.44100000  24.32100000  24.64600000  26.65900000  26.58700000  26.54800000  26.82300000  26.89600000  26.96000000  26.86200000  26.82100000  26.94600000
 27.83300000  27.83300000  27.83300000  27.83300000  27.83300000  27.83300000  27.83300000  27.83300000  27.83300000  27.83300000  27.83300000  27.83300000  27.83300000  27.83300000  27.83300000  27.83300000  27.83300000  27.83300000  27.83300000  25.28100000  24.27100000  26.67100000  26.54900000  26.60000000  26.89500000  26.92400000  26.86900000  26.93000000  26.85300000  26.98900000
 27.83300000  27.83300000  27.83300000  27.83300000  27.83300000  27.83300000  27.83300000  27.83300000  27.83300000  27.83300000  27.83300000  27.83300000  27.83300000  27.83300000  27.83300000  27.83300000  27.83300000  27.83300000  27.83300000  25.46500000  25.50200000  26.71600000  26.53100000  26.72000000  27.02500000  26.87600000  26.99400000  26.87400000  26.93100000  27.08400000
 27.83300000  27.83300000  27.83300000  27.83300000  27.83300000  27.83300000  27.83300000  27.83300000  27.83300000  27.83300000  27.83300000  27.83300000  27.83300000  27.83300000  27.83300000  27.83300000  27.83300000  27.83300000  27.83300000  25.36100000  25.54900000  26.81600000  26.62800000  26.88700000  26.95700000  26.79300000  27.03300000  27.04900000  27.00800000  27.05500000
 27.83300000  27.83300000  27.83300000  27.83300000  27.83300000  27.83300000  27.83300000  27.83300000  27.83300000  27.83300000  27.83300000  27.83300000  27.83300000  27.83300000  27.83300000  27.83300000  27.83300000  27.83300000  27.83300000  24.61400000  24.65900000  26.71600000  26.82700000  27.02200000  26.84100000  26.92000000  26.96700000  26.94900000  26.89100000  27.17800000
 27.83300000  27.83300000  27.83300000  27.83300000  27.83300000  27.83300000  27.83300000  27.83300000  27.83300000  27.83300000  27.83300000  27.83300000  27.83300000  27.83300000  27.83300000  27.83300000  27.83300000  27.83300000  27.83300000  27.83300000  25.24000000  25.68800000  26.85700000  26.92600000  26.81100000  26.91700000  26.84900000  26.73000000  26.90100000  27.10000000
 27.83300000  27.83300000  27.83300000  27.83300000  27.83300000  27.83300000  27.83300000  27.83300000  27.83300000  27.83300000  27.83300000  27.83300000  27.83300000  27.83300000  27.83300000  27.83300000  27.83300000  27.83300000  27.83300000  27.83300000  27.83300000  25.16600000  26.66300000  26.77100000  26.77900000  26.83300000  26.73900000  26.58400000  26.54600000  27.12200000
 27.83300000  27.83300000  27.83300000  27.83300000  27.83300000  27.83300000  27.83300000  27.83300000  27.83300000  27.83300000  27.83300000  27.83300000  27.83300000  27.83300000  27.83300000  27.83300000  27.83300000  27.83300000  27.83300000  27.83300000  27.83300000  24.94200000  26.31900000  26.67400000  26.73700000  26.63900000  26.61600000  26.53300000  26.48300000  27.07200000
 27.83300000  27.83300000  27.83300000  27.83300000  27.83300000  27.83300000  27.83300000  27.83300000  27.83300000  27.83300000  27.83300000  27.83300000  27.83300000  27.83300000  27.83300000  27.83300000  27.83300000  27.83300000  27.83300000  27.83300000  27.83300000  27.83300000  25.91400000  26.25300000  26.46800000  26.38500000  26.54100000  26.60500000  26.99300000  27.22800000
 27.83300000  27.83300000  27.83300000  27.83300000  27.83300000  27.83300000  27.83300000  27.83300000  27.83300000  27.83300000  27.83300000  27.83300000  27.83300000  27.83300000  27.83300000  27.83300000  27.83300000  27.83300000  27.83300000  27.83300000  27.83300000  27.83300000  27.83300000  25.93200000  26.40800000  26.61200000  26.55700000  26.71300000  27.03700000  27.26200000
 25.32600000  25.20600000  25.33300000  24.94900000  25.05000000  25.31600000  25.36200000  25.37900000  25.28700000  25.21000000  25.24600000  25.25500000  25.04300000  24.26900000  24.25700000  25.10300000  25.44600000  25.29900000  25.23300000  25.16800000  25.20300000  25.06000000  24.97000000  24.39500000  24.09900000  23.67000000  24.00500000  24.20700000  24.33900000  24.57800000
 25.22200000  25.13500000  25.28200000  24.61500000  25.26100000  25.25900000  25.20700000  25.14700000  25.17100000  25.18100000  25.18300000  24.93800000  23.82000000  24.41300000  24.53400000  25.32600000  25.20700000  25.13300000  25.15800000  25.09100000  25.06500000  24.93900000  24.53500000  24.20200000  23.76700000  24.83400000  25.03800000  25.07900000  25.12200000  25.00800000
 25.26100000  25.17700000  25.30500000  24.35600000  25.15200000  25.16800000  25.14600000  25.10700000  25.06000000  24.93900000  24.42300000  23.79200000  24.26400000  24.70000000  24.92600000  25.47600000  25.11900000  25.12300000  25.11100000  24.98700000  24.88300000  24.61400000  24.37400000  25.58600000  25.40500000  25.21300000  25.17800000  24.85100000  24.82300000  24.93000000
 24.42700000  24.94600000  25.16800000  25.28400000  24.63300000  24.94200000  24.78900000  24.10900000  23.99700000  24.17600000  24.43100000  24.67300000  24.77000000  24.93500000  25.31100000  25.47100000  24.99800000  25.04200000  24.86200000  24.54300000  24.60300000  25.60900000  25.57700000  25.58400000  25.58900000  25.20500000  25.17800000  25.12600000  25.10500000  25.18600000
 24.13200000  24.45700000  25.11900000  25.30000000  25.27900000  24.63000000  24.09400000  23.93200000  24.08200000  24.72500000  24.82400000  24.95300000  25.17500000  25.39300000  25.57300000  25.50200000  24.85800000  24.85700000  24.61200000  25.56000000  25.48100000  25.51600000  25.36800000  25.36500000  25.55700000  25.79400000  25.60600000  25.00400000  24.88900000  25.07100000
 23.87000000  24.70500000  24.67500000  25.13400000  25.47600000  25.34000000  25.25700000  25.33600000  25.34800000  25.31700000  25.29000000  25.29600000  25.34100000  25.49100000  25.67100000  25.53400000  24.83200000  24.88200000  25.50000000  25.39500000  25.39800000  25.10000000  24.95000000  25.01900000  25.23000000  25.67300000  25.98600000  25.67700000  24.84600000  25.05000000
 23.45400000  23.84700000  24.26800000  24.45800000  25.16300000  25.81100000  25.45700000  25.41200000  25.44500000  25.41200000  25.58700000  25.53400000  25.46800000  25.54200000  25.63500000  25.53800000  25.16800000  25.26900000  25.48200000  25.39300000  25.16000000  24.89700000  24.71600000  24.98200000  25.26500000  25.81000000  26.29500000  26.08300000  25.77600000  25.12900000
 23.02500000  23.71200000  24.22200000  24.10700000  24.43200000  25.44800000  25.99300000  25.51900000  25.52300000  25.63400000  25.67200000  25.57800000  25.58600000  25.60800000  25.62600000  25.55100000  25.52300000  25.41900000  25.40800000  25.33200000  25.29400000  25.19900000  25.20400000  25.39400000  25.95800000  26.51300000  26.59500000  26.36000000  25.70500000  25.81400000
 21.12300000  23.36600000  23.75200000  23.82700000  24.12300000  24.14300000  24.61900000  25.92800000  26.22300000  25.83400000  25.45900000  25.50500000  25.53700000  25.65500000  25.65300000  25.60200000  25.64200000  25.59100000  25.66100000  25.71800000  25.77400000  25.77900000  26.25200000  26.29700000  26.30000000  26.29300000  26.42300000  26.37900000  25.78600000  25.95300000
 19.94100000  21.85100000  22.10700000  23.29500000  23.37900000  23.84800000  23.96400000  24.47900000  25.85600000  26.23300000  26.35000000  25.79100000  25.44900000  25.60100000  25.57300000  25.55300000  25.65400000  25.65600000  25.60500000  26.19100000  26.11200000  25.98800000  26.00800000  26.08400000  26.23500000  26.19500000  26.41300000  26.08000000  25.77900000  25.96700000
 21.17700000  27.83300000  18.56300000  18.27200000  21.74800000  23.32800000  23.59900000  23.72900000  24.38300000  25.51400000  25.96300000  26.36100000  26.07000000  25.45200000  25.51900000  25.50600000  25.54100000  26.24000000  26.39700000  26.50800000  26.28800000  25.94100000  26.23900000  26.09300000  26.31700000  26.28700000  25.96800000  25.79900000  26.04000000  26.05300000
 27.83300000  27.83300000  27.83300000  27.83300000  19.81600000  20.90100000  22.16000000  22.93600000  23.45800000  24.20800000  25.06000000  25.03000000  25.40800000  25.75400000  25.90300000  25.94400000  25.99500000  25.97000000  26.19800000  26.57200000  25.78200000  26.16500000  25.98500000  26.31900000  26.41600000  26.12800000  26.00100000  25.99400000  26.00300000  26.07600000
 27.83300000  27.83300000  27.83300000  27.83300000  27.83300000  19.36700000  20.30100000  20.22800000  21.01000000  23.47700000  24.36500000  24.86400000  23.97900000  24.16500000  24.23000000  24.14700000  24.39900000  25.42200000  25.97300000  26.55400000  25.79300000  26.00300000  26.06200000  26.08700000  26.25600000  26.59200000  26.28900000  26.22200000  26.16300000  26.15900000
 27.83300000  27.83300000  27.83300000  27.83300000  27.83300000  27.83300000  27.83300000  19.57200000  19.68700000  19.77900000  22.43400000  23.34400000  23.68800000  23.34000000  22.12000000  23.77700000  24.03700000  25.22800000  25.78000000  26.55700000  26.56800000  25.89700000  26.03400000  26.00300000  26.10500000  26.64600000  26.72200000  26.18700000  26.26200000  26.07300000
 27.83300000  27.83300000  27.83300000  27.83300000  27.83300000  27.83300000  27.83300000  27.83300000  27.83300000  27.83300000  27.83300000  27.83300000  27.83300000  27.83300000  27.83300000  20.73300000  23.94300000  24.83300000  25.14700000  26.57200000  26.55500000  26.56700000  26.53700000  26.46100000  26.22100000  26.75900000  26.71400000  26.77300000  26.17600000  26.17200000
 27.83300000  27.83300000  27.83300000  27.83300000  27.83300000  27.83300000  27.83300000  27.83300000  27.83300000  27.83300000  27.83300000  27.83300000  27.83300000  27.83300000  27.83300000  27.83300000  23.53600000  24.73500000  24.75100000  24.95500000  26.53000000  26.59300000  26.64900000  26.66000000  26.60000000  26.85900000  26.73500000  26.78800000  26.82100000  26.80200000
 27.83300000  27.83300000  27.83300000  27.83300000  27.83300000  27.83300000  27.83300000  27.83300000  27.83300000  27.83300000  27.83300000  27.83300000  27.83300000  27.83300000  27.83300000  27.83300000  27.83300000  21.65600000  24.84300000  24.73400000  25.17200000  26.63800000  26.68400000  26.58600000  26.74100000  26.94700000  26.86600000  26.79800000  26.88200000  27.01000000
 27.83300000  27.83300000  27.83300000  27.83300000  27.83300000  27.83300000  27.83300000  27.83300000  27.83300000  27.83300000  27.83300000  27.83300000  27.83300000  27.83300000  27.83300000  27.83300000  27.83300000  27.83300000  27.83300000  24.32900000  24.70500000  26.68600000  26.60700000  26.56800000  26.83900000  26.91600000  26.98200000  26.88500000  26.84300000  26.97100000
 27.83300000  27.83300000  27.83300000  27.83300000  27.83300000  27.83300000  27.83300000  27.83300000  27.83300000  27.83300000  27.83300000  27.83300000  27.83300000  27.83300000  27.83300000  27.83300000  27.83300000  27.83300000  27.83300000  27.83300000  24.17100000  26.69800000  26.56500000  26.61300000  26.91600000  26.94200000  26.88900000  26.95100000  26.87500000  27.01000000
 27.83300000  27.83300000  27.83300000  27.83300000  27.83300000  27.83300000  27.83300000  27.83300000  27.83300000  27.83300000  27.83300000  27.83300000  27.83300000  27.83300000  27.83300000  27.83300000  27.83300000  27.83300000  27.83300000  27.83300000  24.44300000  26.73900000  26.54800000  26.73600000  27.04400000  26.89200000  27.01300000  26.89400000  26.95200000  27.10400000
 27.83300000  27.83300000  27.83300000  27.83300000  27.83300000  27.83300000  27.83300000  27.83300000  27.83300000  27.83300000  27.83300000  27.83300000  27.83300000  27.83300000  27.83300000  27.83300000  27.83300000  27.83300000  27.83300000  27.83300000  23.23000000  26.83500000  26.64500000  26.90600000  26.97800000  26.81200000  27.05100000  27.06700000  27.02500000  27.07000000
 27.83300000  27.83300000  27.83300000  27.83300000  27.83300000  27.83300000  27.83300000  27.83300000  27.83300000  27.83300000  27.83300000  27.83300000  27.83300000  27.83300000  27.83300000  27.83300000  27.83300000  27.83300000  27.83300000  27.83300000  23.45200000  26.73200000  26.84400000  27.04300000  26.86100000  26.93700000  26.98400000  26.96500000  26.90300000  27.19500000
 27.83300000  27.83300000  27.83300000  27.83300000  27.83300000  27.83300000  27.83300000  27.83300000  27.83300000  27.83300000  27.83300000  27.83300000  27.83300000  27.83300000  27.83300000  27.83300000  27.83300000  27.83300000  27.83300000  27.83300000  27.83300000  24.92300000  26.87800000  26.94600000  26.83200000  26.93600000  26.86700000  26.74700000  26.91400000  27.11800000
 27.83300000  27.83300000  27.83300000  27.83300000  27.83300000  27.83300000  27.83300000  27.83300000  27.83300000  27.83300000  27.83300000  27.83300000  27.83300000  27.83300000  27.83300000  27.83300000  27.83300000  27.83300000  27.83300000  27.83300000  27.83300000  25.11100000  26.68600000  26.78900000  26.79700000  26.85300000  26.75700000  26.60000000  26.56400000  27.13800000
 27.83300000  27.83300000  27.83300000  27.83300000  27.83300000  27.83300000  27.83300000  27.83300000  27.83300000  27.83300000  27.83300000  27.83300000  27.83300000  27.83300000  27.83300000  27.83300000  27.83300000  27.83300000  27.83300000  27.83300000  27.83300000  27.83300000  26.34200000  26.69100000  26.75500000  26.65800000  26.63500000  26.55000000  26.49800000  27.09000000
 27.83300000  27.83300000  27.83300000  27.83300000  27.83300000  27.83300000  27.83300000  27.83300000  27.83300000  27.83300000  27.83300000  27.83300000  27.83300000  27.83300000  27.83300000  27.83300000  27.83300000  27.83300000  27.83300000  27.83300000  27.83300000  27.83300000  25.94600000  26.27100000  26.48400000  26.40400000  26.56000000  26.62200000  27.01200000  27.25000000
 27.83300000  27.83300000  27.83300000  27.83300000  27.83300000  27.83300000  27.83300000  27.83300000  27.83300000  27.83300000  27.83300000  27.83300000  27.83300000  27.83300000  27.83300000  27.83300000  27.83300000  27.83300000  27.83300000  27.83300000  27.83300000  27.83300000  27.83300000  25.96800000  26.42900000  26.62800000  26.57500000  26.72900000  26.98200000  27.28000000
