25.29400000 25.17800000 25.30900000 24.92700000 25.03600000 25.29100000 25.33200000 25.35300000 25.27900000 25.16500000 25.21500000 25.23700000 25.00900000 24.22400000 24.24600000 25.08500000 25.42400000 25.26800000 25.20000000 25.15600000 25.18000000 25.03600000 24.93100000 24.37600000 24.08100000 23.65200000 23.99500000 24.19100000 24.31000000 24.56000000
25.20900000 25.11400000 25.25700000 24.63000000 25.24100000 25.23900000 25.18500000 25.12500000 25.15000000 25.16000000 25.16100000 24.90800000 23.79700000 24.39600000 24.52100000 25.30500000 25.17900000 25.11000000 25.13400000 25.07000000 25.04000000 24.91600000 24.51300000 24.18200000 23.76100000 24.82800000 25.03300000 25.06400000 25.09400000 24.98000000
25.23400000 25.15700000 25.28400000 24.34800000 25.13400000 25.14900000 25.12200000 25.08700000 25.04400000 24.91700000 24.38700000 23.77800000 24.25300000 24.68300000 24.92200000 25.45000000 25.09000000 25.09700000 25.08600000 24.96200000 24.85400000 24.58100000 24.38800000 25.57000000 25.37500000 25.18900000 25.15000000 24.82900000 24.80100000 24.91000000
24.53500000 24.93200000 25.15200000 25.26400000 24.63600000 24.92000000 24.77100000 24.07400000 23.98600000 24.16000000 24.41200000 24.65400000 24.75100000 24.92000000 25.29700000 25.43900000 24.97400000 25.01800000 24.83600000 24.51500000 24.61400000 25.58500000 25.55200000 25.56000000 25.57000000 25.18800000 25.15500000 25.10400000 25.08200000 25.16500000
24.12000000 24.39300000 25.09500000 25.28900000 25.26200000 24.65700000 24.08200000 23.91000000 24.06300000 24.70800000 24.80500000 24.93200000 25.15300000 25.37200000 25.55200000 25.47900000 24.83700000 24.83200000 24.59100000 25.54400000 25.45300000 25.48900000 25.33700000 25.33500000 25.52800000 25.76900000 25.58700000 24.98000000 24.87100000 25.04800000
23.84800000 23.68100000 24.63800000 25.10600000 25.46700000 25.32300000 25.23000000 25.31100000 25.32200000 25.28800000 25.26400000 25.27100000 25.31800000 25.46600000 25.64900000 25.50600000 24.80000000 24.87100000 25.47900000 25.36900000 25.36900000 25.07600000 24.92600000 24.99300000 25.20700000 25.65200000 25.96600000 25.65600000 24.82100000 25.03100000
23.37700000 23.74900000 24.24400000 24.42200000 25.13300000 25.79500000 25.43000000 25.38800000 25.42200000 25.38900000 25.56300000 25.51000000 25.44400000 25.51600000 25.61100000 25.51600000 25.13700000 25.25300000 25.45600000 25.37300000 25.13500000 24.87200000 24.69400000 24.96400000 25.24600000 25.79400000 26.27400000 26.05800000 25.75100000 25.11300000
23.18400000 23.68200000 24.18400000 24.06600000 24.39100000 25.42300000 25.97200000 25.49600000 25.49800000 25.60900000 25.64600000 25.55400000 25.56100000 25.58200000 25.60200000 25.52500000 25.49700000 25.39500000 25.38500000 25.30700000 25.27200000 25.17800000 25.18300000 25.38300000 25.95500000 26.49200000 26.56900000 26.33500000 25.68000000 25.80300000
22.47900000 23.32200000 23.66700000 23.78300000 24.09000000 24.10800000 24.59700000 25.91500000 26.20000000 25.82100000 25.43300000 25.48600000 25.51600000 25.63400000 25.63100000 25.58200000 25.61900000 25.56600000 25.63800000 25.69700000 25.75200000 25.76100000 26.24500000 26.25400000 26.26700000 26.26400000 26.39400000 26.35300000 25.75900000 25.92900000
22.76800000 23.13000000 23.20800000 23.41200000 23.32800000 23.80300000 23.92000000 24.49700000 25.83500000 26.21400000 26.33000000 25.74700000 25.42700000 25.58200000 25.54700000 25.53100000 25.63400000 25.63200000 25.58300000 26.16800000 26.11200000 25.95900000 25.98000000 26.06300000 26.21400000 26.17100000 26.38600000 26.05200000 25.75800000 25.94300000
23.78800000 23.25800000 22.41500000 23.23900000 23.05000000 23.27400000 23.46400000 23.61600000 24.38500000 25.48300000 25.94400000 26.34000000 26.01500000 25.43400000 25.49600000 25.48500000 25.51900000 26.20900000 26.37200000 26.48600000 26.25800000 25.91600000 26.21800000 26.06300000 26.28900000 26.25500000 25.93900000 25.77500000 26.01500000 26.02900000
27.83300000 27.83300000 27.83300000 23.74200000 23.19100000 22.91200000 23.05600000 23.04800000 23.27900000 24.20500000 25.00600000 25.00400000 25.37700000 25.73700000 25.89400000 25.92600000 25.98300000 25.94200000 26.17400000 26.54500000 25.75800000 26.14100000 25.96200000 26.29300000 26.39100000 26.10400000 25.96600000 25.97300000 25.97900000 26.06300000
27.83300000 27.83300000 27.83300000 27.83300000 23.56100000 23.55600000 23.17900000 22.88700000 23.02700000 23.41700000 24.32800000 24.81100000 23.90100000 23.99700000 24.14400000 24.11300000 24.35200000 25.40600000 25.94900000 26.52800000 25.77000000 25.98100000 26.04100000 26.06000000 26.23000000 26.56500000 26.26100000 26.19600000 26.13800000 26.13500000
27.83300000 27.83300000 27.83300000 27.83300000 27.83300000 27.83300000 24.22400000 23.60300000 23.13500000 23.07200000 23.15500000 23.25700000 23.44200000 23.28100000 22.24200000 23.77700000 24.00600000 25.18900000 25.75800000 26.52600000 26.54300000 25.87300000 26.01000000 25.97800000 26.08100000 26.61900000 26.69300000 26.15200000 26.23800000 26.05200000
27.83300000 27.83300000 27.83300000 27.83300000 27.83300000 27.83300000 27.83300000 27.83300000 27.83300000 27.83300000 27.83300000 27.83300000 23.20800000 23.11800000 22.71000000 23.39900000 23.97300000 24.79700000 25.12900000 26.54400000 26.53100000 26.54300000 26.51600000 26.44300000 26.19900000 26.73300000 26.68600000 26.74400000 26.15200000 26.14900000
27.83300000 27.83300000 27.83300000 27.83300000 27.83300000 27.83300000 27.83300000 27.83300000 27.83300000 27.83300000 27.83300000 27.83300000 27.83300000 27.83300000 27.83300000 23.43700000 23.99400000 24.71900000 24.67900000 24.98300000 26.49300000 26.56700000 26.62400000 26.62500000 26.58400000 26.83200000 26.70500000 26.76100000 26.79700000 26.78100000
27.83300000 27.83300000 27.83300000 27.83300000 27.83300000 27.83300000 27.83300000 27.83300000 27.83300000 27.83300000 27.83300000 27.83300000 27.83300000 27.83300000 27.83300000 27.83300000 23.68600000 23.73300000 24.89200000 24.87500000 25.14700000 26.60800000 26.65700000 26.54900000 26.72400000 26.92000000 26.83700000 26.77000000 26.85400000 26.99000000
27.83300000 27.83300000 27.83300000 27.83300000 27.83300000 27.83300000 27.83300000 27.83300000 27.83300000 27.83300000 27.83300000 27.83300000 27.83300000 27.83300000 27.83300000 27.83300000 27.83300000 27.83300000 23.39300000 24.27300000 24.56200000 26.65300000 26.58400000 26.53800000 26.82100000 26.89000000 26.95400000 26.85300000 26.81500000 26.93900000
27.83300000 27.83300000 27.83300000 27.83300000 27.83300000 27.83300000 27.83300000 27.83300000 27.83300000 27.83300000 27.83300000 27.83300000 27.83300000 27.83300000 27.83300000 27.83300000 27.83300000 27.83300000 27.83300000 25.27200000 24.25000000 26.66100000 26.54300000 26.59900000 26.89000000 26.91600000 26.86200000 26.92100000 26.84700000 26.98600000
27.83300000 27.83300000 27.83300000 27.83300000 27.83300000 27.83300000 27.83300000 27.83300000 27.83300000 27.83300000 27.83300000 27.83300000 27.83300000 27.83300000 27.83300000 27.83300000 27.83300000 27.83300000 27.83300000 25.45500000 25.44400000 26.71200000 26.52600000 26.71700000 27.02100000 26.86700000 26.99100000 26.86800000 26.92600000 27.07600000
27.83300000 27.83300000 27.83300000 27.83300000 27.83300000 27.83300000 27.83300000 27.83300000 27.83300000 27.83300000 27.83300000 27.83300000 27.83300000 27.83300000 27.83300000 27.83300000 27.83300000 27.83300000 27.83300000 25.34100000 25.53900000 26.81200000 26.62800000 26.88900000 26.94500000 26.79100000 27.02800000 27.04300000 27.00400000 27.04600000
27.83300000 27.83300000 27.83300000 27.83300000 27.83300000 27.83300000 27.83300000 27.83300000 27.83300000 27.83300000 27.83300000 27.83300000 27.83300000 27.83300000 27.83300000 27.83300000 27.83300000 27.83300000 27.83300000 24.59100000 24.60800000 26.71100000 26.82500000 27.01900000 26.83200000 26.91600000 26.95900000 26.93800000 26.88900000 27.17300000
27.83300000 27.83300000 27.83300000 27.83300000 27.83300000 27.83300000 27.83300000 27.83300000 27.83300000 27.83300000 27.83300000 27.83300000 27.83300000 27.83300000 27.83300000 27.83300000 27.83300000 27.83300000 27.83300000 27.83300000 25.21700000 25.69600000 26.85300000 26.91400000 26.80400000 26.91000000 26.84400000 26.72300000 26.88800000 27.09800000
27.83300000 27.83300000 27.83300000 27.83300000 27.83300000 27.83300000 27.83300000 27.83300000 27.83300000 27.83300000 27.83300000 27.83300000 27.83300000 27.83300000 27.83300000 27.83300000 27.83300000 27.83300000 27.83300000 27.83300000 27.83300000 25.15000000 26.65200000 26.76100000 26.77300000 26.82900000 26.73000000 26.57000000 26.53000000 27.10500000
27.83300000 27.83300000 27.83300000 27.83300000 27.83300000 27.83300000 27.83300000 27.83300000 27.83300000 27.83300000 27.83300000 27.83300000 27.83300000 27.83300000 27.83300000 27.83300000 27.83300000 27.83300000 27.83300000 27.83300000 27.83300000 24.92800000 26.30800000 26.66900000 26.72800000 26.63300000 26.61300000 26.52900000 26.48000000 27.08800000
27.83300000 27.83300000 27.83300000 27.83300000 27.83300000 27.83300000 27.83300000 27.83300000 27.83300000 27.83300000 27.83300000 27.83300000 27.83300000 27.83300000 27.83300000 27.83300000 27.83300000 27.83300000 27.83300000 27.83300000 27.83300000 27.83300000 25.89900000 26.24600000 26.48100000 26.38800000 26.52900000 26.59500000 26.98200000 27.23800000
27.83300000 27.83300000 27.83300000 27.83300000 27.83300000 27.83300000 27.83300000 27.83300000 27.83300000 27.83300000 27.83300000 27.83300000 27.83300000 27.83300000 27.83300000 27.83300000 27.83300000 27.83300000 27.83300000 27.83300000 27.83300000 27.83300000 27.83300000 25.91800000 26.39900000 26.60500000 26.54800000 26.70900000 27.01000000 27.26100000
25.32000000 25.20200000 25.32900000 24.94100000 25.05600000 25.31200000 25.36000000 25.37300000 25.28100000 25.20600000 25.24400000 25.25200000 25.03700000 24.26000000 24.25800000 25.10100000 25.44200000 25.29300000 25.22900000 25.16900000 25.19900000 25.05300000 24.96200000 24.38300000 24.09700000 23.66700000 24.00300000 24.20500000 24.33900000 24.57500000
25.22300000 25.12900000 25.27300000 24.64300000 25.25800000 25.25500000 25.20100000 25.13900000 25.16200000 25.17600000 25.17800000 24.92700000 23.81200000 24.41200000 24.53400000 25.32400000 25.19700000 25.12900000 25.15200000 25.09000000 25.05800000 24.93400000 24.53100000 24.19900000 23.77400000 24.84400000 25.05100000 25.08300000 25.11200000 24.99600000
25.26300000 25.17300000 25.30100000 24.36100000 25.15100000 25.16500000 25.13900000 25.10400000 25.05800000 24.93500000 24.40500000 23.79100000 24.26900000 24.69700000 24.93000000 25.47000000 25.10800000 25.11700000 25.10400000 24.98000000 24.87300000 24.60000000 24.40700000 25.58800000 25.39300000 25.20700000 25.17000000 24.84800000 24.81900000 24.92600000
24.42500000 24.94400000 25.16500000 25.27700000 24.65200000 24.93700000 24.78800000 24.09600000 23.99800000 24.17600000 24.42800000 24.67000000 24.76600000 24.93500000 25.31400000 25.45900000 24.99200000 25.03600000 24.85200000 24.53100000 24.62900000 25.60600000 25.57000000 25.57900000 25.58700000 25.20600000 25.17100000 25.12000000 25.09700000 25.18200000
24.12700000 24.46200000 25.11400000 25.30200000 25.27300000 24.64600000 24.09700000 23.92200000 24.07900000 24.72300000 24.82200000 24.94900000 25.16900000 25.38900000 25.57000000 25.49100000 24.85400000 24.84800000 24.60600000 25.56400000 25.47300000 25.50900000 25.35600000 25.35400000 25.54600000 25.78800000 25.60200000 24.99600000 24.88600000 25.06600000
23.86900000 24.70700000 24.66100000 25.12800000 25.48000000 25.34100000 25.25000000 25.32900000 25.33900000 25.30800000 25.28300000 25.29000000 25.33600000 25.48500000 25.66700000 25.52800000 24.81800000 24.88700000 25.49800000 25.38700000 25.38800000 25.09300000 24.94100000 25.01000000 25.22500000 25.66800000 25.98600000 25.67100000 24.83700000 25.04700000
23.44800000 23.89300000 24.26400000 24.44200000 25.15300000 25.81100000 25.45000000 25.40800000 25.44100000 25.40900000 25.58200000 25.53000000 25.46500000 25.53500000 25.62900000 25.53500000 25.15500000 25.26900000 25.47400000 25.38800000 25.15200000 24.88900000 24.71200000 24.98200000 25.26300000 25.81200000 26.29400000 26.08000000 25.77200000 25.12300000
23.02800000 23.70100000 24.20700000 24.08800000 24.41400000 25.44000000 25.98800000 25.51500000 25.51600000 25.62800000 25.66600000 25.57100000 25.58000000 25.60100000 25.62100000 25.54800000 25.51500000 25.41200000 25.40400000 25.32600000 25.28900000 25.19600000 25.20000000 25.39900000 25.97200000 26.51200000 26.58900000 26.35500000 25.69900000 25.81800000
21.10000000 23.34800000 23.72400000 23.80500000 24.10800000 24.13000000 24.61400000 25.93500000 26.21900000 25.83200000 25.45200000 25.50400000 25.53200000 25.65200000 25.64900000 25.60200000 25.63900000 25.58300000 25.65600000 25.71700000 25.77100000 25.78000000 26.26300000 26.27500000 26.28700000 26.28300000 26.41300000 26.37400000 25.78100000 25.95300000
19.97000000 21.93800000 22.07200000 23.26100000 23.37100000 23.82300000 23.96200000 24.51100000 25.85500000 26.23400000 26.34900000 25.76400000 25.44500000 25.60000000 25.56700000 25.55100000 25.65400000 25.65100000 25.60100000 26.17900000 26.13000000 25.97600000 26.00100000 26.08200000 26.23400000 26.19200000 26.40700000 26.07200000 25.77500000 25.96400000
21.15300000 27.83300000 18.53000000 18.25700000 21.61100000 23.30600000 23.58100000 23.74400000 24.40400000 25.50600000 25.96000000 26.36000000 26.03500000 25.44900000 25.51300000 25.50200000 25.53700000 26.23100000 26.39100000 26.50500000 26.27800000 25.93400000 26.23500000 26.08100000 26.30800000 26.27600000 25.96100000 25.79500000 26.03600000 26.04700000
27.83300000 27.83300000 27.83300000 27.83300000 19.82500000 21.02300000 22.17400000 22.88100000 23.48200000 24.22700000 25.03000000 25.02400000 25.39500000 25.75500000 25.91000000 25.94400000 26.00100000 25.96300000 26.19200000 26.56600000 25.77500000 26.15700000 25.98000000 26.31300000 26.41100000 26.12700000 25.99100000 25.99400000 25.99900000 26.07400000
27.83300000 27.83300000 27.83300000 27.83300000 27.83300000 19.31400000 20.33400000 20.22600000 21.10200000 23.54300000 24.41200000 24.83300000 23.94400000 24.17200000 24.22700000 24.13200000 24.38900000 25.42500000 25.96200000 26.54800000 25.78700000 25.99600000 26.05700000 26.07900000 26.24900000 26.58700000 26.28600000 26.21700000 26.16000000 26.15400000
27.83300000 27.83300000 27.83300000 27.83300000 27.83300000 27.83300000 27.83300000 19.52200000 19.69700000 19.80500000 22.59800000 23.33700000 23.65800000 23.29400000 22.12600000 23.78600000 24.04200000 25.21200000 25.77100000 26.54600000 26.56500000 25.89200000 26.02800000 25.99800000 26.10200000 26.64000000 26.71500000 26.17500000 26.25700000 26.06800000
27.83300000 27.83300000 27.83300000 27.83300000 27.83300000 27.83300000 27.83300000 27.83300000 27.83300000 27.83300000 27.83300000 27.83300000 27.83300000 27.83300000 27.83300000 20.70200000 23.95300000 24.82300000 25.12800000 26.56500000 26.55100000 26.56200000 26.53800000 26.46400000 26.21900000 26.75500000 26.70900000 26.76700000 26.17400000 26.16600000
27.83300000 27.83300000 27.83300000 27.83300000 27.83300000 27.83300000 27.83300000 27.83300000 27.83300000 27.83300000 27.83300000 27.83300000 27.83300000 27.83300000 27.83300000 27.83300000 23.52700000 24.73200000 24.70500000 24.97700000 26.51200000 26.58800000 26.64500000 26.64800000 26.60100000 26.85500000 26.72900000 26.78300000 26.81500000 26.80200000
27.83300000 27.83300000 27.83300000 27.83300000 27.83300000 27.83300000 27.83300000 27.83300000 27.83300000 27.83300000 27.83300000 27.83300000 27.83300000 27.83300000 27.83300000 27.83300000 27.83300000 21.60100000 24.77300000 24.61600000 25.16300000 26.63100000 26.68000000 26.57200000 26.74000000 26.94200000 26.86000000 26.79200000 26.87700000 27.00600000
27.83300000 27.83300000 27.83300000 27.83300000 27.83300000 27.83300000 27.83300000 27.83300000 27.83300000 27.83300000 27.83300000 27.83300000 27.83300000 27.83300000 27.83300000 27.83300000 27.83300000 27.83300000 27.83300000 24.28500000 24.63200000 26.68100000 26.60400000 26.55900000 26.83700000 26.91100000 26.97600000 26.87700000 26.83800000 26.96500000
27.83300000 27.83300000 27.83300000 27.83300000 27.83300000 27.83300000 27.83300000 27.83300000 27.83300000 27.83300000 27.83300000 27.83300000 27.83300000 27.83300000 27.83300000 27.83300000 27.83300000 27.83300000 27.83300000 27.83300000 24.17100000 26.69000000 26.56100000 26.61400000 26.91100000 26.93700000 26.88300000 26.94200000 26.87100000 27.00900000
27.83300000 27.83300000 27.83300000 27.83300000 27.83300000 27.83300000 27.83300000 27.83300000 27.83300000 27.83300000 27.83300000 27.83300000 27.83300000 27.83300000 27.83300000 27.83300000 27.83300000 27.83300000 27.83300000 27.83300000 24.50200000 26.73500000 26.54500000 26.73500000 27.04100000 26.88300000 27.01100000 26.88800000 26.94800000 27.09800000
27.83300000 27.83300000 27.83300000 27.83300000 27.83300000 27.83300000 27.83300000 27.83300000 27.83300000 27.83300000 27.83300000 27.83300000 27.83300000 27.83300000 27.83300000 27.83300000 27.83300000 27.83300000 27.83300000 27.83300000 23.39300000 26.83000000 26.64200000 26.90800000 26.96700000 26.80900000 27.04600000 27.06200000 27.02200000 27.06400000
27.83300000 27.83300000 27.83300000 27.83300000 27.83300000 27.83300000 27.83300000 27.83300000 27.83300000 27.83300000 27.83300000 27.83300000 27.83300000 27.83300000 27.83300000 27.83300000 27.83300000 27.83300000 27.83300000 27.83300000 23.46200000 26.72800000 26.84400000 27.04000000 26.85300000 26.93400000 26.97700000 26.95400000 26.90200000 27.18900000
27.83300000 27.83300000 27.83300000 27.83300000 27.83300000 27.83300000 27.83300000 27.83300000 27.83300000 27.83300000 27.83300000 27.83300000 27.83300000 27.83300000 27.83300000 27.83300000 27.83300000 27.83300000 27.83300000 27.83300000 27.83300000 24.91000000 26.87200000 26.93500000 26.82600000 26.93000000 26.86200000 26.74000000 26.90300000 27.11600000
27.83300000 27.83300000 27.83300000 27.83300000 27.83300000 27.83300000 27.83300000 27.83300000 27.83300000 27.83300000 27.83300000 27.83300000 27.83300000 27.83300000 27.83300000 27.83300000 27.83300000 27.83300000 27.83300000 27.83300000 27.83300000 25.12400000 26.67600000 26.78200000 26.79100000 26.85000000 26.74900000 26.58700000 26.54900000 27.12200000
27.83300000 27.83300000 27.83300000 27.83300000 27.83300000 27.83300000 27.83300000 27.83300000 27.83300000 27.83300000 27.83300000 27.83300000 27.83300000 27.83300000 27.83300000 27.83300000 27.83300000 27.83300000 27.83300000 27.83300000 27.83300000 27.83300000 26.33200000 26.68700000 26.74700000 26.65200000 26.63300000 26.54500000 26.49500000 27.10500000
27.83300000 27.83300000 27.83300000 27.83300000 27.83300000 27.83300000 27.83300000 27.83300000 27.83300000 27.83300000 27.83300000 27.83300000 27.83300000 27.83300000 27.83300000 27.83300000 27.83300000 27.83300000 27.83300000 27.83300000 27.83300000 27.83300000 25.93100000 26.26400000 26.49800000 26.40700000 26.54800000 26.61400000 27.00800000 27.25900000
27.83300000 27.83300000 27.83300000 27.83300000 27.83300000 27.83300000 27.83300000 27.83300000 27.83300000 27.83300000 27.83300000 27.83300000 27.83300000 27.83300000 27.83300000 27.83300000 27.83300000 27.83300000 27.83300000 27.83300000 27.83300000 27.83300000 27.83300000 25.95600000 26.42200000 26.62100000 26.56500000 26.72600000 26.96800000 27.28200000
