 25.28900000  25.17500000  25.30800000  24.91900000  25.04100000  25.28800000  25.33000000  25.34600000  25.27200000  25.16200000  25.21400000  25.23400000  25.00500000  24.21800000  24.25000000  25.08300000  25.42000000  25.26200000  25.19600000  25.15300000  25.17700000  25.03000000  24.92100000  24.36400000  24.08000000  23.64900000  23.99300000  24.18900000  24.31100000  24.55800000
 25.21000000  25.10700000  25.24800000  24.65700000  25.23700000  25.23400000  25.17800000  25.11500000  25.14000000  25.15400000  25.15700000  24.89800000  23.79000000  24.39700000  24.52100000  25.30200000  25.17000000  25.10500000  25.12900000  25.06900000  25.03200000  24.91200000  24.51100000  24.18000000  23.76500000  24.83200000  25.04400000  25.06600000  25.08600000  24.96700000
 25.23600000  25.15200000  25.27900000  24.35400000  25.13100000  25.14500000  25.11500000  25.08300000  25.04000000  24.91200000  24.36800000  23.77500000  24.25900000  24.68000000  24.92600000  25.44300000  25.07900000  25.09100000  25.07900000  24.95500000  24.84400000  24.56900000  24.41400000  25.56800000  25.36200000  25.18200000  25.14200000  24.82600000  24.79600000  24.90800000
 24.54000000  24.93200000  25.15000000  25.25400000  24.65200000  24.91400000  24.76900000  24.06600000  23.98600000  24.16100000  24.40900000  24.64900000  24.74500000  24.91900000  25.29900000  25.42800000  24.96700000  25.01100000  24.82600000  24.50300000  24.63900000  25.58200000  25.54500000  25.55600000  25.56700000  25.18800000  25.14700000  25.09800000  25.07400000  25.16000000
 24.11400000  24.41300000  25.08900000  25.28900000  25.25300000  24.67100000  24.08100000  23.90400000  24.06000000  24.70400000  24.80300000  24.92700000  25.14600000  25.36700000  25.55000000  25.46700000  24.83300000  24.82300000  24.58500000  25.54500000  25.44400000  25.48200000  25.32400000  25.32400000  25.51800000  25.76300000  25.58300000  24.97300000  24.86700000  25.04300000
 23.84700000  23.67500000  24.62500000  25.10100000  25.46800000  25.32300000  25.22200000  25.30300000  25.31300000  25.27900000  25.25800000  25.26400000  25.31200000  25.46000000  25.64500000  25.50000000  24.78700000  24.87300000  25.47500000  25.36200000  25.35900000  25.06800000  24.91700000  24.98400000  25.20300000  25.64600000  25.96500000  25.64800000  24.81200000  25.02700000
 23.38700000  23.74700000  24.23500000  24.40600000  25.12400000  25.79400000  25.42300000  25.38200000  25.41700000  25.38500000  25.56000000  25.50600000  25.44100000  25.50900000  25.60500000  25.51200000  25.12500000  25.25200000  25.44900000  25.36700000  25.12600000  24.86800000  24.69100000  24.96400000  25.24400000  25.79500000  26.27500000  26.05600000  25.74800000  25.10700000
 23.18600000  23.67000000  24.16900000  24.04600000  24.37700000  25.41100000  25.96600000  25.49200000  25.49100000  25.60200000  25.63900000  25.54700000  25.55400000  25.57500000  25.59700000  25.52100000  25.48900000  25.38700000  25.38000000  25.30200000  25.26700000  25.17500000  25.18000000  25.38700000  25.96800000  26.48900000  26.56400000  26.33100000  25.67700000  25.81000000
 22.47300000  23.30600000  23.61500000  23.75900000  24.07500000  24.09700000  24.59400000  25.92200000  26.19500000  25.81800000  25.42600000  25.48400000  25.50900000  25.63000000  25.62600000  25.58100000  25.61500000  25.55900000  25.63200000  25.69500000  25.74800000  25.76100000  26.25100000  26.23400000  26.25400000  26.25400000  26.38500000  26.34700000  25.75400000  25.93000000
 22.76700000  23.14200000  23.18000000  23.38700000  23.31800000  23.77800000  23.91800000  24.53300000  25.83300000  26.21500000  26.32900000  25.72000000  25.42200000  25.57900000  25.54100000  25.52800000  25.63300000  25.62700000  25.58000000  26.16000000  26.13000000  25.94900000  25.97400000  26.06300000  26.21300000  26.16800000  26.38100000  26.04400000  25.75400000  25.94000000
 23.77900000  23.17700000  22.34100000  23.21100000  23.02500000  23.26100000  23.46100000  23.61800000  24.42000000  25.47300000  25.94300000  26.33700000  25.97600000  25.43100000  25.48900000  25.48000000  25.51400000  26.20000000  26.36600000  26.48400000  26.24900000  25.91000000  26.21400000  26.05200000  26.27900000  26.24600000  25.93400000  25.77000000  26.01000000  26.02300000
 27.83300000  27.83300000  27.83300000  23.72200000  23.17800000  22.89900000  23.04400000  23.03800000  23.28800000  24.23700000  24.97500000  24.99900000  25.36500000  25.74100000  25.89900000  25.92600000  25.99000000  25.93600000  26.16700000  26.53900000  25.75200000  26.13300000  25.95600000  26.28700000  26.38600000  26.10200000  25.95700000  25.97400000  25.97500000  26.06000000
 27.83300000  27.83300000  27.83300000  27.83300000  23.55200000  23.53500000  23.16700000  22.87600000  23.01700000  23.44400000  24.40100000  24.77700000  23.87100000  24.00200000  24.15900000  24.10100000  24.35100000  25.40700000  25.93700000  26.52200000  25.76400000  25.97300000  26.03500000  26.05300000  26.22200000  26.55900000  26.25600000  26.19100000  26.13500000  26.13100000
 27.83300000  27.83300000  27.83300000  27.83300000  27.83300000  27.83300000  24.21000000  23.56700000  23.09900000  23.05600000  23.16000000  23.24100000  23.43200000  23.25100000  22.31600000  23.77700000  24.00700000  25.17300000  25.74800000  26.51600000  26.54000000  25.86700000  26.00300000  25.97200000  26.07700000  26.61300000  26.69000000  26.14000000  26.23400000  26.04700000
 27.83300000  27.83300000  27.83300000  27.83300000  27.83300000  27.83300000  27.83300000  27.83300000  27.83300000  27.83300000  27.83300000  27.83300000  23.19100000  23.10300000  22.68400000  23.39600000  23.97600000  24.78400000  25.10100000  26.53500000  26.52600000  26.53800000  26.51500000  26.44500000  26.19800000  26.72900000  26.68200000  26.73900000  26.14900000  26.14300000
 27.83300000  27.83300000  27.83300000  27.83300000  27.83300000  27.83300000  27.83300000  27.83300000  27.83300000  27.83300000  27.83300000  27.83300000  27.83300000  27.83300000  27.83300000  23.42500000  24.00400000  24.71000000  24.63300000  25.00300000  26.47400000  26.56300000  26.62100000  26.61400000  26.58200000  26.82800000  26.70100000  26.75600000  26.79100000  26.77900000
 27.83300000  27.83300000  27.83300000  27.83300000  27.83300000  27.83300000  27.83300000  27.83300000  27.83300000  27.83300000  27.83300000  27.83300000  27.83300000  27.83300000  27.83300000  27.83300000  23.67600000  23.67900000  24.88500000  24.89800000  25.13700000  26.59900000  26.65400000  26.53600000  26.72200000  26.91500000  26.83200000  26.76400000  26.84900000  26.98400000
 27.83300000  27.83300000  27.83300000  27.83300000  27.83300000  27.83300000  27.83300000  27.83300000  27.83300000  27.83300000  27.83300000  27.83300000  27.83300000  27.83300000  27.83300000  27.83300000  27.83300000  27.83300000  23.34900000  24.23800000  24.48900000  26.64700000  26.58000000  26.52900000  26.81700000  26.88500000  26.94800000  26.84700000  26.81200000  26.93500000
 27.83300000  27.83300000  27.83300000  27.83300000  27.83300000  27.83300000  27.83300000  27.83300000  27.83300000  27.83300000  27.83300000  27.83300000  27.83300000  27.83300000  27.83300000  27.83300000  27.83300000  27.83300000  27.83300000  25.26300000  24.23000000  26.65300000  26.53800000  26.59900000  26.88500000  26.91400000  26.85500000  26.91400000  26.84500000  26.98600000
 27.83300000  27.83300000  27.83300000  27.83300000  27.83300000  27.83300000  27.83300000  27.83300000  27.83300000  27.83300000  27.83300000  27.83300000  27.83300000  27.83300000  27.83300000  27.83300000  27.83300000  27.83300000  27.83300000  25.44600000  25.39000000  26.70800000  26.52100000  26.71600000  27.01800000  26.85800000  26.98700000  26.86300000  26.92300000  27.07100000
 27.83300000  27.83300000  27.83300000  27.83300000  27.83300000  27.83300000  27.83300000  27.83300000  27.83300000  27.83300000  27.83300000  27.83300000  27.83300000  27.83300000  27.83300000  27.83300000  27.83300000  27.83300000  27.83300000  25.32400000  25.53800000  26.80700000  26.62700000  26.89200000  26.93600000  26.78800000  27.02200000  27.03500000  27.00100000  27.03900000
 27.83300000  27.83300000  27.83300000  27.83300000  27.83300000  27.83300000  27.83300000  27.83300000  27.83300000  27.83300000  27.83300000  27.83300000  27.83300000  27.83300000  27.83300000  27.83300000  27.83300000  27.83300000  27.83300000  24.57600000  24.56500000  26.70600000  26.82400000  27.01700000  26.82300000  26.91200000  26.95100000  26.92500000  26.88700000  27.16900000
 27.83300000  27.83300000  27.83300000  27.83300000  27.83300000  27.83300000  27.83300000  27.83300000  27.83300000  27.83300000  27.83300000  27.83300000  27.83300000  27.83300000  27.83300000  27.83300000  27.83300000  27.83300000  27.83300000  27.83300000  25.20200000  25.70700000  26.84600000  26.90400000  26.79900000  26.90400000  26.83700000  26.71600000  26.87200000  27.09300000
 27.83300000  27.83300000  27.83300000  27.83300000  27.83300000  27.83300000  27.83300000  27.83300000  27.83300000  27.83300000  27.83300000  27.83300000  27.83300000  27.83300000  27.83300000  27.83300000  27.83300000  27.83300000  27.83300000  27.83300000  27.83300000  25.13900000  26.64300000  26.75600000  26.76800000  26.82600000  26.72200000  26.55600000  26.51500000  27.08500000
 27.83300000  27.83300000  27.83300000  27.83300000  27.83300000  27.83300000  27.83300000  27.83300000  27.83300000  27.83300000  27.83300000  27.83300000  27.83300000  27.83300000  27.83300000  27.83300000  27.83300000  27.83300000  27.83300000  27.83300000  27.83300000  24.91100000  26.29700000  26.66500000  26.72000000  26.62700000  26.61100000  26.52300000  26.47600000  27.09600000
 27.83300000  27.83300000  27.83300000  27.83300000  27.83300000  27.83300000  27.83300000  27.83300000  27.83300000  27.83300000  27.83300000  27.83300000  27.83300000  27.83300000  27.83300000  27.83300000  27.83300000  27.83300000  27.83300000  27.83300000  27.83300000  27.83300000  25.88500000  26.23900000  26.49300000  26.39100000  26.51700000  26.58700000  26.96700000  27.24800000
 27.83300000  27.83300000  27.83300000  27.83300000  27.83300000  27.83300000  27.83300000  27.83300000  27.83300000  27.83300000  27.83300000  27.83300000  27.83300000  27.83300000  27.83300000  27.83300000  27.83300000  27.83300000  27.83300000  27.83300000  27.83300000  27.83300000  27.83300000  25.91200000  26.39400000  26.59500000  26.54000000  26.70400000  26.98800000  27.26000000
 25.31300000  25.19700000  25.32800000  24.93300000  25.06200000  25.30900000  25.35800000  25.36600000  25.27600000  25.20100000  25.24300000  25.24900000  25.03200000  24.25300000  24.26200000  25.09900000  25.43800000  25.28700000  25.22500000  25.16800000  25.19600000  25.04700000  24.94900000  24.37100000  24.09600000  23.66400000  24.00100000  24.20300000  24.33900000  24.57300000
 25.22400000  25.12200000  25.26200000  24.67000000  25.25500000  25.25100000  25.19500000  25.13100000  25.15400000  25.17100000  25.17400000  24.91600000  23.80500000  24.41300000  24.53500000  25.32100000  25.18800000  25.12400000  25.14700000  25.08900000  25.05100000  24.92900000  24.53000000  24.19600000  23.77800000  24.84900000  25.06100000  25.08400000  25.10400000  24.98200000
 25.26400000  25.16900000  25.29800000  24.36900000  25.14900000  25.16200000  25.13300000  25.10000000  25.05500000  24.93000000  24.38700000  23.79000000  24.27400000  24.69400000  24.93400000  25.46400000  25.09700000  25.11200000  25.09700000  24.97300000  24.86200000  24.58800000  24.43400000  25.58600000  25.38100000  25.20100000  25.16200000  24.84400000  24.81300000  24.92400000
 24.42700000  24.94500000  25.16100000  25.26900000  24.66900000  24.93100000  24.78800000  24.08800000  23.99900000  24.17800000  24.42500000  24.66600000  24.76200000  24.93500000  25.31500000  25.44700000  24.98500000  25.03000000  24.84200000  24.52000000  24.65300000  25.60200000  25.56300000  25.57500000  25.58400000  25.20600000  25.16300000  25.11500000  25.09000000  25.17700000
 24.12100000  24.47500000  25.10900000  25.30400000  25.26600000  24.66000000  24.09700000  23.91800000  24.07600000  24.71900000  24.82000000  24.94400000  25.16300000  25.38400000  25.56700000  25.48100000  24.85100000  24.84100000  24.60100000  25.56500000  25.46500000  25.50100000  25.34200000  25.34200000  25.53500000  25.78300000  25.59900000  24.99000000  24.88200000  25.06200000
 23.86800000  24.68100000  24.64900000  25.12400000  25.48300000  25.34200000  25.24200000  25.32100000  25.33100000  25.29900000  25.27700000  25.28400000  25.33000000  25.47800000  25.66300000  25.52300000  24.80400000  24.88900000  25.49400000  25.38000000  25.37800000  25.08500000  24.93300000  25.00100000  25.22100000  25.66300000  25.98600000  25.66300000  24.82800000  25.04300000
 23.44400000  23.93700000  24.25600000  24.42700000  25.14400000  25.81000000  25.44300000  25.40300000  25.43500000  25.40500000  25.57900000  25.52500000  25.46100000  25.52800000  25.62300000  25.53100000  25.14300000  25.26700000  25.46700000  25.38200000  25.14300000  24.88900000  24.70900000  24.98300000  25.26100000  25.81200000  26.29300000  26.07700000  25.76700000  25.11700000
 23.03000000  23.68900000  24.19300000  24.07000000  24.40100000  25.42800000  25.98300000  25.51200000  25.51000000  25.62100000  25.65800000  25.56400000  25.57300000  25.59400000  25.61600000  25.54300000  25.50700000  25.40400000  25.39800000  25.32000000  25.28100000  25.19400000  25.19500000  25.40300000  25.98400000  26.51000000  26.58300000  26.35100000  25.69700000  25.82400000
 21.06000000  23.33600000  23.69900000  23.78300000  24.09500000  24.11800000  24.61000000  25.94200000  26.21400000  25.83300000  25.44400000  25.50300000  25.52700000  25.64800000  25.64500000  25.60100000  25.63500000  25.57600000  25.65000000  25.71400000  25.76500000  25.78100000  26.26700000  26.25400000  26.27200000  26.27300000  26.40400000  26.36800000  25.77500000  25.95200000
 20.01500000  22.04900000  22.02500000  23.22100000  23.36600000  23.79800000  23.95900000  24.54700000  25.85300000  26.23400000  26.34900000  25.73800000  25.44000000  25.59700000  25.56000000  25.54800000  25.65300000  25.64700000  25.59800000  26.17100000  26.14800000  25.96400000  25.99300000  26.08200000  26.23300000  26.18800000  26.40100000  26.06400000  25.77200000  25.96000000
 21.12900000  27.83300000  18.50100000  18.22800000  21.49800000  23.27100000  23.55900000  23.76300000  24.44000000  25.49700000  25.95800000  26.35700000  25.99600000  25.44800000  25.50600000  25.49800000  25.53200000  26.22100000  26.38400000  26.50200000  26.26800000  25.92600000  26.23200000  26.07000000  26.29800000  26.26600000  25.95500000  25.79000000  26.03100000  26.04200000
 27.83300000  27.83300000  27.83300000  27.83300000  19.81900000  21.17700000  22.21900000  22.80900000  23.50900000  24.25900000  24.99900000  25.02000000  25.38300000  25.75900000  25.91700000  25.94500000  26.00800000  25.95700000  26.18500000  26.55900000  25.77000000  26.14900000  25.97500000  26.30700000  26.40500000  26.12500000  25.98000000  25.99400000  25.99500000  26.07200000
 27.83300000  27.83300000  27.83300000  27.83300000  27.83300000  19.28500000  20.37000000  20.22800000  21.16600000  23.60600000  24.45600000  24.80000000  23.90600000  24.17200000  24.22500000  24.11900000  24.38100000  25.42700000  25.95000000  26.54100000  25.78200000  25.98900000  26.05100000  26.07400000  26.24100000  26.58100000  26.27900000  26.21100000  26.15600000  26.14900000
 27.83300000  27.83300000  27.83300000  27.83300000  27.83300000  27.83300000  27.83300000  19.45700000  19.67900000  19.80400000  22.78100000  23.32600000  23.62900000  23.26100000  22.15800000  23.78900000  24.04700000  25.19600000  25.76200000  26.53600000  26.56100000  25.88600000  26.02200000  25.99200000  26.09800000  26.63400000  26.71100000  26.16300000  26.25300000  26.06400000
 27.83300000  27.83300000  27.83300000  27.83300000  27.83300000  27.83300000  27.83300000  27.83300000  27.83300000  27.83300000  27.83300000  27.83300000  27.83300000  27.83300000  27.83300000  20.67200000  23.96200000  24.81200000  25.10800000  26.55700000  26.54700000  26.55700000  26.53600000  26.46500000  26.21700000  26.75100000  26.70400000  26.76100000  26.17100000  26.16000000
 27.83300000  27.83300000  27.83300000  27.83300000  27.83300000  27.83300000  27.83300000  27.83300000  27.83300000  27.83300000  27.83300000  27.83300000  27.83300000  27.83300000  27.83300000  27.83300000  23.51400000  24.72600000  24.66100000  24.99600000  26.49300000  26.58300000  26.64100000  26.63600000  26.60000000  26.85000000  26.72300000  26.77700000  26.81000000  26.80200000
 27.83300000  27.83300000  27.83300000  27.83300000  27.83300000  27.83300000  27.83300000  27.83300000  27.83300000  27.83300000  27.83300000  27.83300000  27.83300000  27.83300000  27.83300000  27.83300000  27.83300000  21.49900000  24.67100000  24.39200000  25.15400000  26.62300000  26.67700000  26.55900000  26.73800000  26.93600000  26.85300000  26.78700000  26.87200000  27.00100000
 27.83300000  27.83300000  27.83300000  27.83300000  27.83300000  27.83300000  27.83300000  27.83300000  27.83300000  27.83300000  27.83300000  27.83300000  27.83300000  27.83300000  27.83300000  27.83300000  27.83300000  27.83300000  27.83300000  24.25100000  24.56500000  26.67500000  26.60000000  26.55000000  26.83400000  26.90500000  26.97000000  26.86900000  26.83300000  26.96100000
 27.83300000  27.83300000  27.83300000  27.83300000  27.83300000  27.83300000  27.83300000  27.83300000  27.83300000  27.83300000  27.83300000  27.83300000  27.83300000  27.83300000  27.83300000  27.83300000  27.83300000  27.83300000  27.83300000  27.83300000  24.16900000  26.68100000  26.55600000  26.61400000  26.90600000  26.93700000  26.87500000  26.93600000  26.86700000  27.00800000
 27.83300000  27.83300000  27.83300000  27.83300000  27.83300000  27.83300000  27.83300000  27.83300000  27.83300000  27.83300000  27.83300000  27.83300000  27.83300000  27.83300000  27.83300000  27.83300000  27.83300000  27.83300000  27.83300000  27.83300000  24.54900000  26.73000000  26.54000000  26.73500000  27.03900000  26.87600000  27.00700000  26.88200000  26.94400000  27.09300000
 27.83300000  27.83300000  27.83300000  27.83300000  27.83300000  27.83300000  27.83300000  27.83300000  27.83300000  27.83300000  27.83300000  27.83300000  27.83300000  27.83300000  27.83300000  27.83300000  27.83300000  27.83300000  27.83300000  27.83300000  23.53100000  26.82300000  26.64200000  26.91100000  26.95800000  26.80600000  27.04200000  27.05500000  27.01900000  27.05900000
 27.83300000  27.83300000  27.83300000  27.83300000  27.83300000  27.83300000  27.83300000  27.83300000  27.83300000  27.83300000  27.83300000  27.83300000  27.83300000  27.83300000  27.83300000  27.83300000  27.83300000  27.83300000  27.83300000  27.83300000  23.44700000  26.72400000  26.84300000  27.03700000  26.84300000  26.92900000  26.97000000  26.94300000  26.90100000  27.18500000
 27.83300000  27.83300000  27.83300000  27.83300000  27.83300000  27.83300000  27.83300000  27.83300000  27.83300000  27.83300000  27.83300000  27.83300000  27.83300000  27.83300000  27.83300000  27.83300000  27.83300000  27.83300000  27.83300000  27.83300000  27.83300000  24.97100000  26.86500000  26.92400000  26.82000000  26.92300000  26.85500000  26.73500000  26.89000000  27.11100000
 27.83300000  27.83300000  27.83300000  27.83300000  27.83300000  27.83300000  27.83300000  27.83300000  27.83300000  27.83300000  27.83300000  27.83300000  27.83300000  27.83300000  27.83300000  27.83300000  27.83300000  27.83300000  27.83300000  27.83300000  27.83300000  25.12900000  26.66700000  26.77600000  26.78500000  26.84700000  26.74100000  26.57300000  26.53400000  27.10200000
 27.83300000  27.83300000  27.83300000  27.83300000  27.83300000  27.83300000  27.83300000  27.83300000  27.83300000  27.83300000  27.83300000  27.83300000  27.83300000  27.83300000  27.83300000  27.83300000  27.83300000  27.83300000  27.83300000  27.83300000  27.83300000  27.83300000  26.32100000  26.68300000  26.73800000  26.64500000  26.63000000  26.54000000  26.49100000  27.11500000
 27.83300000  27.83300000  27.83300000  27.83300000  27.83300000  27.83300000  27.83300000  27.83300000  27.83300000  27.83300000  27.83300000  27.83300000  27.83300000  27.83300000  27.83300000  27.83300000  27.83300000  27.83300000  27.83300000  27.83300000  27.83300000  27.83300000  25.91700000  26.25700000  26.50900000  26.40900000  26.53600000  26.60700000  27.00600000  27.26900000
 27.83300000  27.83300000  27.83300000  27.83300000  27.83300000  27.83300000  27.83300000  27.83300000  27.83300000  27.83300000  27.83300000  27.83300000  27.83300000  27.83300000  27.83300000  27.83300000  27.83300000  27.83300000  27.83300000  27.83300000  27.83300000  27.83300000  27.83300000  25.95200000  26.41500000  26.61200000  26.55800000  26.72200000  26.99800000  27.28100000
