 25.28300000  25.17100000  25.30600000  24.91100000  25.04900000  25.28400000  25.32900000  25.34100000  25.26600000  25.15800000  25.21400000  25.23100000  25.00100000  24.21500000  24.25500000  25.08100000  25.41700000  25.25600000  25.19300000  25.14700000  25.17500000  25.02500000  24.90900000  24.35300000  24.07900000  23.64700000  23.99100000  24.18800000  24.31100000  24.55500000
 25.21100000  25.09900000  25.23700000  24.68300000  25.23400000  25.23000000  25.17100000  25.10700000  25.13200000  25.15000000  25.15300000  24.88800000  23.78500000  24.39900000  24.52200000  25.29700000  25.16100000  25.10000000  25.12600000  25.06700000  25.02600000  24.90700000  24.51300000  24.17900000  23.76400000  24.83100000  25.05100000  25.06500000  25.08000000  24.95200000
 25.23700000  25.14700000  25.27300000  24.36200000  25.12800000  25.14100000  25.10800000  25.07800000  25.03700000  24.90600000  24.35100000  23.77300000  24.26500000  24.67600000  24.92700000  25.43700000  25.06900000  25.08600000  25.07200000  24.94800000  24.83400000  24.56000000  24.43200000  25.56400000  25.35100000  25.17600000  25.13500000  24.82100000  24.79300000  24.90600000
 24.54600000  24.93200000  25.14500000  25.24400000  24.66700000  24.90800000  24.76800000  24.06700000  23.98700000  24.16100000  24.40500000  24.64500000  24.74100000  24.91900000  25.29800000  25.41700000  24.96000000  25.00400000  24.81600000  24.49500000  24.65700000  25.57600000  25.53900000  25.55200000  25.56400000  25.18800000  25.13900000  25.09100000  25.06600000  25.15300000
 24.10800000  24.44100000  25.08500000  25.28700000  25.24400000  24.68500000  24.08000000  23.89800000  24.05600000  24.69900000  24.80100000  24.92300000  25.14000000  25.36200000  25.54600000  25.45500000  24.82800000  24.81500000  24.58000000  25.54400000  25.43700000  25.47400000  25.31100000  25.31200000  25.50700000  25.75800000  25.57900000  24.96800000  24.86200000  25.04000000
 23.84500000  23.67600000  24.61400000  25.09800000  25.46800000  25.32400000  25.21500000  25.29500000  25.30600000  25.27200000  25.25200000  25.25900000  25.30600000  25.45200000  25.64000000  25.49300000  24.77400000  24.87100000  25.47100000  25.35700000  25.34900000  25.05900000  24.91000000  24.97800000  25.19800000  25.63900000  25.96400000  25.64000000  24.80300000  25.02300000
 23.39200000  23.74500000  24.22400000  24.39000000  25.11600000  25.79200000  25.41800000  25.37800000  25.41200000  25.38200000  25.55800000  25.50200000  25.43700000  25.50100000  25.59800000  25.50700000  25.11300000  25.25100000  25.44200000  25.36100000  25.11800000  24.86900000  24.68800000  24.96400000  25.24200000  25.79600000  26.27400000  26.05500000  25.74500000  25.10000000
 23.18300000  23.65600000  24.15700000  24.02700000  24.37100000  25.39800000  25.95900000  25.49000000  25.48400000  25.59400000  25.63100000  25.54000000  25.54700000  25.56700000  25.59100000  25.51600000  25.48000000  25.37800000  25.37500000  25.29700000  25.26000000  25.17200000  25.17600000  25.38900000  25.97900000  26.48600000  26.55800000  26.32700000  25.67800000  25.81500000
 22.46700000  23.29600000  23.56500000  23.73500000  24.06200000  24.08600000  24.59200000  25.92800000  26.19000000  25.81900000  25.41800000  25.48200000  25.50400000  25.62700000  25.62100000  25.57800000  25.61000000  25.55100000  25.62600000  25.69100000  25.74300000  25.76100000  26.25300000  26.21600000  26.23900000  26.24400000  26.37600000  26.34100000  25.74900000  25.93100000
 22.76700000  23.14500000  23.15600000  23.36100000  23.31200000  23.75200000  23.91300000  24.57100000  25.83100000  26.21500000  26.33000000  25.69500000  25.41800000  25.57600000  25.53400000  25.52500000  25.63100000  25.62400000  25.57700000  26.15300000  26.14700000  25.93800000  25.96800000  26.06400000  26.21200000  26.16400000  26.37500000  26.03600000  25.75000000  25.93600000
 23.77000000  23.08900000  22.24400000  23.17300000  22.99700000  23.24900000  23.45600000  23.62000000  24.46900000  25.46400000  25.94100000  26.33100000  25.93500000  25.42900000  25.48200000  25.47400000  25.50900000  26.19100000  26.35900000  26.48000000  26.24000000  25.90200000  26.21000000  26.04100000  26.26800000  26.23600000  25.93000000  25.76600000  26.00500000  26.01800000
 27.83300000  27.83300000  27.83300000  23.70000000  23.16000000  22.88500000  23.03300000  23.02600000  23.30400000  24.28300000  24.94400000  25.00000000  25.35800000  25.74700000  25.90200000  25.92700000  25.99600000  25.93100000  26.16000000  26.53200000  25.74800000  26.12800000  25.95100000  26.28100000  26.38100000  26.10100000  25.95000000  25.97600000  25.97100000  26.05800000
 27.83300000  27.83300000  27.83300000  27.83300000  23.54000000  23.50300000  23.15500000  22.86500000  23.00800000  23.47700000  24.48000000  24.74100000  23.84300000  24.01500000  24.18300000  24.09100000  24.35500000  25.40700000  25.92600000  26.51600000  25.76000000  25.96600000  26.02700000  26.04800000  26.21400000  26.55500000  26.24800000  26.18600000  26.13000000  26.12700000
 27.83300000  27.83300000  27.83300000  27.83300000  27.83300000  27.83300000  24.19300000  23.53000000  23.06400000  23.03600000  23.16600000  23.22100000  23.41800000  23.22300000  22.41900000  23.77600000  24.00800000  25.15800000  25.74100000  26.50800000  26.53600000  25.86100000  25.99700000  25.96600000  26.07400000  26.60800000  26.68700000  26.13200000  26.23000000  26.04200000
 27.83300000  27.83300000  27.83300000  27.83300000  27.83300000  27.83300000  27.83300000  27.83300000  27.83300000  27.83300000  27.83300000  27.83300000  23.17300000  23.08700000  22.65600000  23.39400000  23.97900000  24.77200000  25.07600000  26.52500000  26.52100000  26.53300000  26.51100000  26.44600000  26.19700000  26.72600000  26.67900000  26.73500000  26.14700000  26.13600000
 27.83300000  27.83300000  27.83300000  27.83300000  27.83300000  27.83300000  27.83300000  27.83300000  27.83300000  27.83300000  27.83300000  27.83300000  27.83300000  27.83300000  27.83300000  23.41200000  24.01300000  24.70100000  24.58600000  25.02500000  26.45700000  26.55700000  26.61700000  26.60300000  26.58000000  26.82400000  26.69800000  26.75100000  26.78500000  26.77800000
 27.83300000  27.83300000  27.83300000  27.83300000  27.83300000  27.83300000  27.83300000  27.83300000  27.83300000  27.83300000  27.83300000  27.83300000  27.83300000  27.83300000  27.83300000  27.83300000  23.66300000  23.62900000  24.87700000  24.91200000  25.12500000  26.58800000  26.65100000  26.52400000  26.71900000  26.91000000  26.82700000  26.75900000  26.84400000  26.97700000
 27.83300000  27.83300000  27.83300000  27.83300000  27.83300000  27.83300000  27.83300000  27.83300000  27.83300000  27.83300000  27.83300000  27.83300000  27.83300000  27.83300000  27.83300000  27.83300000  27.83300000  27.83300000  23.31400000  24.21500000  24.43000000  26.64200000  26.57500000  26.52100000  26.81100000  26.87800000  26.94300000  26.84100000  26.81000000  26.93400000
 27.83300000  27.83300000  27.83300000  27.83300000  27.83300000  27.83300000  27.83300000  27.83300000  27.83300000  27.83300000  27.83300000  27.83300000  27.83300000  27.83300000  27.83300000  27.83300000  27.83300000  27.83300000  27.83300000  25.25300000  24.21100000  26.64400000  26.53300000  26.59800000  26.87800000  26.91200000  26.84700000  26.91100000  26.84400000  26.98600000
 27.83300000  27.83300000  27.83300000  27.83300000  27.83300000  27.83300000  27.83300000  27.83300000  27.83300000  27.83300000  27.83300000  27.83300000  27.83300000  27.83300000  27.83300000  27.83300000  27.83300000  27.83300000  27.83300000  25.43800000  25.35200000  26.70300000  26.51400000  26.71700000  27.01600000  26.85000000  26.98100000  26.85800000  26.92000000  27.06700000
 27.83300000  27.83300000  27.83300000  27.83300000  27.83300000  27.83300000  27.83300000  27.83300000  27.83300000  27.83300000  27.83300000  27.83300000  27.83300000  27.83300000  27.83300000  27.83300000  27.83300000  27.83300000  27.83300000  25.31200000  25.54600000  26.80000000  26.62500000  26.89400000  26.92800000  26.78300000  27.01500000  27.02600000  26.99900000  27.03500000
 27.83300000  27.83300000  27.83300000  27.83300000  27.83300000  27.83300000  27.83300000  27.83300000  27.83300000  27.83300000  27.83300000  27.83300000  27.83300000  27.83300000  27.83300000  27.83300000  27.83300000  27.83300000  27.83300000  24.59900000  24.53000000  26.70300000  26.82200000  27.01400000  26.81300000  26.90800000  26.94300000  26.91100000  26.88500000  27.16600000
 27.83300000  27.83300000  27.83300000  27.83300000  27.83300000  27.83300000  27.83300000  27.83300000  27.83300000  27.83300000  27.83300000  27.83300000  27.83300000  27.83300000  27.83300000  27.83300000  27.83300000  27.83300000  27.83300000  27.83300000  25.19100000  25.72500000  26.83900000  26.89500000  26.79300000  26.89700000  26.82900000  26.71100000  26.85600000  27.08600000
 27.83300000  27.83300000  27.83300000  27.83300000  27.83300000  27.83300000  27.83300000  27.83300000  27.83300000  27.83300000  27.83300000  27.83300000  27.83300000  27.83300000  27.83300000  27.83300000  27.83300000  27.83300000  27.83300000  27.83300000  27.83300000  25.13000000  26.63600000  26.75100000  26.76200000  26.82400000  26.71800000  26.55000000  26.50000000  27.06300000
 27.83300000  27.83300000  27.83300000  27.83300000  27.83300000  27.83300000  27.83300000  27.83300000  27.83300000  27.83300000  27.83300000  27.83300000  27.83300000  27.83300000  27.83300000  27.83300000  27.83300000  27.83300000  27.83300000  27.83300000  27.83300000  24.89100000  26.28700000  26.66100000  26.71200000  26.62100000  26.60800000  26.51700000  26.47100000  27.10100000
 27.83300000  27.83300000  27.83300000  27.83300000  27.83300000  27.83300000  27.83300000  27.83300000  27.83300000  27.83300000  27.83300000  27.83300000  27.83300000  27.83300000  27.83300000  27.83300000  27.83300000  27.83300000  27.83300000  27.83300000  27.83300000  27.83300000  25.87400000  26.23100000  26.49800000  26.39300000  26.50800000  26.57800000  26.95500000  27.25800000
 27.83300000  27.83300000  27.83300000  27.83300000  27.83300000  27.83300000  27.83300000  27.83300000  27.83300000  27.83300000  27.83300000  27.83300000  27.83300000  27.83300000  27.83300000  27.83300000  27.83300000  27.83300000  27.83300000  27.83300000  27.83300000  27.83300000  27.83300000  25.91500000  26.38600000  26.58700000  26.53300000  26.69800000  26.97000000  27.25800000
 25.30700000  25.19200000  25.32500000  24.92400000  25.06900000  25.30500000  25.35600000  25.36000000  25.27000000  25.19700000  25.24200000  25.24600000  25.02600000  24.25000000  24.26600000  25.09700000  25.43500000  25.28100000  25.22000000  25.16400000  25.19500000  25.04100000  24.94500000  24.36000000  24.09500000  23.66100000  23.99900000  24.20100000  24.34000000  24.57100000
 25.22500000  25.11600000  25.25100000  24.69700000  25.25100000  25.24600000  25.18800000  25.12300000  25.14600000  25.16600000  25.16900000  24.90700000  23.79900000  24.41500000  24.53700000  25.31600000  25.18000000  25.11900000  25.14200000  25.08700000  25.04600000  24.92400000  24.53300000  24.19500000  23.77700000  24.84900000  25.06800000  25.08400000  25.09900000  24.96600000
 25.26500000  25.16500000  25.29300000  24.37800000  25.14600000  25.15800000  25.12600000  25.09600000  25.05300000  24.92400000  24.37000000  23.78800000  24.28100000  24.69000000  24.93800000  25.45700000  25.08800000  25.10700000  25.09000000  24.96500000  24.85200000  24.57800000  24.45200000  25.58300000  25.37000000  25.19500000  25.15500000  24.83800000  24.80900000  24.92200000
 24.43000000  24.94700000  25.15800000  25.26000000  24.68700000  24.92600000  24.78700000  24.09100000  23.99900000  24.17800000  24.42000000  24.66100000  24.75800000  24.93400000  25.31600000  25.43700000  24.97800000  25.02300000  24.83300000  24.51100000  24.67000000  25.59700000  25.55700000  25.57000000  25.58100000  25.20600000  25.15600000  25.10900000  25.08200000  25.17000000
 24.11500000  24.49300000  25.10700000  25.30500000  25.25800000  24.67400000  24.09700000  23.91300000  24.07200000  24.71400000  24.81800000  24.93900000  25.15600000  25.37800000  25.56400000  25.47100000  24.84700000  24.83400000  24.59600000  25.56300000  25.45800000  25.49400000  25.32900000  25.33000000  25.52400000  25.77900000  25.59700000  24.98500000  24.87600000  25.05800000
 23.86700000  24.63500000  24.63800000  25.12200000  25.48400000  25.34300000  25.23400000  25.31200000  25.32300000  25.29200000  25.27200000  25.27800000  25.32400000  25.47000000  25.65800000  25.51800000  24.79200000  24.88800000  25.49100000  25.37400000  25.36900000  25.07700000  24.92900000  24.99900000  25.21600000  25.65700000  25.98500000  25.65600000  24.81800000  25.03900000
 23.44700000  23.97200000  24.24700000  24.41200000  25.13600000  25.80900000  25.43700000  25.39800000  25.43000000  25.40000000  25.57600000  25.52100000  25.45700000  25.52000000  25.61700000  25.52600000  25.13200000  25.26800000  25.46200000  25.37600000  25.13500000  24.88900000  24.70600000  24.98300000  25.25900000  25.81200000  26.29300000  26.07600000  25.76300000  25.11100000
 23.02800000  23.67800000  24.18200000  24.05200000  24.39500000  25.41500000  25.97300000  25.50900000  25.50200000  25.61300000  25.65000000  25.55800000  25.56700000  25.58600000  25.61000000  25.53900000  25.49900000  25.39500000  25.39200000  25.31500000  25.27400000  25.19000000  25.19200000  25.40600000  25.99500000  26.50500000  26.57700000  26.34600000  25.69700000  25.82700000
 21.01300000  23.33400000  23.68100000  23.76000000  24.08300000  24.10800000  24.60900000  25.94800000  26.21000000  25.83600000  25.43700000  25.50200000  25.52400000  25.64500000  25.64100000  25.59900000  25.63000000  25.56800000  25.64400000  25.71000000  25.75800000  25.78000000  26.26700000  26.23400000  26.25800000  26.26300000  26.39500000  26.36100000  25.77000000  25.95100000
 20.11000000  22.15200000  21.96700000  23.17500000  23.36800000  23.77400000  23.95400000  24.58600000  25.85200000  26.23300000  26.35000000  25.71200000  25.43600000  25.59400000  25.55400000  25.54500000  25.65000000  25.64300000  25.59500000  26.16500000  26.16400000  25.95400000  25.98700000  26.08300000  26.23200000  26.18400000  26.39500000  26.05500000  25.76700000  25.95500000
 21.10400000  27.83300000  18.47700000  18.18200000  21.42300000  23.23000000  23.54200000  23.78400000  24.48800000  25.48700000  25.95600000  26.35200000  25.95500000  25.44700000  25.49800000  25.49300000  25.52700000  26.21300000  26.37800000  26.49900000  26.26000000  25.91800000  26.22800000  26.06000000  26.28700000  26.25700000  25.94900000  25.78500000  26.02500000  26.03600000
 27.83300000  27.83300000  27.83300000  27.83300000  19.79100000  21.34900000  22.29900000  22.73300000  23.53800000  24.30500000  24.96900000  25.02000000  25.37500000  25.76600000  25.92400000  25.94600000  26.01600000  25.95200000  26.17800000  26.55200000  25.76700000  26.14000000  25.97100000  26.30200000  26.40000000  26.12100000  25.97000000  25.99500000  25.99100000  26.07000000
 27.83300000  27.83300000  27.83300000  27.83300000  27.83300000  19.26200000  20.40800000  20.23500000  21.19600000  23.65900000  24.51400000  24.76300000  23.87200000  24.16500000  24.22600000  24.10900000  24.38100000  25.42700000  25.94000000  26.53500000  25.77800000  25.98300000  26.04400000  26.06900000  26.23300000  26.57500000  26.27000000  26.20400000  26.15000000  26.14500000
 27.83300000  27.83300000  27.83300000  27.83300000  27.83300000  27.83300000  27.83300000  19.37700000  19.62600000  19.76200000  22.95800000  23.30800000  23.59700000  23.24200000  22.21700000  23.78900000  24.05000000  25.18200000  25.75500000  26.52900000  26.55700000  25.88000000  26.01600000  25.98700000  26.09400000  26.62700000  26.70700000  26.15400000  26.24800000  26.05800000
 27.83300000  27.83300000  27.83300000  27.83300000  27.83300000  27.83300000  27.83300000  27.83300000  27.83300000  27.83300000  27.83300000  27.83300000  27.83300000  27.83300000  27.83300000  20.63800000  23.97100000  24.80100000  25.09000000  26.54800000  26.54100000  26.55100000  26.53200000  26.46600000  26.21600000  26.74700000  26.69900000  26.75600000  26.16900000  26.15400000
 27.83300000  27.83300000  27.83300000  27.83300000  27.83300000  27.83300000  27.83300000  27.83300000  27.83300000  27.83300000  27.83300000  27.83300000  27.83300000  27.83300000  27.83300000  27.83300000  23.49200000  24.71800000  24.61900000  25.00900000  26.47600000  26.57800000  26.63800000  26.62600000  26.59900000  26.84500000  26.71800000  26.77200000  26.80500000  26.80200000
 27.83300000  27.83300000  27.83300000  27.83300000  27.83300000  27.83300000  27.83300000  27.83300000  27.83300000  27.83300000  27.83300000  27.83300000  27.83300000  27.83300000  27.83300000  27.83300000  27.83300000  21.36500000  24.55800000  24.10900000  25.14400000  26.61200000  26.67400000  26.54600000  26.73500000  26.93000000  26.84700000  26.78100000  26.86600000  26.99600000
 27.83300000  27.83300000  27.83300000  27.83300000  27.83300000  27.83300000  27.83300000  27.83300000  27.83300000  27.83300000  27.83300000  27.83300000  27.83300000  27.83300000  27.83300000  27.83300000  27.83300000  27.83300000  27.83300000  24.22700000  24.50500000  26.67100000  26.59500000  26.54200000  26.83000000  26.89800000  26.96300000  26.86200000  26.83000000  26.95900000
 27.83300000  27.83300000  27.83300000  27.83300000  27.83300000  27.83300000  27.83300000  27.83300000  27.83300000  27.83300000  27.83300000  27.83300000  27.83300000  27.83300000  27.83300000  27.83300000  27.83300000  27.83300000  27.83300000  27.83300000  24.16000000  26.67300000  26.55100000  26.61400000  26.90000000  26.93500000  26.86700000  26.93200000  26.86300000  27.00600000
 27.83300000  27.83300000  27.83300000  27.83300000  27.83300000  27.83300000  27.83300000  27.83300000  27.83300000  27.83300000  27.83300000  27.83300000  27.83300000  27.83300000  27.83300000  27.83300000  27.83300000  27.83300000  27.83300000  27.83300000  24.58500000  26.72600000  26.53300000  26.73600000  27.03800000  26.87000000  27.00200000  26.87600000  26.93900000  27.08800000
 27.83300000  27.83300000  27.83300000  27.83300000  27.83300000  27.83300000  27.83300000  27.83300000  27.83300000  27.83300000  27.83300000  27.83300000  27.83300000  27.83300000  27.83300000  27.83300000  27.83300000  27.83300000  27.83300000  27.83300000  23.59900000  26.81500000  26.64200000  26.91300000  26.95000000  26.80200000  27.03600000  27.04700000  27.01700000  27.05300000
 27.83300000  27.83300000  27.83300000  27.83300000  27.83300000  27.83300000  27.83300000  27.83300000  27.83300000  27.83300000  27.83300000  27.83300000  27.83300000  27.83300000  27.83300000  27.83300000  27.83300000  27.83300000  27.83300000  27.83300000  23.40700000  26.72000000  26.84100000  27.03300000  26.83300000  26.92500000  26.96300000  26.93100000  26.89800000  27.18100000
 27.83300000  27.83300000  27.83300000  27.83300000  27.83300000  27.83300000  27.83300000  27.83300000  27.83300000  27.83300000  27.83300000  27.83300000  27.83300000  27.83300000  27.83300000  27.83300000  27.83300000  27.83300000  27.83300000  27.83300000  27.83300000  25.19500000  26.85700000  26.91600000  26.81300000  26.91600000  26.84800000  26.72600000  26.87500000  27.10500000
 27.83300000  27.83300000  27.83300000  27.83300000  27.83300000  27.83300000  27.83300000  27.83300000  27.83300000  27.83300000  27.83300000  27.83300000  27.83300000  27.83300000  27.83300000  27.83300000  27.83300000  27.83300000  27.83300000  27.83300000  27.83300000  25.12700000  26.65800000  26.77100000  26.77900000  26.84400000  26.73700000  26.56900000  26.52100000  27.08100000
 27.83300000  27.83300000  27.83300000  27.83300000  27.83300000  27.83300000  27.83300000  27.83300000  27.83300000  27.83300000  27.83300000  27.83300000  27.83300000  27.83300000  27.83300000  27.83300000  27.83300000  27.83300000  27.83300000  27.83300000  27.83300000  27.83300000  26.31100000  26.68100000  26.73000000  26.63900000  26.62600000  26.53400000  26.48700000  27.12200000
 27.83300000  27.83300000  27.83300000  27.83300000  27.83300000  27.83300000  27.83300000  27.83300000  27.83300000  27.83300000  27.83300000  27.83300000  27.83300000  27.83300000  27.83300000  27.83300000  27.83300000  27.83300000  27.83300000  27.83300000  27.83300000  27.83300000  25.90900000  26.24900000  26.51600000  26.41100000  26.52700000  26.59400000  26.99000000  27.27700000
 27.83300000  27.83300000  27.83300000  27.83300000  27.83300000  27.83300000  27.83300000  27.83300000  27.83300000  27.83300000  27.83300000  27.83300000  27.83300000  27.83300000  27.83300000  27.83300000  27.83300000  27.83300000  27.83300000  27.83300000  27.83300000  27.83300000  27.83300000  25.95500000  26.40600000  26.60400000  26.55100000  26.71700000  26.99800000  27.28100000
