37.02100000 36.92500000 37.02500000 36.96300000 36.98700000 37.01200000 37.15700000 37.27100000 37.26900000 37.23500000 37.16200000 37.05900000 36.90900000 36.57800000 36.48800000 36.83300000 36.90000000 36.98800000 36.97600000 37.03100000 37.05700000 37.03300000 36.92000000 36.74600000 36.43300000 36.24000000 36.38600000 36.52200000 36.37900000 36.36800000
37.01000000 36.98300000 36.94900000 36.92800000 36.93100000 37.15700000 37.22800000 37.23100000 37.20500000 37.15300000 37.06700000 36.95400000 36.56000000 36.51900000 36.78500000 36.88200000 36.97200000 37.02200000 36.99300000 37.06600000 37.06100000 36.98700000 36.85700000 36.67600000 36.31500000 36.54800000 36.55400000 36.46500000 36.59700000 36.93000000
37.00300000 37.02700000 36.92800000 36.92500000 36.92000000 37.05200000 37.15300000 37.14000000 37.07400000 36.92600000 36.63400000 36.44000000 36.52500000 36.76200000 36.79900000 36.92800000 37.08200000 37.01000000 36.97400000 37.01500000 36.96400000 36.88600000 36.72300000 36.60200000 36.72400000 37.04900000 37.04700000 37.07200000 36.94700000 36.86800000
36.62100000 36.98700000 36.96400000 36.91300000 36.94400000 36.80200000 36.75900000 36.60600000 36.48300000 36.62900000 36.81600000 36.88600000 36.88400000 36.85200000 36.82900000 36.95200000 37.09300000 36.98000000 36.92300000 36.93400000 36.85400000 36.73900000 36.98300000 37.15600000 37.19200000 37.07400000 37.02900000 36.99700000 36.97200000 36.98100000
36.53400000 36.41400000 37.01100000 36.84900000 36.91200000 36.92600000 36.92100000 36.77800000 36.85800000 36.93000000 36.87400000 36.88500000 36.90300000 36.90600000 36.92100000 36.96900000 37.09600000 36.97000000 36.78800000 36.75600000 37.04200000 37.18900000 37.21000000 37.20500000 37.21700000 37.24200000 37.08900000 36.97600000 36.91000000 36.77300000
36.37700000 35.93800000 36.86900000 36.95700000 36.82700000 36.87500000 36.93700000 36.92700000 36.92600000 36.92600000 36.87300000 36.86800000 36.97000000 37.02300000 37.03300000 36.99000000 37.12900000 37.09700000 36.98600000 37.13700000 37.18300000 37.16400000 37.12100000 37.08800000 37.15100000 37.22200000 37.23700000 37.25300000 36.87200000 36.60100000
36.06900000 35.34100000 36.78100000 36.99900000 36.97800000 36.87000000 36.79100000 36.77700000 36.78800000 36.82700000 36.92300000 37.00700000 36.99300000 37.01100000 37.04800000 36.98800000 37.19200000 37.19700000 37.13700000 37.14500000 37.14900000 37.07200000 36.96400000 36.95100000 37.04800000 37.18300000 37.25400000 37.26000000 37.25700000 36.97800000
35.67000000 35.11900000 36.22600000 36.63000000 36.95200000 37.10000000 37.04400000 36.89900000 36.88700000 36.91300000 37.01900000 36.97900000 36.98000000 37.03400000 37.05300000 36.99800000 37.22900000 37.22600000 37.15900000 37.13000000 37.15300000 37.08200000 37.01300000 37.05100000 37.15100000 37.21400000 37.31000000 37.32500000 37.25800000 37.24100000
35.37300000 35.57500000 36.08700000 36.61300000 36.49900000 36.71600000 36.94900000 37.19700000 36.92600000 36.90600000 36.95300000 36.96000000 36.95600000 36.94500000 36.93100000 36.97700000 37.12800000 37.21000000 37.24300000 37.24800000 37.19000000 37.15700000 37.16300000 37.20800000 37.25400000 37.41100000 37.43800000 37.36100000 37.27400000 37.26100000
35.15000000 35.43100000 35.86700000 36.25000000 36.36500000 36.51800000 36.57400000 36.78900000 37.28300000 37.19900000 37.04500000 36.97300000 36.92100000 36.92700000 36.96600000 36.96400000 37.02200000 37.01400000 37.01300000 37.39800000 37.44600000 37.44600000 37.44800000 37.44800000 37.43200000 37.41400000 37.44600000 37.32000000 37.24900000 37.25200000
34.55200000 34.93300000 35.02700000 35.28300000 35.96900000 36.18200000 36.46200000 36.10800000 36.65400000 37.17600000 37.36100000 37.40100000 37.39600000 37.38000000 37.05800000 36.94300000 37.03000000 37.42800000 37.27500000 37.27100000 37.35200000 37.33700000 37.32600000 37.36700000 37.39800000 37.41900000 37.35600000 37.26800000 37.31900000 37.22900000
37.59700000 37.59700000 37.59700000 34.85500000 35.48400000 35.71600000 36.03600000 35.90400000 35.76300000 36.30100000 36.90400000 37.27700000 37.26600000 37.32300000 37.37100000 37.33500000 37.25900000 37.12700000 37.17000000 37.35900000 37.26700000 37.33300000 37.37000000 37.27500000 37.26200000 37.32000000 37.36800000 37.30300000 37.35900000 37.21600000
37.59700000 37.59700000 37.59700000 37.59700000 35.13700000 35.33600000 35.45100000 35.50900000 35.64600000 35.83700000 36.51000000 36.94600000 37.15700000 36.87200000 36.69400000 36.99800000 36.91700000 36.63100000 37.30700000 37.35300000 37.25000000 37.26200000 37.22200000 37.21200000 37.24500000 37.32200000 37.33500000 37.28400000 37.37600000 37.22800000
37.59700000 37.59700000 37.59700000 37.59700000 37.59700000 37.59700000 35.30300000 35.37000000 35.50700000 35.63500000 36.19100000 36.32100000 36.54600000 36.43500000 36.19700000 36.28800000 36.65600000 36.17300000 37.23500000 37.35200000 37.31000000 37.17100000 37.18600000 37.18100000 37.23600000 37.32900000 37.43400000 37.39600000 37.28600000 37.29800000
37.59700000 37.59700000 37.59700000 37.59700000 37.59700000 37.59700000 37.59700000 37.59700000 37.59700000 37.59700000 37.59700000 37.59700000 35.68400000 35.95500000 36.24400000 36.11600000 36.57900000 35.97200000 37.03100000 37.23400000 37.36000000 37.35600000 37.26000000 37.18700000 37.26100000 37.35500000 37.42200000 37.48300000 37.42700000 37.30200000
37.59700000 37.59700000 37.59700000 37.59700000 37.59700000 37.59700000 37.59700000 37.59700000 37.59700000 37.59700000 37.59700000 37.59700000 37.59700000 37.59700000 37.59700000 35.87700000 36.18600000 35.85700000 36.37600000 37.03700000 37.23200000 37.34200000 37.36800000 37.39200000 37.30200000 37.34600000 37.37200000 37.44500000 37.51900000 37.57800000
37.59700000 37.59700000 37.59700000 37.59700000 37.59700000 37.59700000 37.59700000 37.59700000 37.59700000 37.59700000 37.59700000 37.59700000 37.59700000 37.59700000 37.59700000 37.59700000 35.92300000 35.87000000 36.53700000 36.89800000 37.03000000 37.29300000 37.37000000 37.39300000 37.35400000 37.31600000 37.33900000 37.38800000 37.41500000 37.54900000
37.59700000 37.59700000 37.59700000 37.59700000 37.59700000 37.59700000 37.59700000 37.59700000 37.59700000 37.59700000 37.59700000 37.59700000 37.59700000 37.59700000 37.59700000 37.59700000 37.59700000 37.59700000 36.25800000 36.66100000 37.03900000 36.87700000 37.35300000 37.40300000 37.38900000 37.28900000 37.32600000 37.36300000 37.34900000 37.37000000
37.59700000 37.59700000 37.59700000 37.59700000 37.59700000 37.59700000 37.59700000 37.59700000 37.59700000 37.59700000 37.59700000 37.59700000 37.59700000 37.59700000 37.59700000 37.59700000 37.59700000 37.59700000 37.59700000 36.64700000 37.00700000 36.88500000 37.37200000 37.42900000 37.39300000 37.31300000 37.33500000 37.34500000 37.37800000 37.31800000
37.59700000 37.59700000 37.59700000 37.59700000 37.59700000 37.59700000 37.59700000 37.59700000 37.59700000 37.59700000 37.59700000 37.59700000 37.59700000 37.59700000 37.59700000 37.59700000 37.59700000 37.59700000 37.59700000 36.96800000 36.41200000 37.03500000 37.37300000 37.43300000 37.29700000 37.37200000 37.41000000 37.39400000 37.35200000 37.34400000
37.59700000 37.59700000 37.59700000 37.59700000 37.59700000 37.59700000 37.59700000 37.59700000 37.59700000 37.59700000 37.59700000 37.59700000 37.59700000 37.59700000 37.59700000 37.59700000 37.59700000 37.59700000 37.59700000 36.85900000 36.70600000 36.89000000 37.34500000 37.38900000 37.31900000 37.39200000 37.38500000 37.39900000 37.40900000 37.34700000
37.59700000 37.59700000 37.59700000 37.59700000 37.59700000 37.59700000 37.59700000 37.59700000 37.59700000 37.59700000 37.59700000 37.59700000 37.59700000 37.59700000 37.59700000 37.59700000 37.59700000 37.59700000 37.59700000 36.60500000 36.72400000 36.72000000 37.35100000 37.31900000 37.39800000 37.35700000 37.38300000 37.38300000 37.39000000 37.41000000
37.59700000 37.59700000 37.59700000 37.59700000 37.59700000 37.59700000 37.59700000 37.59700000 37.59700000 37.59700000 37.59700000 37.59700000 37.59700000 37.59700000 37.59700000 37.59700000 37.59700000 37.59700000 37.59700000 37.59700000 36.67800000 36.61300000 37.32200000 37.37300000 37.34900000 37.36100000 37.34700000 37.33000000 37.33600000 37.36800000
37.59700000 37.59700000 37.59700000 37.59700000 37.59700000 37.59700000 37.59700000 37.59700000 37.59700000 37.59700000 37.59700000 37.59700000 37.59700000 37.59700000 37.59700000 37.59700000 37.59700000 37.59700000 37.59700000 37.59700000 37.59700000 36.64200000 36.90600000 37.30600000 37.32300000 37.32800000 37.33900000 37.31600000 37.30000000 37.31500000
37.59700000 37.59700000 37.59700000 37.59700000 37.59700000 37.59700000 37.59700000 37.59700000 37.59700000 37.59700000 37.59700000 37.59700000 37.59700000 37.59700000 37.59700000 37.59700000 37.59700000 37.59700000 37.59700000 37.59700000 37.59700000 36.49100000 36.54400000 37.22700000 37.28200000 37.31500000 37.30100000 37.28200000 37.28900000 37.27600000
37.59700000 37.59700000 37.59700000 37.59700000 37.59700000 37.59700000 37.59700000 37.59700000 37.59700000 37.59700000 37.59700000 37.59700000 37.59700000 37.59700000 37.59700000 37.59700000 37.59700000 37.59700000 37.59700000 37.59700000 37.59700000 37.59700000 36.37200000 37.13300000 37.14700000 37.21700000 37.21600000 37.23700000 37.23300000 37.27900000
37.59700000 37.59700000 37.59700000 37.59700000 37.59700000 37.59700000 37.59700000 37.59700000 37.59700000 37.59700000 37.59700000 37.59700000 37.59700000 37.59700000 37.59700000 37.59700000 37.59700000 37.59700000 37.59700000 37.59700000 37.59700000 37.59700000 37.59700000 36.12700000 37.18500000 37.18100000 37.20000000 37.23400000 37.27600000 37.28800000
37.02000000 36.92500000 37.02400000 36.96400000 36.98700000 37.01200000 37.15800000 37.26900000 37.26800000 37.23700000 37.16200000 37.06000000 36.91200000 36.57900000 36.49300000 36.83400000 36.89800000 36.98900000 36.97500000 37.03100000 37.05600000 37.03700000 36.92000000 36.74700000 36.43700000 36.23900000 36.38600000 36.52700000 36.38000000 36.36800000
37.00900000 36.98200000 36.94700000 36.92700000 36.93000000 37.15600000 37.22700000 37.22900000 37.20400000 37.15100000 37.06600000 36.95300000 36.55800000 36.51900000 36.78400000 36.88100000 36.97200000 37.02100000 36.99200000 37.06500000 37.06000000 36.98600000 36.85600000 36.67600000 36.31600000 36.54800000 36.55300000 36.46500000 36.61800000 36.93800000
37.00200000 37.02600000 36.92700000 36.92400000 36.92000000 37.05100000 37.15200000 37.13900000 37.07200000 36.92500000 36.63200000 36.43900000 36.52500000 36.76100000 36.79800000 36.92800000 37.08100000 37.00900000 36.97300000 37.01400000 36.96300000 36.88500000 36.72300000 36.60300000 36.72600000 37.04900000 37.04600000 37.07100000 36.94700000 36.86700000
36.62000000 36.98700000 36.96300000 36.91200000 36.94300000 36.80100000 36.75700000 36.60400000 36.48200000 36.62800000 36.81500000 36.88500000 36.88400000 36.85100000 36.82900000 36.95100000 37.09200000 36.97900000 36.92200000 36.93400000 36.85400000 36.73900000 36.98500000 37.15600000 37.19200000 37.07300000 37.02800000 36.99700000 36.97100000 36.98000000
36.53400000 36.45700000 37.01000000 36.84800000 36.91100000 36.92500000 36.92100000 36.77800000 36.85800000 36.92900000 36.87300000 36.88400000 36.90200000 36.90500000 36.92000000 36.96800000 37.09500000 36.97000000 36.78700000 36.75700000 37.04400000 37.19000000 37.21000000 37.20400000 37.21600000 37.24100000 37.09000000 36.97500000 36.91000000 36.77300000
36.38600000 36.00600000 36.89000000 36.95600000 36.82600000 36.87400000 36.93600000 36.92600000 36.92500000 36.92500000 36.87100000 36.86700000 36.96900000 37.02200000 37.03200000 36.99000000 37.12900000 37.09700000 36.98600000 37.13800000 37.18400000 37.16300000 37.12000000 37.08700000 37.15000000 37.22100000 37.23600000 37.25300000 36.87200000 36.60000000
36.10900000 35.91200000 36.79900000 36.99700000 36.97700000 36.87000000 36.79000000 36.77600000 36.78700000 36.82600000 36.92300000 37.00600000 36.99200000 37.01100000 37.04700000 36.98800000 37.19300000 37.19700000 37.13800000 37.14500000 37.14900000 37.07200000 36.96400000 36.95100000 37.04800000 37.18300000 37.25400000 37.26000000 37.25700000 36.97800000
35.88600000 35.60200000 36.74800000 36.62900000 36.95100000 37.09900000 37.04400000 36.89900000 36.88600000 36.91200000 37.01900000 36.97800000 36.98000000 37.03300000 37.05200000 36.99800000 37.22900000 37.22600000 37.15900000 37.12900000 37.15300000 37.08300000 37.01300000 37.05100000 37.15100000 37.21400000 37.31000000 37.32500000 37.25800000 37.24200000
35.79000000 35.92400000 36.53800000 36.61100000 36.49800000 36.71500000 36.94700000 37.19500000 36.92600000 36.90600000 36.95200000 36.96000000 36.95600000 36.94400000 36.93000000 36.97600000 37.12700000 37.20900000 37.24200000 37.24800000 37.19000000 37.15700000 37.16300000 37.20800000 37.25400000 37.41200000 37.43800000 37.36000000 37.27400000 37.26100000
35.70400000 35.83700000 36.01900000 36.27900000 36.37600000 36.52700000 36.57900000 36.78900000 37.28400000 37.20000000 37.04600000 36.97300000 36.92100000 36.92700000 36.96600000 36.96400000 37.02100000 37.01300000 37.01300000 37.39800000 37.44600000 37.44500000 37.44800000 37.44700000 37.43200000 37.41300000 37.44600000 37.32000000 37.24900000 37.25200000
35.44500000 37.59700000 35.55900000 35.70100000 36.18400000 36.31000000 36.47700000 36.48900000 36.69200000 37.17700000 37.36000000 37.40100000 37.39600000 37.37900000 37.05800000 36.94300000 37.03100000 37.42600000 37.27400000 37.27000000 37.35200000 37.33700000 37.32500000 37.36700000 37.39800000 37.41900000 37.35600000 37.27000000 37.31900000 37.22900000
37.59700000 37.59700000 37.59700000 37.59700000 35.65400000 35.97000000 36.45900000 36.48100000 36.18200000 36.38700000 36.90300000 37.27700000 37.26500000 37.32200000 37.36900000 37.33300000 37.25800000 37.12600000 37.17000000 37.35900000 37.26700000 37.33300000 37.37000000 37.27400000 37.26300000 37.31900000 37.36800000 37.30500000 37.35800000 37.21600000
37.59700000 37.59700000 37.59700000 37.59700000 37.59700000 35.65000000 35.80100000 35.94500000 36.14600000 36.09300000 36.53300000 36.94500000 37.15800000 36.87300000 36.69000000 36.99700000 36.91500000 36.63000000 37.30600000 37.35300000 37.24700000 37.26200000 37.22200000 37.21200000 37.24500000 37.32200000 37.33400000 37.28400000 37.37600000 37.22800000
37.59700000 37.59700000 37.59700000 37.59700000 37.59700000 37.59700000 37.59700000 35.50800000 35.72200000 35.73700000 36.36800000 36.39800000 36.54100000 36.42900000 36.18300000 36.28300000 36.67100000 36.23900000 37.23400000 37.35200000 37.30600000 37.17100000 37.18600000 37.18100000 37.23600000 37.32900000 37.43400000 37.39500000 37.28600000 37.29900000
37.59700000 37.59700000 37.59700000 37.59700000 37.59700000 37.59700000 37.59700000 37.59700000 37.59700000 37.59700000 37.59700000 37.59700000 37.59700000 37.59700000 37.59700000 36.22300000 36.57800000 36.11000000 37.03300000 37.23300000 37.35900000 37.35600000 37.25700000 37.18600000 37.26100000 37.35500000 37.42300000 37.48400000 37.42500000 37.30200000
37.59700000 37.59700000 37.59700000 37.59700000 37.59700000 37.59700000 37.59700000 37.59700000 37.59700000 37.59700000 37.59700000 37.59700000 37.59700000 37.59700000 37.59700000 37.59700000 36.38000000 36.44500000 36.40900000 37.03600000 37.23200000 37.34200000 37.36800000 37.39300000 37.30200000 37.34700000 37.37300000 37.44600000 37.51900000 37.57800000
37.59700000 37.59700000 37.59700000 37.59700000 37.59700000 37.59700000 37.59700000 37.59700000 37.59700000 37.59700000 37.59700000 37.59700000 37.59700000 37.59700000 37.59700000 37.59700000 37.59700000 36.39500000 36.79500000 36.91100000 37.01400000 37.29200000 37.37100000 37.39500000 37.35400000 37.31700000 37.34000000 37.38900000 37.41500000 37.55000000
37.59700000 37.59700000 37.59700000 37.59700000 37.59700000 37.59700000 37.59700000 37.59700000 37.59700000 37.59700000 37.59700000 37.59700000 37.59700000 37.59700000 37.59700000 37.59700000 37.59700000 37.59700000 37.59700000 36.79800000 37.03600000 36.92400000 37.35400000 37.40400000 37.38900000 37.29100000 37.32800000 37.36400000 37.35000000 37.37100000
37.59700000 37.59700000 37.59700000 37.59700000 37.59700000 37.59700000 37.59700000 37.59700000 37.59700000 37.59700000 37.59700000 37.59700000 37.59700000 37.59700000 37.59700000 37.59700000 37.59700000 37.59700000 37.59700000 37.59700000 36.93500000 37.00900000 37.37200000 37.42900000 37.39300000 37.31400000 37.33600000 37.34500000 37.37900000 37.31700000
37.59700000 37.59700000 37.59700000 37.59700000 37.59700000 37.59700000 37.59700000 37.59700000 37.59700000 37.59700000 37.59700000 37.59700000 37.59700000 37.59700000 37.59700000 37.59700000 37.59700000 37.59700000 37.59700000 37.59700000 36.37600000 37.10800000 37.37500000 37.43300000 37.29800000 37.37400000 37.41100000 37.39500000 37.35200000 37.34400000
37.59700000 37.59700000 37.59700000 37.59700000 37.59700000 37.59700000 37.59700000 37.59700000 37.59700000 37.59700000 37.59700000 37.59700000 37.59700000 37.59700000 37.59700000 37.59700000 37.59700000 37.59700000 37.59700000 37.59700000 36.06500000 37.06400000 37.34600000 37.39100000 37.31900000 37.39200000 37.38500000 37.40000000 37.40900000 37.34600000
37.59700000 37.59700000 37.59700000 37.59700000 37.59700000 37.59700000 37.59700000 37.59700000 37.59700000 37.59700000 37.59700000 37.59700000 37.59700000 37.59700000 37.59700000 37.59700000 37.59700000 37.59700000 37.59700000 37.59700000 36.16400000 36.90500000 37.35100000 37.32000000 37.39700000 37.35700000 37.38200000 37.38300000 37.39000000 37.40800000
37.59700000 37.59700000 37.59700000 37.59700000 37.59700000 37.59700000 37.59700000 37.59700000 37.59700000 37.59700000 37.59700000 37.59700000 37.59700000 37.59700000 37.59700000 37.59700000 37.59700000 37.59700000 37.59700000 37.59700000 37.59700000 36.82700000 37.32200000 37.37400000 37.34900000 37.36100000 37.34700000 37.32900000 37.33600000 37.36800000
37.59700000 37.59700000 37.59700000 37.59700000 37.59700000 37.59700000 37.59700000 37.59700000 37.59700000 37.59700000 37.59700000 37.59700000 37.59700000 37.59700000 37.59700000 37.59700000 37.59700000 37.59700000 37.59700000 37.59700000 37.59700000 36.58300000 36.99800000 37.30800000 37.32400000 37.32800000 37.33900000 37.31500000 37.30000000 37.31500000
37.59700000 37.59700000 37.59700000 37.59700000 37.59700000 37.59700000 37.59700000 37.59700000 37.59700000 37.59700000 37.59700000 37.59700000 37.59700000 37.59700000 37.59700000 37.59700000 37.59700000 37.59700000 37.59700000 37.59700000 37.59700000 37.59700000 37.05300000 37.22900000 37.28300000 37.31500000 37.30100000 37.28100000 37.28800000 37.27500000
37.59700000 37.59700000 37.59700000 37.59700000 37.59700000 37.59700000 37.59700000 37.59700000 37.59700000 37.59700000 37.59700000 37.59700000 37.59700000 37.59700000 37.59700000 37.59700000 37.59700000 37.59700000 37.59700000 37.59700000 37.59700000 37.59700000 36.59300000 37.12900000 37.14800000 37.21800000 37.21700000 37.23600000 37.23100000 37.27800000
37.59700000 37.59700000 37.59700000 37.59700000 37.59700000 37.59700000 37.59700000 37.59700000 37.59700000 37.59700000 37.59700000 37.59700000 37.59700000 37.59700000 37.59700000 37.59700000 37.59700000 37.59700000 37.59700000 37.59700000 37.59700000 37.59700000 37.59700000 37.01300000 37.18700000 37.18100000 37.20000000 37.23300000 37.27500000 37.28800000
