-26.85000000 -26.85000000 -26.85000000 -26.85000000 -26.85000000 -26.85000000 -26.85000000 -26.85000000 -26.85000000 -26.85000000 -26.85000000 -26.85000000 -26.85000000 -26.85000000 -26.85000000 -26.85000000 -26.85000000 -26.85000000 -26.85000000 -26.85000000 -26.85000000 -26.85000000 -26.85000000 -26.85000000 -26.85000000 -26.85000000 -26.85000000 -26.85000000 -26.85000000 -26.85000000
-26.57222222 -26.57222222 -26.57222222 -26.57222222 -26.57222222 -26.57222222 -26.57222222 -26.57222222 -26.57222222 -26.57222222 -26.57222222 -26.57222222 -26.57222222 -26.57222222 -26.57222222 -26.57222222 -26.57222222 -26.57222222 -26.57222222 -26.57222222 -26.57222222 -26.57222222 -26.57222222 -26.57222222 -26.57222222 -26.57222222 -26.57222222 -26.57222222 -26.57222222 -26.57222222
-26.29444444 -26.29444444 -26.29444444 -26.29444444 -26.29444444 -26.29444444 -26.29444444 -26.29444444 -26.29444444 -26.29444444 -26.29444444 -26.29444444 -26.29444444 -26.29444444 -26.29444444 -26.29444444 -26.29444444 -26.29444444 -26.29444444 -26.29444444 -26.29444444 -26.29444444 -26.29444444 -26.29444444 -26.29444444 -26.29444444 -26.29444444 -26.29444444 -26.29444444 -26.29444444
-26.01666667 -26.01666667 -26.01666667 -26.01666667 -26.01666667 -26.01666667 -26.01666667 -26.01666667 -26.01666667 -26.01666667 -26.01666667 -26.01666667 -26.01666667 -26.01666667 -26.01666667 -26.01666667 -26.01666667 -26.01666667 -26.01666667 -26.01666667 -26.01666667 -26.01666667 -26.01666667 -26.01666667 -26.01666667 -26.01666667 -26.01666667 -26.01666667 -26.01666667 -26.01666667
-25.73888889 -25.73888889 -25.73888889 -25.73888889 -25.73888889 -25.73888889 -25.73888889 -25.73888889 -25.73888889 -25.73888889 -25.73888889 -25.73888889 -25.73888889 -25.73888889 -25.73888889 -25.73888889 -25.73888889 -25.73888889 -25.73888889 -25.73888889 -25.73888889 -25.73888889 -25.73888889 -25.73888889 -25.73888889 -25.73888889 -25.73888889 -25.73888889 -25.73888889 -25.73888889
-25.46111111 -25.46111111 -25.46111111 -25.46111111 -25.46111111 -25.46111111 -25.46111111 -25.46111111 -25.46111111 -25.46111111 -25.46111111 -25.46111111 -25.46111111 -25.46111111 -25.46111111 -25.46111111 -25.46111111 -25.46111111 -25.46111111 -25.46111111 -25.46111111 -25.46111111 -25.46111111 -25.46111111 -25.46111111 -25.46111111 -25.46111111 -25.46111111 -25.46111111 -25.46111111
-25.18333333 -25.18333333 -25.18333333 -25.18333333 -25.18333333 -25.18333333 -25.18333333 -25.18333333 -25.18333333 -25.18333333 -25.18333333 -25.18333333 -25.18333333 -25.18333333 -25.18333333 -25.18333333 -25.18333333 -25.18333333 -25.18333333 -25.18333333 -25.18333333 -25.18333333 -25.18333333 -25.18333333 -25.18333333 -25.18333333 -25.18333333 -25.18333333 -25.18333333 -25.18333333
-24.90555556 -24.90555556 -24.90555556 -24.90555556 -24.90555556 -24.90555556 -24.90555556 -24.90555556 -24.90555556 -24.90555556 -24.90555556 -24.90555556 -24.90555556 -24.90555556 -24.90555556 -24.90555556 -24.90555556 -24.90555556 -24.90555556 -24.90555556 -24.90555556 -24.90555556 -24.90555556 -24.90555556 -24.90555556 -24.90555556 -24.90555556 -24.90555556 -24.90555556 -24.90555556
-24.62777778 -24.62777778 -24.62777778 -24.62777778 -24.62777778 -24.62777778 -24.62777778 -24.62777778 -24.62777778 -24.62777778 -24.62777778 -24.62777778 -24.62777778 -24.62777778 -24.62777778 -24.62777778 -24.62777778 -24.62777778 -24.62777778 -24.62777778 -24.62777778 -24.62777778 -24.62777778 -24.62777778 -24.62777778 -24.62777778 -24.62777778 -24.62777778 -24.62777778 -24.62777778
-24.35000000 -24.35000000 -24.35000000 -24.35000000 -24.35000000 -24.35000000 -24.35000000 -24.35000000 -24.35000000 -24.35000000 -24.35000000 -24.35000000 -24.35000000 -24.35000000 -24.35000000 -24.35000000 -24.35000000 -24.35000000 -24.35000000 -24.35000000 -24.35000000 -24.35000000 -24.35000000 -24.35000000 -24.35000000 -24.35000000 -24.35000000 -24.35000000 -24.35000000 -24.35000000
-24.07222222 -24.07222222 -24.07222222 -24.07222222 -24.07222222 -24.07222222 -24.07222222 -24.07222222 -24.07222222 -24.07222222 -24.07222222 -24.07222222 -24.07222222 -24.07222222 -24.07222222 -24.07222222 -24.07222222 -24.07222222 -24.07222222 -24.07222222 -24.07222222 -24.07222222 -24.07222222 -24.07222222 -24.07222222 -24.07222222 -24.07222222 -24.07222222 -24.07222222 -24.07222222
-23.79444444 -23.79444444 -23.79444444 -23.79444444 -23.79444444 -23.79444444 -23.79444444 -23.79444444 -23.79444444 -23.79444444 -23.79444444 -23.79444444 -23.79444444 -23.79444444 -23.79444444 -23.79444444 -23.79444444 -23.79444444 -23.79444444 -23.79444444 -23.79444444 -23.79444444 -23.79444444 -23.79444444 -23.79444444 -23.79444444 -23.79444444 -23.79444444 -23.79444444 -23.79444444
-23.51666667 -23.51666667 -23.51666667 -23.51666667 -23.51666667 -23.51666667 -23.51666667 -23.51666667 -23.51666667 -23.51666667 -23.51666667 -23.51666667 -23.51666667 -23.51666667 -23.51666667 -23.51666667 -23.51666667 -23.51666667 -23.51666667 -23.51666667 -23.51666667 -23.51666667 -23.51666667 -23.51666667 -23.51666667 -23.51666667 -23.51666667 -23.51666667 -23.51666667 -23.51666667
-23.23888889 -23.23888889 -23.23888889 -23.23888889 -23.23888889 -23.23888889 -23.23888889 -23.23888889 -23.23888889 -23.23888889 -23.23888889 -23.23888889 -23.23888889 -23.23888889 -23.23888889 -23.23888889 -23.23888889 -23.23888889 -23.23888889 -23.23888889 -23.23888889 -23.23888889 -23.23888889 -23.23888889 -23.23888889 -23.23888889 -23.23888889 -23.23888889 -23.23888889 -23.23888889
-22.96111111 -22.96111111 -22.96111111 -22.96111111 -22.96111111 -22.96111111 -22.96111111 -22.96111111 -22.96111111 -22.96111111 -22.96111111 -22.96111111 -22.96111111 -22.96111111 -22.96111111 -22.96111111 -22.96111111 -22.96111111 -22.96111111 -22.96111111 -22.96111111 -22.96111111 -22.96111111 -22.96111111 -22.96111111 -22.96111111 -22.96111111 -22.96111111 -22.96111111 -22.96111111
-22.68333333 -22.68333333 -22.68333333 -22.68333333 -22.68333333 -22.68333333 -22.68333333 -22.68333333 -22.68333333 -22.68333333 -22.68333333 -22.68333333 -22.68333333 -22.68333333 -22.68333333 -22.68333333 -22.68333333 -22.68333333 -22.68333333 -22.68333333 -22.68333333 -22.68333333 -22.68333333 -22.68333333 -22.68333333 -22.68333333 -22.68333333 -22.68333333 -22.68333333 -22.68333333
-22.40555556 -22.40555556 -22.40555556 -22.40555556 -22.40555556 -22.40555556 -22.40555556 -22.40555556 -22.40555556 -22.40555556 -22.40555556 -22.40555556 -22.40555556 -22.40555556 -22.40555556 -22.40555556 -22.40555556 -22.40555556 -22.40555556 -22.40555556 -22.40555556 -22.40555556 -22.40555556 -22.40555556 -22.40555556 -22.40555556 -22.40555556 -22.40555556 -22.40555556 -22.40555556
-22.12777778 -22.12777778 -22.12777778 -22.12777778 -22.12777778 -22.12777778 -22.12777778 -22.12777778 -22.12777778 -22.12777778 -22.12777778 -22.12777778 -22.12777778 -22.12777778 -22.12777778 -22.12777778 -22.12777778 -22.12777778 -22.12777778 -22.12777778 -22.12777778 -22.12777778 -22.12777778 -22.12777778 -22.12777778 -22.12777778 -22.12777778 -22.12777778 -22.12777778 -22.12777778
-21.85000000 -21.85000000 -21.85000000 -21.85000000 -21.85000000 -21.85000000 -21.85000000 -21.85000000 -21.85000000 -21.85000000 -21.85000000 -21.85000000 -21.85000000 -21.85000000 -21.85000000 -21.85000000 -21.85000000 -21.85000000 -21.85000000 -21.85000000 -21.85000000 -21.85000000 -21.85000000 -21.85000000 -21.85000000 -21.85000000 -21.85000000 -21.85000000 -21.85000000 -21.85000000
-21.57222222 -21.57222222 -21.57222222 -21.57222222 -21.57222222 -21.57222222 -21.57222222 -21.57222222 -21.57222222 -21.57222222 -21.57222222 -21.57222222 -21.57222222 -21.57222222 -21.57222222 -21.57222222 -21.57222222 -21.57222222 -21.57222222 -21.57222222 -21.57222222 -21.57222222 -21.57222222 -21.57222222 -21.57222222 -21.57222222 -21.57222222 -21.57222222 -21.57222222 -21.57222222
-21.29444444 -21.29444444 -21.29444444 -21.29444444 -21.29444444 -21.29444444 -21.29444444 -21.29444444 -21.29444444 -21.29444444 -21.29444444 -21.29444444 -21.29444444 -21.29444444 -21.29444444 -21.29444444 -21.29444444 -21.29444444 -21.29444444 -21.29444444 -21.29444444 -21.29444444 -21.29444444 -21.29444444 -21.29444444 -21.29444444 -21.29444444 -21.29444444 -21.29444444 -21.29444444
-21.01666667 -21.01666667 -21.01666667 -21.01666667 -21.01666667 -21.01666667 -21.01666667 -21.01666667 -21.01666667 -21.01666667 -21.01666667 -21.01666667 -21.01666667 -21.01666667 -21.01666667 -21.01666667 -21.01666667 -21.01666667 -21.01666667 -21.01666667 -21.01666667 -21.01666667 -21.01666667 -21.01666667 -21.01666667 -21.01666667 -21.01666667 -21.01666667 -21.01666667 -21.01666667
-20.73888889 -20.73888889 -20.73888889 -20.73888889 -20.73888889 -20.73888889 -20.73888889 -20.73888889 -20.73888889 -20.73888889 -20.73888889 -20.73888889 -20.73888889 -20.73888889 -20.73888889 -20.73888889 -20.73888889 -20.73888889 -20.73888889 -20.73888889 -20.73888889 -20.73888889 -20.73888889 -20.73888889 -20.73888889 -20.73888889 -20.73888889 -20.73888889 -20.73888889 -20.73888889
-20.46111111 -20.46111111 -20.46111111 -20.46111111 -20.46111111 -20.46111111 -20.46111111 -20.46111111 -20.46111111 -20.46111111 -20.46111111 -20.46111111 -20.46111111 -20.46111111 -20.46111111 -20.46111111 -20.46111111 -20.46111111 -20.46111111 -20.46111111 -20.46111111 -20.46111111 -20.46111111 -20.46111111 -20.46111111 -20.46111111 -20.46111111 -20.46111111 -20.46111111 -20.46111111
-20.18333333 -20.18333333 -20.18333333 -20.18333333 -20.18333333 -20.18333333 -20.18333333 -20.18333333 -20.18333333 -20.18333333 -20.18333333 -20.18333333 -20.18333333 -20.18333333 -20.18333333 -20.18333333 -20.18333333 -20.18333333 -20.18333333 -20.18333333 -20.18333333 -20.18333333 -20.18333333 -20.18333333 -20.18333333 -20.18333333 -20.18333333 -20.18333333 -20.18333333 -20.18333333
-19.90555556 -19.90555556 -19.90555556 -19.90555556 -19.90555556 -19.90555556 -19.90555556 -19.90555556 -19.90555556 -19.90555556 -19.90555556 -19.90555556 -19.90555556 -19.90555556 -19.90555556 -19.90555556 -19.90555556 -19.90555556 -19.90555556 -19.90555556 -19.90555556 -19.90555556 -19.90555556 -19.90555556 -19.90555556 -19.90555556 -19.90555556 -19.90555556 -19.90555556 -19.90555556
-19.62777778 -19.62777778 -19.62777778 -19.62777778 -19.62777778 -19.62777778 -19.62777778 -19.62777778 -19.62777778 -19.62777778 -19.62777778 -19.62777778 -19.62777778 -19.62777778 -19.62777778 -19.62777778 -19.62777778 -19.62777778 -19.62777778 -19.62777778 -19.62777778 -19.62777778 -19.62777778 -19.62777778 -19.62777778 -19.62777778 -19.62777778 -19.62777778 -19.62777778 -19.62777778
