-46.00000000 -45.72222222 -45.44444444 -45.16666667 -44.88888889 -44.61111111 -44.33333333 -44.05555556 -43.77777778 -43.50000000 -43.22222222 -42.94444444 -42.66666667 -42.38888889 -42.11111111 -41.83333333 -41.55555556 -41.27777778 -41.00000000 -40.72222222 -40.44444444 -40.16666667 -39.88888889 -39.61111111 -39.33333333 -39.05555556 -38.77777778 -38.50000000 -38.22222222 -37.94444444
-46.00000000 -45.72222222 -45.44444444 -45.16666667 -44.88888889 -44.61111111 -44.33333333 -44.05555556 -43.77777778 -43.50000000 -43.22222222 -42.94444444 -42.66666667 -42.38888889 -42.11111111 -41.83333333 -41.55555556 -41.27777778 -41.00000000 -40.72222222 -40.44444444 -40.16666667 -39.88888889 -39.61111111 -39.33333333 -39.05555556 -38.77777778 -38.50000000 -38.22222222 -37.94444444
-46.00000000 -45.72222222 -45.44444444 -45.16666667 -44.88888889 -44.61111111 -44.33333333 -44.05555556 -43.77777778 -43.50000000 -43.22222222 -42.94444444 -42.66666667 -42.38888889 -42.11111111 -41.83333333 -41.55555556 -41.27777778 -41.00000000 -40.72222222 -40.44444444 -40.16666667 -39.88888889 -39.61111111 -39.33333333 -39.05555556 -38.77777778 -38.50000000 -38.22222222 -37.94444444
-46.00000000 -45.72222222 -45.44444444 -45.16666667 -44.88888889 -44.61111111 -44.33333333 -44.05555556 -43.77777778 -43.50000000 -43.22222222 -42.94444444 -42.66666667 -42.38888889 -42.11111111 -41.83333333 -41.55555556 -41.27777778 -41.00000000 -40.72222222 -40.44444444 -40.16666667 -39.88888889 -39.61111111 -39.33333333 -39.05555556 -38.77777778 -38.50000000 -38.22222222 -37.94444444
-46.00000000 -45.72222222 -45.44444444 -45.16666667 -44.88888889 -44.61111111 -44.33333333 -44.05555556 -43.77777778 -43.50000000 -43.22222222 -42.94444444 -42.66666667 -42.38888889 -42.11111111 -41.83333333 -41.55555556 -41.27777778 -41.00000000 -40.72222222 -40.44444444 -40.16666667 -39.88888889 -39.61111111 -39.33333333 -39.05555556 -38.77777778 -38.50000000 -38.22222222 -37.94444444
-46.00000000 -45.72222222 -45.44444444 -45.16666667 -44.88888889 -44.61111111 -44.33333333 -44.05555556 -43.77777778 -43.50000000 -43.22222222 -42.94444444 -42.66666667 -42.38888889 -42.11111111 -41.83333333 -41.55555556 -41.27777778 -41.00000000 -40.72222222 -40.44444444 -40.16666667 -39.88888889 -39.61111111 -39.33333333 -39.05555556 -38.77777778 -38.50000000 -38.22222222 -37.94444444
-46.00000000 -45.72222222 -45.44444444 -45.16666667 -44.88888889 -44.61111111 -44.33333333 -44.05555556 -43.77777778 -43.50000000 -43.22222222 -42.94444444 -42.66666667 -42.38888889 -42.11111111 -41.83333333 -41.55555556 -41.27777778 -41.00000000 -40.72222222 -40.44444444 -40.16666667 -39.88888889 -39.61111111 -39.33333333 -39.05555556 -38.77777778 -38.50000000 -38.22222222 -37.94444444
-46.00000000 -45.72222222 -45.44444444 -45.16666667 -44.88888889 -44.61111111 -44.33333333 -44.05555556 -43.77777778 -43.50000000 -43.22222222 -42.94444444 -42.66666667 -42.38888889 -42.11111111 -41.83333333 -41.55555556 -41.27777778 -41.00000000 -40.72222222 -40.44444444 -40.16666667 -39.88888889 -39.61111111 -39.33333333 -39.05555556 -38.77777778 -38.50000000 -38.22222222 -37.94444444
-46.00000000 -45.72222222 -45.44444444 -45.16666667 -44.88888889 -44.61111111 -44.33333333 -44.05555556 -43.77777778 -43.50000000 -43.22222222 -42.94444444 -42.66666667 -42.38888889 -42.11111111 -41.83333333 -41.55555556 -41.27777778 -41.00000000 -40.72222222 -40.44444444 -40.16666667 -39.88888889 -39.61111111 -39.33333333 -39.05555556 -38.77777778 -38.50000000 -38.22222222 -37.94444444
-46.00000000 -45.72222222 -45.44444444 -45.16666667 -44.88888889 -44.61111111 -44.33333333 -44.05555556 -43.77777778 -43.50000000 -43.22222222 -42.94444444 -42.66666667 -42.38888889 -42.11111111 -41.83333333 -41.55555556 -41.27777778 -41.00000000 -40.72222222 -40.44444444 -40.16666667 -39.88888889 -39.61111111 -39.33333333 -39.05555556 -38.77777778 -38.50000000 -38.22222222 -37.94444444
-46.00000000 -45.72222222 -45.44444444 -45.16666667 -44.88888889 -44.61111111 -44.33333333 -44.05555556 -43.77777778 -43.50000000 -43.22222222 -42.94444444 -42.66666667 -42.38888889 -42.11111111 -41.83333333 -41.55555556 -41.27777778 -41.00000000 -40.72222222 -40.44444444 -40.16666667 -39.88888889 -39.61111111 -39.33333333 -39.05555556 -38.77777778 -38.50000000 -38.22222222 -37.94444444
-46.00000000 -45.72222222 -45.44444444 -45.16666667 -44.88888889 -44.61111111 -44.33333333 -44.05555556 -43.77777778 -43.50000000 -43.22222222 -42.94444444 -42.66666667 -42.38888889 -42.11111111 -41.83333333 -41.55555556 -41.27777778 -41.00000000 -40.72222222 -40.44444444 -40.16666667 -39.88888889 -39.61111111 -39.33333333 -39.05555556 -38.77777778 -38.50000000 -38.22222222 -37.94444444
-46.00000000 -45.72222222 -45.44444444 -45.16666667 -44.88888889 -44.61111111 -44.33333333 -44.05555556 -43.77777778 -43.50000000 -43.22222222 -42.94444444 -42.66666667 -42.38888889 -42.11111111 -41.83333333 -41.55555556 -41.27777778 -41.00000000 -40.72222222 -40.44444444 -40.16666667 -39.88888889 -39.61111111 -39.33333333 -39.05555556 -38.77777778 -38.50000000 -38.22222222 -37.94444444
-46.00000000 -45.72222222 -45.44444444 -45.16666667 -44.88888889 -44.61111111 -44.33333333 -44.05555556 -43.77777778 -43.50000000 -43.22222222 -42.94444444 -42.66666667 -42.38888889 -42.11111111 -41.83333333 -41.55555556 -41.27777778 -41.00000000 -40.72222222 -40.44444444 -40.16666667 -39.88888889 -39.61111111 -39.33333333 -39.05555556 -38.77777778 -38.50000000 -38.22222222 -37.94444444
-46.00000000 -45.72222222 -45.44444444 -45.16666667 -44.88888889 -44.61111111 -44.33333333 -44.05555556 -43.77777778 -43.50000000 -43.22222222 -42.94444444 -42.66666667 -42.38888889 -42.11111111 -41.83333333 -41.55555556 -41.27777778 -41.00000000 -40.72222222 -40.44444444 -40.16666667 -39.88888889 -39.61111111 -39.33333333 -39.05555556 -38.77777778 -38.50000000 -38.22222222 -37.94444444
-46.00000000 -45.72222222 -45.44444444 -45.16666667 -44.88888889 -44.61111111 -44.33333333 -44.05555556 -43.77777778 -43.50000000 -43.22222222 -42.94444444 -42.66666667 -42.38888889 -42.11111111 -41.83333333 -41.55555556 -41.27777778 -41.00000000 -40.72222222 -40.44444444 -40.16666667 -39.88888889 -39.61111111 -39.33333333 -39.05555556 -38.77777778 -38.50000000 -38.22222222 -37.94444444
-46.00000000 -45.72222222 -45.44444444 -45.16666667 -44.88888889 -44.61111111 -44.33333333 -44.05555556 -43.77777778 -43.50000000 -43.22222222 -42.94444444 -42.66666667 -42.38888889 -42.11111111 -41.83333333 -41.55555556 -41.27777778 -41.00000000 -40.72222222 -40.44444444 -40.16666667 -39.88888889 -39.61111111 -39.33333333 -39.05555556 -38.77777778 -38.50000000 -38.22222222 -37.94444444
-46.00000000 -45.72222222 -45.44444444 -45.16666667 -44.88888889 -44.61111111 -44.33333333 -44.05555556 -43.77777778 -43.50000000 -43.22222222 -42.94444444 -42.66666667 -42.38888889 -42.11111111 -41.83333333 -41.55555556 -41.27777778 -41.00000000 -40.72222222 -40.44444444 -40.16666667 -39.88888889 -39.61111111 -39.33333333 -39.05555556 -38.77777778 -38.50000000 -38.22222222 -37.94444444
-46.00000000 -45.72222222 -45.44444444 -45.16666667 -44.88888889 -44.61111111 -44.33333333 -44.05555556 -43.77777778 -43.50000000 -43.22222222 -42.94444444 -42.66666667 -42.38888889 -42.11111111 -41.83333333 -41.55555556 -41.27777778 -41.00000000 -40.72222222 -40.44444444 -40.16666667 -39.88888889 -39.61111111 -39.33333333 -39.05555556 -38.77777778 -38.50000000 -38.22222222 -37.94444444
-46.00000000 -45.72222222 -45.44444444 -45.16666667 -44.88888889 -44.61111111 -44.33333333 -44.05555556 -43.77777778 -43.50000000 -43.22222222 -42.94444444 -42.66666667 -42.38888889 -42.11111111 -41.83333333 -41.55555556 -41.27777778 -41.00000000 -40.72222222 -40.44444444 -40.16666667 -39.88888889 -39.61111111 -39.33333333 -39.05555556 -38.77777778 -38.50000000 -38.22222222 -37.94444444
-46.00000000 -45.72222222 -45.44444444 -45.16666667 -44.88888889 -44.61111111 -44.33333333 -44.05555556 -43.77777778 -43.50000000 -43.22222222 -42.94444444 -42.66666667 -42.38888889 -42.11111111 -41.83333333 -41.55555556 -41.27777778 -41.00000000 -40.72222222 -40.44444444 -40.16666667 -39.88888889 -39.61111111 -39.33333333 -39.05555556 -38.77777778 -38.50000000 -38.22222222 -37.94444444
-46.00000000 -45.72222222 -45.44444444 -45.16666667 -44.88888889 -44.61111111 -44.33333333 -44.05555556 -43.77777778 -43.50000000 -43.22222222 -42.94444444 -42.66666667 -42.38888889 -42.11111111 -41.83333333 -41.55555556 -41.27777778 -41.00000000 -40.72222222 -40.44444444 -40.16666667 -39.88888889 -39.61111111 -39.33333333 -39.05555556 -38.77777778 -38.50000000 -38.22222222 -37.94444444
-46.00000000 -45.72222222 -45.44444444 -45.16666667 -44.88888889 -44.61111111 -44.33333333 -44.05555556 -43.77777778 -43.50000000 -43.22222222 -42.94444444 -42.66666667 -42.38888889 -42.11111111 -41.83333333 -41.55555556 -41.27777778 -41.00000000 -40.72222222 -40.44444444 -40.16666667 -39.88888889 -39.61111111 -39.33333333 -39.05555556 -38.77777778 -38.50000000 -38.22222222 -37.94444444
-46.00000000 -45.72222222 -45.44444444 -45.16666667 -44.88888889 -44.61111111 -44.33333333 -44.05555556 -43.77777778 -43.50000000 -43.22222222 -42.94444444 -42.66666667 -42.38888889 -42.11111111 -41.83333333 -41.55555556 -41.27777778 -41.00000000 -40.72222222 -40.44444444 -40.16666667 -39.88888889 -39.61111111 -39.33333333 -39.05555556 -38.77777778 -38.50000000 -38.22222222 -37.94444444
-46.00000000 -45.72222222 -45.44444444 -45.16666667 -44.88888889 -44.61111111 -44.33333333 -44.05555556 -43.77777778 -43.50000000 -43.22222222 -42.94444444 -42.66666667 -42.38888889 -42.11111111 -41.83333333 -41.55555556 -41.27777778 -41.00000000 -40.72222222 -40.44444444 -40.16666667 -39.88888889 -39.61111111 -39.33333333 -39.05555556 -38.77777778 -38.50000000 -38.22222222 -37.94444444
-46.00000000 -45.72222222 -45.44444444 -45.16666667 -44.88888889 -44.61111111 -44.33333333 -44.05555556 -43.77777778 -43.50000000 -43.22222222 -42.94444444 -42.66666667 -42.38888889 -42.11111111 -41.83333333 -41.55555556 -41.27777778 -41.00000000 -40.72222222 -40.44444444 -40.16666667 -39.88888889 -39.61111111 -39.33333333 -39.05555556 -38.77777778 -38.50000000 -38.22222222 -37.94444444
-46.00000000 -45.72222222 -45.44444444 -45.16666667 -44.88888889 -44.61111111 -44.33333333 -44.05555556 -43.77777778 -43.50000000 -43.22222222 -42.94444444 -42.66666667 -42.38888889 -42.11111111 -41.83333333 -41.55555556 -41.27777778 -41.00000000 -40.72222222 -40.44444444 -40.16666667 -39.88888889 -39.61111111 -39.33333333 -39.05555556 -38.77777778 -38.50000000 -38.22222222 -37.94444444
