169
27
30
29115360.0000
29115420.0000
29115480.0000
29115540.0000
29115600.0000
29115660.0000
29115720.0000
29115780.0000
29115840.0000
29115900.0000
29115960.0000
29116020.0000
29116080.0000
29116140.0000
29116200.0000
29116260.0000
29116320.0000
29116380.0000
29116440.0000
29116500.0000
29116560.0000
29116620.0000
29116680.0000
29116740.0000
29116800.0000
29116860.0000
29116920.0000
29116980.0000
29117040.0000
29117100.0000
29117160.0000
29117220.0000
29117280.0000
29117340.0000
29117400.0000
29117460.0000
29117520.0000
29117580.0000
29117640.0000
29117700.0000
29117760.0000
29117820.0000
29117880.0000
29117940.0000
29118000.0000
29118060.0000
29118120.0000
29118180.0000
29118240.0000
29118300.0000
29118360.0000
29118420.0000
29118480.0000
29118540.0000
29118600.0000
29118660.0000
29118720.0000
29118780.0000
29118840.0000
29118900.0000
29118960.0000
29119020.0000
29119080.0000
29119140.0000
29119200.0000
29119260.0000
29119320.0000
29119380.0000
29119440.0000
29119500.0000
29119560.0000
29119620.0000
29119680.0000
29119740.0000
29119800.0000
29119860.0000
29119920.0000
29119980.0000
29120040.0000
29120100.0000
29120160.0000
29120220.0000
29120280.0000
29120340.0000
29120400.0000
29120460.0000
29120520.0000
29120580.0000
29120640.0000
29120700.0000
29120760.0000
29120820.0000
29120880.0000
29120940.0000
29121000.0000
29121060.0000
29121120.0000
29121180.0000
29121240.0000
29121300.0000
29121360.0000
29121420.0000
29121480.0000
29121540.0000
29121600.0000
29121660.0000
29121720.0000
29121780.0000
29121840.0000
29121900.0000
29121960.0000
29122020.0000
29122080.0000
29122140.0000
29122200.0000
29122260.0000
29122320.0000
29122380.0000
29122440.0000
29122500.0000
29122560.0000
29122620.0000
29122680.0000
29122740.0000
29122800.0000
29122860.0000
29122920.0000
29122980.0000
29123040.0000
29123100.0000
29123160.0000
29123220.0000
29123280.0000
29123340.0000
29123400.0000
29123460.0000
29123520.0000
29123580.0000
29123640.0000
29123700.0000
29123760.0000
29123820.0000
29123880.0000
29123940.0000
29124000.0000
29124060.0000
29124120.0000
29124180.0000
29124240.0000
29124300.0000
29124360.0000
29124420.0000
29124480.0000
29124540.0000
29124600.0000
29124660.0000
29124720.0000
29124780.0000
29124840.0000
29124900.0000
29124960.0000
29125020.0000
29125080.0000
29125140.0000
29125200.0000
29125260.0000
29125320.0000
29125380.0000
29125440.0000
